3.0216499999999997 7.978409090909093 9.0 9.0 0.01 4.505 0.009999999999999787 9.0 1.3418518518518514 
3.0216499999999997 3.483409090909092 9.0 9.0 0.01 4.505 4.505000000000003 0.009999999999999787 3.4506172839506166 
9.0 5.117954545454545 9.0 9.0 9.0 4.505 9.0 9.0 0.6759259259259256 
9.0 2.2575000000000003 9.0 0.01 0.01 4.505 9.0 0.009999999999999787 0.6759259259259256 
3.0216499999999997 2.870454545454546 9.0 9.0 9.0 4.505 4.505000000000003 0.009999999999999787 1.3418518518518514 
3.0216499999999997 1.2359090909090913 0.01 0.01 9.0 4.505 9.0 0.009999999999999787 4.116543209876543 
0.009999999999999787 2.870454545454546 9.0 0.01 0.01 9.0 9.0 9.0 0.6759259259259256 
9.0 1.6445454545454545 0.01 0.01 9.0 4.505 9.0 0.009999999999999787 0.009999999999999787 
0.009999999999999787 0.6229545454545455 9.0 0.01 0.01 9.0 4.505000000000003 0.009999999999999787 4.893456790123455 
0.009999999999999787 3.483409090909092 9.0 9.0 9.0 4.505 9.0 0.009999999999999787 1.3418518518518514 
9.0 1.2359090909090913 9.0 0.01 9.0 4.505 9.0 0.009999999999999787 4.893456790123455 
3.0216499999999997 3.483409090909092 0.01 0.01 0.01 0.009999999999999787 4.505000000000003 0.009999999999999787 2.784691358024691 
3.0216499999999997 0.009999999999999787 9.0 0.01 0.01 9.0 4.505000000000003 4.505 1.3418518518518514 
9.0 3.483409090909092 0.01 0.01 9.0 4.505 4.505000000000003 0.009999999999999787 0.6759259259259256 
9.0 3.8920454545454533 9.0 0.01 9.0 4.505 4.505000000000003 0.009999999999999787 0.6759259259259256 
3.0216499999999997 3.483409090909092 9.0 0.01 9.0 4.505 4.505000000000003 4.505 3.4506172839506166 
3.0216499999999997 0.009999999999999787 9.0 0.01 9.0 0.009999999999999787 4.505000000000003 0.009999999999999787 3.4506172839506166 
9.0 5.730909090909092 9.0 9.0 0.01 9.0 0.009999999999999787 0.009999999999999787 2.118765432098765 
9.0 3.8920454545454533 9.0 0.01 9.0 0.009999999999999787 9.0 0.009999999999999787 2.784691358024691 
3.0216499999999997 5.117954545454545 9.0 9.0 9.0 9.0 4.505000000000003 9.0 0.6759259259259256 
0.009999999999999787 0.6229545454545455 9.0 0.01 0.01 9.0 4.505000000000003 0.009999999999999787 1.3418518518518514 
9.0 1.2359090909090913 9.0 0.01 0.01 9.0 0.009999999999999787 4.505 3.4506172839506166 
3.0216499999999997 1.2359090909090913 9.0 0.01 0.01 4.505 9.0 0.009999999999999787 4.893456790123455 
9.0 3.483409090909092 9.0 9.0 0.01 0.009999999999999787 4.505000000000003 4.505 1.3418518518518514 
0.009999999999999787 5.117954545454545 9.0 0.01 9.0 9.0 0.009999999999999787 4.505 4.116543209876543 
3.0216499999999997 1.6445454545454545 9.0 0.01 9.0 4.505 4.505000000000003 9.0 0.009999999999999787 
0.009999999999999787 3.8920454545454533 0.01 9.0 9.0 4.505 0.009999999999999787 0.009999999999999787 0.009999999999999787 
3.0216499999999997 8.591363636363639 9.0 9.0 0.01 9.0 9.0 0.009999999999999787 4.893456790123455 
0.009999999999999787 0.009999999999999787 9.0 0.01 0.01 9.0 4.505000000000003 0.009999999999999787 2.784691358024691 
3.0216499999999997 3.8920454545454533 9.0 9.0 9.0 0.009999999999999787 9.0 0.009999999999999787 6.225308641975307 
0.009999999999999787 0.6229545454545455 9.0 0.01 0.01 9.0 9.0 4.505 2.784691358024691 
9.0 1.2359090909090913 0.01 0.01 0.01 9.0 4.505000000000003 4.505 8.999999999999998 
3.0216499999999997 5.117954545454545 9.0 9.0 9.0 4.505 0.009999999999999787 0.009999999999999787 0.009999999999999787 
9.0 3.483409090909092 9.0 0.01 0.01 4.505 9.0 0.009999999999999787 0.6759259259259256 
0.009999999999999787 6.343863636363636 9.0 9.0 9.0 9.0 4.505000000000003 4.505 0.009999999999999787 
3.0216499999999997 4.504999999999999 9.0 9.0 0.01 4.505 0.009999999999999787 9.0 0.009999999999999787 
3.0216499999999997 5.117954545454545 0.01 9.0 9.0 4.505 9.0 0.009999999999999787 2.118765432098765 
0.009999999999999787 2.2575000000000003 9.0 0.01 0.01 4.505 4.505000000000003 4.505 3.4506172839506166 
9.0 6.343863636363636 9.0 9.0 0.01 4.505 9.0 9.0 3.4506172839506166 
0.009999999999999787 0.6229545454545455 9.0 9.0 0.01 9.0 4.505000000000003 0.009999999999999787 2.118765432098765 
9.0 3.483409090909092 0.01 0.01 9.0 4.505 0.009999999999999787 4.505 3.4506172839506166 
0.009999999999999787 1.2359090909090913 9.0 0.01 0.01 4.505 9.0 0.009999999999999787 2.784691358024691 
9.0 6.343863636363636 9.0 0.01 0.01 4.505 9.0 0.009999999999999787 2.118765432098765 
3.0216499999999997 9.0 9.0 0.01 9.0 4.505 4.505000000000003 9.0 1.3418518518518514 
9.0 1.6445454545454545 0.01 0.01 0.01 9.0 4.505000000000003 9.0 2.784691358024691 
3.0216499999999997 2.2575000000000003 9.0 0.01 9.0 4.505 9.0 0.009999999999999787 4.893456790123455 
9.0 2.870454545454546 0.01 0.01 0.01 4.505 9.0 0.009999999999999787 4.893456790123455 
3.0216499999999997 0.6229545454545455 9.0 9.0 0.01 4.505 4.505000000000003 4.505 3.4506172839506166 
5.9883500000000005 3.8920454545454533 9.0 0.01 0.01 9.0 9.0 0.009999999999999787 1.3418518518518514 
3.0216499999999997 1.6445454545454545 9.0 9.0 9.0 0.009999999999999787 4.505000000000003 4.505 0.009999999999999787 
