0.009999999999999787 5.0443999999999996 9.0 9.0 0.01 9.0 3.006666666666666 0.009999999999999787 3.5182926829268295 
9.0 1.9878 9.0 0.01 9.0 4.505 9.0 0.009999999999999787 6.259146341463414 
9.0 3.066600000000001 9.0 9.0 0.01 4.505 6.003333333333334 0.009999999999999787 2.0930487804878046 
3.0216499999999997 1.4483999999999995 9.0 9.0 9.0 0.009999999999999787 6.003333333333334 4.505 1.4352439024390244 
3.0216499999999997 3.066600000000001 9.0 9.0 0.01 4.505 6.003333333333334 0.009999999999999787 4.83390243902439 
3.0216499999999997 0.5494000000000003 9.0 9.0 0.01 4.505 6.003333333333334 4.505 4.83390243902439 
9.0 2.5272000000000006 9.0 0.01 9.0 4.505 9.0 0.009999999999999787 3.5182926829268295 
0.009999999999999787 0.5494000000000003 9.0 9.0 0.01 9.0 6.003333333333334 0.009999999999999787 3.5182926829268295 
3.0216499999999997 5.5838 9.0 9.0 9.0 4.505 9.0 9.0 3.5182926829268295 
3.0216499999999997 7.0222000000000016 9.0 9.0 0.01 4.505 3.006666666666666 9.0 2.7508536585365855 
0.009999999999999787 1.9878 9.0 9.0 9.0 4.505 3.006666666666666 0.009999999999999787 3.5182926829268295 
0.009999999999999787 4.504999999999999 9.0 0.01 9.0 9.0 3.006666666666666 4.505 5.491707317073171 
5.9883500000000005 4.504999999999999 9.0 0.01 9.0 4.505 6.003333333333334 0.009999999999999787 4.1760975609756095 
9.0 3.4261999999999997 9.0 0.01 9.0 4.505 6.003333333333334 0.009999999999999787 2.0930487804878046 
0.009999999999999787 5.5838 9.0 9.0 9.0 9.0 6.003333333333334 4.505 1.4352439024390244 
0.009999999999999787 0.5494000000000003 9.0 0.01 0.01 9.0 6.003333333333334 0.009999999999999787 2.7508536585365855 
5.9883500000000005 4.504999999999999 9.0 9.0 0.01 4.505 6.003333333333334 0.009999999999999787 3.5182926829268295 
0.009999999999999787 1.0888000000000009 9.0 0.01 9.0 4.505 9.0 0.009999999999999787 6.259146341463414 
9.0 5.5838 9.0 9.0 0.01 4.505 9.0 9.0 4.83390243902439 
0.009999999999999787 1.4483999999999995 9.0 0.01 9.0 0.009999999999999787 6.003333333333334 9.0 4.83390243902439 
3.0216499999999997 1.0888000000000009 9.0 9.0 0.01 4.505 0.009999999999999787 9.0 6.259146341463414 
0.009999999999999787 3.4261999999999997 0.01 9.0 9.0 4.505 3.006666666666666 0.009999999999999787 1.4352439024390244 
9.0 1.0888000000000009 9.0 0.01 9.0 4.505 9.0 0.009999999999999787 6.259146341463414 
3.0216499999999997 0.5494000000000003 9.0 9.0 0.01 9.0 9.0 0.009999999999999787 7.574756097560976 
0.009999999999999787 5.0443999999999996 9.0 0.01 9.0 4.505 9.0 0.009999999999999787 2.0930487804878046 
9.0 1.4483999999999995 9.0 0.01 0.01 4.505 3.006666666666666 9.0 4.83390243902439 
0.009999999999999787 0.5494000000000003 9.0 9.0 0.01 9.0 9.0 4.505 2.7508536585365855 
0.009999999999999787 1.0888000000000009 9.0 9.0 0.01 4.505 6.003333333333334 9.0 4.83390243902439 
0.009999999999999787 1.0888000000000009 9.0 0.01 0.01 9.0 9.0 0.009999999999999787 4.83390243902439 
5.9883500000000005 3.4261999999999997 9.0 0.01 0.01 9.0 9.0 0.009999999999999787 2.7508536585365855 
9.0 2.5272000000000006 0.01 0.01 0.01 4.505 9.0 0.009999999999999787 6.259146341463414 
3.0216499999999997 3.066600000000001 9.0 0.01 9.0 4.505 6.003333333333334 0.009999999999999787 1.4352439024390244 
9.0 3.066600000000001 0.01 0.01 9.0 4.505 6.003333333333334 0.009999999999999787 2.0930487804878046 
3.0216499999999997 5.0443999999999996 9.0 0.01 0.01 9.0 9.0 9.0 0.010000000000000009 
3.0216499999999997 7.561600000000002 9.0 9.0 0.01 9.0 9.0 0.009999999999999787 6.259146341463414 
3.0216499999999997 3.4261999999999997 9.0 9.0 9.0 0.009999999999999787 9.0 0.009999999999999787 7.574756097560976 
3.0216499999999997 2.5272000000000006 9.0 9.0 9.0 4.505 6.003333333333334 0.009999999999999787 2.7508536585365855 
3.0216499999999997 0.009999999999999787 9.0 9.0 0.01 0.009999999999999787 6.003333333333334 4.505 8.999999999999998 
3.0216499999999997 3.9656000000000002 9.0 9.0 0.01 4.505 3.006666666666666 9.0 1.4352439024390244 
0.009999999999999787 9.0 9.0 0.01 9.0 9.0 3.006666666666666 4.505 2.0930487804878046 
9.0 3.4261999999999997 9.0 0.01 9.0 0.009999999999999787 9.0 0.009999999999999787 4.1760975609756095 
9.0 3.066600000000001 9.0 9.0 0.01 0.009999999999999787 6.003333333333334 4.505 2.7508536585365855 
0.009999999999999787 2.5272000000000006 9.0 0.01 0.01 9.0 9.0 9.0 2.0930487804878046 
0.009999999999999787 3.066600000000001 9.0 0.01 0.01 4.505 9.0 0.009999999999999787 4.83390243902439 
3.0216499999999997 4.504999999999999 9.0 9.0 9.0 4.505 3.006666666666666 0.009999999999999787 1.4352439024390244 
0.009999999999999787 1.0888000000000009 9.0 0.01 0.01 4.505 9.0 0.009999999999999787 4.1760975609756095 
9.0 4.504999999999999 9.0 9.0 9.0 4.505 6.003333333333334 9.0 2.0930487804878046 
0.009999999999999787 3.9656000000000002 9.0 9.0 9.0 9.0 6.003333333333334 0.009999999999999787 1.4352439024390244 
9.0 1.4483999999999995 0.01 0.01 9.0 4.505 9.0 0.009999999999999787 1.4352439024390244 
3.0216499999999997 9.0 9.0 9.0 9.0 4.505 3.006666666666666 0.009999999999999787 3.5182926829268295 
