9.0 1.4483999999999995 0.01 0.01 9.0 4.505 9.0 0.009999999999999787 2.0603508771929824 
3.0216499999999997 4.504999999999999 0.01 9.0 9.0 4.505 9.0 0.009999999999999787 5.057017543859649 
3.0216499999999997 3.066600000000001 9.0 9.0 0.01 4.505 6.7525 0.009999999999999787 6.949649122807017 
9.0 7.921199999999999 9.0 9.0 9.0 4.505 0.010000000000000231 0.009999999999999787 3.0066666666666664 
3.0216499999999997 4.504999999999999 9.0 9.0 9.0 4.505 4.504999999999999 9.0 3.0066666666666664 
3.0216499999999997 1.9878 9.0 0.01 9.0 4.505 9.0 0.009999999999999787 9.0 
9.0 2.5272000000000006 0.01 0.01 9.0 4.505 6.7525 0.009999999999999787 3.0066666666666664 
0.009999999999999787 0.5494000000000003 9.0 9.0 0.01 9.0 6.7525 0.009999999999999787 5.057017543859649 
0.009999999999999787 0.5494000000000003 9.0 9.0 0.01 9.0 9.0 4.505 3.952982456140351 
9.0 3.4261999999999997 9.0 0.01 9.0 4.505 6.7525 0.009999999999999787 3.0066666666666664 
0.009999999999999787 2.5272000000000006 9.0 0.01 0.01 9.0 9.0 9.0 3.0066666666666664 
0.009999999999999787 0.009999999999999787 9.0 0.01 0.01 9.0 6.7525 0.009999999999999787 6.003333333333333 
3.0216499999999997 3.9656000000000002 9.0 9.0 0.01 4.505 4.504999999999999 9.0 2.0603508771929824 
3.0216499999999997 4.504999999999999 9.0 9.0 9.0 9.0 6.7525 9.0 3.0066666666666664 
9.0 1.0888000000000009 9.0 0.01 0.01 4.505 9.0 0.009999999999999787 6.003333333333333 
3.0216499999999997 7.561600000000002 9.0 0.01 0.01 9.0 4.504999999999999 0.009999999999999787 2.0603508771929824 
3.0216499999999997 0.009999999999999787 9.0 0.01 0.01 9.0 6.7525 4.505 3.952982456140351 
0.009999999999999787 5.0443999999999996 9.0 0.01 9.0 9.0 9.0 9.0 3.0066666666666664 
3.0216499999999997 5.0443999999999996 9.0 0.01 0.01 9.0 9.0 9.0 0.009999999999999898 
3.0216499999999997 1.4483999999999995 9.0 9.0 9.0 0.009999999999999787 6.7525 4.505 2.0603508771929824 
0.009999999999999787 3.066600000000001 9.0 0.01 0.01 4.505 9.0 0.009999999999999787 6.949649122807017 
9.0 5.0443999999999996 9.0 9.0 0.01 9.0 4.504999999999999 0.009999999999999787 5.057017543859649 
3.0216499999999997 3.066600000000001 9.0 0.01 9.0 4.505 6.7525 0.009999999999999787 2.0603508771929824 
9.0 4.504999999999999 9.0 0.01 0.01 4.505 4.504999999999999 4.505 3.0066666666666664 
9.0 3.4261999999999997 9.0 0.01 9.0 0.009999999999999787 9.0 0.009999999999999787 6.003333333333333 
3.0216499999999997 1.0888000000000009 9.0 0.01 0.01 4.505 9.0 0.009999999999999787 9.0 
9.0 3.066600000000001 9.0 9.0 0.01 0.009999999999999787 6.7525 4.505 3.952982456140351 
5.9883500000000005 4.504999999999999 9.0 9.0 0.01 4.505 6.7525 0.009999999999999787 5.057017543859649 
0.009999999999999787 0.5494000000000003 9.0 9.0 9.0 4.505 6.7525 9.0 6.949649122807017 
9.0 4.504999999999999 9.0 9.0 9.0 4.505 6.7525 9.0 3.0066666666666664 
9.0 1.9878 9.0 0.01 0.01 4.505 9.0 0.009999999999999787 3.0066666666666664 
0.009999999999999787 0.5494000000000003 9.0 0.01 0.01 9.0 9.0 4.505 6.003333333333333 
0.009999999999999787 1.9878 9.0 0.01 0.01 4.505 6.7525 4.505 6.949649122807017 
3.0216499999999997 4.504999999999999 9.0 9.0 9.0 4.505 4.504999999999999 0.009999999999999787 2.0603508771929824 
0.009999999999999787 3.9656000000000002 9.0 9.0 9.0 9.0 6.7525 0.009999999999999787 2.0603508771929824 
9.0 1.4483999999999995 9.0 0.01 0.01 4.505 4.504999999999999 9.0 6.949649122807017 
0.009999999999999787 3.4261999999999997 9.0 0.01 0.01 4.505 9.0 0.009999999999999787 3.952982456140351 
9.0 2.5272000000000006 9.0 0.01 9.0 4.505 9.0 0.009999999999999787 5.057017543859649 
9.0 1.0888000000000009 9.0 0.01 0.01 9.0 4.504999999999999 4.505 6.949649122807017 
0.009999999999999787 0.5494000000000003 9.0 0.01 0.01 9.0 6.7525 0.009999999999999787 3.952982456140351 
0.009999999999999787 1.0888000000000009 9.0 0.01 9.0 4.505 9.0 0.009999999999999787 9.0 
9.0 3.066600000000001 9.0 0.01 0.01 4.505 9.0 0.009999999999999787 3.0066666666666664 
3.0216499999999997 9.0 9.0 9.0 9.0 4.505 4.504999999999999 0.009999999999999787 5.057017543859649 
3.0216499999999997 7.921199999999999 9.0 0.01 9.0 4.505 6.7525 9.0 3.952982456140351 
3.0216499999999997 7.0222000000000016 9.0 9.0 0.01 4.505 4.504999999999999 9.0 3.952982456140351 
3.0216499999999997 0.009999999999999787 9.0 0.01 0.01 9.0 9.0 0.009999999999999787 6.4764912280701745 
0.009999999999999787 0.5494000000000003 9.0 0.01 0.01 9.0 6.7525 0.009999999999999787 9.0 
9.0 3.066600000000001 9.0 9.0 0.01 4.505 6.7525 0.009999999999999787 3.0066666666666664 
9.0 5.5838 9.0 9.0 0.01 4.505 9.0 9.0 6.949649122807017 
3.0216499999999997 5.5838 9.0 9.0 9.0 4.505 9.0 9.0 5.057017543859649 
