5.763600000000004 2.5897391304347828 2.0910185185185184 1.1973584905660377 0.6873287671232877 0.23475000000000001 
7.201999999999998 3.371478260869565 8.167592592592593 7.812641509433963 3.365856164383562 2.707 
5.044400000000003 2.824260869565217 2.507222222222222 0.3492452830188679 0.44102739726027396 0.23475000000000001 
4.684800000000003 2.277043478260869 0.8424074074074075 1.8758490566037735 0.1947260273972603 0.23475000000000001 
4.684800000000003 3.6841739130434776 1.1753703703703704 1.3669811320754717 0.5333904109589042 0.23475000000000001 
1.4483999999999995 2.5897391304347828 5.170925925925926 4.589811320754717 2.688527397260274 2.707 
5.044400000000003 2.6679130434782605 4.9212037037037035 4.250566037735849 2.6269520547945207 0.23475000000000001 
2.5272000000000006 3.293304347826087 1.674814814814815 0.5188679245283019 0.41023972602739733 0.23475000000000001 
0.3696000000000019 6.107565217391304 1.008888888888889 2.723962264150943 0.5641780821917809 1.808 
5.044400000000003 5.0131304347826084 4.338518518518518 2.384716981132076 1.2107191780821918 2.707 
4.325200000000002 3.1369565217391298 3.3396296296296293 2.2150943396226417 2.473013698630137 0.4595 
3.2464000000000013 3.7623478260869563 2.3407407407407406 1.5366037735849056 0.5333904109589042 0.909 
4.684800000000003 3.5278260869565212 0.7591666666666668 1.5366037735849056 0.44102739726027396 1.808 
2.5272000000000006 4.856782608695652 1.674814814814815 2.5543396226415096 0.7796917808219178 0.23475000000000001 
3.2464000000000013 3.2151304347826084 0.9256481481481482 1.5366037735849056 0.5949657534246576 2.2575 
5.044400000000003 3.9186956521739127 2.3407407407407406 3.9113207547169813 3.3966438356164383 2.2575 
3.6060000000000016 3.371478260869565 1.5083333333333333 0.17962264150943397 0.31787671232876713 1.3585 
3.6060000000000016 1.808 2.0077777777777777 1.8758490566037735 0.41023972602739733 0.23475000000000001 
2.5272000000000006 2.1988695652173913 1.7580555555555557 2.2150943396226417 0.5641780821917809 0.4595 
3.6060000000000016 5.716695652173913 1.9245370370370372 1.7062264150943396 1.0875684931506848 0.23475000000000001 
3.6060000000000016 4.465913043478261 1.5915740740740743 2.384716981132076 0.3794520547945206 1.808 
5.044400000000003 4.075043478260869 1.7580555555555557 2.5543396226415096 0.5949657534246576 1.3585 
3.6060000000000016 2.511565217391304 1.1753703703703704 1.0277358490566038 0.28708904109589045 2.707 
5.044400000000003 4.856782608695652 1.674814814814815 1.5366037735849056 0.22551369863013704 0.23475000000000001 
5.044400000000003 5.482173913043478 1.4250925925925926 2.8935849056603775 3.642945205479452 4.0555 
3.6060000000000016 3.058782608695652 1.2586111111111111 1.0277358490566038 0.1331506849315069 0.23475000000000001 
6.123200000000004 3.9186956521739127 1.2586111111111111 2.384716981132076 6.783287671232877 3.606 
3.965600000000002 4.622260869565217 1.5083333333333333 0.5188679245283019 0.9336301369863015 0.23475000000000001 
5.763600000000004 3.293304347826087 1.4250925925925926 1.1973584905660377 0.1947260273972603 0.23475000000000001 
3.965600000000002 3.1369565217391298 1.5915740740740743 3.063207547169812 0.7489041095890412 2.707 
4.684800000000003 4.465913043478261 1.3418518518518519 1.3669811320754717 0.28708904109589045 0.4595 
5.4040000000000035 2.746086956521739 1.2586111111111111 2.0454716981132073 0.41023972602739733 0.909 
4.684800000000003 2.4333913043478255 1.674814814814815 1.8758490566037735 0.9336301369863015 1.808 
6.842399999999998 5.404 1.4250925925925926 2.8935849056603775 1.3646575342465752 5.404 
6.123200000000004 2.824260869565217 1.5083333333333333 1.1973584905660377 0.44102739726027396 1.808 
3.2464000000000013 3.7623478260869563 2.2575 1.3669811320754717 0.6873287671232877 0.4595 
2.886800000000001 1.6516521739130436 1.5915740740740743 0.6884905660377358 0.41023972602739733 0.909 
3.2464000000000013 1.4171304347826086 2.174259259259259 1.3669811320754717 0.34866438356164386 0.23475000000000001 
4.325200000000002 2.511565217391304 1.2586111111111111 1.5366037735849056 0.34866438356164386 1.3585 
5.4040000000000035 3.5278260869565212 1.5915740740740743 1.1973584905660377 0.44102739726027396 2.707 
7.201999999999998 2.1206956521739126 1.8412962962962964 2.384716981132076 1.4878082191780821 1.808 
7.201999999999998 4.2313913043478255 4.172037037037037 4.080943396226415 2.5961643835616437 6.7524999999999995 
7.921199999999999 2.9024347826086956 2.0077777777777777 2.0454716981132073 2.1959246575342464 2.707 
4.684800000000003 5.482173913043478 2.507222222222222 3.9113207547169813 0.995205479452055 4.505 
2.886800000000001 4.387739130434782 2.6737037037037035 2.8935849056603775 0.28708904109589045 0.23475000000000001 
5.763600000000004 3.7623478260869563 1.674814814814815 2.5543396226415096 0.8104794520547945 2.2575 
4.684800000000003 1.6516521739130436 1.0921296296296297 1.1973584905660377 0.5641780821917809 0.909 
3.2464000000000013 5.0131304347826084 0.8424074074074075 2.0454716981132073 0.1947260273972603 4.505 
9.0 4.075043478260869 1.1753703703703704 3.2328301886792454 0.2563013698630137 0.4595 
4.684800000000003 6.576608695652174 1.2586111111111111 1.5366037735849056 1.5801712328767126 0.23475000000000001 
4.684800000000003 4.465913043478261 2.6737037037037035 2.0454716981132073 0.6873287671232877 1.808 
2.886800000000001 2.4333913043478255 2.3407407407407406 0.8581132075471698 1.518595890410959 0.01 
5.044400000000003 6.654782608695651 4.0055555555555555 3.7416981132075477 2.7501027397260276 5.404 
7.5615999999999985 4.075043478260869 1.7580555555555557 2.2150943396226417 1.1183561643835618 5.404 
5.044400000000003 6.107565217391304 2.4239814814814813 3.2328301886792454 1.826472602739726 0.909 
3.6060000000000016 1.1044347826086958 0.34296296296296297 0.6884905660377358 0.34866438356164386 2.707 
5.763600000000004 1.7298260869565218 1.2586111111111111 0.8581132075471698 0.22551369863013704 2.2575 
3.2464000000000013 2.4333913043478255 3.0066666666666664 3.063207547169812 0.5641780821917809 2.707 
7.201999999999998 5.951217391304348 4.338518518518518 5.777169811320755 1.8572602739726025 9.0 
4.325200000000002 2.277043478260869 0.4262037037037037 1.0277358490566038 0.22551369863013704 2.2575 
7.5615999999999985 3.606 3.3396296296296293 3.5720754716981133 0.7796917808219178 1.3585 
4.684800000000003 3.058782608695652 4.505 6.116415094339622 1.703321917808219 3.606 
3.6060000000000016 2.6679130434782605 0.34296296296296297 0.6884905660377358 0.34866438356164386 0.909 
4.325200000000002 2.6679130434782605 1.2586111111111111 2.5543396226415096 0.872054794520548 2.707 
4.684800000000003 2.6679130434782605 2.3407407407407406 2.0454716981132073 0.22551369863013704 3.606 
6.123200000000004 3.058782608695652 1.5915740740740743 2.0454716981132073 0.28708904109589045 0.4595 
6.842399999999998 1.6516521739130436 9.0 5.777169811320755 4.474212328767123 2.2575 
4.684800000000003 9.0 3.3396296296296293 1.7062264150943396 1.3338698630136987 4.505 
1.8079999999999998 2.4333913043478255 1.8412962962962964 0.6884905660377358 0.22551369863013704 0.23475000000000001 
2.5272000000000006 3.058782608695652 0.8424074074074075 0.3492452830188679 0.5333904109589042 0.23475000000000001 
1.8079999999999998 1.7298260869565218 1.1753703703703704 1.7062264150943396 0.2563013698630137 1.808 
8.2808 3.293304347826087 1.0921296296296297 1.7062264150943396 0.5333904109589042 0.23475000000000001 
3.6060000000000016 7.749217391304347 2.507222222222222 3.063207547169812 1.1491438356164383 0.23475000000000001 
2.886800000000001 4.2313913043478255 1.674814814814815 1.3669811320754717 0.41023972602739733 0.23475000000000001 
3.6060000000000016 3.9968695652173913 2.174259259259259 2.384716981132076 0.31787671232876713 0.23475000000000001 
2.886800000000001 2.746086956521739 0.9256481481481482 2.0454716981132073 0.5641780821917809 0.23475000000000001 
4.684800000000003 3.7623478260869563 0.5926851851851853 1.8758490566037735 0.1947260273972603 1.3585 
7.5615999999999985 4.93495652173913 4.421759259259259 5.268301886792453 6.105958904109589 2.707 
4.684800000000003 3.5278260869565212 1.8412962962962964 2.5543396226415096 0.28708904109589045 7.202 
5.763600000000004 7.3583478260869555 6.003333333333333 7.643018867924528 1.4570205479452056 1.808 
5.044400000000003 4.465913043478261 0.4262037037037037 2.5543396226415096 0.4718150684931507 2.707 
4.684800000000003 3.2151304347826084 1.3418518518518519 1.0277358490566038 0.656541095890411 1.3585 
5.4040000000000035 2.042521739130435 1.8412962962962964 1.7062264150943396 0.7489041095890412 1.808 
2.1676 4.622260869565217 1.3418518518518519 1.7062264150943396 0.44102739726027396 0.23475000000000001 
5.044400000000003 2.9024347826086956 1.5083333333333333 0.6884905660377358 0.44102739726027396 0.4595 
7.201999999999998 2.6679130434782605 2.174259259259259 3.9113207547169813 2.1035616438356164 4.505 
5.4040000000000035 3.1369565217391298 1.7580555555555557 1.1973584905660377 0.41023972602739733 2.2575 
3.6060000000000016 5.638521739130434 1.674814814814815 1.3669811320754717 0.28708904109589045 1.808 
5.044400000000003 2.9024347826086956 2.0910185185185184 2.723962264150943 9.0 0.909 
5.044400000000003 1.3389565217391304 1.1753703703703704 1.5366037735849056 0.5026027397260274 1.808 
6.123200000000004 3.058782608695652 4.9212037037037035 5.268301886792453 2.1959246575342464 2.707 
3.965600000000002 6.73295652173913 1.7580555555555557 2.384716981132076 0.6873287671232877 0.909 
5.044400000000003 5.482173913043478 4.421759259259259 4.080943396226415 3.550582191780822 3.1565 
5.044400000000003 3.293304347826087 1.008888888888889 2.384716981132076 0.1331506849315069 0.909 
7.921199999999999 4.700434782608696 1.674814814814815 2.2150943396226417 0.7181164383561645 3.606 
5.044400000000003 2.6679130434782605 1.3418518518518519 2.0454716981132073 0.5333904109589042 2.2575 
2.886800000000001 3.371478260869565 1.4250925925925926 2.2150943396226417 0.656541095890411 4.505 
3.965600000000002 4.153217391304348 0.7591666666666668 1.7062264150943396 0.5949657534246576 1.808 
3.965600000000002 3.840521739130434 2.3407407407407406 2.723962264150943 1.5493835616438356 1.808 
2.886800000000001 3.4496521739130435 0.5094444444444444 0.6884905660377358 0.10236301369863016 1.808 
3.6060000000000016 2.042521739130435 1.2586111111111111 1.8758490566037735 0.44102739726027396 0.23475000000000001 
3.2464000000000013 4.153217391304348 1.4250925925925926 7.473396226415094 0.1331506849315069 1.808 
5.044400000000003 4.465913043478261 0.4262037037037037 2.5543396226415096 0.4718150684931507 2.707 
4.684800000000003 6.420260869565217 2.9234259259259257 2.5543396226415096 1.5801712328767126 0.23475000000000001 
4.325200000000002 2.9806086956521733 1.9245370370370372 3.063207547169812 0.8104794520547945 0.909 
2.886800000000001 4.309565217391304 3.922314814814815 3.063207547169812 1.7648972602739725 0.23475000000000001 
2.1676 5.951217391304348 2.3407407407407406 1.3669811320754717 0.656541095890411 3.606 
4.684800000000003 3.606 1.674814814814815 2.384716981132076 1.8880479452054795 3.606 
4.325200000000002 4.153217391304348 2.6737037037037035 1.3669811320754717 1.3954452054794522 2.707 
5.4040000000000035 6.185739130434782 3.5061111111111107 2.0454716981132073 0.995205479452055 2.2575 
2.886800000000001 1.6516521739130436 1.3418518518518519 0.010000000000000009 0.31787671232876713 2.2575 
5.4040000000000035 4.778608695652173 4.421759259259259 6.116415094339622 1.7648972602739725 3.1565 
1.8079999999999998 4.309565217391304 2.174259259259259 1.3669811320754717 3.3966438356164383 0.4595 
2.5272000000000006 3.2151304347826084 4.505 3.5720754716981133 0.5641780821917809 0.01 
4.325200000000002 3.4496521739130435 0.4262037037037037 0.8581132075471698 0.34866438356164386 1.808 
5.4040000000000035 0.010000000000000009 2.507222222222222 1.5366037735849056 0.4718150684931507 0.23475000000000001 
6.123200000000004 4.465913043478261 3.7558333333333334 9.0 1.5493835616438356 4.505 
4.325200000000002 1.8861739130434783 1.9245370370370372 0.6884905660377358 0.41023972602739733 0.23475000000000001 
5.044400000000003 3.371478260869565 1.3418518518518519 0.8581132075471698 0.872054794520548 2.2575 
4.325200000000002 3.1369565217391298 0.5926851851851853 2.5543396226415096 0.5026027397260274 2.707 
3.6060000000000016 3.371478260869565 1.2586111111111111 1.7062264150943396 0.16393835616438357 0.23475000000000001 
4.684800000000003 4.778608695652173 0.5094444444444444 0.17962264150943397 0.16393835616438357 0.23475000000000001 
1.4483999999999995 2.511565217391304 1.0921296296296297 2.0454716981132073 1.2107191780821918 3.606 
3.2464000000000013 1.7298260869565218 1.1753703703703704 0.3492452830188679 0.34866438356164386 1.808 
5.4040000000000035 2.824260869565217 3.0066666666666664 3.2328301886792454 1.3338698630136987 0.4595 
3.2464000000000013 2.824260869565217 0.8424074074074075 1.3669811320754717 0.22551369863013704 2.2575 
2.5272000000000006 2.9024347826086956 1.008888888888889 1.7062264150943396 0.28708904109589045 1.808 
6.842399999999998 4.465913043478261 1.008888888888889 1.5366037735849056 1.4878082191780821 3.606 
5.763600000000004 1.9643478260869565 0.5094444444444444 2.0454716981132073 1.1799315068493152 0.23475000000000001 
2.5272000000000006 3.293304347826087 1.5083333333333333 3.063207547169812 0.31787671232876713 0.23475000000000001 
2.886800000000001 4.778608695652173 1.0921296296296297 0.5188679245283019 0.34866438356164386 0.23475000000000001 
2.886800000000001 1.9643478260869565 1.2586111111111111 1.5366037735849056 0.04078767123287674 1.3585 
4.684800000000003 4.309565217391304 1.2586111111111111 3.402452830188679 0.41023972602739733 0.23475000000000001 
5.4040000000000035 5.951217391304348 2.5904629629629627 3.9113207547169813 1.3338698630136987 2.707 
4.684800000000003 4.075043478260869 1.5915740740740743 1.8758490566037735 0.1947260273972603 0.23475000000000001 
3.965600000000002 3.9968695652173913 1.1753703703703704 2.0454716981132073 0.34866438356164386 0.23475000000000001 
5.044400000000003 2.746086956521739 0.7591666666666668 0.8581132075471698 0.2563013698630137 0.23475000000000001 
0.010000000000001563 3.606 1.5915740740740743 1.1973584905660377 0.8104794520547945 0.23475000000000001 
3.965600000000002 5.2476521739130435 0.8424074074074075 1.0277358490566038 0.6257534246575343 1.808 
3.2464000000000013 1.4953043478260868 1.7580555555555557 2.0454716981132073 0.3794520547945206 1.808 
3.965600000000002 0.9480869565217389 1.8412962962962964 3.063207547169812 0.3794520547945206 1.808 
1.4483999999999995 3.840521739130434 2.174259259259259 1.5366037735849056 2.4422260273972602 1.3585 
6.482800000000005 3.9968695652173913 1.8412962962962964 2.384716981132076 1.1799315068493152 2.707 
2.886800000000001 4.309565217391304 3.5061111111111107 4.759433962264151 3.1503424657534245 2.2575 
2.1676 5.404 5.254166666666666 4.420188679245284 1.2107191780821918 0.23475000000000001 
4.684800000000003 1.808 2.0910185185185184 2.2150943396226417 1.0567808219178083 3.1565 
1.088799999999999 1.4171304347826086 2.3407407407407406 2.723962264150943 0.9028424657534247 0.4595 
4.325200000000002 3.9186956521739127 1.5915740740740743 2.0454716981132073 0.1947260273972603 0.23475000000000001 
2.886800000000001 2.746086956521739 2.5904629629629627 2.723962264150943 1.6725342465753426 0.23475000000000001 
3.6060000000000016 3.4496521739130435 1.3418518518518519 0.010000000000000009 0.1947260273972603 0.23475000000000001 
3.965600000000002 3.4496521739130435 1.5083333333333333 0.8581132075471698 0.16393835616438357 0.23475000000000001 
4.325200000000002 2.1988695652173913 1.5083333333333333 1.0277358490566038 0.6873287671232877 1.3585 
3.2464000000000013 2.824260869565217 2.6737037037037035 2.723962264150943 0.9028424657534247 0.909 
2.5272000000000006 2.746086956521739 6.502777777777777 6.455660377358491 1.4262328767123287 1.3585 
3.965600000000002 4.2313913043478255 1.7580555555555557 1.5366037735849056 0.44102739726027396 0.4595 
3.965600000000002 7.202 1.008888888888889 2.723962264150943 0.07157534246575345 0.23475000000000001 
2.886800000000001 2.511565217391304 2.0077777777777777 4.080943396226415 3.1811301369863014 1.808 
3.965600000000002 3.4496521739130435 0.010000000000000009 1.0277358490566038 0.28708904109589045 0.4595 
1.4483999999999995 3.058782608695652 1.008888888888889 1.0277358490566038 0.31787671232876713 0.23475000000000001 
4.325200000000002 3.6841739130434776 1.674814814814815 2.0454716981132073 3.3042808219178084 2.2575 
5.044400000000003 3.058782608695652 1.2586111111111111 2.0454716981132073 0.4718150684931507 2.707 
6.842399999999998 3.058782608695652 1.008888888888889 0.3492452830188679 0.010000000000000009 0.23475000000000001 
4.684800000000003 3.1369565217391298 1.674814814814815 2.5543396226415096 0.31787671232876713 2.707 
5.4040000000000035 1.573478260869565 0.5094444444444444 0.8581132075471698 1.518595890410959 2.707 
5.4040000000000035 3.293304347826087 1.9245370370370372 1.8758490566037735 0.16393835616438357 0.4595 
5.044400000000003 2.5897391304347828 0.7591666666666668 0.8581132075471698 0.16393835616438357 0.23475000000000001 
4.684800000000003 6.185739130434782 1.008888888888889 0.3492452830188679 0.44102739726027396 0.23475000000000001 
3.965600000000002 4.387739130434782 1.008888888888889 1.0277358490566038 0.34866438356164386 0.23475000000000001 
3.6060000000000016 6.576608695652174 2.4239814814814813 1.7062264150943396 0.6873287671232877 0.23475000000000001 
5.4040000000000035 4.2313913043478255 2.2575 1.1973584905660377 0.7489041095890412 0.23475000000000001 
4.325200000000002 5.716695652173913 2.4239814814814813 6.455660377358491 5.059178082191781 1.808 
4.684800000000003 3.1369565217391298 1.674814814814815 2.5543396226415096 0.31787671232876713 2.707 
