6.634210526315789 4.2353000000000005 2.5105298013245037 2.9619402985074625 1.1541818181818182 3.606 
5.214736842105262 4.325200000000001 1.6770198675496688 1.4859701492537314 0.909 0.4595 
4.978157894736841 1.8979000000000004 1.0221192052980133 0.41253731343283584 0.4186363636363637 2.2575 
5.214736842105262 6.0333000000000006 2.331920529801325 2.6935820895522387 6.180409090909091 0.909 
4.978157894736841 2.7969000000000004 1.7365562913907284 1.0834328358208956 2.012318181818182 0.01 
6.634210526315789 4.864600000000001 1.6770198675496688 1.3517910447761194 0.9907272727272727 0.23475000000000001 
5.451315789473684 6.392900000000001 1.3198013245033111 1.3517910447761194 0.13259090909090912 0.23475000000000001 
5.214736842105262 3.2464 1.9747019867549669 2.5594029850746267 1.1950454545454545 0.909 
5.451315789473684 6.482800000000001 1.2602649006622515 1.4859701492537314 0.37777272727272726 1.808 
5.451315789473684 6.572700000000001 1.4388741721854303 1.7543283582089553 1.440227272727273 0.23475000000000001 
5.214736842105262 3.2464 0.6649006622516556 1.4859701492537314 0.2960454545454546 2.2575 
4.505000000000001 5.3141 1.0221192052980133 1.7543283582089553 0.5820909090909091 0.23475000000000001 
6.634210526315789 2.4373 0.8435099337748344 2.291044776119403 0.5003636363636363 2.707 
6.87078947368421 5.404 4.594304635761589 3.4986567164179103 8.019272727272728 9.0 
6.397631578947367 3.7858000000000005 0.7839735099337748 2.291044776119403 0.1734545454545455 0.909 
7.8171052631578934 9.0 1.4388741721854303 2.156865671641791 1.0724545454545455 3.606 
6.397631578947367 3.7858000000000005 1.2602649006622515 1.6201492537313433 1.0724545454545455 0.23475000000000001 
0.009999999999999787 3.6060000000000003 0.903046357615894 1.6201492537313433 0.37777272727272726 0.23475000000000001 
6.87078947368421 7.0222 2.2128476821192056 1.6201492537313433 1.9714545454545456 0.23475000000000001 
4.978157894736841 4.864600000000001 1.2602649006622515 1.4859701492537314 0.5412272727272728 0.23475000000000001 
5.451315789473684 3.5161000000000002 0.9625827814569536 1.2176119402985075 0.1734545454545455 0.23475000000000001 
5.687894736842106 2.5272 2.2128476821192056 1.8885074626865672 1.7671363636363637 0.909 
5.687894736842106 4.774700000000001 0.605364238410596 1.7543283582089553 0.786409090909091 1.808 
6.397631578947367 2.9767000000000006 0.605364238410596 1.0834328358208956 0.21431818181818188 0.23475000000000001 
8.999999999999998 4.684800000000001 0.903046357615894 2.9619402985074625 0.33690909090909094 0.4595 
6.397631578947367 3.9656000000000007 1.1411920529801325 0.9492537313432836 0.2960454545454546 0.23475000000000001 
6.397631578947367 1.5383 0.903046357615894 1.6201492537313433 0.6638181818181819 1.808 
4.268421052631579 1.9878000000000005 0.903046357615894 1.7543283582089553 0.33690909090909094 1.808 
6.161052631578945 5.1343 1.0221192052980133 1.4859701492537314 0.37777272727272726 0.4595 
7.107368421052632 2.4373 1.49841059602649 2.291044776119403 1.8488636363636366 0.23475000000000001 
6.634210526315789 2.9767000000000006 1.2602649006622515 1.7543283582089553 1.1541818181818182 0.23475000000000001 
5.214736842105262 3.0666000000000007 1.5579470198675496 2.9619402985074625 0.7046818181818182 0.23475000000000001 
4.978157894736841 3.1565000000000007 1.9151655629139073 2.5594029850746267 2.216636363636364 0.23475000000000001 
6.397631578947367 5.5838 1.2602649006622515 1.6201492537313433 0.2960454545454546 0.23475000000000001 
3.3221052631578925 1.4484000000000004 0.605364238410596 1.4859701492537314 0.1734545454545455 0.23475000000000001 
3.795263157894736 3.4262 1.6770198675496688 3.901194029850746 1.9714545454545456 1.3585 
5.687894736842106 4.864600000000001 1.3198013245033111 1.6201492537313433 0.5820909090909091 0.4595 
6.397631578947367 6.303000000000001 1.0816556291390729 2.6935820895522387 4.831909090909091 4.0555 
5.924473684210527 4.774700000000001 1.9747019867549669 1.4859701492537314 1.8488636363636366 2.707 
7.343947368421054 3.9656000000000007 1.3198013245033111 2.4252238805970148 1.2767727272727274 0.23475000000000001 
4.741578947368419 2.4373 0.4862913907284767 1.3517910447761194 0.37777272727272726 3.1565 
5.451315789473684 7.5616 1.796092715231788 1.7543283582089553 0.909 0.23475000000000001 
6.634210526315789 3.7858000000000005 1.4388741721854303 1.8885074626865672 0.21431818181818188 0.4595 
5.924473684210527 2.4373 1.3198013245033111 1.8885074626865672 1.9714545454545456 3.606 
5.214736842105262 4.2353000000000005 0.4862913907284767 2.6935820895522387 0.21431818181818188 0.01 
5.214736842105262 2.6171 1.0221192052980133 1.4859701492537314 1.0315909090909092 0.23475000000000001 
4.978157894736841 2.8868000000000005 1.49841059602649 3.6328358208955223 4.218954545454546 1.808 
6.397631578947367 3.8757000000000006 1.0221192052980133 1.0834328358208956 1.1541818181818182 2.2575 
5.214736842105262 1.6282 1.6174834437086092 1.4859701492537314 0.4595 0.23475000000000001 
6.634210526315789 0.010000000000000231 1.8556291390728477 1.6201492537313433 0.6229545454545455 0.23475000000000001 
5.687894736842106 3.6060000000000003 1.0816556291390729 2.5594029850746267 0.21431818181818188 1.808 
5.451315789473684 7.5616 1.49841059602649 1.6201492537313433 1.8488636363636366 1.808 
5.687894736842106 3.6060000000000003 1.2007284768211919 1.6201492537313433 1.3585 0.23475000000000001 
6.161052631578945 4.954500000000001 1.796092715231788 2.156865671641791 1.2767727272727274 0.01 
7.107368421052632 4.505000000000001 0.9625827814569536 2.291044776119403 9.000000000000002 3.606 
6.87078947368421 8.370700000000001 0.4267549668874172 3.3644776119402984 0.2551818181818182 0.23475000000000001 
4.741578947368419 2.7969000000000004 2.5700662251655633 3.3644776119402984 0.7046818181818182 0.23475000000000001 
5.924473684210527 3.9656000000000007 0.3672185430463576 1.0834328358208956 0.4595 1.808 
6.161052631578945 7.3818 2.153311258278146 2.4252238805970148 2.0940454545454545 0.23475000000000001 
4.978157894736841 3.8757000000000006 1.0816556291390729 2.156865671641791 0.8681363636363637 4.505 
4.741578947368419 5.5838 1.2602649006622515 2.4252238805970148 1.0315909090909092 0.23475000000000001 
6.87078947368421 3.7858000000000005 2.0342384105960267 2.5594029850746267 0.5003636363636363 1.3585 
6.161052631578945 4.594900000000001 4.951523178807947 5.645522388059701 2.5435454545454546 2.707 
5.451315789473684 3.1565000000000007 1.6174834437086092 1.2176119402985075 0.5003636363636363 0.909 
4.978157894736841 7.7414000000000005 0.7244370860927152 1.8885074626865672 0.9498636363636364 2.707 
6.397631578947367 4.505000000000001 1.2007284768211919 1.7543283582089553 1.7671363636363637 1.808 
5.451315789473684 3.4262 0.903046357615894 1.7543283582089553 0.33690909090909094 0.23475000000000001 
5.687894736842106 3.5161000000000002 2.272384105960265 2.9619402985074625 0.6229545454545455 1.3585 
6.397631578947367 7.6515 2.9272847682119205 3.3644776119402984 3.6468636363636366 5.404 
7.8171052631578934 2.8868000000000005 0.5458278145695363 1.2176119402985075 0.5003636363636363 0.01 
6.397631578947367 5.7636 3.165430463576159 2.291044776119403 1.6036818181818182 2.707 
6.161052631578945 4.684800000000001 1.2007284768211919 1.8885074626865672 0.2551818181818182 0.23475000000000001 
7.107368421052632 3.3363 1.3198013245033111 1.8885074626865672 0.9498636363636364 2.707 
5.687894736842106 1.0888 1.3793377483443707 2.8277611940298506 0.5003636363636363 1.808 
7.107368421052632 1.1787 2.0342384105960267 1.4859701492537314 0.4186363636363637 2.707 
4.978157894736841 3.5161000000000002 1.49841059602649 1.7543283582089553 0.8681363636363637 1.808 
6.87078947368421 8.460600000000001 4.356158940397351 6.450597014925373 1.9305909090909092 1.808 
8.053684210526315 1.7181000000000002 0.605364238410596 1.7543283582089553 1.8080000000000003 2.2575 
5.924473684210527 3.6959000000000004 3.4035761589403974 3.2302985074626864 0.33690909090909094 0.23475000000000001 
5.924473684210527 3.5161000000000002 1.0816556291390729 1.7543283582089553 0.6638181818181819 3.606 
4.268421052631579 1.5383 1.49841059602649 2.291044776119403 1.3585 0.23475000000000001 
7.8171052631578934 3.0666000000000007 1.6174834437086092 3.4986567164179103 2.788727272727273 4.505 
8.053684210526315 4.1454 2.450993377483444 3.2302985074626864 1.0315909090909092 1.3585 
5.924473684210527 4.415100000000001 0.7839735099337748 1.4859701492537314 0.5820909090909091 2.707 
5.451315789473684 6.303000000000001 1.49841059602649 2.5594029850746267 1.0724545454545455 1.808 
5.451315789473684 5.2242 2.2128476821192056 2.5594029850746267 1.2767727272727274 0.23475000000000001 
5.924473684210527 3.6060000000000003 0.4862913907284767 2.4252238805970148 0.6638181818181819 2.707 
5.924473684210527 1.9878000000000005 1.7365562913907284 3.4986567164179103 0.909 0.23475000000000001 
8.290263157894737 5.404 1.2602649006622515 2.156865671641791 0.9498636363636364 3.606 
6.634210526315789 3.2464 2.2128476821192056 2.9619402985074625 1.7671363636363637 0.4595 
4.505000000000001 6.662599999999999 2.2128476821192056 1.6201492537313433 1.1133181818181819 0.01 
4.978157894736841 9.0 0.9625827814569536 2.291044776119403 0.7455454545454546 4.505 
6.161052631578945 2.8868000000000005 0.009999999999999981 0.010000000000000009 0.33690909090909094 0.23475000000000001 
5.687894736842106 5.044400000000001 0.7839735099337748 1.2176119402985075 0.4595 0.23475000000000001 
7.8171052631578934 2.4373 1.3793377483443707 2.291044776119403 1.9714545454545456 1.808 
6.161052631578945 2.6171 0.6649006622516556 1.8885074626865672 0.2551818181818182 0.23475000000000001 
7.343947368421054 4.2353000000000005 3.939403973509934 2.4252238805970148 1.2767727272727274 2.707 
7.107368421052632 4.864600000000001 1.5579470198675496 0.8150746268656717 0.6638181818181819 0.23475000000000001 
5.924473684210527 2.8868000000000005 0.9625827814569536 1.6201492537313433 0.4595 1.3585 
5.451315789473684 2.0777000000000005 0.6649006622516556 3.3644776119402984 2.053181818181818 1.808 
4.505000000000001 6.8424 1.7365562913907284 1.4859701492537314 0.8681363636363637 3.606 
6.634210526315789 4.0555 1.2007284768211919 1.3517910447761194 0.5820909090909091 2.707 
4.0318421052631574 2.9767000000000006 3.760794701986755 4.035373134328358 3.565136363636364 2.707 
7.343947368421054 2.9767000000000006 2.0342384105960267 2.4252238805970148 0.7455454545454546 2.2575 
7.580526315789472 1.8979000000000004 6.499470198675496 4.974626865671642 5.935227272727273 2.2575 
7.107368421052632 5.1343 2.7486754966887417 7.524029850746269 2.053181818181818 4.505 
6.397631578947367 1.6282 1.9747019867549669 1.8885074626865672 1.3176363636363637 4.505 
6.161052631578945 3.6060000000000003 1.2602649006622515 2.4252238805970148 0.4186363636363637 2.707 
5.451315789473684 3.9656000000000007 1.0221192052980133 0.41253731343283584 0.2551818181818182 0.23475000000000001 
5.451315789473684 3.8757000000000006 1.1411920529801325 0.5467164179104478 0.4186363636363637 1.3585 
5.687894736842106 6.0333000000000006 0.6649006622516556 1.2176119402985075 0.8272727272727274 1.808 
4.741578947368419 3.6959000000000004 1.2007284768211919 1.8885074626865672 0.2551818181818182 0.23475000000000001 
6.161052631578945 7.7414000000000005 1.7365562913907284 0.9492537313432836 0.5412272727272728 1.808 
8.053684210526315 3.2464 0.7839735099337748 1.4859701492537314 0.2551818181818182 2.2575 
6.397631578947367 5.1343 0.3672185430463576 2.4252238805970148 0.6229545454545455 2.707 
6.161052631578945 4.415100000000001 9.0 8.060746268656716 3.1565000000000003 0.23475000000000001 
5.924473684210527 4.2353000000000005 1.2602649006622515 2.022686567164179 4.382409090909091 2.2575 
8.290263157894737 3.3363 1.49841059602649 2.022686567164179 2.911318181818182 2.707 
4.741578947368419 8.6404 1.5579470198675496 2.4252238805970148 0.5003636363636363 0.23475000000000001 
5.451315789473684 3.8757000000000006 0.9625827814569536 1.7543283582089553 0.21431818181818188 0.23475000000000001 
5.924473684210527 3.3363 1.2602649006622515 1.4859701492537314 0.010000000000000037 0.23475000000000001 
5.687894736842106 4.594900000000001 0.903046357615894 2.022686567164179 0.4595 0.23475000000000001 
7.343947368421054 2.8868000000000005 2.6296026490066224 4.16955223880597 1.5219545454545456 1.808 
7.8171052631578934 4.594900000000001 8.583245033112583 9.0 6.303 0.23475000000000001 
4.978157894736841 3.9656000000000007 0.4267549668874172 0.9492537313432836 0.13259090909090912 1.808 
7.580526315789472 6.213100000000001 1.0816556291390729 2.6935820895522387 1.8080000000000003 5.404 
4.741578947368419 2.5272 1.3198013245033111 2.156865671641791 0.7455454545454546 0.4595 
7.343947368421054 3.9656000000000007 1.49841059602649 1.6201492537313433 0.2551818181818182 0.23475000000000001 
7.107368421052632 6.303000000000001 1.0221192052980133 2.5594029850746267 1.7262727272727274 2.707 
7.580526315789472 5.1343 0.7839735099337748 1.6201492537313433 1.9714545454545456 3.606 
6.87078947368421 1.9878000000000005 0.9625827814569536 1.0834328358208956 0.2960454545454546 2.2575 
5.924473684210527 6.572700000000001 1.796092715231788 5.5113432835820895 6.711636363636364 1.808 
6.397631578947367 3.2464 1.8556291390728477 0.6808955223880597 0.5820909090909091 0.23475000000000001 
5.687894736842106 7.0222 1.3793377483443707 3.4986567164179103 0.37777272727272726 0.23475000000000001 
7.343947368421054 4.1454 2.9272847682119205 4.706268656716418 8.101 5.404 
5.924473684210527 5.7636 0.903046357615894 2.291044776119403 0.5820909090909091 0.23475000000000001 
5.451315789473684 8.9101 1.8556291390728477 2.8277611940298506 1.5219545454545456 0.23475000000000001 
5.924473684210527 3.6959000000000004 0.4862913907284767 1.2176119402985075 0.37777272727272726 0.23475000000000001 
6.161052631578945 4.325200000000001 0.4862913907284767 1.8885074626865672 0.2551818181818182 1.3585 
6.634210526315789 3.2464 0.7839735099337748 1.6201492537313433 0.37777272727272726 3.606 
4.978157894736841 2.7969000000000004 1.3198013245033111 2.9619402985074625 0.33690909090909094 0.23475000000000001 
4.978157894736841 4.954500000000001 2.867748344370861 2.8277611940298506 2.339227272727273 0.23475000000000001 
5.451315789473684 2.0777000000000005 1.49841059602649 1.8885074626865672 0.5412272727272728 0.23475000000000001 
5.687894736842106 2.6171 0.5458278145695363 2.156865671641791 0.4186363636363637 0.23475000000000001 
7.8171052631578934 3.1565000000000007 1.7365562913907284 1.7543283582089553 0.9498636363636364 0.909 
4.741578947368419 3.5161000000000002 0.6649006622516556 0.6808955223880597 0.7046818181818182 0.23475000000000001 
6.87078947368421 3.7858000000000005 1.0816556291390729 1.3517910447761194 0.2551818181818182 0.23475000000000001 
5.924473684210527 4.505000000000001 1.2007284768211919 2.022686567164179 0.2551818181818182 0.23475000000000001 
4.978157894736841 5.044400000000001 1.9747019867549669 2.6935820895522387 0.37777272727272726 0.23475000000000001 
7.580526315789472 4.325200000000001 1.49841059602649 1.8885074626865672 1.9305909090909092 3.606 
5.924473684210527 4.594900000000001 0.903046357615894 0.8150746268656717 0.7046818181818182 1.808 
5.924473684210527 3.6060000000000003 0.7244370860927152 1.7543283582089553 0.37777272727272726 0.4595 
6.161052631578945 3.0666000000000007 1.7365562913907284 2.022686567164179 0.2960454545454546 3.606 
6.634210526315789 2.3474 1.3793377483443707 1.7543283582089553 0.9907272727272727 1.808 
6.634210526315789 1.8080000000000003 0.4267549668874172 1.0834328358208956 2.012318181818182 2.707 
4.741578947368419 5.044400000000001 0.7839735099337748 0.010000000000000009 0.1734545454545455 0.23475000000000001 
5.214736842105262 6.213100000000001 1.0221192052980133 1.8885074626865672 1.3176363636363637 0.4595 
6.161052631578945 5.1343 1.9747019867549669 2.022686567164179 0.909 1.808 
5.451315789473684 4.1454 3.939403973509934 2.156865671641791 2.4209545454545456 0.909 
6.634210526315789 5.7636 0.8435099337748344 1.2176119402985075 0.8681363636363637 0.909 
6.397631578947367 3.1565000000000007 0.605364238410596 1.0834328358208956 0.33690909090909094 0.23475000000000001 
5.924473684210527 3.6060000000000003 1.49841059602649 2.022686567164179 2.134909090909091 0.909 
7.107368421052632 3.2464 1.1411920529801325 1.3517910447761194 0.5820909090909091 1.808 
6.161052631578945 4.0555 1.3793377483443707 2.4252238805970148 0.37777272727272726 7.202 
5.687894736842106 3.6060000000000003 1.2007284768211919 2.8277611940298506 0.9907272727272727 2.707 
6.161052631578945 2.6171 4.296622516556291 3.2302985074626864 0.786409090909091 3.606 
6.161052631578945 6.8424 2.272384105960265 3.3644776119402984 0.4595 0.909 
5.687894736842106 8.280800000000001 0.7839735099337748 2.5594029850746267 0.09172727272727274 0.23475000000000001 
6.161052631578945 2.7969000000000004 1.2602649006622515 1.8885074626865672 1.235909090909091 1.808 
7.343947368421054 4.415100000000001 1.4388741721854303 1.4859701492537314 1.0315909090909092 0.909 
5.924473684210527 2.1676000000000006 1.4388741721854303 0.9492537313432836 0.5412272727272728 0.23475000000000001 
4.505000000000001 5.1343 2.5700662251655633 3.3644776119402984 3.7694545454545456 0.23475000000000001 
