3.965600000000002 3.6060000000000003 1.2007284768211919 2.812077922077922 0.7489041095890412 2.707 
9.0 4.684800000000001 0.903046357615894 2.928831168831169 0.2563013698630137 0.4595 
3.965600000000002 5.3141 1.1411920529801325 1.0607792207792208 0.9336301369863015 0.23475000000000001 
5.763600000000004 5.404 4.594304635761589 3.395844155844156 6.044383561643836 9.0 
2.5272000000000006 5.5838 1.2602649006622515 2.461818181818182 0.7796917808219178 0.23475000000000001 
3.6060000000000016 2.0777000000000005 1.49841059602649 1.994805194805195 0.41023972602739733 0.23475000000000001 
3.6060000000000016 6.123200000000001 3.1058940397350994 3.512597402597403 3.735308219178082 4.0555 
2.886800000000001 1.8979000000000004 1.2007284768211919 1.1775324675324677 0.41023972602739733 0.909 
4.684800000000003 3.6060000000000003 1.2602649006622515 2.461818181818182 0.31787671232876713 2.707 
3.2464000000000013 2.6171 1.0221192052980133 1.6445454545454545 0.7796917808219178 0.23475000000000001 
3.6060000000000016 2.9767000000000006 1.1411920529801325 1.5277922077922077 0.22551369863013704 0.01 
3.965600000000002 3.6060000000000003 1.2007284768211919 1.7612987012987014 1.0259931506849314 0.23475000000000001 
3.2464000000000013 2.7969000000000004 2.2128476821192056 2.812077922077922 0.5641780821917809 2.707 
4.325200000000002 2.8868000000000005 0.9625827814569536 1.7612987012987014 0.34866438356164386 1.3585 
0.010000000000001563 4.1454 1.2007284768211919 1.5277922077922077 0.8104794520547945 0.23475000000000001 
3.6060000000000016 5.2242 2.2128476821192056 2.5785714285714287 0.9644178082191782 0.23475000000000001 
4.684800000000003 6.8424 2.272384105960265 3.2790909090909093 0.34866438356164386 0.909 
4.684800000000003 2.8868000000000005 0.307682119205298 2.345064935064935 0.34866438356164386 0.909 
4.684800000000003 3.6959000000000004 1.0221192052980133 1.4110389610389613 0.656541095890411 1.3585 
7.5615999999999985 1.7181000000000002 0.605364238410596 1.8780519480519482 1.3646575342465752 2.2575 
6.842399999999998 6.392900000000001 2.331920529801325 4.446623376623377 2.3806506849315068 2.707 
4.325200000000002 4.505000000000001 1.2007284768211919 2.1115584415584414 0.1947260273972603 0.23475000000000001 
4.684800000000003 5.1343 1.9747019867549669 2.1115584415584414 0.6873287671232877 1.808 
3.6060000000000016 4.0555 1.3793377483443707 1.8780519480519482 0.656541095890411 1.3585 
4.684800000000003 4.415100000000001 9.0 7.365454545454546 2.3806506849315068 0.23475000000000001 
5.044400000000003 3.0666000000000007 1.0221192052980133 2.1115584415584414 0.5333904109589042 2.2575 
3.2464000000000013 4.774700000000001 1.0816556291390729 5.847662337662338 0.1331506849315069 1.808 
7.921199999999999 5.404 1.2602649006622515 2.2283116883116882 0.7181164383561645 3.606 
1.8079999999999998 1.5383 1.49841059602649 2.345064935064935 1.0259931506849314 0.23475000000000001 
7.201999999999998 3.0666000000000007 1.6174834437086092 3.395844155844156 2.1035616438356164 4.505 
5.4040000000000035 4.864600000000001 1.6770198675496688 1.5277922077922077 0.7489041095890412 0.23475000000000001 
8.6404 5.3141 1.796092715231788 8.532987012987013 6.105958904109589 3.1565 
4.325200000000002 5.7636 0.903046357615894 2.345064935064935 0.44102739726027396 0.23475000000000001 
5.4040000000000035 4.2353000000000005 2.5105298013245037 2.928831168831169 0.872054794520548 3.606 
5.044400000000003 3.1565000000000007 0.605364238410596 1.2942857142857145 0.2563013698630137 0.23475000000000001 
2.1676 6.213100000000001 3.8203311258278148 3.7461038961038966 1.2107191780821918 0.23475000000000001 
3.2464000000000013 4.684800000000001 1.9747019867549669 1.6445454545454545 2.0111986301369864 0.909 
5.044400000000003 6.303000000000001 3.2249668874172186 3.512597402597403 3.550582191780822 3.1565 
3.2464000000000013 4.325200000000001 1.7365562913907284 1.7612987012987014 0.5333904109589042 0.909 
2.5272000000000006 2.5272 1.3198013245033111 2.2283116883116882 0.5641780821917809 0.4595 
4.684800000000003 4.2353000000000005 0.903046357615894 1.6445454545454545 0.5333904109589042 0.23475000000000001 
4.325200000000002 5.1343 0.903046357615894 1.0607792207792208 1.1491438356164383 0.909 
2.5272000000000006 3.3363 0.7839735099337748 1.8780519480519482 0.28708904109589045 1.808 
7.921199999999999 3.3363 1.49841059602649 2.1115584415584414 2.1959246575342464 2.707 
2.886800000000001 2.7969000000000004 1.3198013245033111 2.928831168831169 0.2563013698630137 0.23475000000000001 
5.044400000000003 6.392900000000001 0.8435099337748344 1.4110389610389613 0.04078767123287674 3.606 
3.965600000000002 2.5272 2.2128476821192056 1.994805194805195 1.3338698630136987 0.909 
5.044400000000003 2.7070000000000003 2.8082119205298013 3.2790909090909093 2.688527397260274 2.707 
5.4040000000000035 3.2464 0.7839735099337748 1.7612987012987014 0.28708904109589045 3.606 
3.6060000000000016 6.303000000000001 1.49841059602649 2.5785714285714287 0.8104794520547945 1.808 
5.044400000000003 3.7858000000000005 1.2602649006622515 1.7612987012987014 0.8104794520547945 0.23475000000000001 
3.965600000000002 3.6060000000000003 1.0816556291390729 2.5785714285714287 0.16393835616438357 1.808 
4.325200000000002 3.6060000000000003 0.7244370860927152 1.8780519480519482 0.28708904109589045 0.4595 
5.044400000000003 7.0222 1.796092715231788 2.928831168831169 1.826472602739726 0.909 
2.886800000000001 3.0666000000000007 0.5458278145695363 1.7612987012987014 0.2563013698630137 0.23475000000000001 
6.482800000000005 4.594900000000001 1.3793377483443707 2.345064935064935 1.1799315068493152 2.707 
2.5272000000000006 3.6959000000000004 3.284503311258278 3.1623376623376624 0.5641780821917809 0.01 
4.325200000000002 3.0666000000000007 1.6174834437086092 1.5277922077922077 0.995205479452055 1.808 
2.5272000000000006 2.4373 0.4862913907284767 1.5277922077922077 0.28708904109589045 3.1565 
2.5272000000000006 3.1565000000000007 0.8435099337748344 2.2283116883116882 0.34866438356164386 0.23475000000000001 
6.123200000000004 4.954500000000001 1.3793377483443707 2.345064935064935 0.7796917808219178 0.909 
3.2464000000000013 6.0333000000000006 2.331920529801325 2.6953246753246756 4.658938356164383 0.909 
5.4040000000000035 0.010000000000000231 1.8556291390728477 1.7612987012987014 0.4718150684931507 0.23475000000000001 
4.325200000000002 3.5161000000000002 1.0816556291390729 1.8780519480519482 0.5026027397260274 3.606 
5.044400000000003 4.774700000000001 1.6174834437086092 2.6953246753246756 1.1183561643835618 2.707 
3.6060000000000016 8.9101 1.8556291390728477 2.812077922077922 1.1491438356164383 0.23475000000000001 
5.4040000000000035 3.6060000000000003 1.3198013245033111 1.5277922077922077 0.41023972602739733 2.2575 
1.4483999999999995 2.8868000000000005 0.8435099337748344 2.1115584415584414 1.2107191780821918 3.606 
2.886800000000001 2.2575000000000007 0.9625827814569536 1.7612987012987014 0.04078767123287674 1.3585 
3.2464000000000013 3.6959000000000004 0.7244370860927152 1.7612987012987014 0.5949657534246576 2.2575 
5.4040000000000035 1.9878000000000005 0.4267549668874172 1.0607792207792208 0.5026027397260274 1.808 
4.325200000000002 3.9656000000000007 0.3672185430463576 1.2942857142857145 0.34866438356164386 1.808 
3.6060000000000016 3.5161000000000002 0.9625827814569536 1.4110389610389613 0.1331506849315069 0.23475000000000001 
4.325200000000002 2.4373 1.3198013245033111 1.994805194805195 1.4878082191780821 3.606 
4.684800000000003 2.8868000000000005 0.009999999999999981 0.3602597402597403 0.2563013698630137 0.23475000000000001 
5.044400000000003 5.3141 1.3793377483443707 2.2283116883116882 0.995205479452055 2.707 
6.482800000000005 1.8979000000000004 2.272384105960265 2.1115584415584414 2.1035616438356164 3.606 
1.8079999999999998 4.2353000000000005 0.7839735099337748 1.6445454545454545 0.5641780821917809 1.808 
5.4040000000000035 3.7858000000000005 1.4388741721854303 1.994805194805195 0.16393835616438357 0.4595 
5.044400000000003 4.2353000000000005 1.2007284768211919 0.9440259740259741 0.656541095890411 0.23475000000000001 
5.044400000000003 3.7858000000000005 0.7839735099337748 2.345064935064935 0.1331506849315069 0.909 
6.123200000000004 2.4373 0.5458278145695363 1.0607792207792208 0.31787671232876713 2.707 
7.5615999999999985 3.2464 0.7839735099337748 1.6445454545454545 0.1947260273972603 2.2575 
1.4483999999999995 4.415100000000001 1.6174834437086092 1.7612987012987014 2.4422260273972602 1.3585 
5.044400000000003 3.0666000000000007 3.5821854304635763 3.6293506493506493 2.6269520547945207 0.23475000000000001 
5.763600000000004 3.1565000000000007 1.0221192052980133 1.5277922077922077 0.656541095890411 0.909 
2.5272000000000006 6.213100000000001 2.450993377483444 2.5785714285714287 0.8104794520547945 0.01 
2.1676 5.8535 1.4388741721854303 2.345064935064935 0.9336301369863015 0.23475000000000001 
6.123200000000004 4.864600000000001 1.5579470198675496 1.0607792207792208 0.5026027397260274 0.23475000000000001 
2.1676 5.3141 1.0221192052980133 1.8780519480519482 0.44102739726027396 0.23475000000000001 
2.5272000000000006 3.7858000000000005 1.1411920529801325 2.812077922077922 0.31787671232876713 0.23475000000000001 
3.6060000000000016 3.1565000000000007 1.6174834437086092 1.4110389610389613 0.3794520547945206 0.909 
4.684800000000003 4.684800000000001 1.2007284768211919 1.994805194805195 0.1947260273972603 0.23475000000000001 
5.044400000000003 5.044400000000001 1.0816556291390729 1.7612987012987014 0.1947260273972603 1.3585 
3.2464000000000013 3.2464 0.6649006622516556 1.6445454545454545 0.22551369863013704 2.2575 
4.325200000000002 3.6060000000000003 0.4862913907284767 2.461818181818182 0.5026027397260274 2.707 
3.6060000000000016 6.572700000000001 1.4388741721854303 1.8780519480519482 1.0875684931506848 0.23475000000000001 
4.684800000000003 1.8979000000000004 0.8435099337748344 1.5277922077922077 0.5641780821917809 0.909 
5.044400000000003 3.4262 0.8435099337748344 0.9440259740259741 2.3498630136986303 1.3585 
2.1676 5.3141 2.331920529801325 3.1623376623376624 1.0259931506849314 0.909 
5.044400000000003 3.3363 1.1411920529801325 1.1775324675324677 0.44102739726027396 0.4595 
5.4040000000000035 2.4373 0.8435099337748344 2.345064935064935 0.3794520547945206 2.707 
5.044400000000003 3.3363 1.5579470198675496 2.5785714285714287 9.0 0.909 
4.684800000000003 4.954500000000001 0.9625827814569536 3.0455844155844156 0.41023972602739733 0.23475000000000001 
4.325200000000002 4.415100000000001 0.605364238410596 1.1775324675324677 0.41023972602739733 0.23475000000000001 
4.684800000000003 7.3818 2.153311258278146 2.461818181818182 1.5801712328767126 0.23475000000000001 
5.044400000000003 5.1343 0.3672185430463576 2.461818181818182 0.4718150684931507 2.707 
4.684800000000003 4.594900000000001 4.951523178807947 5.263896103896104 1.918835616438356 2.707 
3.2464000000000013 3.8757000000000006 1.3793377483443707 1.994805194805195 0.1331506849315069 0.909 
3.965600000000002 7.0222 0.8435099337748344 2.345064935064935 0.2563013698630137 0.23475000000000001 
3.965600000000002 5.9434000000000005 1.1411920529801325 1.5277922077922077 3.0579794520547945 1.3585 
3.6060000000000016 2.1676000000000006 1.8556291390728477 2.461818181818182 0.872054794520548 1.3585 
2.886800000000001 5.4939 0.8435099337748344 1.0607792207792208 0.34866438356164386 0.23475000000000001 
4.684800000000003 2.7969000000000004 1.2602649006622515 1.994805194805195 0.9336301369863015 1.808 
6.842399999999998 3.5161000000000002 0.7839735099337748 0.9440259740259741 0.010000000000000009 0.23475000000000001 
1.4483999999999995 2.9767000000000006 3.760794701986755 3.862857142857143 2.688527397260274 2.707 
4.684800000000003 4.0555 0.605364238410596 1.7612987012987014 0.44102739726027396 1.808 
5.4040000000000035 5.7636 0.8435099337748344 1.4110389610389613 0.656541095890411 0.909 
5.4040000000000035 7.1121 2.5700662251655633 2.1115584415584414 0.995205479452055 2.2575 
6.123200000000004 3.5161000000000002 3.5821854304635763 4.32987012987013 2.1959246575342464 2.707 
3.6060000000000016 5.5838 0.605364238410596 1.1775324675324677 0.16393835616438357 0.909 
4.325200000000002 3.6060000000000003 1.2007284768211919 2.2283116883116882 0.5949657534246576 0.23475000000000001 
6.482800000000005 3.9656000000000007 1.3198013245033111 2.461818181818182 0.9644178082191782 0.23475000000000001 
2.886800000000001 2.7969000000000004 0.9625827814569536 1.8780519480519482 0.34866438356164386 0.909 
3.965600000000002 3.9656000000000007 0.0695364238410596 1.4110389610389613 0.28708904109589045 0.4595 
2.886800000000001 5.044400000000001 1.9747019867549669 2.6953246753246756 0.28708904109589045 0.23475000000000001 
2.886800000000001 4.864600000000001 1.2602649006622515 1.6445454545454545 0.41023972602739733 0.23475000000000001 
5.044400000000003 6.482800000000001 4.832450331125828 5.03038961038961 6.013595890410959 3.606 
5.763600000000004 6.123200000000001 1.3793377483443707 1.7612987012987014 0.31787671232876713 0.23475000000000001 
7.201999999999998 3.8757000000000006 5.9041059602649 6.0811688311688314 3.365856164383562 2.707 
3.965600000000002 4.0555 1.3198013245033111 3.9796103896103894 1.1491438356164383 0.23475000000000001 
5.763600000000004 6.123200000000001 1.5579470198675496 2.461818181818182 0.6257534246575343 0.909 
5.044400000000003 3.5161000000000002 0.9625827814569536 2.1115584415584414 0.4718150684931507 2.707 
5.763600000000004 3.7858000000000005 2.0342384105960267 2.5785714285714287 0.3794520547945206 1.3585 
3.965600000000002 6.0333000000000006 0.6649006622516556 1.4110389610389613 0.6257534246575343 1.808 
5.763600000000004 2.9767000000000006 1.5579470198675496 1.5277922077922077 0.6873287671232877 0.23475000000000001 
5.044400000000003 6.303000000000001 1.0816556291390729 2.6953246753246756 3.642945205479452 4.0555 
3.965600000000002 4.864600000000001 1.3198013245033111 1.7612987012987014 0.44102739726027396 0.4595 
2.886800000000001 1.8979000000000004 1.0221192052980133 0.7105194805194807 0.31787671232876713 2.2575 
4.684800000000003 3.9656000000000007 1.6770198675496688 2.461818181818182 0.2563013698630137 0.4595 
7.5615999999999985 4.684800000000001 1.3198013245033111 2.2283116883116882 1.1183561643835618 5.404 
4.684800000000003 3.7858000000000005 0.7839735099337748 0.010000000000000009 0.07157534246575345 1.808 
2.886800000000001 9.0 0.9625827814569536 2.345064935064935 0.5641780821917809 4.505 
3.6060000000000016 6.482800000000001 1.2602649006622515 1.6445454545454545 0.28708904109589045 1.808 
1.8079999999999998 4.0555 0.7839735099337748 1.7612987012987014 2.041986301369863 0.23475000000000001 
5.044400000000003 4.505000000000001 1.7365562913907284 3.395844155844156 3.3966438356164383 2.2575 
6.123200000000004 4.505000000000001 0.9625827814569536 2.345064935064935 6.783287671232877 3.606 
2.1676 6.8424 1.7365562913907284 1.6445454545454545 0.656541095890411 3.606 
6.842399999999998 6.213100000000001 1.0816556291390729 2.6953246753246756 1.3646575342465752 5.404 
5.4040000000000035 2.9767000000000006 1.2602649006622515 1.8780519480519482 0.872054794520548 0.23475000000000001 
4.684800000000003 2.6171 4.296622516556291 3.1623376623376624 0.5949657534246576 3.606 
3.2464000000000013 4.325200000000001 1.6770198675496688 1.6445454545454545 0.6873287671232877 0.4595 
4.684800000000003 5.1343 1.0221192052980133 1.6445454545454545 0.28708904109589045 0.4595 
5.4040000000000035 4.0555 1.2007284768211919 1.5277922077922077 0.44102739726027396 2.707 
4.684800000000003 3.3363 1.6770198675496688 1.0607792207792208 0.10236301369863016 0.4595 
7.201999999999998 6.8424 3.165430463576159 4.68012987012987 1.8572602739726025 9.0 
3.6060000000000016 3.0666000000000007 0.307682119205298 1.1775324675324677 0.34866438356164386 0.909 
1.4483999999999995 3.5161000000000002 0.7839735099337748 1.4110389610389613 0.31787671232876713 0.23475000000000001 
5.4040000000000035 3.2464 2.2128476821192056 2.928831168831169 1.3338698630136987 0.4595 
3.965600000000002 7.7414000000000005 1.3198013245033111 2.345064935064935 0.6873287671232877 0.909 
2.5272000000000006 2.7969000000000004 2.5700662251655633 3.2790909090909093 0.5333904109589042 0.23475000000000001 
6.482800000000005 2.9767000000000006 2.0342384105960267 2.461818181818182 0.5641780821917809 2.2575 
5.763600000000004 1.8080000000000003 8.94046357615894 9.0 3.5813698630136988 1.808 
2.886800000000001 7.7414000000000005 0.7244370860927152 1.994805194805195 0.7181164383561645 2.707 
7.5615999999999985 4.1454 2.450993377483444 3.1623376623376624 0.7796917808219178 1.3585 
1.8079999999999998 1.9878000000000005 0.903046357615894 1.8780519480519482 0.2563013698630137 1.808 
4.684800000000003 5.6737 2.867748344370861 4.913636363636364 1.4570205479452056 1.808 
3.965600000000002 8.280800000000001 0.7839735099337748 2.5785714285714287 0.07157534246575345 0.23475000000000001 
4.325200000000002 3.9656000000000007 1.8556291390728477 1.6445454545454545 0.9336301369863015 0.909 
4.325200000000002 3.6959000000000004 3.4035761589403974 3.1623376623376624 0.2563013698630137 0.23475000000000001 
1.088799999999999 3.4262 1.6770198675496688 3.7461038961038966 1.4878082191780821 1.3585 
3.6060000000000016 3.8757000000000006 1.1411920529801325 0.8272727272727273 0.31787671232876713 1.3585 
