6.6202941176470596 2.048969072164948 1.2086666666666666 2.2283116883116882 0.5949657534246576 0.2909375 
7.149117647058823 3.624536082474226 0.36959999999999993 2.461818181818182 0.4718150684931507 3.3812499999999996 
6.6202941176470596 4.273298969072165 0.909 2.345064935064935 0.44102739726027396 0.2909375 
6.884705882352943 2.048969072164948 1.2686 2.461818181818182 0.31787671232876713 3.3812499999999996 
7.413529411764706 0.8441237113402056 0.8490666666666666 2.345064935064935 0.3794520547945206 3.3812499999999996 
6.355882352941176 5.570824742268041 0.8490666666666666 2.345064935064935 0.2563013698630137 0.2909375 
5.298235294117646 3.531855670103092 0.7891333333333332 0.3602597402597403 0.1331506849315069 0.2909375 
5.827058823529413 2.6977319587628865 0.4894666666666666 2.6953246753246756 0.16393835616438357 0.01 
6.355882352941176 2.2343298969072163 1.3285333333333333 1.5277922077922077 0.9644178082191782 1.695625 
7.149117647058823 4.273298969072165 3.1864666666666666 2.345064935064935 1.2107191780821918 3.3812499999999996 
7.149117647058823 2.9757731958762883 1.7480666666666667 3.395844155844156 3.3966438356164383 2.819375 
4.7694117647058825 2.512371134020618 0.7891333333333332 1.7612987012987014 2.041986301369863 0.2909375 
6.884705882352943 1.2148453608247416 1.2686 1.994805194805195 0.9336301369863015 2.2575 
7.149117647058823 1.9562886597938136 1.9878 1.8780519480519482 0.9644178082191782 3.3812499999999996 
7.149117647058823 3.531855670103092 3.9656 3.1623376623376624 2.4422260273972602 3.9431249999999998 
6.091470588235293 3.0684536082474225 1.6281999999999999 2.345064935064935 0.31787671232876713 0.2909375 
7.67794117647059 3.161134020618556 0.9689333333333332 2.345064935064935 1.0259931506849314 0.2909375 
6.6202941176470596 2.6977319587628865 1.2686 2.1115584415584414 3.3042808219178084 2.819375 
7.149117647058823 2.6977319587628865 1.2086666666666666 0.9440259740259741 0.656541095890411 0.2909375 
5.562647058823529 1.2148453608247416 0.9689333333333332 1.8780519480519482 0.34866438356164386 1.13375 
7.94235294117647 1.9562886597938136 1.2086666666666666 2.1115584415584414 0.28708904109589045 0.571875 
6.091470588235293 2.3270103092783505 0.9689333333333332 1.8780519480519482 0.16393835616438357 0.2909375 
7.149117647058823 1.2148453608247416 1.0888 1.7612987012987014 0.07157534246575345 0.2909375 
6.091470588235293 5.014742268041237 1.2686 1.6445454545454545 0.28708904109589045 2.2575 
7.67794117647059 1.40020618556701 1.5682666666666667 1.5277922077922077 0.6873287671232877 0.2909375 
7.149117647058823 1.6782474226804118 1.8679333333333332 0.9440259740259741 0.44102739726027396 0.2909375 
7.149117647058823 5.570824742268041 1.8079999999999998 2.928831168831169 1.826472602739726 1.13375 
6.091470588235293 2.6050515463917523 3.9656 2.2283116883116882 1.826472602739726 1.13375 
7.67794117647059 6.961030927835051 0.4295333333333333 3.2790909090909093 0.1947260273972603 0.2909375 
6.884705882352943 3.995257731958762 0.4295333333333333 0.8272727272727273 0.16393835616438357 0.2909375 
8.206764705882353 2.6050515463917523 2.9467333333333334 4.446623376623377 6.105958904109589 6.7524999999999995 
6.884705882352943 9.0 2.4672666666666667 1.8780519480519482 1.3338698630136987 5.62875 
5.298235294117646 4.087938144329897 1.2686 2.461818181818182 0.7796917808219178 0.2909375 
8.735588235294117 1.5855670103092776 1.7480666666666667 1.8780519480519482 0.7181164383561645 1.13375 
7.149117647058823 3.8098969072164945 1.3884666666666665 2.2283116883116882 0.995205479452055 3.3812499999999996 
6.091470588235293 5.1074226804123715 1.4484 1.8780519480519482 1.0875684931506848 0.2909375 
6.884705882352943 3.4391752577319585 1.8079999999999998 2.2283116883116882 0.9644178082191782 0.01 
6.6202941176470596 2.9757731958762883 1.2086666666666666 2.1115584415584414 0.1947260273972603 0.2909375 
7.149117647058823 1.9562886597938136 0.9689333333333332 2.1115584415584414 0.4718150684931507 3.3812499999999996 
5.827058823529413 4.551340206185566 2.3474 2.6953246753246756 4.658938356164383 1.13375 
8.206764705882353 2.6977319587628865 1.0288666666666666 2.461818181818182 0.5026027397260274 2.2575 
6.6202941176470596 1.4928865979381443 0.9689333333333332 2.461818181818182 0.872054794520548 3.3812499999999996 
5.562647058823529 3.4391752577319585 2.587133333333333 3.9796103896103894 3.1503424657534245 2.819375 
5.562647058823529 3.531855670103092 1.4484 1.2942857142857145 0.3794520547945206 0.2909375 
4.504999999999999 3.0684536082474225 2.0477333333333334 2.6953246753246756 1.3338698630136987 0.2909375 
6.091470588235293 2.419690721649484 1.0288666666666666 0.7105194805194807 0.1947260273972603 0.2909375 
4.504999999999999 2.883092783505154 1.6281999999999999 1.7612987012987014 2.4422260273972602 1.695625 
9.0 3.161134020618556 1.3285333333333333 2.2283116883116882 1.1183561643835618 6.7524999999999995 
6.091470588235293 6.126907216494844 1.8079999999999998 1.8780519480519482 0.6873287671232877 0.2909375 
5.298235294117646 1.029484536082474 1.0888 2.1115584415584414 0.9028424657534247 2.2575 
8.735588235294117 1.3075257731958758 0.5494 1.4110389610389613 0.3794520547945206 0.01 
5.827058823529413 1.2148453608247416 2.227533333333333 2.812077922077922 0.5641780821917809 3.3812499999999996 
7.94235294117647 0.8441237113402056 0.5494 1.0607792207792208 0.31787671232876713 3.3812499999999996 
5.827058823529413 1.029484536082474 1.0288666666666666 1.6445454545454545 0.7796917808219178 0.2909375 
7.94235294117647 3.624536082474226 2.7669333333333332 6.898441558441559 1.5493835616438356 5.62875 
6.884705882352943 2.79041237113402 0.4894666666666666 1.994805194805195 0.1947260273972603 1.695625 
5.033823529411766 3.8098969072164945 1.0288666666666666 1.8780519480519482 0.44102739726027396 0.2909375 
5.298235294117646 2.141649484536082 3.3063333333333333 3.1623376623376624 0.5641780821917809 0.01 
8.471176470588237 3.624536082474226 0.7891333333333332 1.7612987012987014 1.4878082191780821 4.505 
6.355882352941176 0.9368041237113398 2.227533333333333 1.994805194805195 1.3338698630136987 1.13375 
6.6202941176470596 1.029484536082474 0.36959999999999993 1.4110389610389613 0.22551369863013704 2.819375 
6.091470588235293 1.9562886597938136 0.9689333333333332 1.4110389610389613 0.1331506849315069 0.2909375 
6.884705882352943 3.161134020618556 1.2086666666666666 1.994805194805195 0.1947260273972603 0.2909375 
5.827058823529413 1.3075257731958758 1.9278666666666666 1.6445454545454545 0.6257534246575343 4.505 
5.562647058823529 1.9562886597938136 1.5083333333333333 1.8780519480519482 0.656541095890411 2.2575 
5.827058823529413 2.79041237113402 1.7480666666666667 1.7612987012987014 0.5333904109589042 1.13375 
7.67794117647059 0.38072164948453535 0.9689333333333332 1.2942857142857145 0.22551369863013704 2.819375 
6.884705882352943 1.4928865979381443 1.7480666666666667 2.1115584415584414 0.22551369863013704 4.505 
5.298235294117646 2.2343298969072163 1.1487333333333334 2.812077922077922 0.31787671232876713 0.2909375 
7.149117647058823 1.770927835051546 1.5682666666666667 2.5785714285714287 9.0 1.13375 
6.6202941176470596 2.419690721649484 1.8679333333333332 1.6445454545454545 0.9336301369863015 1.13375 
6.6202941176470596 3.531855670103092 0.8490666666666666 1.1775324675324677 0.5949657534246576 0.2909375 
5.562647058823529 2.419690721649484 0.4295333333333333 1.1775324675324677 0.10236301369863016 2.2575 
3.4473529411764723 2.6050515463917523 1.2086666666666666 1.5277922077922077 0.8104794520547945 0.2909375 
5.827058823529413 0.009999999999999787 1.6281999999999999 1.6445454545454545 0.34866438356164386 0.2909375 
6.355882352941176 5.570824742268041 1.3884666666666665 3.395844155844156 0.28708904109589045 0.2909375 
6.6202941176470596 2.419690721649484 0.36959999999999993 1.2942857142857145 0.34866438356164386 2.2575 
6.884705882352943 3.4391752577319585 0.9689333333333332 3.0455844155844156 0.41023972602739733 0.2909375 
5.562647058823529 2.3270103092783505 1.4484 2.2283116883116882 0.5026027397260274 1.13375 
5.827058823529413 1.6782474226804118 1.9878 2.5785714285714287 0.9028424657534247 1.13375 
7.149117647058823 2.2343298969072163 0.7891333333333332 2.345064935064935 0.1331506849315069 1.13375 
6.355882352941176 2.883092783505154 1.7480666666666667 2.5785714285714287 1.5493835616438356 2.2575 
4.240588235294119 1.8636082474226803 1.6881333333333333 3.7461038961038966 1.4878082191780821 1.695625 
9.0 4.180618556701031 3.2464 4.32987012987013 6.105958904109589 3.3812499999999996 
6.884705882352943 1.3075257731958758 1.4484 2.6953246753246756 2.3806506849315068 2.2575 
4.7694117647058825 3.4391752577319585 1.6281999999999999 1.6445454545454545 3.3966438356164383 0.571875 
6.355882352941176 2.048969072164948 1.2086666666666666 1.7612987012987014 1.0259931506849314 0.2909375 
7.413529411764706 0.38072164948453535 0.4295333333333333 1.0607792207792208 0.5026027397260274 2.2575 
8.206764705882353 2.419690721649484 1.5083333333333333 1.7612987012987014 0.1947260273972603 0.2909375 
7.413529411764706 4.273298969072165 0.8490666666666666 1.4110389610389613 0.656541095890411 1.13375 
5.298235294117646 1.2148453608247416 2.587133333333333 3.2790909090909093 0.5333904109589042 0.2909375 
5.562647058823529 3.531855670103092 1.9878 2.6953246753246756 0.28708904109589045 0.2909375 
7.94235294117647 0.8441237113402056 1.5083333333333333 2.345064935064935 1.3954452054794522 0.2909375 
7.149117647058823 1.5855670103092776 0.6093333333333333 1.2942857142857145 0.2563013698630137 0.2909375 
5.562647058823529 7.60979381443299 0.9689333333333332 2.345064935064935 0.5641780821917809 5.62875 
6.355882352941176 2.419690721649484 0.06993333333333329 1.4110389610389613 0.28708904109589045 0.571875 
6.884705882352943 1.9562886597938136 3.3063333333333333 4.913636363636364 1.703321917808219 4.505 
6.6202941176470596 2.141649484536082 0.4894666666666666 1.4110389610389613 0.28708904109589045 0.2909375 
7.149117647058823 4.922061855670103 0.8490666666666666 1.4110389610389613 0.04078767123287674 4.505 
6.091470588235293 2.3270103092783505 1.1487333333333334 0.8272727272727273 0.31787671232876713 1.695625 
8.206764705882353 1.3075257731958758 2.6470666666666665 3.9796103896103894 1.1491438356164383 2.2575 
7.413529411764706 1.5855670103092776 0.9689333333333332 2.1115584415584414 0.41023972602739733 1.13375 
6.091470588235293 1.3075257731958758 0.909 1.4110389610389613 0.28708904109589045 3.3812499999999996 
6.884705882352943 1.4928865979381443 0.6692666666666667 1.2942857142857145 0.34866438356164386 2.2575 
5.827058823529413 4.273298969072165 0.6692666666666667 2.1115584415584414 0.1947260273972603 5.62875 
6.6202941176470596 2.9757731958762883 1.8079999999999998 1.8780519480519482 0.5333904109589042 1.13375 
7.149117647058823 4.829381443298969 3.2464 3.512597402597403 3.550582191780822 3.9431249999999998 
7.149117647058823 2.419690721649484 1.1487333333333334 1.1775324675324677 0.22551369863013704 0.2909375 
7.413529411764706 0.7514432989690722 1.3884666666666665 1.8780519480519482 0.7489041095890412 2.2575 
6.6202941176470596 1.770927835051546 1.2686 1.6445454545454545 0.010000000000000009 0.2909375 
7.149117647058823 1.8636082474226803 0.8490666666666666 0.9440259740259741 2.3498630136986303 1.695625 
7.149117647058823 2.419690721649484 0.6692666666666667 1.0607792207792208 0.28708904109589045 3.3812499999999996 
5.562647058823529 3.995257731958762 0.8490666666666666 1.0607792207792208 0.34866438356164386 0.2909375 
5.827058823529413 3.161134020618556 1.2686 1.8780519480519482 0.28708904109589045 0.01 
5.562647058823529 0.288041237113402 1.0288666666666666 0.7105194805194807 0.31787671232876713 2.819375 
8.735588235294117 2.3270103092783505 5.9434000000000005 6.0811688311688314 3.365856164383562 3.3812499999999996 
6.6202941176470596 2.048969072164948 0.7292 1.8780519480519482 0.28708904109589045 0.571875 
6.884705882352943 3.0684536082474225 4.984466666666666 5.263896103896104 1.918835616438356 3.3812499999999996 
7.94235294117647 1.770927835051546 1.3285333333333333 1.994805194805195 0.7181164383561645 3.3812499999999996 
8.206764705882353 2.419690721649484 1.3285333333333333 2.461818181818182 0.9644178082191782 0.2909375 
6.091470588235293 7.517113402061856 1.8679333333333332 2.812077922077922 1.1491438356164383 0.2909375 
5.827058823529413 2.79041237113402 1.6881333333333333 1.6445454545454545 0.6873287671232877 0.571875 
0.010000000000001563 2.048969072164948 0.909 1.7612987012987014 0.28708904109589045 0.2909375 
6.355882352941176 3.25381443298969 0.6093333333333333 1.8780519480519482 0.5949657534246576 2.2575 
6.884705882352943 5.663505154639175 0.7891333333333332 0.9440259740259741 0.44102739726027396 0.2909375 
6.6202941176470596 8.629278350515463 0.6093333333333333 1.7612987012987014 0.28708904109589045 2.2575 
5.298235294117646 1.6782474226804118 1.2686 1.7612987012987014 0.6257534246575343 1.695625 
5.562647058823529 1.2148453608247416 1.3285333333333333 2.928831168831169 0.2563013698630137 0.2909375 
8.206764705882353 0.288041237113402 2.2874666666666665 2.1115584415584414 2.1035616438356164 4.505 
6.884705882352943 5.941546391752578 2.1675999999999997 2.461818181818182 1.5801712328767126 0.2909375 
6.355882352941176 4.551340206185566 0.6692666666666667 1.4110389610389613 0.6257534246575343 2.2575 
6.884705882352943 2.2343298969072163 0.7891333333333332 0.010000000000000009 0.07157534246575345 2.2575 
6.6202941176470596 1.770927835051546 1.1487333333333334 2.5785714285714287 0.010000000000000009 0.2909375 
6.091470588235293 3.624536082474226 1.2086666666666666 2.345064935064935 0.3794520547945206 2.2575 
6.355882352941176 3.8098969072164945 1.1487333333333334 1.0607792207792208 0.9336301369863015 0.2909375 
7.94235294117647 2.9757731958762883 0.9689333333333332 2.345064935064935 6.783287671232877 4.505 
5.562647058823529 0.288041237113402 1.2086666666666666 1.1775324675324677 0.41023972602739733 1.13375 
6.6202941176470596 2.883092783505154 0.7891333333333332 1.6445454545454545 0.44102739726027396 3.3812499999999996 
6.884705882352943 5.385463917525772 2.2874666666666665 3.2790909090909093 0.34866438356164386 1.13375 
6.884705882352943 1.3075257731958758 0.009999999999999981 0.3602597402597403 0.2563013698630137 0.2909375 
4.7694117647058825 2.6977319587628865 0.7891333333333332 1.6445454545454545 0.5641780821917809 2.2575 
6.884705882352943 2.419690721649484 1.6881333333333333 2.461818181818182 0.2563013698630137 0.571875 
5.562647058823529 1.5855670103092776 0.7292 2.1115584415584414 0.5641780821917809 0.2909375 
7.67794117647059 4.6440206185567 1.5682666666666667 2.461818181818182 0.6257534246575343 1.13375 
5.298235294117646 1.9562886597938136 0.6692666666666667 0.9440259740259741 0.5333904109589042 0.2909375 
8.471176470588237 4.922061855670103 2.3474 4.446623376623377 2.3806506849315068 3.3812499999999996 
7.149117647058823 2.2343298969072163 1.2686 1.7612987012987014 0.8104794520547945 0.2909375 
7.413529411764706 1.40020618556701 1.2686 1.8780519480519482 0.872054794520548 0.2909375 
7.67794117647059 0.1953608247422678 9.0 9.0 3.5813698630136988 2.2575 
6.884705882352943 4.180618556701031 2.8868 4.913636363636364 1.4570205479452056 2.2575 
5.827058823529413 1.4928865979381443 1.5682666666666667 2.928831168831169 0.5333904109589042 0.2909375 
5.298235294117646 4.736701030927835 2.4672666666666667 2.5785714285714287 0.8104794520547945 0.01 
6.884705882352943 3.624536082474226 1.9878 2.1115584415584414 0.6873287671232877 2.2575 
5.562647058823529 1.4928865979381443 0.5494 1.7612987012987014 0.2563013698630137 0.2909375 
7.413529411764706 3.995257731958762 3.2464 4.913636363636364 1.7648972602739725 3.9431249999999998 
8.206764705882353 1.40020618556701 2.0477333333333334 2.461818181818182 0.5641780821917809 2.819375 
6.355882352941176 0.658762886597938 1.6881333333333333 1.994805194805195 0.28708904109589045 2.2575 
7.413529411764706 1.6782474226804118 2.227533333333333 2.928831168831169 1.3338698630136987 0.571875 
8.471176470588237 0.288041237113402 6.542733333333333 4.68012987012987 4.474212328767123 2.819375 
8.735588235294117 3.3464948453608243 3.0665999999999998 3.512597402597403 2.5961643835616437 8.438125 
5.298235294117646 1.5855670103092776 4.744733333333333 5.147142857142858 1.4262328767123287 1.695625 
6.355882352941176 3.3464948453608243 1.3285333333333333 1.7612987012987014 0.44102739726027396 0.571875 
6.091470588235293 2.512371134020618 1.3884666666666665 1.8780519480519482 0.656541095890411 1.695625 
7.413529411764706 5.385463917525772 1.9278666666666666 3.395844155844156 1.3338698630136987 3.3812499999999996 
6.091470588235293 0.4734020618556696 0.6692666666666667 3.2790909090909093 1.5493835616438356 2.2575 
6.884705882352943 4.829381443298969 1.8679333333333332 3.395844155844156 0.995205479452055 5.62875 
7.67794117647059 5.570824742268041 2.227533333333333 1.7612987012987014 1.4878082191780821 0.2909375 
6.355882352941176 2.419690721649484 1.1487333333333334 1.2942857142857145 0.16393835616438357 0.2909375 
4.7694117647058825 1.2148453608247416 1.3884666666666665 1.1775324675324677 0.22551369863013704 0.2909375 
7.413529411764706 3.3464948453608243 2.107666666666667 3.7461038961038966 3.1811301369863014 9.0 
4.504999999999999 1.9562886597938136 0.7891333333333332 1.4110389610389613 0.31787671232876713 0.2909375 
6.091470588235293 1.4928865979381443 0.30966666666666665 1.1775324675324677 0.34866438356164386 1.13375 
