5.214736842105262 1.5537373737373734 1.0221192052980133 1.4227142857142856 0.7796917808219178 0.2909375 
6.161052631578945 5.821717171717172 2.272384105960265 3.2207142857142856 0.34866438356164386 1.13375 
5.924473684210527 3.4607070707070706 1.2007284768211919 1.9364285714285714 0.1947260273972603 0.2909375 
5.451315789473684 2.8250505050505046 0.9625827814569536 1.6795714285714283 0.16393835616438357 0.2909375 
4.0318421052631574 1.8261616161616159 0.8435099337748344 1.9364285714285714 1.2107191780821918 4.505 
6.397631578947367 6.003333333333334 1.796092715231788 2.8354285714285714 1.826472602739726 1.13375 
7.8171052631578934 2.8250505050505046 5.9041059602649 6.302999999999999 3.365856164383562 3.3812499999999996 
4.0318421052631574 3.5515151515151517 2.0342384105960267 2.5785714285714283 1.3338698630136987 0.2909375 
5.924473684210527 4.096363636363636 0.903046357615894 0.7805714285714285 1.1491438356164383 1.13375 
4.978157894736841 6.729797979797979 0.7244370860927152 1.8079999999999998 0.7181164383561645 3.3812499999999996 
6.397631578947367 3.188282828282828 1.2007284768211919 0.6521428571428571 0.656541095890411 0.2909375 
6.397631578947367 0.5548484848484847 1.9747019867549669 1.8079999999999998 0.995205479452055 5.62875 
6.397631578947367 3.642323232323232 1.3198013245033111 2.3217142857142856 0.5949657534246576 1.695625 
5.924473684210527 0.9180808080808083 1.7365562913907284 3.349142857142857 0.6873287671232877 0.2909375 
6.161052631578945 3.5515151515151517 4.951523178807947 5.404 1.918835616438356 3.3812499999999996 
4.978157894736841 3.823939393939394 1.2602649006622515 1.4227142857142856 0.41023972602739733 0.2909375 
4.741578947368419 1.5537373737373734 1.0816556291390729 1.9364285714285714 0.9028424657534247 2.2575 
4.978157894736841 2.461818181818182 1.49841059602649 1.6795714285714283 0.656541095890411 2.2575 
5.924473684210527 3.733131313131313 1.9747019867549669 1.4227142857142856 1.3954452054794522 3.3812499999999996 
6.161052631578945 3.006666666666667 1.3793377483443707 2.3217142857142856 0.28708904109589045 9.0 
4.978157894736841 1.7353535353535348 1.3198013245033111 2.8354285714285714 0.2563013698630137 0.2909375 
4.505000000000001 4.277979797979798 2.331920529801325 3.092285714285714 1.0259931506849314 1.13375 
4.505000000000001 5.186060606060606 3.8203311258278148 3.734428571428571 1.2107191780821918 0.2909375 
4.741578947368419 5.186060606060606 2.450993377483444 2.450142857142857 0.8104794520547945 0.01 
7.343947368421054 2.9158585858585857 1.49841059602649 1.5511428571428572 0.1947260273972603 0.2909375 
6.87078947368421 7.365454545454545 0.4267549668874172 3.2207142857142856 0.1947260273972603 0.2909375 
6.161052631578945 2.007777777777777 0.6649006622516556 1.0374285714285714 0.34866438356164386 2.2575 
7.107368421052632 1.372121212121212 1.49841059602649 2.193285714285714 1.3954452054794522 0.2909375 
8.999999999999998 3.642323232323232 0.903046357615894 2.8354285714285714 0.2563013698630137 0.571875 
4.978157894736841 3.9147474747474744 2.867748344370861 2.707 1.7648972602739725 0.2909375 
5.924473684210527 3.3698989898989895 0.7839735099337748 1.4227142857142856 0.44102739726027396 3.3812499999999996 
4.978157894736841 2.8250505050505046 1.4388741721854303 2.0648571428571425 0.5026027397260274 1.13375 
4.978157894736841 1.7353535353535348 0.9625827814569536 1.6795714285714283 0.34866438356164386 1.13375 
4.268421052631579 3.188282828282828 0.7839735099337748 1.4227142857142856 0.5641780821917809 2.2575 
5.214736842105262 1.8261616161616159 1.9151655629139073 1.4227142857142856 0.6257534246575343 4.505 
5.924473684210527 9.0 0.605364238410596 1.5511428571428572 0.28708904109589045 2.2575 
5.687894736842106 4.277979797979798 1.1411920529801325 0.7805714285714285 0.9336301369863015 0.2909375 
7.580526315789472 5.186060606060606 1.0816556291390729 2.5785714285714283 1.3646575342465752 6.7524999999999995 
5.924473684210527 2.6434343434343432 3.4035761589403974 3.092285714285714 0.2563013698630137 0.2909375 
5.924473684210527 2.552626262626262 1.49841059602649 1.9364285714285714 1.610958904109589 1.13375 
6.397631578947367 1.6445454545454545 2.8082119205298013 3.2207142857142856 2.688527397260274 3.3812499999999996 
6.634210526315789 6.094141414141413 2.5700662251655633 1.9364285714285714 0.995205479452055 2.819375 
6.634210526315789 0.736464646464646 0.4267549668874172 1.0374285714285714 1.518595890410959 3.3812499999999996 
5.214736842105262 5.004444444444445 2.331920529801325 2.5785714285714283 4.658938356164383 1.13375 
6.397631578947367 4.5504040404040405 1.2602649006622515 1.5511428571428572 0.22551369863013704 0.2909375 
6.161052631578945 3.188282828282828 0.903046357615894 1.4227142857142856 0.5333904109589042 0.2909375 
8.053684210526315 2.1893939393939394 0.7839735099337748 1.4227142857142856 0.1947260273972603 2.819375 
6.161052631578945 6.094141414141413 0.7839735099337748 0.6521428571428571 0.44102739726027396 0.2909375 
5.451315789473684 1.281313131313131 0.9625827814569536 1.8079999999999998 0.44102739726027396 0.2909375 
6.161052631578945 3.9147474747474744 0.9625827814569536 2.9638571428571425 0.41023972602739733 0.2909375 
5.451315789473684 2.8250505050505046 1.1411920529801325 0.5237142857142856 0.31787671232876713 1.695625 
8.053684210526315 3.097474747474747 2.450993377483444 3.092285714285714 0.7796917808219178 1.695625 
6.87078947368421 5.0952525252525245 1.5579470198675496 2.3217142857142856 0.6257534246575343 1.13375 
7.343947368421054 3.3698989898989895 1.4388741721854303 1.4227142857142856 0.7796917808219178 1.13375 
5.451315789473684 2.371010101010101 0.903046357615894 1.6795714285714283 0.2563013698630137 0.2909375 
4.741578947368419 1.7353535353535348 2.5700662251655633 3.2207142857142856 0.5333904109589042 0.2909375 
6.161052631578945 0.8272727272727272 0.8435099337748344 1.294285714285714 0.5641780821917809 1.13375 
5.924473684210527 3.5515151515151517 0.903046357615894 0.7805714285714285 0.5333904109589042 2.2575 
4.741578947368419 1.372121212121212 0.4862913907284767 1.294285714285714 0.28708904109589045 3.9431249999999998 
7.343947368421054 3.188282828282828 3.939403973509934 2.3217142857142856 0.9644178082191782 3.3812499999999996 
5.687894736842106 1.4629292929292923 2.2128476821192056 1.8079999999999998 1.3338698630136987 1.13375 
5.687894736842106 6.729797979797979 1.3198013245033111 2.193285714285714 0.6873287671232877 1.13375 
4.741578947368419 2.0985858585858583 4.7133774834437085 5.275571428571428 1.4262328767123287 1.695625 
6.634210526315789 3.188282828282828 2.5105298013245037 2.8354285714285714 0.872054794520548 4.505 
8.763421052631577 4.277979797979798 1.796092715231788 9.0 6.105958904109589 3.9431249999999998 
5.687894736842106 5.004444444444445 0.6649006622516556 1.165857142857143 0.6257534246575343 2.2575 
6.161052631578945 1.8261616161616159 0.009999999999999981 0.010000000000000009 0.2563013698630137 0.2909375 
5.687894736842106 3.3698989898989895 1.7365562913907284 2.450142857142857 1.5493835616438356 2.2575 
6.161052631578945 4.459595959595959 0.4267549668874172 0.5237142857142856 0.16393835616438357 0.2909375 
6.397631578947367 2.9158585858585857 1.1411920529801325 0.909 0.22551369863013704 0.2909375 
5.214736842105262 3.2790909090909093 1.7365562913907284 1.5511428571428572 0.5333904109589042 1.13375 
5.924473684210527 2.552626262626262 1.2007284768211919 2.0648571428571425 0.5949657534246576 0.2909375 
7.107368421052632 2.461818181818182 3.5821854304635763 4.3765714285714274 2.1959246575342464 3.3812499999999996 
5.687894736842106 1.5537373737373734 0.5458278145695363 2.0648571428571425 0.31787671232876713 0.2909375 
5.451315789473684 3.006666666666667 1.3793377483443707 1.6795714285714283 0.656541095890411 1.695625 
6.161052631578945 4.641212121212121 2.867748344370861 5.018714285714285 1.4570205479452056 2.2575 
6.161052631578945 6.3665656565656565 2.153311258278146 2.3217142857142856 1.5801712328767126 0.2909375 
5.924473684210527 2.9158585858585857 0.3672185430463576 1.0374285714285714 0.34866438356164386 2.2575 
5.687894736842106 7.274646464646464 0.7839735099337748 2.450142857142857 0.07157534246575345 0.2909375 
6.161052631578945 3.3698989898989895 9.0 7.715714285714286 2.3806506849315068 0.2909375 
5.924473684210527 1.4629292929292923 1.1411920529801325 1.165857142857143 0.6873287671232877 1.695625 
4.978157894736841 4.0055555555555555 1.4388741721854303 1.0374285714285714 0.3794520547945206 0.2909375 
5.687894736842106 1.1905050505050507 1.6770198675496688 1.8079999999999998 0.28708904109589045 2.2575 
5.451315789473684 1.0996969696969696 1.8556291390728477 2.3217142857142856 0.872054794520548 1.695625 
4.505000000000001 4.822828282828283 1.4388741721854303 2.193285714285714 0.9336301369863015 0.2909375 
7.580526315789472 5.367676767676768 2.331920529801325 4.504999999999999 2.3806506849315068 3.3812499999999996 
7.8171052631578934 1.8261616161616159 0.5458278145695363 1.165857142857143 0.3794520547945206 0.01 
5.924473684210527 4.0055555555555555 0.8435099337748344 0.909 0.5949657534246576 0.2909375 
6.397631578947367 4.096363636363636 0.3672185430463576 2.3217142857142856 0.4718150684931507 3.3812499999999996 
4.0318421052631574 3.006666666666667 0.9625827814569536 1.8079999999999998 0.1331506849315069 2.2575 
0.009999999999999787 2.552626262626262 0.903046357615894 1.5511428571428572 0.28708904109589045 0.2909375 
5.451315789473684 1.8261616161616159 0.903046357615894 1.165857142857143 0.28708904109589045 3.3812499999999996 
7.8171052631578934 0.736464646464646 1.8556291390728477 1.9364285714285714 1.9804109589041095 3.3812499999999996 
5.924473684210527 2.461818181818182 1.0816556291390729 1.6795714285714283 0.5026027397260274 4.505 
5.687894736842106 0.009999999999999787 1.3793377483443707 2.707 0.3794520547945206 2.2575 
5.451315789473684 3.5515151515151517 1.6174834437086092 2.193285714285714 0.31787671232876713 0.2909375 
7.343947368421054 1.8261616161616159 2.6296026490066224 3.991285714285714 1.1491438356164383 2.2575 
6.397631578947367 2.1893939393939394 1.8556291390728477 0.6521428571428571 0.44102739726027396 0.2909375 
6.634210526315789 2.1893939393939394 2.2128476821192056 2.8354285714285714 1.3338698630136987 0.571875 
6.397631578947367 4.277979797979798 1.3793377483443707 2.0648571428571425 0.995205479452055 3.3812499999999996 
5.924473684210527 2.371010101010101 1.4388741721854303 2.707 0.8104794520547945 1.13375 
6.634210526315789 3.823939393939394 1.6770198675496688 1.294285714285714 0.7489041095890412 0.2909375 
5.214736842105262 3.642323232323232 1.9747019867549669 1.4227142857142856 2.0111986301369864 1.13375 
5.924473684210527 2.007777777777777 1.6174834437086092 1.294285714285714 0.995205479452055 2.2575 
4.0318421052631574 1.916969696969697 3.760794701986755 3.8628571428571425 2.688527397260274 3.3812499999999996 
5.214736842105262 4.732020202020202 0.6649006622516556 1.9364285714285714 0.1947260273972603 5.62875 
5.214736842105262 2.007777777777777 1.5579470198675496 2.8354285714285714 0.5333904109589042 0.2909375 
4.268421052631579 1.7353535353535348 1.3793377483443707 0.909 0.22551369863013704 0.2909375 
5.214736842105262 2.1893939393939394 0.6649006622516556 1.4227142857142856 0.22551369863013704 2.819375 
4.505000000000001 4.096363636363636 2.5700662251655633 3.2207142857142856 2.8424657534246576 0.2909375 
6.161052631578945 1.8261616161616159 1.4388741721854303 2.5785714285714283 2.3806506849315068 2.2575 
4.741578947368419 4.0055555555555555 0.7839735099337748 0.010000000000000009 0.1331506849315069 0.2909375 
6.161052631578945 6.729797979797979 1.7365562913907284 0.909 0.41023972602739733 2.2575 
3.3221052631578925 0.3732323232323229 0.605364238410596 1.4227142857142856 0.1331506849315069 0.2909375 
6.161052631578945 2.2802020202020197 1.6770198675496688 0.7805714285714285 0.10236301369863016 0.571875 
6.397631578947367 2.2802020202020197 1.5579470198675496 2.450142857142857 9.0 1.13375 
5.924473684210527 1.372121212121212 1.3198013245033111 1.8079999999999998 1.4878082191780821 4.505 
5.451315789473684 2.9158585858585857 1.0221192052980133 0.39528571428571424 0.1947260273972603 0.2909375 
6.161052631578945 2.461818181818182 3.284503311258278 5.018714285714285 1.703321917808219 4.505 
4.505000000000001 4.277979797979798 1.0221192052980133 1.6795714285714283 0.44102739726027396 0.2909375 
4.978157894736841 2.0985858585858583 0.7244370860927152 1.9364285714285714 0.5641780821917809 0.2909375 
7.580526315789472 2.461818181818182 0.7839735099337748 0.6521428571428571 0.010000000000000009 0.2909375 
4.978157894736841 4.0055555555555555 1.9747019867549669 2.5785714285714283 0.28708904109589045 0.2909375 
5.451315789473684 6.548181818181819 1.49841059602649 1.5511428571428572 1.3954452054794522 2.2575 
4.505000000000001 5.821717171717172 1.7365562913907284 1.4227142857142856 0.656541095890411 4.505 
6.161052631578945 4.096363636363636 1.0221192052980133 1.4227142857142856 0.28708904109589045 0.571875 
7.343947368421054 0.8272727272727272 2.272384105960265 1.9364285714285714 2.1035616438356164 4.505 
3.3221052631578925 6.003333333333334 0.7839735099337748 2.450142857142857 0.5641780821917809 2.2575 
7.343947368421054 3.5515151515151517 1.3793377483443707 2.193285714285714 1.1799315068493152 3.3812499999999996 
6.397631578947367 5.367676767676768 0.8435099337748344 1.165857142857143 0.04078767123287674 4.505 
6.397631578947367 3.4607070707070706 1.7365562913907284 3.349142857142857 3.3966438356164383 2.819375 
6.397631578947367 1.7353535353535348 1.0816556291390729 1.5511428571428572 0.07157534246575345 0.2909375 
5.687894736842106 3.733131313131313 0.605364238410596 1.6795714285714283 0.5949657534246576 2.2575 
6.397631578947367 3.733131313131313 1.6174834437086092 2.5785714285714283 1.1183561643835618 3.3812499999999996 
6.397631578947367 2.8250505050505046 1.0221192052980133 1.0374285714285714 0.872054794520548 2.819375 
5.451315789473684 4.096363636363636 1.2007284768211919 2.193285714285714 0.3794520547945206 2.2575 
6.161052631578945 1.7353535353535348 1.2602649006622515 1.8079999999999998 0.9336301369863015 2.2575 
4.978157894736841 8.001111111111111 0.9625827814569536 2.193285714285714 0.5641780821917809 5.62875 
7.580526315789472 4.096363636363636 0.7839735099337748 1.5511428571428572 1.4878082191780821 4.505 
6.161052631578945 2.552626262626262 1.2602649006622515 2.3217142857142856 0.31787671232876713 3.3812499999999996 
5.451315789473684 1.0088888888888885 1.49841059602649 1.8079999999999998 0.41023972602739733 0.2909375 
6.161052631578945 1.5537373737373734 0.6649006622516556 1.8079999999999998 0.1947260273972603 0.2909375 
6.161052631578945 3.642323232323232 1.2007284768211919 1.8079999999999998 0.1947260273972603 0.2909375 
5.451315789473684 2.007777777777777 0.307682119205298 0.909 0.34866438356164386 1.13375 
5.451315789473684 2.461818181818182 0.9625827814569536 1.165857142857143 0.1331506849315069 0.2909375 
4.978157894736841 0.8272727272727272 1.0221192052980133 0.39528571428571424 0.31787671232876713 2.819375 
6.397631578947367 2.007777777777777 3.5821854304635763 3.6059999999999994 2.6269520547945207 0.2909375 
6.397631578947367 5.276868686868687 3.2249668874172186 3.4775714285714288 3.550582191780822 3.9431249999999998 
4.741578947368419 2.461818181818182 0.6649006622516556 0.6521428571428571 0.5333904109589042 0.2909375 
5.214736842105262 2.8250505050505046 1.3793377483443707 1.8079999999999998 0.1331506849315069 1.13375 
5.924473684210527 2.2802020202020197 1.1411920529801325 2.450142857142857 0.010000000000000009 0.2909375 
6.87078947368421 2.0985858585858583 1.0221192052980133 1.294285714285714 0.656541095890411 1.13375 
8.526842105263158 2.7342424242424244 0.8435099337748344 1.6795714285714283 0.5333904109589042 0.2909375 
4.978157894736841 2.8250505050505046 1.0816556291390729 2.0648571428571425 0.656541095890411 5.62875 
5.687894736842106 3.5515151515151517 0.903046357615894 1.9364285714285714 0.34866438356164386 0.2909375 
6.634210526315789 2.0985858585858583 0.9625827814569536 1.9364285714285714 0.41023972602739733 1.13375 
6.634210526315789 3.006666666666667 1.2007284768211919 1.294285714285714 0.44102739726027396 3.3812499999999996 
6.397631578947367 2.0985858585858583 0.605364238410596 1.0374285714285714 0.2563013698630137 0.2909375 
4.741578947368419 4.5504040404040405 1.2602649006622515 2.3217142857142856 0.7796917808219178 0.2909375 
6.634210526315789 2.1893939393939394 0.7839735099337748 1.5511428571428572 0.28708904109589045 4.505 
6.87078947368421 2.0985858585858583 1.0221192052980133 1.294285714285714 0.656541095890411 1.13375 
5.687894736842106 4.0055555555555555 0.7839735099337748 1.165857142857143 0.34866438356164386 0.2909375 
5.451315789473684 5.0952525252525245 3.1058940397350994 3.4775714285714288 3.735308219178082 5.066875 
6.397631578947367 2.7342424242424244 1.2602649006622515 1.5511428571428572 0.8104794520547945 0.2909375 
7.107368421052632 3.4607070707070706 0.9625827814569536 2.193285714285714 6.783287671232877 4.505 
6.161052631578945 2.6434343434343432 1.0221192052980133 1.165857142857143 0.656541095890411 1.695625 
6.87078947368421 5.0952525252525245 1.3793377483443707 1.5511428571428572 0.31787671232876713 0.2909375 
6.87078947368421 2.7342424242424244 1.0816556291390729 1.294285714285714 0.1947260273972603 0.2909375 
6.161052631578945 2.552626262626262 0.7839735099337748 1.165857142857143 1.2722945205479452 2.2575 
4.741578947368419 2.2802020202020197 0.7839735099337748 1.6795714285714283 0.28708904109589045 2.2575 
3.0855263157894743 3.097474747474747 1.2007284768211919 1.294285714285714 0.8104794520547945 0.2909375 
4.978157894736841 3.9147474747474744 2.5700662251655633 3.991285714285714 3.1503424657534245 2.819375 
