5.254166666666666 1.6445454545454545 2.5961643835616437 3.0471621621621625 3.565136363636364 2.707 
4.504999999999999 2.9158585858585857 1.610958904109589 1.3463513513513514 1.235909090909091 0.909 
3.7558333333333316 5.0952525252525245 2.904041095890411 3.290135135135136 4.9545 4.0555 
7.876250000000002 4.641212121212121 3.027191780821918 4.14054054054054 8.101 2.707 
4.130416666666665 6.003333333333334 1.1183561643835618 3.168648648648649 0.37777272727272726 0.23475000000000001 
4.504999999999999 3.4607070707070706 1.5493835616438356 1.5893243243243242 0.7046818181818182 0.909 
3.7558333333333316 4.5504040404040405 0.31787671232876713 0.8604054054054056 0.21431818181818188 0.909 
7.127083333333335 5.367676767676768 2.1035616438356164 4.2620270270270275 3.1565000000000003 2.707 
5.254166666666666 4.0055555555555555 3.766095890410959 2.925675675675676 3.238227272727273 3.1565 
6.377916666666668 3.4607070707070706 0.6873287671232876 2.0752702702702703 9.000000000000002 3.606 
7.876250000000002 2.1893939393939394 0.5026027397260274 1.3463513513513514 0.2551818181818182 2.2575 
6.752500000000001 3.097474747474747 2.7193150684931506 4.2620270270270275 8.101 5.404 
1.8829166666666666 3.006666666666667 0.5026027397260274 1.467837837837838 2.7070000000000003 0.23475000000000001 
3.006666666666664 2.0985858585858583 1.6725342465753426 2.3182432432432436 2.216636363636364 0.23475000000000001 
1.5083333333333329 3.3698989898989895 1.3646575342465752 1.467837837837838 3.238227272727273 1.3585 
4.504999999999999 3.733131313131313 1.734109589041096 1.3463513513513514 1.8488636363636366 2.707 
2.632083333333334 2.0985858585858583 0.5641780821917809 1.9537837837837837 0.4595 0.23475000000000001 
1.5083333333333329 3.006666666666667 0.6873287671232876 1.7108108108108109 0.1734545454545455 1.808 
4.879583333333333 6.3665656565656565 1.918835616438356 2.196756756756757 2.0940454545454545 0.23475000000000001 
2.632083333333334 2.0985858585858583 4.566575342465754 4.9909459459459455 1.889727272727273 1.3585 
4.130416666666665 3.3698989898989895 1.4878082191780821 2.3182432432432436 2.053181818181818 1.808 
4.130416666666665 4.913636363636364 0.872054794520548 1.2248648648648648 4.0555 1.3585 
4.879583333333333 1.7353535353535348 0.9952054794520547 1.7108108108108109 1.235909090909091 1.808 
5.254166666666666 2.7342424242424244 0.5026027397260274 2.0752702702702703 0.1734545454545455 0.909 
3.006666666666664 2.8250505050505046 1.1799315068493152 1.9537837837837837 0.6638181818181819 0.909 
2.632083333333334 2.6434343434343432 3.088767123287671 2.925675675675676 0.7455454545454546 0.01 
0.3845833333333317 6.003333333333334 0.5026027397260274 2.3182432432432436 0.7455454545454546 1.808 
5.254166666666666 2.007777777777777 0.7489041095890411 1.8322972972972975 0.7046818181818182 2.2575 
7.501666666666669 3.823939393939394 2.8424657534246576 3.290135135135136 3.4425454545454546 6.7524999999999995 
4.130416666666665 6.729797979797979 1.0567808219178083 2.0752702702702703 0.909 0.909 
7.127083333333335 5.186060606060606 0.8104794520547945 2.43972972972973 1.8080000000000003 5.404 
5.254166666666666 5.367676767676768 0.5641780821917809 1.1033783783783786 0.05086363636363639 3.606 
3.381249999999998 4.732020202020202 0.3794520547945205 1.8322972972972975 0.2551818181818182 4.505 
4.130416666666665 5.004444444444445 0.3794520547945205 1.1033783783783786 0.8272727272727274 1.808 
3.381249999999998 0.5548484848484847 1.3646575342465752 1.3463513513513514 0.4595 0.23475000000000001 
6.377916666666668 1.372121212121212 0.25630136986301366 0.7389189189189189 0.4186363636363637 2.707 
3.006666666666664 0.8272727272727272 0.9336301369863015 0.8604054054054056 0.5412272727272728 0.909 
3.7558333333333316 2.0985858585858583 1.3646575342465752 1.1033783783783786 0.5003636363636363 0.909 
1.8829166666666666 3.188282828282828 0.5026027397260274 1.3463513513513514 0.7455454545454546 1.808 
2.632083333333334 1.5537373737373734 0.8104794520547945 1.8322972972972975 1.1950454545454545 1.808 
1.5083333333333329 3.5515151515151517 1.795684931506849 2.43972972972973 1.7671363636363637 0.23475000000000001 
4.879583333333333 2.007777777777777 1.3646575342465752 1.8322972972972975 1.5219545454545456 0.23475000000000001 
5.62875 3.006666666666667 0.9336301369863015 1.2248648648648648 0.5820909090909091 2.707 
1.5083333333333329 1.916969696969697 3.5813698630136983 3.654594594594595 3.565136363636364 2.707 
2.632083333333334 4.0055555555555555 0.5026027397260274 0.010000000000000009 0.1734545454545455 0.23475000000000001 
8.999999999999996 4.277979797979798 1.5493835616438356 8.514054054054055 8.101 3.1565 
5.254166666666666 6.638989898989898 2.7193150684931506 3.0471621621621625 3.6468636363636366 5.404 
2.632083333333334 4.5504040404040405 0.9952054794520547 2.196756756756757 1.0315909090909092 0.23475000000000001 
3.381249999999998 5.186060606060606 0.7489041095890411 1.7108108108108109 1.3176363636363637 0.4595 
2.2575000000000003 5.640101010101009 1.9804109589041095 1.467837837837838 1.1133181818181819 0.01 
3.7558333333333316 4.187171717171717 1.9804109589041095 2.3182432432432436 1.2767727272727274 0.23475000000000001 
4.504999999999999 1.4629292929292923 0.872054794520548 1.1033783783783786 0.909 1.3585 
3.7558333333333316 3.006666666666667 1.1183561643835618 1.5893243243243242 0.8681363636363637 1.3585 
5.254166666666666 4.096363636363636 0.07157534246575337 2.196756756756757 0.6229545454545455 2.707 
4.504999999999999 2.2802020202020197 0.872054794520548 2.3182432432432436 0.010000000000000037 0.23475000000000001 
2.2575000000000003 3.4607070707070706 2.288287671232877 2.925675675675676 1.3993636363636364 1.808 
4.130416666666665 7.274646464646464 0.5026027397260274 2.3182432432432436 0.09172727272727274 0.23475000000000001 
4.130416666666665 2.9158585858585857 0.872054794520548 0.981891891891892 0.21431818181818188 0.23475000000000001 
3.006666666666664 4.0055555555555555 1.734109589041096 2.43972972972973 0.37777272727272726 0.23475000000000001 
3.006666666666664 4.0055555555555555 1.1799315068493152 0.981891891891892 0.5003636363636363 0.23475000000000001 
7.876250000000002 3.642323232323232 1.0567808219178083 1.9537837837837837 1.4810909090909092 5.404 
4.504999999999999 2.552626262626262 1.2415068493150687 1.8322972972972975 2.134909090909091 0.909 
7.127083333333335 4.096363636363636 0.5026027397260274 1.467837837837838 1.9714545454545456 3.606 
6.377916666666668 3.9147474747474744 1.1183561643835618 2.0752702702702703 1.0315909090909092 0.909 
0.3845833333333317 0.3732323232323229 0.31787671232876713 1.3463513513513514 0.1734545454545455 0.23475000000000001 
4.504999999999999 4.459595959595959 0.5641780821917809 1.8322972972972975 0.33690909090909094 1.808 
4.879583333333333 3.2790909090909093 0.1947260273972603 1.7108108108108109 0.2551818181818182 1.3585 
4.130416666666665 3.823939393939394 1.0567808219178083 1.467837837837838 0.5820909090909091 0.4595 
3.006666666666664 1.7353535353535348 0.6873287671232876 1.5893243243243242 0.4595 0.909 
4.504999999999999 2.6434343434343432 0.1947260273972603 1.1033783783783786 0.37777272727272726 0.23475000000000001 
4.504999999999999 3.3698989898989895 0.31787671232876713 0.8604054054054056 0.5412272727272728 0.23475000000000001 
5.254166666666666 2.371010101010101 0.5641780821917809 0.6174324324324325 3.115636363636364 1.3585 
5.254166666666666 2.461818181818182 0.6873287671232876 1.8322972972972975 0.6229545454545455 2.707 
6.003333333333334 0.736464646464646 8.938424657534247 9.000000000000002 4.750181818181819 1.808 
4.504999999999999 3.4607070707070706 0.9336301369863015 1.8322972972972975 0.2551818181818182 0.23475000000000001 
5.254166666666666 3.4607070707070706 1.4878082191780821 3.168648648648649 4.505 2.2575 
8.250833333333336 4.368787878787878 0.9952054794520547 1.9537837837837837 0.9498636363636364 3.606 
4.504999999999999 9.0 0.31787671232876713 1.467837837837838 0.37777272727272726 1.808 
6.377916666666668 3.823939393939394 1.3030821917808217 0.7389189189189189 0.6638181818181819 0.23475000000000001 
3.381249999999998 2.6434343434343432 0.44102739726027396 1.467837837837838 0.786409090909091 2.2575 
4.879583333333333 3.006666666666667 0.31787671232876713 1.467837837837838 0.5820909090909091 1.808 
7.876250000000002 3.097474747474747 2.2267123287671233 2.925675675675676 1.0315909090909092 1.3585 
2.2575000000000003 4.277979797979798 2.1035616438356164 2.925675675675676 1.3585 0.909 
7.501666666666669 5.821717171717172 2.9656164383561645 4.505000000000001 2.461818181818182 9.0 
4.879583333333333 6.548181818181819 0.6873287671232876 1.467837837837838 2.0940454545454545 0.23475000000000001 
6.752500000000001 3.006666666666667 0.5641780821917809 1.3463513513513514 0.5820909090909091 0.23475000000000001 
5.62875 1.281313131313131 1.1183561643835618 1.5893243243243242 0.9907272727272727 1.808 
6.003333333333334 3.2790909090909093 0.9952054794520547 2.196756756756757 1.0724545454545455 2.2575 
4.504999999999999 1.8261616161616159 0.6873287671232876 1.467837837837838 0.4595 1.3585 
2.2575000000000003 5.821717171717172 1.4878082191780821 1.3463513513513514 0.8681363636363637 3.606 
2.2575000000000003 4.277979797979798 0.7489041095890411 1.5893243243243242 0.5820909090909091 0.23475000000000001 
6.752500000000001 3.188282828282828 3.766095890410959 2.196756756756757 1.2767727272727274 2.707 
3.006666666666664 2.0985858585858583 0.44102739726027396 1.8322972972972975 0.7455454545454546 0.23475000000000001 
5.254166666666666 3.4607070707070706 0.9336301369863015 1.5893243243243242 1.7671363636363637 1.808 
2.632083333333334 2.7342424242424244 0.872054794520548 2.5612162162162164 0.4186363636363637 0.23475000000000001 
1.1337499999999991 2.371010101010101 1.4262328767123287 3.533108108108108 1.9714545454545456 1.3585 
3.006666666666664 2.461818181818182 1.2415068493150687 1.5893243243243242 0.8681363636363637 1.808 
7.127083333333335 3.2790909090909093 1.2415068493150687 1.7108108108108109 1.9305909090909092 3.606 
5.254166666666666 2.8250505050505046 0.7489041095890411 0.981891891891892 1.1541818181818182 2.2575 
4.130416666666665 6.003333333333334 0.5641780821917809 2.0752702702702703 0.33690909090909094 0.23475000000000001 
5.254166666666666 5.276868686868687 0.8104794520547945 2.43972972972973 4.831909090909091 4.0555 
6.752500000000001 2.9158585858585857 1.2415068493150687 1.467837837837838 0.2551818181818182 0.23475000000000001 
4.130416666666665 2.461818181818182 2.041986301369863 2.682702702702703 0.6229545454545455 1.3585 
5.254166666666666 2.461818181818182 1.734109589041096 1.5893243243243242 1.2767727272727274 2.707 
4.879583333333333 2.552626262626262 0.5026027397260274 1.1033783783783786 1.685409090909091 1.808 
3.381249999999998 3.733131313131313 0.8104794520547945 5.719864864864865 0.1734545454545455 1.808 
4.130416666666665 2.7342424242424244 1.0567808219178083 1.2248648648648648 1.2767727272727274 1.3585 
5.62875 1.372121212121212 0.5641780821917809 2.0752702702702703 0.5003636363636363 2.707 
4.130416666666665 3.006666666666667 1.0567808219178083 3.7760810810810814 1.5219545454545456 0.23475000000000001 
4.879583333333333 3.3698989898989895 9.0 7.299189189189191 3.1565000000000003 0.23475000000000001 
4.879583333333333 2.552626262626262 0.9952054794520547 2.196756756756757 0.4186363636363637 2.707 
4.130416666666665 0.009999999999999787 1.1183561643835618 2.5612162162162164 0.5003636363636363 1.808 
3.7558333333333316 1.0088888888888885 0.3794520547945205 3.0471621621621625 2.053181818181818 1.808 
5.254166666666666 2.1893939393939394 1.610958904109589 0.6174324324324325 0.5820909090909091 0.23475000000000001 
6.003333333333334 7.456262626262626 4.197123287671233 5.841351351351351 1.9305909090909092 1.808 
3.006666666666664 8.001111111111111 0.6873287671232876 2.0752702702702703 0.7455454545454546 4.505 
6.377916666666668 0.10080808080808046 1.795684931506849 1.3463513513513514 0.4186363636363637 2.707 
4.130416666666665 2.552626262626262 0.9336301369863015 2.5612162162162164 0.9907272727272727 2.707 
6.752500000000001 2.9158585858585857 1.0567808219178083 2.196756756756757 1.2767727272727274 0.23475000000000001 
0.00999999999999801 3.097474747474747 0.9336301369863015 1.2248648648648648 1.0724545454545455 0.23475000000000001 
1.8829166666666666 0.4640404040404036 1.2415068493150687 2.0752702702702703 1.3585 0.23475000000000001 
3.381249999999998 2.1893939393939394 0.3794520547945205 1.3463513513513514 0.2960454545454546 2.2575 
4.879583333333333 5.54929292929293 1.610958904109589 1.7108108108108109 5.322272727272727 0.23475000000000001 
7.127083333333335 3.2790909090909093 1.2415068493150687 1.7108108108108109 1.9305909090909092 3.606 
6.003333333333334 4.368787878787878 4.443424657534247 3.168648648648649 8.019272727272728 9.0 
5.62875 1.916969696969697 0.9952054794520547 1.5893243243243242 1.1541818181818182 0.23475000000000001 
2.2575000000000003 4.822828282828283 1.1799315068493152 2.0752702702702703 1.235909090909091 0.23475000000000001 
3.381249999999998 2.007777777777777 1.3030821917808217 2.682702702702703 0.7046818181818182 0.23475000000000001 
5.254166666666666 2.2802020202020197 0.872054794520548 0.8604054054054056 0.5820909090909091 0.4595 
1.8829166666666666 3.9147474747474744 1.3646575342465752 1.3463513513513514 4.505 0.4595 
4.879583333333333 5.821717171717172 2.041986301369863 3.0471621621621625 0.4595 0.909 
4.879583333333333 5.276868686868687 1.610958904109589 3.168648648648649 1.3176363636363637 4.505 
4.504999999999999 4.0055555555555555 0.5641780821917809 0.8604054054054056 0.786409090909091 0.23475000000000001 
5.254166666666666 2.9158585858585857 0.872054794520548 0.8604054054054056 0.2960454545454546 0.23475000000000001 
7.501666666666669 8.001111111111111 1.1799315068493152 1.9537837837837837 1.0724545454545455 3.606 
6.752500000000001 3.3698989898989895 1.1799315068493152 1.3463513513513514 1.0315909090909092 0.909 
3.7558333333333316 0.19161616161616157 0.010000000000000009 0.8604054054054056 0.4595 2.707 
5.254166666666666 2.7342424242424244 0.9952054794520547 1.467837837837838 1.0724545454545455 0.23475000000000001 
3.381249999999998 0.6456565656565654 1.0567808219178083 1.8322972972972975 0.5003636363636363 1.808 
4.879583333333333 2.9158585858585857 1.4262328767123287 2.196756756756757 0.33690909090909094 0.4595 
2.632083333333334 2.2802020202020197 0.5026027397260274 1.5893243243243242 0.37777272727272726 1.808 
7.501666666666669 1.372121212121212 1.1183561643835618 2.0752702702702703 1.9714545454545456 1.808 
4.879583333333333 0.8272727272727272 0.5641780821917809 1.2248648648648648 0.7455454545454546 0.909 
4.879583333333333 3.9147474747474744 0.6873287671232876 2.8041891891891892 0.5412272727272728 0.23475000000000001 
4.504999999999999 3.188282828282828 0.9952054794520547 1.8322972972972975 4.382409090909091 2.2575 
7.501666666666669 2.007777777777777 1.3646575342465752 3.168648648648649 2.788727272727273 4.505 
3.006666666666664 1.7353535353535348 1.0567808219178083 2.682702702702703 0.33690909090909094 0.23475000000000001 
5.254166666666666 4.732020202020202 2.9656164383561645 2.0752702702702703 1.6036818181818182 2.707 
5.62875 2.1893939393939394 1.9804109589041095 2.682702702702703 1.7671363636363637 0.4595 
6.003333333333334 0.9180808080808083 0.6873287671232876 0.981891891891892 0.2960454545454546 2.2575 
5.62875 2.0985858585858583 0.6873287671232876 1.8322972972972975 0.5412272727272728 0.909 
3.006666666666664 3.9147474747474744 2.657739726027397 2.5612162162162164 2.339227272727273 0.23475000000000001 
5.62875 2.7342424242424244 1.1799315068493152 1.7108108108108109 0.21431818181818188 0.4595 
6.752500000000001 1.916969696969697 1.795684931506849 2.196756756756757 0.7455454545454546 2.2575 
5.254166666666666 4.096363636363636 0.07157534246575337 2.196756756756757 0.6229545454545455 2.707 
4.879583333333333 2.007777777777777 1.4878082191780821 1.8322972972972975 0.2960454545454546 3.606 
6.377916666666668 4.096363636363636 2.5345890410958902 6.813243243243244 2.053181818181818 4.505 
3.381249999999998 3.642323232323232 0.9952054794520547 1.5893243243243242 0.37777272727272726 0.01 
3.381249999999998 1.7353535353535348 1.9804109589041095 2.5612162162162164 0.7455454545454546 2.707 
4.504999999999999 2.552626262626262 0.1947260273972603 2.196756756756757 0.6638181818181819 2.707 
4.504999999999999 2.552626262626262 0.9336301369863015 1.9537837837837837 0.786409090909091 0.23475000000000001 
4.879583333333333 3.9147474747474744 1.5493835616438356 1.9537837837837837 1.2767727272727274 0.01 
4.879583333333333 4.096363636363636 1.734109589041096 1.8322972972972975 0.909 1.808 
7.127083333333335 5.276868686868687 0.7489041095890411 1.467837837837838 2.584409090909091 2.707 
4.879583333333333 3.006666666666667 1.1183561643835618 2.196756756756757 0.37777272727272726 7.202 
4.879583333333333 3.5515151515151517 4.812876712328767 5.112432432432433 2.5435454545454546 2.707 
4.504999999999999 0.9180808080808083 1.4878082191780821 3.168648648648649 0.909 0.23475000000000001 
5.254166666666666 1.916969696969697 0.31787671232876713 0.981891891891892 0.21431818181818188 0.23475000000000001 
4.130416666666665 2.552626262626262 0.8104794520547945 2.3182432432432436 0.21431818181818188 1.808 
4.504999999999999 2.552626262626262 0.44102739726027396 1.5893243243243242 0.37777272727272726 0.4595 
6.003333333333334 1.1905050505050507 0.13315068493150684 1.8322972972972975 1.5628181818181819 0.23475000000000001 
3.006666666666664 1.7353535353535348 1.4878082191780821 0.981891891891892 2.012318181818182 0.01 
