6.87078947368421 2.5897391304347828 1.2586111111111111 0.8963380281690141 1.008888888888889 0.23475000000000001 
6.634210526315789 4.2313913043478255 1.3834722222222222 0.8963380281690141 1.0996969696969696 0.23475000000000001 
6.397631578947367 4.622260869565217 1.0713194444444447 1.6560563380281688 1.4629292929292932 2.707 
8.290263157894737 4.700434782608696 0.9464583333333335 1.6560563380281688 1.0542929292929295 3.606 
6.87078947368421 3.293304347826087 1.7580555555555555 2.0359154929577468 0.5548484848484849 1.3585 
7.580526315789472 5.560347826086956 2.0702083333333334 4.061830985915493 3.506111111111111 2.707 
6.161052631578945 3.5278260869565212 0.2597222222222223 1.1495774647887325 0.6456565656565657 1.808 
5.924473684210527 3.1369565217391298 0.1348611111111112 1.9092957746478871 0.7364646464646465 2.707 
7.107368421052632 3.058782608695652 0.884027777777778 1.5294366197183098 0.4186363636363637 0.4595 
5.214736842105262 3.606 0.7591666666666667 1.9092957746478871 0.28242424242424247 0.23475000000000001 
5.687894736842106 4.622260869565217 1.445902777777778 2.669014084507042 0.6002525252525253 0.23475000000000001 
5.687894736842106 5.2476521739130435 0.32215277777777784 0.7697183098591547 0.9180808080808082 1.808 
6.87078947368421 1.573478260869565 9.0 9.0 5.276868686868687 1.808 
6.161052631578945 4.93495652173913 2.6320833333333336 4.56830985915493 2.143989898989899 1.808 
4.505000000000001 4.465913043478261 2.3199305555555556 2.7956338028169014 4.187171717171717 0.23475000000000001 
5.214736842105262 2.5897391304347828 2.6320833333333336 4.061830985915493 2.28020202020202 4.505 
7.343947368421054 2.511565217391304 2.3823611111111114 3.555352112676056 1.689949494949495 1.808 
5.924473684210527 4.465913043478261 0.571875 0.38985915492957735 1.689949494949495 0.909 
6.161052631578945 1.808 1.2586111111111111 1.6560563380281688 1.5537373737373739 3.1565 
6.634210526315789 4.778608695652173 3.006666666666667 4.56830985915493 2.598030303030303 3.1565 
6.397631578947367 2.9024347826086956 0.8215972222222222 0.5164788732394365 0.6456565656565657 0.4595 
6.87078947368421 4.700434782608696 4.4425694444444455 2.92225352112676 8.90919191919192 9.0 
5.451315789473684 4.544086956521739 1.9453472222222223 2.0359154929577468 1.4175252525252526 0.23475000000000001 
8.053684210526315 4.075043478260869 1.008888888888889 1.6560563380281688 1.6445454545454545 5.404 
5.214736842105262 4.075043478260869 0.9464583333333335 1.2761971830985914 0.4186363636363637 0.01 
6.161052631578945 5.716695652173913 1.570763888888889 1.4028169014084508 5.912525252525253 0.23475000000000001 
5.687894736842106 6.73295652173913 1.008888888888889 1.7826760563380282 1.008888888888889 0.909 
5.924473684210527 3.840521739130434 0.44701388888888893 1.022957746478873 0.6456565656565657 2.707 
8.999999999999998 4.075043478260869 0.571875 2.415774647887324 0.37323232323232325 0.4595 
5.924473684210527 4.153217391304348 1.6956250000000002 1.022957746478873 2.053181818181818 2.707 
4.741578947368419 4.856782608695652 0.9464583333333335 1.9092957746478871 1.1451010101010102 0.23475000000000001 
7.8171052631578934 2.1206956521739126 1.0713194444444447 1.7826760563380282 2.1893939393939394 1.808 
5.451315789473684 2.042521739130435 0.6343055555555556 1.4028169014084508 0.6456565656565657 0.23475000000000001 
7.107368421052632 2.1206956521739126 1.1961805555555558 1.7826760563380282 2.053181818181818 0.23475000000000001 
7.580526315789472 3.058782608695652 0.44701388888888893 0.26323943661971816 0.010000000000000009 0.23475000000000001 
4.268421052631579 4.309565217391304 1.321041666666667 1.022957746478873 5.004444444444444 0.4595 
4.268421052631579 3.6841739130434776 0.44701388888888893 1.022957746478873 0.8272727272727273 1.808 
5.451315789473684 3.606 3.755833333333334 1.6560563380281688 2.688838383838384 0.909 
4.978157894736841 4.309565217391304 2.3199305555555556 3.555352112676056 4.641212121212122 2.2575 
4.741578947368419 3.058782608695652 0.32215277777777784 0.26323943661971816 0.7818686868686869 0.23475000000000001 
4.978157894736841 2.511565217391304 1.1961805555555558 3.0488732394366194 4.686616161616161 1.808 
5.214736842105262 4.93495652173913 1.13375 1.5294366197183098 0.7364646464646465 1.808 
4.505000000000001 4.622260869565217 0.6967361111111111 1.2761971830985914 0.6456565656565657 0.23475000000000001 
5.687894736842106 7.202 0.44701388888888893 2.0359154929577468 0.10080808080808085 0.23475000000000001 
6.634210526315789 2.1206956521739126 0.5094444444444445 1.7826760563380282 0.5548484848484849 2.707 
5.214736842105262 3.7623478260869563 1.3834722222222222 1.022957746478873 1.008888888888889 0.4595 
7.107368421052632 2.9024347826086956 1.008888888888889 1.4028169014084508 1.0542929292929295 2.707 
7.343947368421054 3.606 2.694513888888889 4.061830985915493 9.000000000000002 5.404 
5.451315789473684 2.746086956521739 1.321041666666667 0.7697183098591547 0.5548484848484849 0.909 
6.161052631578945 9.0 2.1950694444444445 1.2761971830985914 1.9623737373737375 4.505 
6.161052631578945 6.420260869565217 1.8829166666666666 1.9092957746478871 2.3256060606060607 0.23475000000000001 
4.978157894736841 1.6516521739130436 0.884027777777778 0.5164788732394365 0.6002525252525253 0.909 
5.924473684210527 5.716695652173913 1.5083333333333333 4.8215492957746475 7.456262626262626 1.808 
4.741578947368419 3.293304347826087 0.9464583333333335 0.38985915492957735 0.6002525252525253 0.23475000000000001 
5.924473684210527 2.9806086956521733 1.13375 2.2891549295774647 1.1905050505050507 0.909 
6.397631578947367 2.6679130434782605 0.6967361111111111 1.5294366197183098 0.7818686868686869 2.2575 
6.397631578947367 3.058782608695652 0.6343055555555556 1.5294366197183098 0.691060606060606 2.707 
6.161052631578945 4.465913043478261 0.6967361111111111 1.022957746478873 0.4186363636363637 0.4595 
5.924473684210527 3.058782608695652 0.7591666666666667 1.2761971830985914 0.7364646464646465 3.606 
4.741578947368419 3.293304347826087 0.8215972222222222 2.2891549295774647 0.46404040404040403 0.23475000000000001 
6.397631578947367 4.465913043478261 0.010000000000000009 1.9092957746478871 0.691060606060606 2.707 
8.290263157894737 2.9024347826086956 1.1961805555555558 1.5294366197183098 3.2336868686868687 2.707 
4.978157894736841 2.4333913043478255 1.008888888888889 2.415774647887324 0.37323232323232325 0.23475000000000001 
7.343947368421054 3.840521739130434 1.13375 1.022957746478873 1.1451010101010102 0.909 
4.505000000000001 5.404 3.6309722222222223 3.302112676056338 1.7807575757575758 0.23475000000000001 
5.451315789473684 1.8861739130434783 1.570763888888889 1.9092957746478871 1.2813131313131314 1.3585 
6.161052631578945 3.5278260869565212 1.0713194444444447 1.9092957746478871 0.4186363636363637 7.202 
4.978157894736841 4.778608695652173 0.5094444444444445 0.38985915492957735 0.5094444444444445 0.23475000000000001 
7.343947368421054 3.9968695652173913 1.0713194444444447 1.7826760563380282 1.7353535353535352 2.707 
4.0318421052631574 2.511565217391304 0.5094444444444445 1.5294366197183098 1.7807575757575758 3.606 
7.8171052631578934 2.511565217391304 0.19729166666666675 0.7697183098591547 0.5548484848484849 0.01 
5.214736842105262 3.7623478260869563 1.445902777777778 1.1495774647887325 0.7818686868686869 0.909 
5.687894736842106 3.4496521739130435 0.8215972222222222 0.6430985915492957 0.23702020202020202 0.23475000000000001 
7.107368421052632 3.058782608695652 3.38125 3.9352112676056334 3.2336868686868687 2.707 
5.687894736842106 4.387739130434782 0.44701388888888893 0.7697183098591547 0.5094444444444445 0.23475000000000001 
6.397631578947367 5.482173913043478 3.006666666666667 3.0488732394366194 5.231464646464646 3.1565 
4.978157894736841 1.6516521739130436 0.6967361111111111 0.010000000000000009 0.46404040404040403 2.2575 
5.214736842105262 2.4333913043478255 1.9453472222222223 2.2891549295774647 0.8272727272727273 2.707 
5.214736842105262 4.153217391304348 0.7591666666666667 5.581267605633803 0.19161616161616163 1.808 
5.924473684210527 5.0131304347826084 0.571875 1.7826760563380282 0.6456565656565657 0.23475000000000001 
5.924473684210527 3.840521739130434 0.2597222222222223 0.5164788732394365 0.6002525252525253 0.23475000000000001 
5.924473684210527 2.9024347826086956 0.9464583333333335 1.022957746478873 0.010000000000000009 0.23475000000000001 
5.924473684210527 3.2151304347826084 0.1348611111111112 0.7697183098591547 0.4186363636363637 0.23475000000000001 
7.343947368421054 3.4496521739130435 1.008888888888889 1.9092957746478871 1.4175252525252526 0.23475000000000001 
7.343947368421054 2.5897391304347828 1.7580555555555555 1.9092957746478871 0.8272727272727273 2.2575 
5.924473684210527 4.778608695652173 0.5094444444444445 1.5294366197183098 0.37323232323232325 1.808 
6.161052631578945 3.2151304347826084 0.6967361111111111 0.7697183098591547 0.9634848484848485 1.3585 
5.924473684210527 8.687304347826087 0.2597222222222223 1.1495774647887325 0.4186363636363637 1.808 
4.741578947368419 3.2151304347826084 0.884027777777778 1.4028169014084508 0.28242424242424247 0.23475000000000001 
5.214736842105262 2.824260869565217 0.32215277777777784 1.022957746478873 0.3278282828282829 2.2575 
0.009999999999999787 3.1369565217391298 0.571875 1.1495774647887325 0.4186363636363637 0.23475000000000001 
5.214736842105262 1.4171304347826086 1.321041666666667 1.022957746478873 0.5094444444444445 0.23475000000000001 
8.526842105263158 3.293304347826087 0.5094444444444445 1.2761971830985914 0.7818686868686869 0.23475000000000001 
6.634210526315789 5.951217391304348 1.6331944444444444 2.92225352112676 1.9623737373737375 2.707 
3.3221052631578925 1.2607826086956522 0.2597222222222223 1.022957746478873 0.19161616161616163 0.23475000000000001 
4.978157894736841 7.827391304347826 0.6343055555555556 1.7826760563380282 0.8272727272727273 4.505 
5.214736842105262 1.7298260869565218 0.571875 0.26323943661971816 0.5094444444444445 1.808 
6.634210526315789 3.293304347826087 1.13375 1.4028169014084508 0.23702020202020202 0.4595 
6.397631578947367 3.058782608695652 1.6956250000000002 1.2761971830985914 1.4175252525252526 2.707 
6.397631578947367 4.465913043478261 0.010000000000000009 1.9092957746478871 0.691060606060606 2.707 
4.978157894736841 4.387739130434782 1.6956250000000002 2.1625352112676053 0.4186363636363637 0.23475000000000001 
6.634210526315789 2.042521739130435 1.0713194444444447 1.2761971830985914 1.0996969696969696 1.808 
6.397631578947367 3.4496521739130435 0.8215972222222222 0.5164788732394365 0.3278282828282829 0.23475000000000001 
6.634210526315789 3.1369565217391298 1.008888888888889 0.8963380281690141 0.6002525252525253 2.2575 
7.8171052631578934 2.746086956521739 1.445902777777778 1.2761971830985914 1.0542929292929295 0.909 
8.763421052631577 4.622260869565217 1.5083333333333333 8.493521126760564 9.000000000000002 3.1565 
6.161052631578945 4.778608695652173 0.07243055555555555 0.13661971830985897 0.23702020202020202 0.23475000000000001 
6.397631578947367 1.4171304347826086 1.6956250000000002 1.4028169014084508 1.4629292929292932 4.505 
5.687894736842106 2.277043478260869 0.19729166666666675 1.6560563380281688 0.46404040404040403 0.23475000000000001 
6.87078947368421 1.9643478260869565 0.07243055555555555 1.5294366197183098 1.7353535353535352 0.23475000000000001 
6.397631578947367 6.107565217391304 1.5083333333333333 2.415774647887324 2.688838383838384 0.909 
5.451315789473684 7.749217391304347 1.570763888888889 2.2891549295774647 1.689949494949495 0.23475000000000001 
5.214736842105262 2.6679130434782605 1.2586111111111111 2.415774647887324 0.7818686868686869 0.23475000000000001 
5.924473684210527 3.4496521739130435 0.010000000000000009 0.6430985915492957 0.5094444444444445 1.808 
6.397631578947367 2.4333913043478255 0.7591666666666667 1.1495774647887325 0.10080808080808085 0.23475000000000001 
6.87078947368421 3.293304347826087 0.7591666666666667 0.8963380281690141 0.28242424242424247 0.23475000000000001 
6.397631578947367 4.387739130434782 3.755833333333334 2.669014084507042 3.596919191919192 3.1565 
5.451315789473684 1.808 0.32215277777777784 2.7956338028169014 2.28020202020202 1.808 
6.161052631578945 3.1369565217391298 0.9464583333333335 1.9092957746478871 0.46404040404040403 2.707 
4.505000000000001 5.091304347826087 1.13375 1.7826760563380282 1.372121212121212 0.23475000000000001 
5.687894736842106 4.622260869565217 0.8215972222222222 0.38985915492957735 1.372121212121212 0.23475000000000001 
7.107368421052632 4.309565217391304 1.0713194444444447 1.7826760563380282 1.1451010101010102 0.909 
5.451315789473684 6.576608695652174 1.5083333333333333 1.2761971830985914 1.008888888888889 0.23475000000000001 
6.634210526315789 4.2313913043478255 1.8204861111111112 3.302112676056338 4.686616161616161 7.202 
6.397631578947367 5.560347826086956 0.5094444444444445 0.7697183098591547 0.055404040404040455 3.606 
5.687894736842106 3.840521739130434 1.445902777777778 2.0359154929577468 2.28020202020202 1.808 
4.978157894736841 6.73295652173913 0.3845833333333334 1.4028169014084508 1.0542929292929295 2.707 
5.451315789473684 3.371478260869565 0.8215972222222222 0.13661971830985897 0.46404040404040403 1.3585 
6.161052631578945 3.1369565217391298 0.9464583333333335 1.9092957746478871 0.46404040404040403 2.707 
5.924473684210527 3.9186956521739127 0.884027777777778 1.5294366197183098 0.28242424242424247 0.23475000000000001 
4.741578947368419 3.2151304347826084 3.069097222222222 2.669014084507042 0.8272727272727273 0.01 
4.505000000000001 4.700434782608696 0.6343055555555556 1.7826760563380282 0.10080808080808085 1.3585 
6.161052631578945 3.606 0.9464583333333335 1.7826760563380282 2.7796464646464645 3.606 
6.397631578947367 3.9186956521739127 1.445902777777778 2.92225352112676 5.004444444444444 2.2575 
5.451315789473684 2.5897391304347828 0.8215972222222222 0.8963380281690141 0.3278282828282829 0.01 
7.107368421052632 2.824260869565217 0.8215972222222222 0.8963380281690141 0.6456565656565657 1.808 
5.924473684210527 4.387739130434782 0.5094444444444445 0.5164788732394365 0.8726767676767678 0.23475000000000001 
6.397631578947367 2.746086956521739 0.2597222222222223 0.6430985915492957 0.37323232323232325 0.23475000000000001 
7.580526315789472 5.404 0.7591666666666667 2.1625352112676053 2.0077777777777777 5.404 
5.924473684210527 3.1369565217391298 0.3845833333333334 1.2761971830985914 0.4186363636363637 0.4595 
6.161052631578945 2.6679130434782605 1.445902777777778 1.5294366197183098 0.3278282828282829 3.606 
6.397631578947367 3.371478260869565 0.6967361111111111 0.6430985915492957 1.2813131313131314 2.2575 
6.161052631578945 2.6679130434782605 0.32215277777777784 0.6430985915492957 0.5094444444444445 1.808 
4.741578947368419 2.746086956521739 0.5094444444444445 1.6560563380281688 0.5094444444444445 0.23475000000000001 
7.8171052631578934 3.9968695652173913 8.625416666666668 8.113661971830986 7.002222222222223 0.23475000000000001 
6.87078947368421 6.107565217391304 1.9453472222222223 1.1495774647887325 2.1893939393939394 0.23475000000000001 
4.0318421052631574 3.058782608695652 0.44701388888888893 0.7697183098591547 0.46404040404040403 0.23475000000000001 
4.741578947368419 7.514695652173913 1.2586111111111111 1.9092957746478871 0.5548484848484849 0.23475000000000001 
5.451315789473684 2.9806086956521733 0.571875 1.2761971830985914 0.37323232323232325 0.23475000000000001 
6.397631578947367 3.293304347826087 0.44701388888888893 1.7826760563380282 0.19161616161616163 0.909 
5.451315789473684 1.808 1.1961805555555558 1.4028169014084508 0.6002525252525253 0.23475000000000001 
5.214736842105262 2.277043478260869 0.6967361111111111 1.022957746478873 1.1451010101010102 0.23475000000000001 
4.741578947368419 2.746086956521739 4.567430555555556 4.8215492957746475 2.0985858585858583 1.3585 
6.397631578947367 3.4496521739130435 0.32215277777777784 0.38985915492957735 0.4186363636363637 2.707 
5.924473684210527 3.9968695652173913 0.571875 0.38985915492957735 0.7818686868686869 1.808 
5.451315789473684 5.716695652173913 1.13375 1.2761971830985914 1.599141414141414 0.23475000000000001 
5.687894736842106 0.9480869565217389 1.0713194444444447 2.2891549295774647 0.5548484848484849 1.808 
4.268421052631579 2.4333913043478255 1.0713194444444447 0.5164788732394365 0.3278282828282829 0.23475000000000001 
6.161052631578945 2.511565217391304 1.13375 2.1625352112676053 3.506111111111111 1.808 
6.634210526315789 6.185739130434782 2.3199305555555556 1.5294366197183098 1.4629292929292932 2.2575 
6.87078947368421 5.325826086956521 1.2586111111111111 1.9092957746478871 0.9180808080808082 0.909 
6.161052631578945 1.6516521739130436 0.5094444444444445 0.8963380281690141 0.8272727272727273 0.909 
5.924473684210527 2.277043478260869 0.010000000000000009 0.7697183098591547 0.3278282828282829 2.2575 
6.161052631578945 2.277043478260869 0.32215277777777784 1.4028169014084508 0.28242424242424247 0.23475000000000001 
4.978157894736841 3.058782608695652 1.1961805555555558 1.2761971830985914 0.9634848484848485 1.808 
5.687894736842106 3.1369565217391298 0.884027777777778 2.2891549295774647 1.0996969696969696 2.707 
6.634210526315789 0.010000000000000009 1.570763888888889 1.1495774647887325 0.691060606060606 0.23475000000000001 
7.343947368421054 3.6841739130434776 3.755833333333334 1.9092957746478871 1.4175252525252526 2.707 
5.924473684210527 3.9186956521739127 1.5083333333333333 1.2761971830985914 0.7818686868686869 0.909 
4.505000000000001 3.9186956521739127 2.2575 2.669014084507042 1.5537373737373739 1.808 
6.161052631578945 3.1369565217391298 0.44701388888888893 0.7697183098591547 1.8715656565656564 1.808 
6.161052631578945 2.6679130434782605 1.321041666666667 1.5294366197183098 1.689949494949495 0.23475000000000001 
