6.813243243243244 1.2439215686274503 0.8272727272727274 2.193285714285714 0.3794520547945206 3.3812499999999996 
5.355405405405408 2.4778431372549017 0.7015384615384617 1.5511428571428572 0.5949657534246576 2.819375 
6.327297297297298 3.888039215686274 1.015874125874126 1.4227142857142856 0.28708904109589045 0.571875 
7.299189189189191 1.2439215686274503 1.518811188811189 2.193285714285714 1.3954452054794522 0.2909375 
7.056216216216219 1.0676470588235292 0.3872027972027972 1.9364285714285714 1.1799315068493152 0.2909375 
6.084324324324326 5.298235294117647 1.8331468531468533 5.275571428571428 5.059178082191781 2.2575 
8.271081081081084 4.416862745098039 3.3419580419580424 4.3765714285714274 6.105958904109589 3.3812499999999996 
3.8975675675675685 0.4506862745098035 1.7702797202797207 2.450142857142857 0.9028424657534247 0.571875 
6.327297297297298 4.240588235294117 0.3872027972027972 0.5237142857142856 0.16393835616438357 0.2909375 
7.299189189189191 3.6236274509803916 1.581678321678322 0.7805714285714285 0.5026027397260274 0.2909375 
6.570270270270273 2.1252941176470586 1.1416083916083917 0.909 0.44102739726027396 0.571875 
6.327297297297298 0.891372549019608 1.581678321678322 2.0648571428571425 1.0567808219178083 3.9431249999999998 
5.841351351351355 2.3015686274509806 2.336083916083916 2.8354285714285714 0.4718150684931507 1.695625 
6.813243243243244 0.8032352941176466 0.3872027972027972 0.7805714285714285 0.5026027397260274 2.2575 
4.6264864864864865 5.562647058823528 1.7702797202797207 1.4227142857142856 0.656541095890411 4.505 
5.112432432432433 2.7422549019607843 0.3872027972027972 0.909 0.10236301369863016 2.2575 
6.570270270270273 5.033823529411765 1.0787412587412588 2.5785714285714283 3.642945205479452 5.066875 
6.084324324324326 1.860882352941176 1.6445454545454548 1.294285714285714 0.995205479452055 2.2575 
6.084324324324326 3.359215686274509 0.8901398601398602 0.7805714285714285 0.5333904109589042 2.2575 
4.869459459459462 1.2439215686274503 0.4500699300699302 1.294285714285714 0.28708904109589045 3.9431249999999998 
7.056216216216219 2.5659803921568622 2.0846153846153848 2.450142857142857 0.3794520547945206 1.695625 
4.383513513513515 3.006666666666667 0.7644055944055945 1.4227142857142856 0.5641780821917809 2.2575 
5.59837837837838 0.891372549019608 1.518811188811189 1.8079999999999998 0.41023972602739733 0.2909375 
6.327297297297298 1.6846078431372549 1.4559440559440562 2.5785714285714283 2.3806506849315068 2.2575 
6.570270270270273 4.328725490196078 1.2673426573426576 1.5511428571428572 0.22551369863013704 0.2909375 
4.869459459459462 7.325392156862745 1.581678321678322 2.3217142857142856 0.3794520547945206 0.2909375 
5.841351351351355 4.064313725490195 1.1416083916083917 0.7805714285714285 0.9336301369863015 0.2909375 
6.570270270270273 1.5964705882352943 1.0787412587412588 1.5511428571428572 0.07157534246575345 0.2909375 
5.59837837837838 5.210098039215686 1.2673426573426576 1.4227142857142856 0.28708904109589045 2.2575 
6.570270270270273 1.7727450980392154 0.575804195804196 1.0374285714285714 0.16393835616438357 0.2909375 
5.355405405405408 0.8032352941176466 0.8901398601398602 0.6521428571428571 0.34866438356164386 2.2575 
5.841351351351355 2.5659803921568622 1.3302097902097905 1.294285714285714 0.9644178082191782 1.695625 
5.112432432432433 1.9490196078431365 0.7015384615384617 1.9364285714285714 0.5641780821917809 0.2909375 
5.112432432432433 3.7999019607843136 1.4559440559440562 1.0374285714285714 0.3794520547945206 0.2909375 
6.327297297297298 5.298235294117647 1.8960139860139864 1.8079999999999998 4.012397260273973 0.2909375 
5.59837837837838 5.121960784313726 1.3302097902097905 1.294285714285714 0.10236301369863016 0.2909375 
7.056216216216219 1.9490196078431365 1.015874125874126 1.294285714285714 0.656541095890411 1.13375 
6.084324324324326 1.2439215686274503 1.3302097902097905 1.8079999999999998 1.4878082191780821 4.505 
7.542162162162162 0.715098039215686 2.336083916083916 1.9364285714285714 2.1035616438356164 4.505 
6.084324324324326 4.505 0.8901398601398602 2.193285714285714 0.44102739726027396 0.2909375 
6.327297297297298 1.860882352941176 1.6445454545454548 1.9364285714285714 1.1491438356164383 0.2909375 
3.411621621621622 0.27441176470588236 0.575804195804196 1.4227142857142856 0.1331506849315069 0.2909375 
7.542162162162162 3.359215686274509 1.3930769230769233 2.193285714285714 1.1799315068493152 3.3812499999999996 
8.028108108108109 2.654117647058823 6.170979020979021 6.302999999999999 3.365856164383562 3.3812499999999996 
7.299189189189191 3.711764705882353 1.3930769230769233 2.193285714285714 0.7796917808219178 1.13375 
0.010000000000001563 2.389705882352941 0.8901398601398602 1.5511428571428572 0.28708904109589045 0.2909375 
6.570270270270273 5.033823529411765 3.3419580419580424 3.4775714285714288 3.550582191780822 3.9431249999999998 
6.813243243243244 2.830392156862745 1.2044755244755248 1.294285714285714 0.44102739726027396 3.3812499999999996 
5.355405405405408 3.006666666666667 0.4500699300699302 2.5785714285714283 0.16393835616438357 0.01 
6.327297297297298 1.860882352941176 0.6386713286713288 1.0374285714285714 0.34866438356164386 2.2575 
6.570270270270273 3.006666666666667 1.2044755244755248 0.6521428571428571 0.656541095890411 0.2909375 
5.355405405405408 3.0948039215686274 1.7074125874125876 1.4227142857142856 0.6873287671232877 0.571875 
8.028108108108109 1.6846078431372549 0.5129370629370631 1.165857142857143 0.3794520547945206 0.01 
6.084324324324326 2.389705882352941 1.2044755244755248 2.0648571428571425 0.5949657534246576 0.2909375 
5.59837837837838 0.9795098039215686 1.7702797202797207 2.3217142857142856 0.7489041095890412 1.13375 
6.570270270270273 3.7999019607843136 1.0787412587412588 1.5511428571428572 0.1947260273972603 1.695625 
8.271081081081084 2.037156862745098 0.7644055944055945 1.4227142857142856 0.1947260273972603 2.819375 
6.084324324324326 0.8032352941176466 1.7702797202797207 3.349142857142857 0.6873287671232877 0.2909375 
6.327297297297298 1.4201960784313723 4.473566433566433 3.092285714285714 0.5949657534246576 4.505 
5.355405405405408 4.505 0.6386713286713288 1.9364285714285714 0.1947260273972603 5.62875 
4.6264864864864865 4.9456862745098045 3.970629370629371 3.734428571428571 1.2107191780821918 0.2909375 
5.59837837837838 3.359215686274509 1.6445454545454548 2.193285714285714 0.31787671232876713 0.2909375 
4.1405405405405435 2.830392156862745 0.9530069930069931 1.8079999999999998 0.1331506849315069 2.2575 
5.355405405405408 0.5388235294117645 1.3302097902097905 1.9364285714285714 0.3794520547945206 2.2575 
4.6264864864864865 5.386372549019607 2.2732167832167836 1.5511428571428572 0.8412671232876713 0.01 
6.084324324324326 2.389705882352941 0.7015384615384617 1.6795714285714283 0.28708904109589045 0.571875 
6.570270270270273 1.860882352941176 1.015874125874126 1.9364285714285714 0.5333904109589042 2.819375 
5.355405405405408 4.769411764705882 2.3989510489510493 2.5785714285714283 4.658938356164383 1.13375 
6.084324324324326 2.213431372549019 1.4559440559440562 2.707 0.8104794520547945 1.13375 
6.813243243243244 2.389705882352941 1.3302097902097905 1.294285714285714 0.41023972602739733 2.819375 
6.327297297297298 9.0 2.524685314685315 1.6795714285714283 1.3338698630136987 5.62875 
7.542162162162162 1.6846078431372549 2.713286713286714 3.991285714285714 1.1491438356164383 2.2575 
6.570270270270273 3.888039215686274 0.32433566433566435 2.3217142857142856 0.4718150684931507 3.3812499999999996 
5.841351351351355 2.7422549019607843 0.010000000000000009 1.165857142857143 0.28708904109589045 0.571875 
8.028108108108109 1.2439215686274503 1.3930769230769233 2.193285714285714 1.4878082191780821 2.2575 
4.1405405405405435 1.6846078431372549 0.8272727272727274 1.9364285714285714 1.2107191780821918 4.505 
5.59837837837838 5.033823529411765 1.518811188811189 2.450142857142857 0.8104794520547945 2.2575 
5.59837837837838 2.213431372549019 0.8901398601398602 1.6795714285714283 0.2563013698630137 0.2909375 
6.813243243243244 4.505 0.8272727272727274 1.165857142857143 0.656541095890411 1.13375 
6.813243243243244 1.9490196078431365 0.9530069930069931 1.9364285714285714 0.41023972602739733 1.13375 
6.327297297297298 5.033823529411765 1.8960139860139864 3.349142857142857 0.995205479452055 5.62875 
7.542162162162162 3.182941176470588 1.4559440559440562 1.4227142857142856 0.7796917808219178 1.13375 
8.028108108108109 1.9490196078431365 1.7702797202797207 1.6795714285714283 0.7181164383561645 1.13375 
6.570270270270273 1.9490196078431365 0.575804195804196 1.0374285714285714 0.2563013698630137 0.2909375 
5.355405405405408 1.7727450980392154 2.964755244755245 4.504999999999999 1.5493835616438356 5.62875 
6.084324324324326 2.7422549019607843 1.8960139860139864 1.4227142857142856 0.9336301369863015 1.13375 
5.59837837837838 2.654117647058823 1.1416083916083917 0.5237142857142856 0.31787671232876713 1.695625 
5.841351351351355 4.769411764705882 0.6386713286713288 1.165857142857143 0.6257534246575343 2.2575 
4.869459459459462 2.4778431372549017 1.2044755244755248 1.8079999999999998 0.1947260273972603 0.2909375 
6.084324324324326 2.1252941176470586 1.1416083916083917 2.450142857142857 0.010000000000000009 0.2909375 
6.084324324324326 3.7999019607843136 0.8272727272727274 0.909 0.5949657534246576 0.2909375 
8.75702702702703 2.5659803921568622 0.8272727272727274 1.6795714285714283 0.5333904109589042 0.2909375 
6.084324324324326 2.1252941176470586 1.2673426573426576 1.4227142857142856 0.010000000000000009 0.2909375 
8.271081081081084 3.4473529411764705 1.3302097902097905 2.0648571428571425 1.1183561643835618 6.7524999999999995 
7.542162162162162 3.006666666666667 1.015874125874126 2.3217142857142856 0.5026027397260274 2.2575 
5.59837837837838 2.3015686274509806 0.9530069930069931 1.165857142857143 0.1331506849315069 0.2909375 
5.112432432432433 1.860882352941176 0.5129370629370631 1.5511428571428572 0.2563013698630137 0.2909375 
5.59837837837838 1.860882352941176 0.2614685314685315 0.909 0.34866438356164386 1.13375 
6.570270270270273 1.860882352941176 3.7191608391608395 3.6059999999999994 2.6269520547945207 0.2909375 
5.59837837837838 0.891372549019608 0.6386713286713288 3.2207142857142856 1.5493835616438356 2.2575 
4.6264864864864865 4.064313725490195 2.3989510489510493 3.092285714285714 1.0259931506849314 1.13375 
5.112432432432433 3.7999019607843136 2.021748251748252 2.5785714285714283 0.28708904109589045 0.2909375 
7.056216216216219 7.149117647058824 4.536433566433566 6.1745714285714275 1.4570205479452056 2.2575 
6.084324324324326 3.006666666666667 1.2673426573426576 1.9364285714285714 3.3042808219178084 2.819375 
5.841351351351355 6.972843137254901 0.7644055944055945 2.450142857142857 0.07157534246575345 0.2909375 
4.869459459459462 4.9456862745098045 2.524685314685315 2.450142857142857 0.8104794520547945 0.01 
5.59837837837838 5.298235294117647 1.4559440559440562 1.6795714285714283 1.0875684931506848 0.2909375 
5.355405405405408 3.535490196078431 1.0787412587412588 6.046142857142856 0.1331506849315069 2.2575 
5.112432432432433 3.711764705882353 2.964755244755245 2.707 1.7648972602739725 0.2909375 
6.327297297297298 6.0914705882352935 2.2103496503496505 2.3217142857142856 1.5801712328767126 0.2909375 
6.813243243243244 1.7727450980392154 1.2673426573426576 1.6795714285714283 0.872054794520548 0.2909375 
6.570270270270273 2.213431372549019 0.8272727272727274 0.6521428571428571 2.3498630136986303 1.695625 
6.570270270270273 3.4473529411764705 1.3302097902097905 2.3217142857142856 0.5949657534246576 1.695625 
5.355405405405408 2.037156862745098 2.021748251748252 2.450142857142857 0.9028424657534247 1.13375 
6.570270270270273 3.535490196078431 1.6445454545454548 2.5785714285714283 1.1183561643835618 3.3812499999999996 
6.084324324324326 2.7422549019607843 4.536433566433566 3.991285714285714 3.365856164383562 4.505 
9.000000000000002 4.064313725490195 1.8331468531468533 9.0 6.105958904109589 3.9431249999999998 
5.112432432432433 0.715098039215686 1.2044755244755248 0.909 0.41023972602739733 1.13375 
7.056216216216219 1.7727450980392154 1.581678321678322 1.294285714285714 0.6873287671232877 0.2909375 
6.570270270270273 3.2710784313725485 1.2044755244755248 1.6795714285714283 1.3338698630136987 2.2575 
6.570270270270273 3.888039215686274 0.32433566433566435 2.3217142857142856 0.4718150684931507 3.3812499999999996 
6.813243243243244 2.037156862745098 2.2732167832167836 2.8354285714285714 1.3338698630136987 0.571875 
7.299189189189191 0.009999999999999787 2.0846153846153848 1.4227142857142856 0.31787671232876713 3.3812499999999996 
6.570270270270273 5.210098039215686 5.039370629370629 5.147142857142857 6.013595890410959 4.505 
4.1405405405405435 3.359215686274509 2.0846153846153848 2.5785714285714283 1.3338698630136987 0.2909375 
7.542162162162162 2.9185294117647054 3.027622377622378 4.504999999999999 6.105958904109589 6.7524999999999995 
5.841351351351355 3.7999019607843136 0.7644055944055945 1.165857142857143 0.34866438356164386 0.2909375 
6.327297297297298 2.389705882352941 1.2673426573426576 2.3217142857142856 0.31787671232876713 3.3812499999999996 
6.327297297297298 3.711764705882353 1.8331468531468533 2.0648571428571425 0.9644178082191782 0.01 
7.542162162162162 3.006666666666667 4.096363636363637 2.3217142857142856 0.9644178082191782 3.3812499999999996 
6.570270270270273 1.5083333333333329 2.901888111888112 3.2207142857142856 2.688527397260274 3.3812499999999996 
7.299189189189191 2.3015686274509806 1.2044755244755248 1.9364285714285714 0.28708904109589045 0.571875 
6.813243243243244 3.6236274509803916 2.147482517482518 3.734428571428571 3.1811301369863014 9.0 
5.841351351351355 1.4201960784313723 0.5129370629370631 2.0648571428571425 0.31787671232876713 0.2909375 
5.112432432432433 1.5964705882352943 0.9530069930069931 1.6795714285714283 0.34866438356164386 1.13375 
5.59837837837838 1.1557843137254897 0.9530069930069931 1.8079999999999998 0.44102739726027396 0.2909375 
5.112432432432433 6.4440196078431375 0.7015384615384617 1.8079999999999998 0.7181164383561645 3.3812499999999996 
6.570270270270273 3.7999019607843136 4.096363636363637 3.092285714285714 2.4422260273972602 3.9431249999999998 
7.785135135135137 5.033823529411765 1.015874125874126 1.5511428571428572 1.949623287671233 3.3812499999999996 
6.084324324324326 2.7422549019607843 0.32433566433566435 1.0374285714285714 0.34866438356164386 2.2575 
5.841351351351355 5.738921568627451 0.8272727272727274 2.193285714285714 0.2563013698630137 0.2909375 
6.570270270270273 2.7422549019607843 0.6386713286713288 0.7805714285714285 0.28708904109589045 3.3812499999999996 
7.542162162162162 2.7422549019607843 1.3302097902097905 2.3217142857142856 0.9644178082191782 0.2909375 
7.785135135135137 3.0948039215686274 1.518811188811189 1.8079999999999998 1.4570205479452056 4.505 
4.1405405405405435 3.182941176470588 1.6445454545454548 1.5511428571428572 2.4422260273972602 1.695625 
7.785135135135137 3.888039215686274 0.7644055944055945 1.5511428571428572 1.4878082191780821 4.505 
5.841351351351355 3.359215686274509 0.8901398601398602 1.9364285714285714 0.34866438356164386 0.2909375 
5.355405405405408 4.9456862745098045 1.015874125874126 1.8079999999999998 0.995205479452055 0.571875 
5.841351351351355 2.7422549019607843 1.1416083916083917 1.0374285714285714 0.16393835616438357 0.2909375 
6.084324324324326 2.389705882352941 1.518811188811189 1.9364285714285714 1.610958904109589 1.13375 
6.327297297297298 2.7422549019607843 1.7074125874125876 2.3217142857142856 0.2563013698630137 0.571875 
6.084324324324326 2.4778431372549017 0.4500699300699302 1.165857142857143 0.28708904109589045 0.2909375 
6.084324324324326 2.389705882352941 0.4500699300699302 2.3217142857142856 0.5026027397260274 3.3812499999999996 
5.59837837837838 2.9185294117647054 4.096363636363637 2.0648571428571425 1.826472602739726 1.13375 
5.355405405405408 3.0948039215686274 1.7702797202797207 1.5511428571428572 0.5333904109589042 1.13375 
6.327297297297298 1.4201960784313723 0.6386713286713288 1.8079999999999998 0.1947260273972603 0.2909375 
4.869459459459462 1.9490196078431365 4.913636363636364 5.275571428571428 1.4262328767123287 1.695625 
4.869459459459462 3.7999019607843136 0.7644055944055945 0.010000000000000009 0.1331506849315069 0.2909375 
5.59837837837838 2.830392156862745 1.3930769230769233 1.6795714285714283 0.656541095890411 1.695625 
3.1686486486486505 2.9185294117647054 1.2044755244755248 1.294285714285714 0.8104794520547945 0.2909375 
6.570270270270273 2.1252941176470586 1.581678321678322 2.450142857142857 9.0 1.13375 
6.813243243243244 0.6269607843137255 0.3872027972027972 1.0374285714285714 1.518595890410959 3.3812499999999996 
4.869459459459462 1.4201960784313723 1.0787412587412588 1.9364285714285714 0.9028424657534247 2.2575 
6.084324324324326 3.2710784313725485 1.2044755244755248 1.9364285714285714 0.1947260273972603 0.2909375 
7.299189189189191 3.2710784313725485 0.9530069930069931 2.193285714285714 6.783287671232877 4.505 
6.327297297297298 1.860882352941176 1.7702797202797207 1.9364285714285714 0.22551369863013704 4.505 
8.028108108108109 3.359215686274509 9.000000000000002 8.614714285714285 4.751301369863014 0.2909375 
6.327297297297298 3.359215686274509 5.1651048951048955 5.404 1.918835616438356 3.3812499999999996 
3.8975675675675685 2.213431372549019 1.7074125874125876 3.734428571428571 1.4878082191780821 1.695625 
6.570270270270273 4.064313725490195 1.3930769230769233 2.0648571428571425 0.995205479452055 3.3812499999999996 
7.056216216216219 1.9490196078431365 1.015874125874126 1.294285714285714 0.656541095890411 1.13375 
5.112432432432433 7.677941176470587 0.9530069930069931 2.193285714285714 0.5641780821917809 5.62875 
