6.161052631578945 3.7858000000000005 0.7839735099337748 0.010000000000000009 0.07157534246575345 1.808 
6.161052631578945 3.5161000000000002 3.284503311258278 4.913636363636364 1.703321917808219 3.606 
4.978157894736841 5.4939 0.8435099337748344 1.0607792207792208 0.34866438356164386 0.23475000000000001 
5.214736842105262 3.2464 1.9747019867549669 2.5785714285714287 0.9028424657534247 0.909 
5.924473684210527 3.9656000000000007 0.3672185430463576 1.2942857142857145 0.34866438356164386 1.808 
5.451315789473684 5.2242 2.2128476821192056 2.5785714285714287 0.9644178082191782 0.23475000000000001 
3.795263157894736 3.4262 1.6770198675496688 3.7461038961038966 1.4878082191780821 1.3585 
4.268421052631579 1.9878000000000005 0.903046357615894 1.8780519480519482 0.2563013698630137 1.808 
6.397631578947367 3.3363 1.5579470198675496 2.5785714285714287 9.0 0.909 
6.634210526315789 3.7858000000000005 1.4388741721854303 1.994805194805195 0.16393835616438357 0.4595 
6.634210526315789 1.8080000000000003 0.4267549668874172 1.2942857142857145 1.518595890410959 2.707 
6.634210526315789 2.3474 1.3793377483443707 1.8780519480519482 0.7489041095890412 1.808 
7.8171052631578934 4.594900000000001 8.583245033112583 8.182727272727274 4.751301369863014 0.23475000000000001 
6.397631578947367 3.9656000000000007 0.6649006622516556 1.0607792207792208 0.28708904109589045 2.707 
4.978157894736841 9.0 0.9625827814569536 2.345064935064935 0.5641780821917809 4.505 
7.580526315789472 5.1343 0.7839735099337748 1.7612987012987014 1.4878082191780821 3.606 
4.505000000000001 5.3141 1.0221192052980133 1.8780519480519482 0.44102739726027396 0.23475000000000001 
7.107368421052632 1.1787 2.0342384105960267 1.6445454545454545 0.31787671232876713 2.707 
7.107368421052632 4.864600000000001 1.5579470198675496 1.0607792207792208 0.5026027397260274 0.23475000000000001 
5.924473684210527 2.1676000000000006 1.4388741721854303 1.1775324675324677 0.41023972602739733 0.23475000000000001 
4.978157894736841 2.7969000000000004 0.9625827814569536 1.8780519480519482 0.34866438356164386 0.909 
6.161052631578945 4.954500000000001 1.796092715231788 2.2283116883116882 0.9644178082191782 0.01 
4.505000000000001 5.404 0.9625827814569536 2.345064935064935 0.07157534246575345 1.3585 
4.978157894736841 3.8757000000000006 1.4388741721854303 2.2283116883116882 0.5026027397260274 0.909 
4.0318421052631574 2.8868000000000005 0.8435099337748344 2.1115584415584414 1.2107191780821918 3.606 
7.580526315789472 4.325200000000001 1.49841059602649 1.994805194805195 1.4570205479452056 3.606 
6.87078947368421 4.684800000000001 0.9625827814569536 2.345064935064935 1.0259931506849314 0.23475000000000001 
4.505000000000001 5.3141 2.331920529801325 3.1623376623376624 1.0259931506849314 0.909 
5.924473684210527 2.4373 1.3198013245033111 1.994805194805195 1.4878082191780821 3.606 
7.8171052631578934 4.864600000000001 3.0463576158940397 3.512597402597403 2.5961643835616437 6.7524999999999995 
0.009999999999999787 3.6060000000000003 0.903046357615894 1.7612987012987014 0.28708904109589045 0.23475000000000001 
5.451315789473684 7.5616 1.796092715231788 1.8780519480519482 0.6873287671232877 0.23475000000000001 
6.634210526315789 5.4939 3.2249668874172186 4.913636363636364 1.7648972602739725 3.1565 
4.0318421052631574 4.415100000000001 1.6174834437086092 1.7612987012987014 2.4422260273972602 1.3585 
5.924473684210527 4.2353000000000005 1.2602649006622515 2.1115584415584414 3.3042808219178084 2.2575 
7.580526315789472 3.5161000000000002 0.7839735099337748 0.9440259740259741 0.010000000000000009 0.23475000000000001 
7.343947368421054 3.9656000000000007 1.49841059602649 1.7612987012987014 0.1947260273972603 0.23475000000000001 
4.978157894736841 3.9656000000000007 0.4267549668874172 1.1775324675324677 0.10236301369863016 1.808 
6.397631578947367 3.2464 1.8556291390728477 0.9440259740259741 0.44102739726027396 0.23475000000000001 
5.924473684210527 4.505000000000001 1.796092715231788 1.8780519480519482 0.5333904109589042 0.909 
5.451315789473684 2.1676000000000006 1.7365562913907284 2.461818181818182 0.7489041095890412 0.909 
4.268421052631579 4.2353000000000005 0.7839735099337748 1.6445454545454545 0.5641780821917809 1.808 
4.978157894736841 7.7414000000000005 0.7244370860927152 1.994805194805195 0.7181164383561645 2.707 
6.161052631578945 2.8868000000000005 1.4388741721854303 2.6953246753246756 2.3806506849315068 1.808 
4.0318421052631574 4.0555 0.9625827814569536 1.994805194805195 0.1331506849315069 1.808 
8.290263157894737 3.3363 1.49841059602649 2.1115584415584414 2.1959246575342464 2.707 
4.978157894736841 5.044400000000001 1.4388741721854303 1.2942857142857145 0.3794520547945206 0.23475000000000001 
5.214736842105262 3.8757000000000006 1.3793377483443707 1.994805194805195 0.1331506849315069 0.909 
5.451315789473684 4.1454 3.939403973509934 2.2283116883116882 1.826472602739726 0.909 
5.687894736842106 5.044400000000001 0.7839735099337748 1.4110389610389613 0.34866438356164386 0.23475000000000001 
6.397631578947367 6.482800000000001 4.832450331125828 5.03038961038961 6.013595890410959 3.606 
8.999999999999998 4.684800000000001 0.903046357615894 2.928831168831169 0.2563013698630137 0.4595 
5.451315789473684 3.0666000000000007 0.307682119205298 1.1775324675324677 0.34866438356164386 0.909 
6.87078947368421 5.404 4.594304635761589 3.395844155844156 6.044383561643836 9.0 
7.107368421052632 6.303000000000001 1.0221192052980133 2.5785714285714287 1.3030821917808222 2.707 
7.343947368421054 4.1454 2.9272847682119205 4.446623376623377 6.105958904109589 5.404 
7.8171052631578934 3.0666000000000007 1.6174834437086092 3.395844155844156 2.1035616438356164 4.505 
6.161052631578945 2.7969000000000004 1.2602649006622515 1.994805194805195 0.9336301369863015 1.808 
6.397631578947367 4.864600000000001 4.891986754966887 4.213116883116883 0.8104794520547945 4.505 
8.053684210526315 3.2464 0.7839735099337748 1.6445454545454545 0.1947260273972603 2.2575 
6.87078947368421 8.460600000000001 4.356158940397351 5.964415584415585 1.4570205479452056 1.808 
5.924473684210527 3.6060000000000003 0.4862913907284767 2.461818181818182 0.5026027397260274 2.707 
5.214736842105262 2.7969000000000004 2.2128476821192056 2.812077922077922 0.5641780821917809 2.707 
6.634210526315789 6.8424 1.9151655629139073 3.395844155844156 1.3338698630136987 2.707 
4.741578947368419 5.5838 1.2602649006622515 2.461818181818182 0.7796917808219178 0.23475000000000001 
5.214736842105262 3.2464 0.6649006622516556 1.6445454545454545 0.22551369863013704 2.2575 
7.580526315789472 4.325200000000001 1.49841059602649 1.994805194805195 1.4570205479452056 3.606 
6.397631578947367 1.5383 0.903046357615894 1.7612987012987014 0.5026027397260274 1.808 
5.924473684210527 3.5161000000000002 1.0816556291390729 1.8780519480519482 0.5026027397260274 3.606 
6.161052631578945 5.6737 2.867748344370861 4.913636363636364 1.4570205479452056 1.808 
6.634210526315789 0.010000000000000231 1.8556291390728477 1.7612987012987014 0.4718150684931507 0.23475000000000001 
5.924473684210527 3.6959000000000004 3.4035761589403974 3.1623376623376624 0.2563013698630137 0.23475000000000001 
6.397631578947367 6.303000000000001 1.0816556291390729 2.6953246753246756 3.642945205479452 4.0555 
4.505000000000001 4.505000000000001 2.5105298013245037 3.1623376623376624 1.0567808219178083 1.808 
5.451315789473684 5.5838 0.605364238410596 1.1775324675324677 0.16393835616438357 0.909 
7.343947368421054 2.9767000000000006 2.0342384105960267 2.461818181818182 0.5641780821917809 2.2575 
6.161052631578945 4.954500000000001 0.9625827814569536 3.0455844155844156 0.41023972602739733 0.23475000000000001 
6.161052631578945 2.6171 4.296622516556291 3.1623376623376624 0.5949657534246576 3.606 
5.924473684210527 3.9656000000000007 4.356158940397351 3.9796103896103894 3.365856164383562 3.606 
6.161052631578945 4.415100000000001 9.0 7.365454545454546 2.3806506849315068 0.23475000000000001 
5.451315789473684 7.5616 1.49841059602649 1.7612987012987014 1.3954452054794522 1.808 
5.214736842105262 2.6171 1.0221192052980133 1.6445454545454545 0.7796917808219178 0.23475000000000001 
5.214736842105262 6.0333000000000006 2.331920529801325 2.6953246753246756 4.658938356164383 0.909 
5.924473684210527 3.9656000000000007 1.8556291390728477 1.6445454545454545 0.9336301369863015 0.909 
5.451315789473684 3.9656000000000007 1.0221192052980133 0.7105194805194807 0.1947260273972603 0.23475000000000001 
5.924473684210527 3.4262 1.4388741721854303 2.812077922077922 0.8104794520547945 0.909 
6.397631578947367 2.7969000000000004 1.0816556291390729 1.7612987012987014 0.07157534246575345 0.23475000000000001 
5.214736842105262 4.325200000000001 1.7365562913907284 1.7612987012987014 0.5333904109589042 0.909 
6.397631578947367 7.0222 1.796092715231788 2.928831168831169 1.826472602739726 0.909 
4.741578947368419 3.3363 0.7839735099337748 1.8780519480519482 0.28708904109589045 1.808 
4.0318421052631574 2.9767000000000006 3.760794701986755 3.862857142857143 2.688527397260274 2.707 
4.741578947368419 6.213100000000001 2.450993377483444 2.5785714285714287 0.8104794520547945 0.01 
4.978157894736841 4.864600000000001 1.2602649006622515 1.6445454545454545 0.41023972602739733 0.23475000000000001 
6.634210526315789 3.1565000000000007 0.9625827814569536 2.1115584415584414 0.41023972602739733 0.909 
5.924473684210527 3.6060000000000003 1.2007284768211919 2.2283116883116882 0.5949657534246576 0.23475000000000001 
6.161052631578945 4.594900000000001 4.951523178807947 5.263896103896104 1.918835616438356 2.707 
7.107368421052632 4.505000000000001 0.9625827814569536 2.345064935064935 6.783287671232877 3.606 
5.924473684210527 5.4939 0.8435099337748344 2.1115584415584414 0.2563013698630137 1.808 
5.687894736842106 7.0222 0.8435099337748344 2.345064935064935 0.2563013698630137 0.23475000000000001 
5.451315789473684 4.594900000000001 1.6174834437086092 2.345064935064935 0.31787671232876713 0.23475000000000001 
7.343947368421054 4.2353000000000005 1.0221192052980133 2.461818181818182 0.5026027397260274 1.808 
5.451315789473684 4.0555 1.3793377483443707 1.8780519480519482 0.656541095890411 1.3585 
7.8171052631578934 6.8424 3.165430463576159 4.68012987012987 1.8572602739726025 9.0 
6.161052631578945 4.0555 0.605364238410596 1.7612987012987014 0.44102739726027396 1.808 
6.161052631578945 3.0666000000000007 0.6649006622516556 1.2942857142857145 0.34866438356164386 1.808 
5.214736842105262 1.7181000000000002 1.3198013245033111 2.1115584415584414 0.3794520547945206 1.808 
6.87078947368421 1.9878000000000005 0.9625827814569536 1.2942857142857145 0.22551369863013704 2.2575 
6.634210526315789 3.6060000000000003 1.3198013245033111 1.5277922077922077 0.41023972602739733 2.2575 
4.741578947368419 3.1565000000000007 4.7133774834437085 5.147142857142858 1.4262328767123287 1.3585 
5.924473684210527 3.6060000000000003 0.7244370860927152 1.8780519480519482 0.28708904109589045 0.4595 
5.687894736842106 5.9434000000000005 1.1411920529801325 1.5277922077922077 3.0579794520547945 1.3585 
6.397631578947367 3.7858000000000005 0.7839735099337748 2.345064935064935 0.1331506849315069 0.909 
7.8171052631578934 9.0 1.4388741721854303 2.2283116883116882 0.8104794520547945 3.606 
5.924473684210527 3.6959000000000004 0.4862913907284767 1.4110389610389613 0.28708904109589045 0.23475000000000001 
5.214736842105262 3.0666000000000007 1.5579470198675496 2.928831168831169 0.5333904109589042 0.23475000000000001 
6.634210526315789 5.7636 0.8435099337748344 1.4110389610389613 0.656541095890411 0.909 
6.161052631578945 6.8424 2.272384105960265 3.2790909090909093 0.34866438356164386 0.909 
5.924473684210527 4.774700000000001 1.9747019867549669 1.6445454545454545 1.3954452054794522 2.707 
5.214736842105262 1.9878000000000005 0.903046357615894 0.9440259740259741 0.34866438356164386 1.808 
4.741578947368419 3.6959000000000004 1.2007284768211919 1.994805194805195 0.1947260273972603 0.23475000000000001 
4.741578947368419 3.1565000000000007 0.8435099337748344 2.2283116883116882 0.34866438356164386 0.23475000000000001 
5.687894736842106 3.5161000000000002 2.272384105960265 2.928831168831169 0.4718150684931507 1.3585 
5.687894736842106 3.9656000000000007 0.0695364238410596 1.4110389610389613 0.28708904109589045 0.4595 
4.978157894736841 4.954500000000001 2.5700662251655633 3.9796103896103894 3.1503424657534245 2.2575 
3.0855263157894743 4.1454 1.2007284768211919 1.5277922077922077 0.8104794520547945 0.23475000000000001 
6.161052631578945 4.0555 1.3793377483443707 2.461818181818182 0.28708904109589045 7.202 
6.397631578947367 4.505000000000001 1.2007284768211919 1.8780519480519482 1.3338698630136987 1.808 
6.87078947368421 3.1565000000000007 1.0221192052980133 1.5277922077922077 0.656541095890411 0.909 
5.924473684210527 2.6171 0.3672185430463576 1.4110389610389613 0.22551369863013704 2.2575 
6.87078947368421 1.8080000000000003 8.94046357615894 9.0 3.5813698630136988 1.808 
5.451315789473684 2.9767000000000006 1.1411920529801325 1.5277922077922077 0.22551369863013704 0.01 
5.687894736842106 2.5272 2.2128476821192056 1.994805194805195 1.3338698630136987 0.909 
4.978157894736841 2.2575000000000007 0.9625827814569536 1.7612987012987014 0.04078767123287674 1.3585 
6.87078947368421 8.370700000000001 0.4267549668874172 3.2790909090909093 0.1947260273972603 0.23475000000000001 
7.343947368421054 4.415100000000001 1.4388741721854303 1.6445454545454545 0.7796917808219178 0.909 
6.161052631578945 3.9656000000000007 1.6770198675496688 2.461818181818182 0.2563013698630137 0.4595 
5.687894736842106 7.7414000000000005 1.3198013245033111 2.345064935064935 0.6873287671232877 0.909 
7.343947368421054 2.8868000000000005 2.6296026490066224 3.9796103896103894 1.1491438356164383 1.808 
5.687894736842106 4.774700000000001 0.605364238410596 1.8780519480519482 0.5949657534246576 1.808 
5.214736842105262 5.6737 1.4388741721854303 2.1115584415584414 0.5026027397260274 1.808 
6.397631578947367 2.9767000000000006 0.605364238410596 1.2942857142857145 0.16393835616438357 0.23475000000000001 
7.107368421052632 2.4373 0.5458278145695363 1.0607792207792208 0.31787671232876713 2.707 
6.397631578947367 4.505000000000001 1.7365562913907284 3.395844155844156 3.3966438356164383 2.2575 
4.978157894736841 5.044400000000001 1.9747019867549669 2.6953246753246756 0.28708904109589045 0.23475000000000001 
3.795263157894736 1.6282 1.7365562913907284 2.5785714285714287 0.9028424657534247 0.4595 
5.924473684210527 2.5272 1.1411920529801325 1.4110389610389613 0.6873287671232877 1.3585 
5.924473684210527 5.7636 0.903046357615894 2.345064935064935 0.44102739726027396 0.23475000000000001 
5.214736842105262 4.2353000000000005 0.4862913907284767 2.6953246753246756 0.16393835616438357 0.01 
5.214736842105262 2.9767000000000006 2.867748344370861 4.446623376623377 1.5493835616438356 4.505 
4.978157894736841 3.1565000000000007 0.7244370860927152 2.1115584415584414 0.5641780821917809 0.23475000000000001 
5.451315789473684 6.572700000000001 1.4388741721854303 1.8780519480519482 1.0875684931506848 0.23475000000000001 
4.978157894736841 2.7969000000000004 1.7365562913907284 1.2942857142857145 1.518595890410959 0.01 
7.343947368421054 1.8979000000000004 2.272384105960265 2.1115584415584414 2.1035616438356164 3.606 
4.978157894736841 3.8757000000000006 1.0816556291390729 2.2283116883116882 0.656541095890411 4.505 
4.978157894736841 1.8979000000000004 1.2007284768211919 1.1775324675324677 0.41023972602739733 0.909 
6.161052631578945 7.5616 0.9625827814569536 1.7612987012987014 1.5801712328767126 0.23475000000000001 
7.107368421052632 3.3363 1.3198013245033111 1.994805194805195 0.7181164383561645 2.707 
5.924473684210527 2.8868000000000005 0.9625827814569536 1.7612987012987014 0.34866438356164386 1.3585 
6.397631578947367 4.2353000000000005 1.2007284768211919 0.9440259740259741 0.656541095890411 0.23475000000000001 
7.107368421052632 2.4373 1.49841059602649 2.345064935064935 1.3954452054794522 0.23475000000000001 
5.924473684210527 6.572700000000001 1.796092715231788 5.147142857142858 5.059178082191781 1.808 
4.741578947368419 3.7858000000000005 1.2602649006622515 1.0607792207792208 0.41023972602739733 0.23475000000000001 
6.161052631578945 2.8868000000000005 0.009999999999999981 0.3602597402597403 0.2563013698630137 0.23475000000000001 
5.687894736842106 7.0222 1.3793377483443707 3.395844155844156 0.28708904109589045 0.23475000000000001 
5.451315789473684 2.1676000000000006 1.8556291390728477 2.461818181818182 0.872054794520548 1.3585 
5.924473684210527 5.1343 0.903046357615894 1.0607792207792208 1.1491438356164383 0.909 
7.343947368421054 4.0555 0.8435099337748344 1.6445454545454545 0.44102739726027396 0.23475000000000001 
7.107368421052632 3.5161000000000002 1.2007284768211919 2.1115584415584414 0.28708904109589045 0.4595 
6.161052631578945 2.8868000000000005 0.307682119205298 2.345064935064935 0.34866438356164386 0.909 
4.741578947368419 3.7858000000000005 1.1411920529801325 2.812077922077922 0.31787671232876713 0.23475000000000001 
6.397631578947367 5.3141 1.3793377483443707 2.2283116883116882 0.995205479452055 2.707 
6.161052631578945 6.572700000000001 1.8556291390728477 1.994805194805195 4.012397260273973 0.23475000000000001 
