2.8704545454545425 3.6423232323232324 1.4388741721854303 1.57968253968254 0.5548484848484849 0.2909375 
4.5049999999999955 2.189393939393939 1.49841059602649 2.578571428571429 2.371010101010101 1.13375 
5.3222727272727255 2.0985858585858588 0.9625827814569536 2.578571428571429 0.691060606060606 3.3812499999999996 
4.096363636363634 3.1882828282828286 0.903046357615894 2.578571428571429 0.5094444444444445 0.2909375 
5.3222727272727255 1.644545454545454 3.5821854304635763 4.433650793650794 3.8693434343434348 0.2909375 
4.096363636363634 3.914747474747475 1.1411920529801325 1.2942857142857145 1.372121212121212 0.2909375 
2.8704545454545425 4.096363636363636 0.8435099337748344 1.2942857142857145 0.5094444444444445 0.2909375 
3.6877272727272725 0.6456565656565654 0.6649006622516556 4.0055555555555555 2.28020202020202 2.2575 
3.6877272727272725 1.4629292929292927 0.903046357615894 1.7223809523809526 0.4186363636363637 3.3812499999999996 
4.096363636363634 3.460707070707071 1.3198013245033111 2.150476190476191 0.6456565656565657 0.571875 
5.3222727272727255 3.6423232323232324 1.0816556291390729 2.150476190476191 0.28242424242424247 1.695625 
2.461818181818181 2.28020202020202 3.284503311258278 3.8628571428571434 0.8272727272727273 0.01 
7.365454545454547 4.822828282828283 1.0816556291390729 3.2920634920634924 2.0077777777777777 6.7524999999999995 
6.548181818181817 3.7331313131313126 2.7486754966887417 8.42920634920635 2.28020202020202 5.62875 
4.5049999999999955 2.28020202020202 3.4035761589403974 3.8628571428571434 0.37323232323232325 0.2909375 
5.3222727272727255 4.913636363636364 1.0816556291390729 3.2920634920634924 5.367676767676768 5.066875 
2.461818181818181 1.7353535353535352 4.7133774834437085 6.288730158730159 2.0985858585858583 1.695625 
1.2359090909090895 3.0066666666666664 1.6174834437086092 2.150476190476191 3.596919191919192 1.695625 
3.6877272727272725 5.186060606060607 1.4388741721854303 2.2931746031746036 1.599141414141414 0.2909375 
8.18272727272727 3.279090909090909 1.3198013245033111 2.7212698412698417 1.6445454545454545 6.7524999999999995 
4.913636363636364 2.734242424242424 1.2602649006622515 2.8639682539682543 2.7796464646464645 4.505 
6.9568181818181785 0.46404040404040403 2.272384105960265 2.578571428571429 3.0974747474747475 4.505 
7.365454545454547 2.915858585858586 1.49841059602649 2.435873015873016 2.143989898989899 4.505 
4.913636363636364 0.6456565656565654 1.5579470198675496 2.7212698412698417 1.5537373737373739 3.9431249999999998 
4.913636363636364 2.3710101010101012 0.7839735099337748 0.01000000000000012 0.10080808080808085 2.2575 
5.3222727272727255 2.3710101010101012 1.2602649006622515 2.150476190476191 1.1905050505050507 0.2909375 
4.913636363636364 9.0 2.450993377483444 2.2931746031746036 1.9623737373737375 5.62875 
2.461818181818181 1.008888888888889 0.4862913907284767 1.8650793650793656 0.4186363636363637 3.9431249999999998 
4.5049999999999955 1.4629292929292927 0.9625827814569536 2.150476190476191 0.5094444444444445 1.695625 
5.3222727272727255 4.913636363636364 3.2249668874172186 4.2909523809523815 5.231464646464646 3.9431249999999998 
4.913636363636364 5.7309090909090905 0.7839735099337748 1.151587301587302 0.6456565656565657 0.2909375 
2.8704545454545425 1.644545454545454 0.5458278145695363 2.150476190476191 0.37323232323232325 0.2909375 
2.8704545454545425 1.3721212121212116 1.7365562913907284 1.57968253968254 2.2347979797979796 0.01 
2.461818181818181 2.0985858585858588 0.6649006622516556 1.151587301587302 0.7818686868686869 0.2909375 
2.461818181818181 1.9169696969696965 0.7839735099337748 2.2931746031746036 0.4186363636363637 2.2575 
2.0531818181818196 3.914747474747475 1.0221192052980133 2.2931746031746036 0.6456565656565657 0.2909375 
4.913636363636364 4.096363636363636 0.4267549668874172 1.008888888888889 0.23702020202020202 0.2909375 
4.096363636363634 0.8272727272727276 1.6770198675496688 2.435873015873016 0.4186363636363637 2.2575 
2.8704545454545425 3.5515151515151513 2.5700662251655633 4.861746031746032 4.641212121212122 2.819375 
4.096363636363634 2.3710101010101012 1.3198013245033111 1.8650793650793656 1.4175252525252526 1.695625 
4.096363636363634 6.9114141414141415 0.7839735099337748 3.14936507936508 0.10080808080808085 0.2909375 
3.6877272727272725 1.5537373737373739 1.1411920529801325 1.8650793650793656 0.3278282828282829 0.01 
2.0531818181818196 5.458484848484849 1.7365562913907284 2.007777777777778 0.9634848484848485 4.505 
4.5049999999999955 3.36989898989899 1.9747019867549669 2.007777777777778 2.053181818181818 3.3812499999999996 
5.3222727272727255 3.7331313131313126 0.3672185430463576 3.0066666666666673 0.691060606060606 3.3812499999999996 
5.730909090909087 5.458484848484849 1.9151655629139073 4.148253968253968 1.9623737373737375 3.3812499999999996 
2.461818181818181 1.8261616161616163 1.2602649006622515 2.150476190476191 0.9180808080808082 1.695625 
5.3222727272727255 3.914747474747475 1.3793377483443707 2.7212698412698417 1.4629292929292932 3.3812499999999996 
4.913636363636364 3.279090909090909 1.2007284768211919 2.435873015873016 0.28242424242424247 0.2909375 
2.0531818181818196 4.822828282828283 3.8203311258278148 4.576349206349207 1.7807575757575758 0.2909375 
5.3222727272727255 2.4618181818181815 1.0221192052980133 1.57968253968254 1.2813131313131314 2.819375 
4.913636363636364 4.277979797979798 2.867748344370861 6.003333333333334 2.143989898989899 2.2575 
2.461818181818181 1.7353535353535352 0.8435099337748344 2.7212698412698417 0.5094444444444445 0.2909375 
4.913636363636364 1.4629292929292927 0.307682119205298 2.8639682539682543 0.5094444444444445 1.13375 
2.8704545454545425 1.7353535353535352 0.7244370860927152 2.578571428571429 0.8272727272727273 0.2909375 
4.5049999999999955 1.008888888888889 1.3198013245033111 2.435873015873016 2.1893939393939394 4.505 
4.913636363636364 1.4629292929292927 0.009999999999999981 0.4380952380952382 0.37323232323232325 0.2909375 
2.461818181818181 2.28020202020202 1.2007284768211919 2.435873015873016 0.28242424242424247 0.2909375 
5.3222727272727255 1.2813131313131314 2.8082119205298013 4.0055555555555555 3.960151515151515 3.3812499999999996 
2.8704545454545425 1.7353535353535352 1.9151655629139073 3.14936507936508 2.461818181818182 0.2909375 
4.913636363636364 1.1905050505050503 0.6649006622516556 2.435873015873016 0.28242424242424247 0.2909375 
3.279090909090911 4.368787878787879 0.6649006622516556 2.578571428571429 0.28242424242424247 5.62875 
3.6877272727272725 5.004444444444445 1.3198013245033111 1.8650793650793656 0.14621212121212124 0.2909375 
3.6877272727272725 4.913636363636364 1.49841059602649 3.14936507936508 1.1905050505050507 2.2575 
5.3222727272727255 2.5526262626262626 0.6649006622516556 1.2942857142857145 0.4186363636363637 3.3812499999999996 
8.591363636363631 4.005555555555555 1.2602649006622515 2.7212698412698417 1.0542929292929295 4.505 
5.3222727272727255 2.3710101010101012 0.7839735099337748 2.8639682539682543 0.19161616161616163 1.13375 
7.7740909090909085 1.7353535353535352 1.7365562913907284 2.2931746031746036 1.0542929292929295 1.13375 
2.0531818181818196 3.914747474747475 2.331920529801325 3.8628571428571434 1.5083333333333333 1.13375 
4.913636363636364 3.0066666666666664 9.0 9.0 3.506111111111111 0.2909375 
6.9568181818181785 2.734242424242424 2.9272847682119205 5.432539682539683 9.000000000000002 6.7524999999999995 
1.2359090909090895 1.4629292929292927 0.8435099337748344 2.578571428571429 1.7807575757575758 4.505 
1.644545454545451 2.825050505050505 0.7839735099337748 2.007777777777778 0.8272727272727273 2.2575 
3.6877272727272725 4.187171717171717 0.605364238410596 1.4369841269841275 0.23702020202020202 1.13375 
4.913636363636364 2.5526262626262626 1.6770198675496688 3.0066666666666673 0.37323232323232325 0.571875 
9.0 2.3710101010101012 0.8435099337748344 2.2931746031746036 0.7818686868686869 0.2909375 
4.5049999999999955 2.28020202020202 0.4862913907284767 1.7223809523809526 0.4186363636363637 0.2909375 
4.5049999999999955 3.7331313131313126 0.903046357615894 1.2942857142857145 1.689949494949495 1.13375 
3.6877272727272725 2.0985858585858588 0.9625827814569536 1.7223809523809526 0.19161616161616163 0.2909375 
4.913636363636364 3.1882828282828286 4.951523178807947 6.4314285714285715 2.825050505050505 3.3812499999999996 
4.913636363636364 6.3665656565656565 1.7365562913907284 1.4369841269841275 0.6002525252525253 2.2575 
4.5049999999999955 0.7364646464646465 1.4388741721854303 1.4369841269841275 0.6002525252525253 0.2909375 
4.913636363636364 1.1905050505050503 4.296622516556291 3.8628571428571434 0.8726767676767678 4.505 
7.7740909090909085 3.460707070707071 3.0463576158940397 4.2909523809523815 3.823939393939394 8.438125 
6.1395454545454555 0.8272727272727276 0.4267549668874172 2.578571428571429 1.7353535353535352 0.2909375 
3.6877272727272725 1.7353535353535352 1.6174834437086092 1.7223809523809526 0.5548484848484849 1.13375 
6.548181818181817 1.008888888888889 0.5458278145695363 1.2942857142857145 0.46404040404040403 3.3812499999999996 
3.279090909090911 2.28020202020202 0.7244370860927152 2.150476190476191 0.8726767676767678 2.819375 
5.730909090909087 3.460707070707071 2.0937748344370863 4.576349206349207 4.686616161616161 9.0 
6.9568181818181785 1.4629292929292927 2.6296026490066224 4.861746031746032 1.689949494949495 2.2575 
5.3222727272727255 3.0974747474747475 1.2007284768211919 2.2931746031746036 1.9623737373737375 2.2575 
5.3222727272727255 2.0077777777777777 0.8435099337748344 1.151587301587302 3.4607070707070706 1.695625 
4.913636363636364 2.189393939393939 1.2602649006622515 3.0066666666666673 0.46404040404040403 3.3812499999999996 
5.3222727272727255 6.275757575757575 2.9272847682119205 4.0055555555555555 4.050959595959596 6.7524999999999995 
4.5049999999999955 1.9169696969696965 1.1411920529801325 3.14936507936508 0.010000000000000009 0.2909375 
4.096363636363634 2.0985858585858588 2.272384105960265 3.5774603174603183 0.691060606060606 1.695625 
5.730909090909087 0.5548484848484851 0.4267549668874172 1.2942857142857145 0.7364646464646465 2.2575 
6.1395454545454555 7.002222222222223 0.4267549668874172 4.0055555555555555 0.28242424242424247 0.2909375 
4.096363636363634 4.550404040404041 1.1411920529801325 1.8650793650793656 4.505 1.695625 
6.1395454545454555 5.640101010101011 2.2128476821192056 2.150476190476191 2.1893939393939394 0.2909375 
4.5049999999999955 1.644545454545454 1.6174834437086092 1.8650793650793656 1.4629292929292932 2.2575 
4.5049999999999955 3.6423232323232324 0.8435099337748344 1.4369841269841275 0.8726767676767678 0.2909375 
3.6877272727272725 2.4618181818181815 0.9625827814569536 2.2931746031746036 0.23702020202020202 0.2909375 
6.1395454545454555 0.5548484848484851 0.9625827814569536 1.57968253968254 0.3278282828282829 2.819375 
1.644545454545451 0.10080808080808046 1.49841059602649 2.8639682539682543 1.5083333333333333 0.2909375 
4.913636363636364 2.189393939393939 0.7839735099337748 1.7223809523809526 1.8715656565656564 2.2575 
3.279090909090911 2.734242424242424 1.0816556291390729 3.0066666666666673 0.28242424242424247 0.2909375 
3.6877272727272725 1.644545454545454 0.307682119205298 1.4369841269841275 0.5094444444444445 1.13375 
2.8704545454545425 1.3721212121212116 1.3198013245033111 3.5774603174603183 0.37323232323232325 0.2909375 
4.5049999999999955 2.189393939393939 2.450993377483444 2.7212698412698417 3.6423232323232324 0.571875 
2.461818181818181 1.1905050505050503 1.0816556291390729 2.578571428571429 1.326717171717172 2.2575 
4.5049999999999955 8.636767676767677 0.605364238410596 2.150476190476191 0.4186363636363637 2.2575 
3.279090909090911 0.19161616161616157 1.6174834437086092 2.007777777777778 0.5094444444444445 0.2909375 
2.0531818181818196 5.276868686868687 2.2128476821192056 2.150476190476191 1.2359090909090908 0.01 
5.730909090909087 2.3710101010101012 1.4388741721854303 2.435873015873016 0.23702020202020202 0.571875 
0.827272727272728 2.0077777777777777 1.6770198675496688 4.576349206349207 2.1893939393939394 1.695625 
4.096363636363634 1.1905050505050503 0.5458278145695363 2.7212698412698417 0.46404040404040403 0.2909375 
4.096363636363634 3.6423232323232324 0.7839735099337748 1.7223809523809526 0.5094444444444445 0.2909375 
5.730909090909087 0.9180808080808078 1.3793377483443707 2.2931746031746036 1.0996969696969696 2.2575 
5.3222727272727255 2.0985858585858588 1.9747019867549669 2.2931746031746036 1.4175252525252526 3.3812499999999996 
6.9568181818181785 2.825050505050505 3.939403973509934 3.0066666666666673 1.4175252525252526 3.3812499999999996 
4.913636363636364 1.3721212121212116 1.2602649006622515 2.435873015873016 1.372121212121212 2.2575 
5.3222727272727255 0.10080808080808046 0.903046357615894 2.150476190476191 0.7364646464646465 2.2575 
6.548181818181817 2.0985858585858588 3.5821854304635763 5.28984126984127 3.2336868686868687 3.3812499999999996 
4.913636363636364 2.6434343434343437 1.3793377483443707 3.0066666666666673 0.4186363636363637 9.0 
4.913636363636364 3.5515151515151513 1.796092715231788 2.7212698412698417 1.4175252525252526 0.01 
4.5049999999999955 3.1882828282828286 0.903046357615894 1.2942857142857145 0.7818686868686869 2.2575 
2.461818181818181 7.274646464646466 1.5579470198675496 3.0066666666666673 0.5548484848484849 0.2909375 
5.3222727272727255 3.6423232323232324 3.939403973509934 3.8628571428571434 3.596919191919192 3.9431249999999998 
3.279090909090911 2.825050505050505 0.4862913907284767 3.2920634920634924 0.23702020202020202 0.01 
5.3222727272727255 3.0974747474747475 1.7365562913907284 4.148253968253968 5.004444444444444 2.819375 
2.8704545454545425 2.0985858585858588 1.49841059602649 2.2931746031746036 0.9634848484848485 2.2575 
3.279090909090911 1.3721212121212116 2.2128476821192056 3.434761904761905 0.8272727272727273 3.3812499999999996 
4.5049999999999955 1.1905050505050503 0.3672185430463576 1.7223809523809526 0.3278282828282829 2.819375 
3.6877272727272725 2.6434343434343437 1.3793377483443707 2.2931746031746036 0.9634848484848485 1.695625 
2.461818181818181 4.187171717171717 1.2602649006622515 3.0066666666666673 1.1451010101010102 0.2909375 
7.7740909090909085 5.640101010101011 1.6174834437086092 3.0066666666666673 1.2359090909090908 3.3812499999999996 
4.5049999999999955 3.0066666666666664 0.605364238410596 1.4369841269841275 0.6002525252525253 0.2909375 
4.5049999999999955 0.5548484848484851 1.7365562913907284 4.148253968253968 1.008888888888889 0.2909375 
5.3222727272727255 2.825050505050505 1.2007284768211919 1.151587301587302 0.9634848484848485 0.2909375 
4.913636363636364 1.644545454545454 1.6174834437086092 2.578571428571429 1.689949494949495 0.2909375 
6.548181818181817 3.5515151515151513 1.3793377483443707 2.8639682539682543 1.1451010101010102 1.13375 
3.6877272727272725 0.7364646464646465 1.8556291390728477 3.0066666666666673 1.2813131313131314 1.695625 
1.644545454545451 0.5548484848484851 0.903046357615894 2.2931746031746036 0.37323232323232325 2.2575 
4.5049999999999955 3.0066666666666664 0.7839735099337748 2.007777777777778 0.6456565656565657 3.3812499999999996 
4.096363636363634 2.5526262626262626 1.1411920529801325 1.57968253968254 0.23702020202020202 0.2909375 
6.1395454545454555 1.7353535353535352 1.0221192052980133 1.8650793650793656 0.9634848484848485 1.13375 
7.7740909090909085 7.637878787878789 1.4388741721854303 2.7212698412698417 1.1905050505050507 4.505 
4.096363636363634 3.36989898989899 0.605364238410596 2.2931746031746036 0.8726767676767678 2.2575 
4.096363636363634 5.640101010101011 0.8435099337748344 2.8639682539682543 0.37323232323232325 0.2909375 
3.6877272727272725 6.184949494949496 1.49841059602649 2.150476190476191 2.053181818181818 2.2575 
7.7740909090909085 1.4629292929292927 0.5458278145695363 1.7223809523809526 0.5548484848484849 0.01 
2.8704545454545425 3.6423232323232324 1.9747019867549669 3.2920634920634924 0.4186363636363637 0.2909375 
3.279090909090911 2.915858585858586 1.6770198675496688 2.007777777777778 1.008888888888889 0.571875 
5.3222727272727255 1.8261616161616163 1.8556291390728477 1.151587301587302 0.6456565656565657 0.2909375 
3.6877272727272725 2.734242424242424 3.939403973509934 2.7212698412698417 2.688838383838384 1.13375 
6.548181818181817 4.913636363636364 1.0221192052980133 3.14936507936508 1.916969696969697 3.3812499999999996 
6.1395454545454555 1.7353535353535352 1.0221192052980133 1.8650793650793656 0.9634848484848485 1.13375 
3.279090909090911 1.5537373737373739 2.867748344370861 5.432539682539683 2.28020202020202 5.62875 
4.913636363636364 1.644545454545454 1.7365562913907284 2.578571428571429 0.3278282828282829 4.505 
3.279090909090911 1.8261616161616163 1.9747019867549669 3.14936507936508 1.326717171717172 1.13375 
6.9568181818181785 2.5526262626262626 1.49841059602649 2.150476190476191 0.28242424242424247 0.2909375 
4.5049999999999955 2.825050505050505 1.2602649006622515 2.578571428571429 4.8682323232323235 2.819375 
5.730909090909087 2.825050505050505 2.5105298013245037 3.5774603174603183 1.2813131313131314 4.505 
7.7740909090909085 2.4618181818181815 5.9041059602649 7.430317460317461 4.959040404040404 3.3812499999999996 
0.00999999999999801 0.009999999999999787 0.605364238410596 2.007777777777778 0.19161616161616163 0.2909375 
5.3222727272727255 1.3721212121212116 1.0816556291390729 2.150476190476191 0.10080808080808085 0.2909375 
3.6877272727272725 0.6456565656565654 1.49841059602649 2.435873015873016 0.6002525252525253 0.2909375 
6.548181818181817 2.0985858585858588 1.2007284768211919 2.578571428571429 0.4186363636363637 0.571875 
4.5049999999999955 4.368787878787879 0.903046357615894 2.8639682539682543 0.6456565656565657 0.2909375 
6.1395454545454555 2.915858585858586 1.2602649006622515 3.0066666666666673 1.1905050505050507 2.819375 
4.913636363636364 1.4629292929292927 1.4388741721854303 3.2920634920634924 3.506111111111111 2.2575 
