5.403999999999996 5.951217391304348 1.9151655629139073 3.7344285714285714 1.3338698630136987 2.707 
4.954499999999996 3.9186956521739127 1.2007284768211919 2.0648571428571425 1.3338698630136987 1.808 
4.5049999999999955 4.465913043478261 1.9747019867549669 2.3217142857142856 0.6873287671232877 1.808 
4.954499999999996 4.387739130434782 1.0816556291390729 1.9364285714285714 0.1947260273972603 1.3585 
4.055499999999995 1.8861739130434783 1.4388741721854303 1.2942857142857143 0.41023972602739733 0.23475000000000001 
0.45949999999999847 3.5278260869565212 0.9625827814569536 2.193285714285714 0.1331506849315069 1.808 
3.156499999999994 6.576608695652174 1.796092715231788 2.0648571428571425 0.6873287671232877 0.23475000000000001 
4.954499999999996 3.9186956521739127 1.7365562913907284 3.7344285714285714 3.3966438356164383 2.2575 
4.5049999999999955 4.309565217391304 1.796092715231788 2.4501428571428567 0.9644178082191782 0.01 
5.403999999999996 2.042521739130435 1.3793377483443707 2.0648571428571425 0.7489041095890412 1.808 
4.055499999999995 3.6841739130434776 1.2602649006622515 2.3217142857142856 3.3042808219178084 2.2575 
4.5049999999999955 4.075043478260869 1.2007284768211919 2.193285714285714 0.1947260273972603 0.23475000000000001 
4.055499999999995 3.840521739130434 0.7839735099337748 1.8079999999999998 0.44102739726027396 2.707 
4.055499999999995 2.9024347826086956 1.2602649006622515 1.8079999999999998 0.010000000000000009 0.23475000000000001 
6.752499999999998 2.511565217391304 2.6296026490066224 4.376571428571428 1.1491438356164383 1.808 
4.055499999999995 2.1206956521739126 1.3198013245033111 2.193285714285714 1.4878082191780821 3.606 
6.302999999999997 2.9024347826086956 1.3198013245033111 2.193285714285714 0.7181164383561645 2.707 
5.403999999999996 1.573478260869565 0.4267549668874172 1.4227142857142856 1.518595890410959 2.707 
4.055499999999995 2.9024347826086956 1.1411920529801325 2.8354285714285714 0.010000000000000009 0.23475000000000001 
5.853499999999997 7.3583478260869555 4.356158940397351 6.559857142857142 1.4570205479452056 1.808 
4.055499999999995 2.6679130434782605 0.9625827814569536 2.707 0.872054794520548 2.707 
5.403999999999996 0.010000000000000009 1.8556291390728477 1.9364285714285714 0.4718150684931507 0.23475000000000001 
1.3584999999999994 4.622260869565217 1.0221192052980133 2.0648571428571425 0.44102739726027396 0.23475000000000001 
4.055499999999995 2.6679130434782605 1.6174834437086092 1.6795714285714283 0.995205479452055 1.808 
2.2575000000000003 2.4333913043478255 1.3198013245033111 3.2207142857142856 0.2563013698630137 0.23475000000000001 
4.5049999999999955 2.511565217391304 0.009999999999999981 0.39528571428571424 0.2563013698630137 0.23475000000000001 
5.403999999999996 2.1206956521739126 0.8435099337748344 2.5785714285714283 0.3794520547945206 2.707 
3.156499999999994 2.5897391304347828 1.1411920529801325 1.6795714285714283 0.22551369863013704 0.01 
5.403999999999996 3.5278260869565212 1.2007284768211919 1.6795714285714283 0.44102739726027396 2.707 
0.9089999999999989 1.3389565217391304 1.49841059602649 2.5785714285714283 1.0259931506849314 0.23475000000000001 
0.45949999999999847 2.511565217391304 0.8435099337748344 2.3217142857142856 1.2107191780821918 3.606 
0.45949999999999847 2.5897391304347828 3.760794701986755 4.248142857142857 2.688527397260274 2.707 
2.2575000000000003 2.6679130434782605 0.5458278145695363 1.9364285714285714 0.2563013698630137 0.23475000000000001 
4.055499999999995 3.1369565217391298 1.49841059602649 2.3217142857142856 1.610958904109589 0.909 
4.954499999999996 4.153217391304348 1.6174834437086092 2.9638571428571425 1.1183561643835618 2.707 
4.5049999999999955 3.5278260869565212 0.605364238410596 1.9364285714285714 0.44102739726027396 1.808 
3.156499999999994 5.716695652173913 1.4388741721854303 2.0648571428571425 1.0875684931506848 0.23475000000000001 
8.100999999999999 1.4953043478260868 0.605364238410596 2.0648571428571425 1.3646575342465752 2.2575 
4.055499999999995 3.9186956521739127 1.2007284768211919 2.3217142857142856 0.1947260273972603 0.23475000000000001 
3.6059999999999945 5.169478260869565 1.1411920529801325 1.6795714285714283 3.0579794520547945 1.3585 
4.055499999999995 2.9806086956521733 1.4388741721854303 3.092285714285714 0.8104794520547945 0.909 
2.2575000000000003 3.4496521739130435 0.4267549668874172 1.2942857142857143 0.10236301369863016 1.808 
3.156499999999994 5.560347826086956 1.3198013245033111 1.6795714285714283 0.10236301369863016 0.23475000000000001 
3.156499999999994 3.5278260869565212 1.3793377483443707 2.0648571428571425 0.656541095890411 1.3585 
6.752499999999998 2.5897391304347828 2.0342384105960267 2.707 0.5641780821917809 2.2575 
4.055499999999995 3.1369565217391298 0.7244370860927152 2.0648571428571425 0.28708904109589045 0.4595 
4.5049999999999955 5.951217391304348 2.272384105960265 3.606 0.34866438356164386 0.909 
4.055499999999995 3.2151304347826084 0.4862913907284767 1.5511428571428572 0.28708904109589045 0.23475000000000001 
5.853499999999997 7.280173913043479 0.4267549668874172 3.606 0.1947260273972603 0.23475000000000001 
3.156499999999994 3.606 3.939403973509934 2.4501428571428567 1.826472602739726 0.909 
2.2575000000000003 4.778608695652173 0.8435099337748344 1.1658571428571427 0.34866438356164386 0.23475000000000001 
6.752499999999998 3.840521739130434 1.4388741721854303 1.8079999999999998 0.7796917808219178 0.909 
4.954499999999996 4.075043478260869 1.3198013245033111 2.707 0.5949657534246576 1.3585 
4.5049999999999955 5.482173913043478 1.8556291390728477 3.7344285714285714 0.995205479452055 4.505 
5.853499999999997 3.293304347826087 1.0816556291390729 1.6795714285714283 0.1947260273972603 0.23475000000000001 
3.156499999999994 7.749217391304347 1.8556291390728477 3.092285714285714 1.1491438356164383 0.23475000000000001 
8.5505 4.700434782608696 1.2602649006622515 2.4501428571428567 0.7181164383561645 3.606 
6.752499999999998 3.6841739130434776 3.939403973509934 2.707 0.9644178082191782 2.707 
5.853499999999997 2.746086956521739 1.0221192052980133 1.6795714285714283 0.656541095890411 0.909 
4.055499999999995 4.387739130434782 0.8435099337748344 1.2942857142857143 0.5949657534246576 0.23475000000000001 
4.954499999999996 1.4171304347826086 1.9747019867549669 2.193285714285714 0.995205479452055 4.505 
6.302999999999997 4.309565217391304 1.3793377483443707 2.5785714285714283 0.7796917808219178 0.909 
7.651499999999999 3.9968695652173913 8.583245033112583 9.0 4.751301369863014 0.23475000000000001 
1.8079999999999998 5.404 2.450993377483444 2.8354285714285714 0.8104794520547945 0.01 
4.5049999999999955 3.293304347826087 0.7839735099337748 0.010000000000000009 0.07157534246575345 1.808 
6.302999999999997 5.482173913043478 1.0221192052980133 2.8354285714285714 1.3030821917808222 2.707 
2.7070000000000007 4.153217391304348 1.0816556291390729 6.431428571428571 0.1331506849315069 1.808 
2.2575000000000003 1.6516521739130436 1.0221192052980133 0.7805714285714285 0.31787671232876713 2.2575 
4.5049999999999955 3.9968695652173913 4.951523178807947 5.789285714285714 1.918835616438356 2.707 
4.055499999999995 4.465913043478261 0.903046357615894 1.1658571428571427 1.1491438356164383 0.909 
3.6059999999999945 4.622260869565217 1.7365562913907284 3.4775714285714283 0.41023972602739733 0.23475000000000001 
4.954499999999996 3.058782608695652 0.9625827814569536 2.3217142857142856 0.4718150684931507 2.707 
6.302999999999997 2.824260869565217 1.1411920529801325 1.6795714285714283 0.44102739726027396 1.808 
4.5049999999999955 1.808 1.5579470198675496 2.4501428571428567 1.0567808219178083 3.1565 
3.156499999999994 1.1044347826086958 0.307682119205298 1.2942857142857143 0.34866438356164386 2.707 
3.6059999999999945 7.202 0.7839735099337748 2.8354285714285714 0.07157534246575345 0.23475000000000001 
4.954499999999996 5.482173913043478 3.2249668874172186 3.862857142857143 3.550582191780822 3.1565 
2.2575000000000003 4.2313913043478255 1.2602649006622515 1.8079999999999998 0.41023972602739733 0.23475000000000001 
2.2575000000000003 2.746086956521739 0.7244370860927152 2.3217142857142856 0.5641780821917809 0.23475000000000001 
3.6059999999999945 3.1369565217391298 1.2007284768211919 3.092285714285714 0.7489041095890412 2.707 
7.651499999999999 1.573478260869565 1.8556291390728477 2.3217142857142856 1.9804109589041095 2.707 
3.156499999999994 5.482173913043478 1.49841059602649 2.8354285714285714 0.8104794520547945 1.808 
1.8079999999999998 2.746086956521739 0.8435099337748344 2.4501428571428567 0.34866438356164386 0.23475000000000001 
1.8079999999999998 3.058782608695652 0.6649006622516556 1.0374285714285714 0.5333904109589042 0.23475000000000001 
2.2575000000000003 2.511565217391304 1.49841059602649 3.862857142857143 3.1811301369863014 1.808 
3.6059999999999945 3.5278260869565212 1.3198013245033111 4.376571428571428 1.1491438356164383 0.23475000000000001 
5.403999999999996 3.6841739130434776 2.5105298013245037 3.2207142857142856 0.872054794520548 3.606 
4.5049999999999955 3.840521739130434 9.0 8.100999999999999 2.3806506849315068 0.23475000000000001 
3.6059999999999945 3.4496521739130435 0.0695364238410596 1.5511428571428572 0.28708904109589045 0.4595 
4.954499999999996 4.465913043478261 0.3672185430463576 2.707 0.4718150684931507 2.707 
0.45949999999999847 1.9643478260869565 1.3793377483443707 1.2942857142857143 0.22551369863013704 0.23475000000000001 
3.156499999999994 3.371478260869565 0.9625827814569536 2.0648571428571425 0.16393835616438357 0.23475000000000001 
6.302999999999997 3.058782608695652 3.5821854304635763 4.761857142857142 2.1959246575342464 2.707 
2.7070000000000007 3.7623478260869563 1.6770198675496688 1.8079999999999998 0.6873287671232877 0.4595 
5.853499999999997 2.746086956521739 1.0221192052980133 1.6795714285714283 0.656541095890411 0.909 
5.403999999999996 2.746086956521739 0.9625827814569536 2.3217142857142856 0.41023972602739733 0.909 
6.752499999999998 3.9968695652173913 1.3793377483443707 2.5785714285714283 1.1799315068493152 2.707 
4.055499999999995 5.0131304347826084 0.903046357615894 2.5785714285714283 0.44102739726027396 0.23475000000000001 
1.3584999999999994 5.794869565217391 2.2128476821192056 1.9364285714285714 0.8412671232876713 0.01 
1.8079999999999998 3.2151304347826084 1.2007284768211919 2.193285714285714 0.1947260273972603 0.23475000000000001 
3.156499999999994 1.8861739130434783 1.8556291390728477 2.707 0.872054794520548 1.3585 
5.853499999999997 3.293304347826087 2.0342384105960267 2.8354285714285714 0.3794520547945206 1.3585 
5.403999999999996 4.778608695652173 3.2249668874172186 5.404 1.7648972602739725 3.1565 
3.156499999999994 1.808 0.6649006622516556 3.606 1.5493835616438356 1.808 
4.5049999999999955 2.277043478260869 0.6649006622516556 2.193285714285714 0.1947260273972603 0.23475000000000001 
4.5049999999999955 5.716695652173913 1.8556291390728477 2.193285714285714 4.012397260273973 0.23475000000000001 
2.2575000000000003 1.9643478260869565 0.9625827814569536 1.9364285714285714 0.04078767123287674 1.3585 
1.8079999999999998 2.4333913043478255 2.5700662251655633 3.606 0.5333904109589042 0.23475000000000001 
7.201999999999998 5.482173913043478 1.0221192052980133 1.9364285714285714 1.949623287671233 2.707 
4.5049999999999955 2.6679130434782605 0.6649006622516556 1.4227142857142856 0.34866438356164386 1.808 
4.055499999999995 3.4496521739130435 1.8556291390728477 1.8079999999999998 0.9336301369863015 0.909 
6.752499999999998 3.4496521739130435 1.49841059602649 1.9364285714285714 0.1947260273972603 0.23475000000000001 
3.6059999999999945 4.153217391304348 0.605364238410596 2.0648571428571425 0.5949657534246576 1.808 
4.5049999999999955 2.9024347826086956 1.6770198675496688 1.1658571428571427 0.10236301369863016 0.4595 
2.2575000000000003 2.4333913043478255 1.7365562913907284 1.4227142857142856 1.518595890410959 0.01 
4.5049999999999955 2.4333913043478255 1.2602649006622515 2.193285714285714 0.9336301369863015 1.808 
4.055499999999995 3.2151304347826084 3.4035761589403974 3.4775714285714283 0.2563013698630137 0.23475000000000001 
4.954499999999996 3.4496521739130435 1.1411920529801325 1.2942857142857143 0.22551369863013704 0.23475000000000001 
0.45949999999999847 3.9968695652173913 2.0342384105960267 2.9638571428571425 1.3338698630136987 0.23475000000000001 
7.651499999999999 2.1206956521739126 1.3793377483443707 2.5785714285714283 1.4878082191780821 1.808 
6.302999999999997 4.465913043478261 2.7486754966887417 7.587285714285714 1.5493835616438356 4.505 
3.6059999999999945 3.293304347826087 1.3198013245033111 1.6795714285714283 0.9644178082191782 1.3585 
0.00999999999999801 1.4171304347826086 1.7365562913907284 2.8354285714285714 0.9028424657534247 0.4595 
2.7070000000000007 3.606 1.0816556291390729 2.707 0.1947260273972603 0.23475000000000001 
0.45949999999999847 3.058782608695652 0.7839735099337748 1.5511428571428572 0.31787671232876713 0.23475000000000001 
2.7070000000000007 2.824260869565217 1.9747019867549669 2.8354285714285714 0.9028424657534247 0.909 
5.403999999999996 4.2313913043478255 1.6770198675496688 1.6795714285714283 0.7489041095890412 0.23475000000000001 
1.8079999999999998 2.824260869565217 1.2602649006622515 1.9364285714285714 0.6257534246575343 1.3585 
6.302999999999997 4.2313913043478255 1.5579470198675496 1.1658571428571427 0.5026027397260274 0.23475000000000001 
4.5049999999999955 6.576608695652174 0.9625827814569536 1.9364285714285714 1.5801712328767126 0.23475000000000001 
4.055499999999995 4.153217391304348 1.9747019867549669 1.8079999999999998 1.3954452054794522 2.707 
4.5049999999999955 3.5278260869565212 1.3793377483443707 2.707 0.28708904109589045 7.202 
7.201999999999998 3.7623478260869563 1.49841059602649 2.193285714285714 1.4570205479452056 3.606 
4.954499999999996 2.9024347826086956 1.1411920529801325 1.2942857142857143 0.44102739726027396 0.4595 
7.651499999999999 7.827391304347826 1.4388741721854303 2.4501428571428567 0.8104794520547945 3.606 
5.403999999999996 6.185739130434782 2.5700662251655633 2.3217142857142856 0.995205479452055 2.2575 
7.651499999999999 5.951217391304348 3.165430463576159 5.147142857142857 1.8572602739726025 9.0 
3.6059999999999945 3.9968695652173913 0.903046357615894 2.3217142857142856 0.34866438356164386 0.23475000000000001 
4.5049999999999955 9.0 2.450993377483444 2.0648571428571425 1.3338698630136987 4.505 
4.5049999999999955 6.73295652173913 1.7365562913907284 1.2942857142857143 0.41023972602739733 1.808 
9.0 3.293304347826087 0.8435099337748344 2.0648571428571425 0.5333904109589042 0.23475000000000001 
4.954499999999996 4.856782608695652 1.2602649006622515 1.9364285714285714 0.22551369863013704 0.23475000000000001 
3.156499999999994 3.4496521739130435 1.0221192052980133 0.7805714285714285 0.1947260273972603 0.23475000000000001 
4.055499999999995 2.277043478260869 0.3672185430463576 1.5511428571428572 0.22551369863013704 2.2575 
2.2575000000000003 7.827391304347826 0.9625827814569536 2.5785714285714283 0.5641780821917809 4.505 
4.055499999999995 2.1988695652173913 1.1411920529801325 1.5511428571428572 0.6873287671232877 1.3585 
4.5049999999999955 4.309565217391304 0.9625827814569536 3.3491428571428568 0.41023972602739733 0.23475000000000001 
4.055499999999995 3.9186956521739127 1.796092715231788 2.0648571428571425 0.5333904109589042 0.909 
6.302999999999997 3.9186956521739127 0.9625827814569536 2.5785714285714283 6.783287671232877 3.606 
4.954499999999996 2.746086956521739 0.605364238410596 1.4227142857142856 0.2563013698630137 0.23475000000000001 
5.403999999999996 3.1369565217391298 1.3198013245033111 1.6795714285714283 0.41023972602739733 2.2575 
1.8079999999999998 2.277043478260869 1.0816556291390729 2.3217142857142856 0.9028424657534247 1.808 
4.954499999999996 5.560347826086956 0.8435099337748344 1.5511428571428572 0.04078767123287674 3.606 
7.651499999999999 4.2313913043478255 3.0463576158940397 3.862857142857143 2.5961643835616437 6.7524999999999995 
2.2575000000000003 4.309565217391304 2.867748344370861 3.092285714285714 1.7648972602739725 0.23475000000000001 
4.954499999999996 5.0131304347826084 3.165430463576159 2.5785714285714283 1.2107191780821918 2.707 
4.055499999999995 3.1369565217391298 0.4862913907284767 2.707 0.5026027397260274 2.707 
4.954499999999996 2.824260869565217 1.8556291390728477 1.0374285714285714 0.44102739726027396 0.23475000000000001 
2.7070000000000007 2.5897391304347828 2.867748344370861 4.890285714285714 1.5493835616438356 4.505 
4.954499999999996 2.9024347826086956 1.5579470198675496 2.8354285714285714 9.0 0.909 
4.055499999999995 8.687304347826087 0.605364238410596 1.9364285714285714 0.28708904109589045 1.808 
3.6059999999999945 2.277043478260869 0.5458278145695363 2.4501428571428567 0.31787671232876713 0.23475000000000001 
4.055499999999995 1.7298260869565218 1.7365562913907284 3.7344285714285714 0.6873287671232877 0.23475000000000001 
4.5049999999999955 2.511565217391304 0.307682119205298 2.5785714285714283 0.34866438356164386 0.909 
3.156499999999994 1.808 1.49841059602649 2.193285714285714 0.41023972602739733 0.23475000000000001 
4.055499999999995 3.1369565217391298 2.450993377483444 2.4501428571428567 2.473013698630137 0.4595 
3.6059999999999945 3.1369565217391298 1.2007284768211919 1.9364285714285714 1.0259931506849314 0.23475000000000001 
5.403999999999996 4.2313913043478255 2.0937748344370863 4.119714285714285 3.1811301369863014 7.202 
4.5049999999999955 3.606 1.2602649006622515 2.5785714285714283 1.8880479452054795 3.606 
2.7070000000000007 1.4171304347826086 1.6174834437086092 1.8079999999999998 0.34866438356164386 0.23475000000000001 
6.302999999999997 2.1206956521739126 1.49841059602649 2.5785714285714283 1.3954452054794522 0.23475000000000001 
6.302999999999997 2.1206956521739126 0.5458278145695363 1.1658571428571427 0.31787671232876713 2.707 
