6.161052631578945 6.185739130434782 0.5026027397260274 0.9952054794520548 0.6456565656565657 0.23475000000000001 
6.397631578947367 6.107565217391304 1.5493835616438356 3.0887671232876714 2.688838383838384 0.909 
6.397631578947367 4.075043478260869 1.0567808219178083 2.5961643835616437 0.8726767676767678 1.3585 
6.161052631578945 3.1369565217391298 0.9952054794520547 2.5961643835616437 0.46404040404040403 2.707 
6.634210526315789 3.293304347826087 1.1799315068493152 2.103561643835617 0.23702020202020202 0.4595 
6.397631578947367 3.293304347826087 0.9952054794520547 1.8572602739726027 1.1905050505050507 0.23475000000000001 
8.290263157894737 2.9024347826086956 1.2415068493150687 2.2267123287671238 3.2336868686868687 2.707 
3.795263157894736 1.4171304347826086 1.4878082191780821 2.7193150684931506 1.326717171717172 0.4595 
5.687894736842106 2.277043478260869 0.25630136986301366 2.3498630136986307 0.46404040404040403 0.23475000000000001 
4.505000000000001 4.700434782608696 0.6873287671232876 2.4730136986301368 0.10080808080808085 1.3585 
5.214736842105262 2.5897391304347828 2.657739726027397 4.689726027397261 2.28020202020202 4.505 
7.107368421052632 2.1206956521739126 1.2415068493150687 2.4730136986301368 2.053181818181818 0.23475000000000001 
4.741578947368419 2.824260869565217 0.9952054794520547 1.8572602739726027 0.9180808080808082 1.3585 
4.741578947368419 3.058782608695652 0.3794520547945205 0.9952054794520548 0.7818686868686869 0.23475000000000001 
5.687894736842106 3.1369565217391298 0.9336301369863015 1.8572602739726027 1.5083333333333333 0.23475000000000001 
5.214736842105262 3.7623478260869563 1.4878082191780821 1.8572602739726027 0.7818686868686869 0.909 
6.397631578947367 5.638521739130434 4.689726027397261 5.305479452054795 8.86378787878788 3.606 
6.161052631578945 3.606 0.9952054794520547 2.4730136986301368 2.7796464646464645 3.606 
4.741578947368419 2.1988695652173913 1.0567808219178083 2.3498630136986307 0.8272727272727273 0.4595 
6.161052631578945 2.9024347826086956 1.4262328767123287 1.1183561643835618 0.14621212121212124 0.4595 
7.8171052631578934 5.951217391304348 2.9656164383561645 4.936027397260275 2.7342424242424244 9.0 
5.451315789473684 1.8861739130434783 1.610958904109589 2.5961643835616437 1.2813131313131314 1.3585 
8.290263157894737 4.700434782608696 0.9952054794520547 2.3498630136986307 1.0542929292929295 3.606 
4.268421052631579 3.6841739130434776 0.5026027397260274 1.7341095890410958 0.8272727272727273 1.808 
6.161052631578945 4.465913043478261 1.734109589041096 2.2267123287671238 1.008888888888889 1.808 
7.343947368421054 3.6841739130434776 0.7489041095890411 2.5961643835616437 0.7364646464646465 1.808 
7.343947368421054 3.4496521739130435 1.2415068493150687 1.8572602739726027 0.28242424242424247 0.23475000000000001 
5.687894736842106 4.622260869565217 0.872054794520548 1.1183561643835618 1.372121212121212 0.23475000000000001 
6.161052631578945 2.511565217391304 1.1799315068493152 2.8424657534246576 3.506111111111111 1.808 
5.451315789473684 4.544086956521739 1.9804109589041095 2.7193150684931506 1.4175252525252526 0.23475000000000001 
7.107368421052632 3.058782608695652 0.9336301369863015 2.2267123287671238 0.4186363636363637 0.4595 
7.107368421052632 4.309565217391304 1.1183561643835618 2.4730136986301368 1.1451010101010102 0.909 
5.214736842105262 2.4333913043478255 1.9804109589041095 2.9656164383561645 0.8272727272727273 2.707 
4.978157894736841 3.058782608695652 1.2415068493150687 1.9804109589041097 0.9634848484848485 1.808 
4.741578947368419 2.277043478260869 0.8104794520547945 2.2267123287671238 1.326717171717172 1.808 
7.8171052631578934 2.511565217391304 0.25630136986301366 1.4878082191780824 0.5548484848484849 0.01 
7.343947368421054 3.4496521739130435 1.0567808219178083 2.5961643835616437 1.4175252525252526 0.23475000000000001 
0.009999999999999787 3.1369565217391298 0.6257534246575341 1.8572602739726027 0.4186363636363637 0.23475000000000001 
6.161052631578945 3.2151304347826084 0.7489041095890411 1.4878082191780824 0.9634848484848485 1.3585 
6.161052631578945 3.9968695652173913 4.812876712328767 5.551780821917808 2.825050505050505 2.707 
5.214736842105262 4.93495652173913 1.1799315068493152 2.2267123287671238 0.7364646464646465 1.808 
4.978157894736841 4.387739130434782 1.1799315068493152 1.3646575342465754 0.5548484848484849 0.23475000000000001 
4.505000000000001 5.404 3.642945205479452 3.95082191780822 1.7807575757575758 0.23475000000000001 
7.8171052631578934 6.107565217391304 1.3646575342465752 2.5961643835616437 1.2359090909090908 2.707 
7.343947368421054 3.5278260869565212 0.5641780821917809 1.7341095890410958 0.6456565656565657 0.23475000000000001 
7.343947368421054 1.6516521739130436 2.041986301369863 2.2267123287671238 3.0974747474747475 3.606 
5.924473684210527 2.9806086956521733 1.1799315068493152 2.9656164383561645 1.1905050505050507 0.909 
5.687894736842106 6.107565217391304 1.1183561643835618 3.581369863013699 0.4186363636363637 0.23475000000000001 
5.924473684210527 2.6679130434782605 0.6873287671232876 2.5961643835616437 1.2813131313131314 2.707 
4.978157894736841 1.9643478260869565 0.6873287671232876 1.8572602739726027 0.055404040404040455 1.3585 
5.687894736842106 3.293304347826087 1.0567808219178083 1.6109589041095893 1.4175252525252526 1.3585 
6.161052631578945 9.0 2.2267123287671233 1.9804109589041097 1.9623737373737375 4.505 
4.505000000000001 5.091304347826087 1.1799315068493152 2.4730136986301368 1.372121212121212 0.23475000000000001 
6.634210526315789 0.010000000000000009 1.610958904109589 1.8572602739726027 0.691060606060606 0.23475000000000001 
6.161052631578945 3.840521739130434 9.0 7.768493150684932 3.506111111111111 0.23475000000000001 
4.978157894736841 2.746086956521739 0.44102739726027396 2.2267123287671238 0.8272727272727273 0.23475000000000001 
5.924473684210527 2.9024347826086956 0.9952054794520547 1.7341095890410958 0.010000000000000009 0.23475000000000001 
7.343947368421054 3.606 2.7193150684931506 4.689726027397261 9.000000000000002 5.404 
6.397631578947367 5.482173913043478 3.027191780821918 3.704520547945206 5.231464646464646 3.1565 
5.451315789473684 4.856782608695652 0.31787671232876713 1.2415068493150685 0.23702020202020202 0.909 
5.451315789473684 2.6679130434782605 0.010000000000000009 1.2415068493150685 0.5094444444444445 0.909 
4.505000000000001 3.9186956521739127 2.288287671232877 3.3350684931506853 1.5537373737373739 1.808 
6.161052631578945 6.420260869565217 1.918835616438356 2.5961643835616437 2.3256060606060607 0.23475000000000001 
6.161052631578945 5.951217391304348 2.041986301369863 3.4582191780821923 0.5094444444444445 0.909 
5.924473684210527 3.9186956521739127 0.9336301369863015 2.2267123287671238 0.28242424242424247 0.23475000000000001 
6.87078947368421 3.293304347826087 1.795684931506849 2.7193150684931506 0.5548484848484849 1.3585 
5.687894736842106 4.153217391304348 0.31787671232876713 1.9804109589041097 0.8726767676767678 1.808 
6.161052631578945 4.075043478260869 0.9336301369863015 2.103561643835617 0.28242424242424247 0.23475000000000001 
5.214736842105262 4.153217391304348 0.8104794520547945 6.167534246575343 0.19161616161616163 1.808 
6.161052631578945 1.6516521739130436 0.5641780821917809 1.6109589041095893 0.8272727272727273 0.909 
4.741578947368419 2.746086956521739 0.5641780821917809 2.3498630136986307 0.5094444444444445 0.23475000000000001 
4.978157894736841 4.2313913043478255 0.9952054794520547 1.7341095890410958 0.6002525252525253 0.23475000000000001 
4.978157894736841 2.746086956521739 1.6725342465753426 2.7193150684931506 2.461818181818182 0.23475000000000001 
4.741578947368419 3.293304347826087 0.9952054794520547 1.1183561643835618 0.6002525252525253 0.23475000000000001 
6.397631578947367 3.371478260869565 0.7489041095890411 1.3646575342465754 1.2813131313131314 2.2575 
6.87078947368421 1.7298260869565218 0.6873287671232876 1.3646575342465754 0.3278282828282829 2.2575 
4.978157894736841 3.371478260869565 0.8104794520547945 2.3498630136986307 0.9634848484848485 4.505 
6.397631578947367 3.058782608695652 1.734109589041096 1.9804109589041097 1.4175252525252526 2.707 
4.505000000000001 4.622260869565217 2.1035616438356164 3.3350684931506853 1.5083333333333333 0.909 
5.687894736842106 4.2313913043478255 1.0567808219178083 1.8572602739726027 0.6456565656565657 0.4595 
4.0318421052631574 3.9968695652173913 1.795684931506849 2.8424657534246576 1.9623737373737375 0.23475000000000001 
5.924473684210527 2.1988695652173913 0.872054794520548 1.4878082191780824 1.008888888888889 1.3585 
7.8171052631578934 2.1206956521739126 1.1183561643835618 2.4730136986301368 2.1893939393939394 1.808 
4.268421052631579 4.309565217391304 1.3646575342465752 1.7341095890410958 5.004444444444444 0.4595 
5.214736842105262 3.371478260869565 1.1183561643835618 2.103561643835617 0.19161616161616163 0.909 
6.397631578947367 4.856782608695652 0.9952054794520547 1.8572602739726027 0.3278282828282829 0.23475000000000001 
4.741578947368419 3.2151304347826084 3.088767123287671 3.3350684931506853 0.8272727272727273 0.01 
5.451315789473684 6.576608695652174 1.5493835616438356 1.9804109589041097 1.008888888888889 0.23475000000000001 
4.978157894736841 2.6679130434782605 0.25630136986301366 1.8572602739726027 0.37323232323232325 0.23475000000000001 
3.3221052631578925 6.107565217391304 0.5026027397260274 2.7193150684931506 0.8272727272727273 1.808 
5.687894736842106 3.058782608695652 2.041986301369863 3.0887671232876714 0.691060606060606 1.3585 
7.343947368421054 2.5897391304347828 1.795684931506849 2.5961643835616437 0.8272727272727273 2.2575 
6.634210526315789 2.824260869565217 1.9804109589041095 3.0887671232876714 1.9623737373737375 0.4595 
5.924473684210527 3.1369565217391298 0.1947260273972603 2.5961643835616437 0.7364646464646465 2.707 
7.343947368421054 2.511565217391304 2.4114383561643837 4.197123287671233 1.689949494949495 1.808 
6.87078947368421 3.293304347826087 0.8104794520547945 1.6109589041095893 0.28242424242424247 0.23475000000000001 
6.161052631578945 3.293304347826087 0.5026027397260274 0.010000000000000009 0.10080808080808085 1.808 
6.397631578947367 4.387739130434782 3.766095890410959 3.3350684931506853 3.596919191919192 3.1565 
6.634210526315789 2.042521739130435 1.1183561643835618 1.9804109589041097 1.0996969696969696 1.808 
8.999999999999998 4.075043478260869 0.6257534246575341 3.0887671232876714 0.37323232323232325 0.4595 
4.741578947368419 4.387739130434782 0.5026027397260274 0.3794520547945206 0.19161616161616163 0.23475000000000001 
6.634210526315789 1.573478260869565 0.13315068493150684 1.3646575342465754 2.2347979797979796 2.707 
5.451315789473684 3.9968695652173913 1.3646575342465752 2.4730136986301368 0.46404040404040403 0.23475000000000001 
4.741578947368419 2.9024347826086956 0.5026027397260274 1.9804109589041097 0.4186363636363637 1.808 
7.580526315789472 5.560347826086956 2.1035616438356164 4.689726027397261 3.506111111111111 2.707 
5.214736842105262 2.6679130434782605 1.3030821917808217 3.0887671232876714 0.7818686868686869 0.23475000000000001 
5.924473684210527 4.465913043478261 0.6257534246575341 1.1183561643835618 1.689949494949495 0.909 
5.214736842105262 3.2151304347826084 0.44102739726027396 1.8572602739726027 0.8726767676767678 2.2575 
5.924473684210527 2.6679130434782605 1.3646575342465752 1.6109589041095893 1.4629292929292932 1.808 
4.978157894736841 3.371478260869565 1.1799315068493152 2.3498630136986307 0.7364646464646465 0.909 
6.397631578947367 4.465913043478261 0.07157534246575337 2.5961643835616437 0.691060606060606 2.707 
5.924473684210527 4.387739130434782 0.5641780821917809 1.2415068493150685 0.8726767676767678 0.23475000000000001 
6.161052631578945 2.4333913043478255 0.9952054794520547 2.103561643835617 1.372121212121212 1.808 
7.343947368421054 3.6841739130434776 3.766095890410959 2.5961643835616437 1.4175252525252526 2.707 
5.924473684210527 3.2151304347826084 0.1947260273972603 1.4878082191780824 0.4186363636363637 0.23475000000000001 
6.397631578947367 2.9806086956521733 0.5641780821917809 0.9952054794520548 3.4607070707070706 1.3585 
6.634210526315789 3.6841739130434776 2.288287671232877 3.0887671232876714 1.2813131313131314 3.606 
6.87078947368421 7.3583478260869555 4.197123287671233 6.29068493150685 2.143989898989899 1.808 
4.268421052631579 2.4333913043478255 1.1183561643835618 1.2415068493150685 0.3278282828282829 0.23475000000000001 
5.451315789473684 4.465913043478261 0.9336301369863015 2.4730136986301368 0.5548484848484849 1.808 
5.451315789473684 1.808 1.2415068493150687 2.103561643835617 0.6002525252525253 0.23475000000000001 
7.107368421052632 3.058782608695652 3.3966438356164383 4.566575342465754 3.2336868686868687 2.707 
5.687894736842106 6.107565217391304 0.5641780821917809 2.4730136986301368 0.37323232323232325 0.23475000000000001 
6.161052631578945 4.465913043478261 0.7489041095890411 1.7341095890410958 0.4186363636363637 0.4595 
5.451315789473684 1.808 0.3794520547945205 3.4582191780821923 2.28020202020202 1.808 
6.161052631578945 3.6841739130434776 0.6257534246575341 1.7341095890410958 0.7818686868686869 0.23475000000000001 
6.161052631578945 2.6679130434782605 0.3794520547945205 1.3646575342465754 0.5094444444444445 1.808 
6.397631578947367 3.4496521739130435 0.3794520547945205 1.1183561643835618 0.4186363636363637 2.707 
4.978157894736841 2.4333913043478255 1.0567808219178083 3.0887671232876714 0.37323232323232325 0.23475000000000001 
6.87078947368421 3.7623478260869563 0.9952054794520547 2.5961643835616437 1.1905050505050507 2.2575 
6.634210526315789 2.824260869565217 0.5026027397260274 1.8572602739726027 0.4186363636363637 3.606 
3.3221052631578925 1.2607826086956522 0.31787671232876713 1.7341095890410958 0.19161616161616163 0.23475000000000001 
5.451315789473684 6.576608695652174 1.2415068493150687 1.8572602739726027 2.053181818181818 1.808 
6.634210526315789 1.7298260869565218 0.13315068493150684 1.1183561643835618 0.7364646464646465 1.808 
3.795263157894736 2.9806086956521733 1.4262328767123287 3.95082191780822 2.1893939393939394 1.3585 
5.214736842105262 3.606 0.8104794520547945 2.5961643835616437 0.28242424242424247 0.23475000000000001 
5.924473684210527 3.9186956521739127 1.5493835616438356 1.9804109589041097 0.7818686868686869 0.909 
6.634210526315789 4.2313913043478255 1.8572602739726025 3.95082191780822 4.686616161616161 7.202 
7.107368421052632 5.482173913043478 0.7489041095890411 2.7193150684931506 1.916969696969697 2.707 
7.107368421052632 4.465913043478261 2.5345890410958902 7.275890410958905 2.28020202020202 4.505 
5.924473684210527 3.1369565217391298 1.2415068493150687 2.2267123287671238 2.371010101010101 0.909 
5.214736842105262 2.824260869565217 0.3794520547945205 1.7341095890410958 0.3278282828282829 2.2575 
5.924473684210527 3.2151304347826084 3.211917808219178 3.3350684931506853 0.37323232323232325 0.23475000000000001 
8.763421052631577 4.622260869565217 1.5493835616438356 9.0 9.000000000000002 3.1565 
6.161052631578945 3.5278260869565212 0.31787671232876713 1.8572602739726027 0.6456565656565657 1.808 
6.87078947368421 2.746086956521739 0.7489041095890411 1.6109589041095893 0.9634848484848485 0.909 
5.214736842105262 2.824260869565217 1.734109589041096 2.7193150684931506 1.326717171717172 0.909 
7.8171052631578934 4.2313913043478255 2.8424657534246576 3.704520547945206 3.823939393939394 6.7524999999999995 
7.8171052631578934 3.371478260869565 5.798082191780822 6.413835616438357 4.959040404040404 2.707 
6.634210526315789 5.951217391304348 1.6725342465753426 3.581369863013699 1.9623737373737375 2.707 
5.687894736842106 3.9968695652173913 0.6257534246575341 2.2267123287671238 0.5094444444444445 0.23475000000000001 
6.397631578947367 3.293304347826087 0.5026027397260274 2.4730136986301368 0.19161616161616163 0.909 
6.87078947368421 4.700434782608696 4.443424657534247 3.581369863013699 8.90919191919192 9.0 
5.924473684210527 1.8861739130434783 1.1799315068493152 1.2415068493150685 0.6002525252525253 0.23475000000000001 
5.924473684210527 3.1369565217391298 0.9336301369863015 2.3498630136986307 0.8726767676767678 0.23475000000000001 
5.687894736842106 6.73295652173913 1.0567808219178083 2.4730136986301368 1.008888888888889 0.909 
4.505000000000001 4.465913043478261 2.3498630136986303 3.4582191780821923 4.187171717171717 0.23475000000000001 
8.053684210526315 3.606 2.2267123287671233 3.3350684931506853 1.1451010101010102 1.3585 
6.397631578947367 3.4496521739130435 0.872054794520548 1.2415068493150685 0.3278282828282829 0.23475000000000001 
5.687894736842106 7.202 0.5026027397260274 2.7193150684931506 0.10080808080808085 0.23475000000000001 
6.634210526315789 5.0131304347826084 0.5641780821917809 1.4878082191780824 0.9634848484848485 0.909 
4.741578947368419 4.856782608695652 0.9952054794520547 2.5961643835616437 1.1451010101010102 0.23475000000000001 
6.161052631578945 2.277043478260869 4.135547945205479 3.3350684931506853 0.8726767676767678 3.606 
6.397631578947367 4.465913043478261 0.07157534246575337 2.5961643835616437 0.691060606060606 2.707 
5.451315789473684 5.638521739130434 0.9952054794520547 1.7341095890410958 0.4186363636363637 1.808 
6.87078947368421 2.5897391304347828 1.3030821917808217 1.6109589041095893 1.008888888888889 0.23475000000000001 
4.978157894736841 4.309565217391304 2.3498630136986303 4.197123287671233 4.641212121212122 2.2575 
5.924473684210527 3.1369565217391298 0.44102739726027396 1.9804109589041097 0.4186363636363637 0.4595 
4.0318421052631574 2.5897391304347828 3.5813698630136983 4.073972602739726 3.960151515151515 2.707 
4.0318421052631574 3.5278260869565212 0.6873287671232876 2.103561643835617 0.19161616161616163 1.808 
6.397631578947367 3.9186956521739127 1.4878082191780821 3.581369863013699 5.004444444444444 2.2575 
5.214736842105262 3.7623478260869563 1.4262328767123287 1.7341095890410958 1.008888888888889 0.4595 
