0.4831578947368421 1.1108163265306121 1.1108163265306121 1.13375 
5.451315789473684 0.37693877551020416 0.37693877551020416 4.317708333333333 
3.7952631578947367 0.19346938775510206 0.19346938775510206 2.3511458333333333 
2.6123684210526315 0.010000000000000009 0.010000000000000009 0.8528125 
3.7952631578947367 0.37693877551020416 0.37693877551020416 3.1003125 
2.6123684210526315 3.8628571428571425 3.8628571428571425 9.0 
0.4831578947368421 0.010000000000000009 0.010000000000000009 0.010000000000000009 
0.9563157894736842 0.010000000000000009 0.010000000000000009 0.19729166666666667 
2.6123684210526315 1.8446938775510202 1.8446938775510202 3.38125 
0.9563157894736842 0.010000000000000009 0.010000000000000009 0.19729166666666667 
3.3221052631578947 0.010000000000000009 0.010000000000000009 1.13375 
2.1392105263157895 1.4777551020408164 1.4777551020408164 4.879583333333333 
3.3221052631578947 0.37693877551020416 0.37693877551020416 4.692291666666666 
3.7952631578947367 0.010000000000000009 0.010000000000000009 1.3210416666666667 
0.9563157894736842 0.010000000000000009 0.010000000000000009 0.19729166666666667 
0.4831578947368421 1.8446938775510202 1.8446938775510202 2.2575 
4.978157894736842 0.010000000000000009 0.010000000000000009 1.7892708333333334 
2.1392105263157895 0.37693877551020416 0.37693877551020416 3.006666666666667 
0.4831578947368421 1.8446938775510202 1.8446938775510202 4.130416666666666 
0.9563157894736842 0.010000000000000009 0.010000000000000009 0.19729166666666667 
0.9563157894736842 0.37693877551020416 0.37693877551020416 6.471562499999999 
0.9563157894736842 1.8446938775510202 1.8446938775510202 8.7190625 
0.4831578947368421 0.37693877551020416 0.37693877551020416 7.0334375 
2.6123684210526315 1.2942857142857143 1.2942857142857143 6.565208333333333 
5.924473684210526 0.9273469387755103 0.9273469387755103 4.505 
4.978157894736842 0.19346938775510206 0.19346938775510206 4.692291666666666 
3.7952631578947367 0.19346938775510206 0.19346938775510206 1.3210416666666667 
0.4831578947368421 0.5604081632653062 0.5604081632653062 2.2575 
2.8489473684210527 2.5785714285714287 2.5785714285714287 6.471562499999999 
0.9563157894736842 0.010000000000000009 0.010000000000000009 0.19729166666666667 
0.4831578947368421 0.19346938775510206 0.19346938775510206 0.8528125 
3.3221052631578947 0.010000000000000009 0.010000000000000009 1.13375 
0.4831578947368421 0.19346938775510206 0.19346938775510206 0.19729166666666667 
3.7952631578947367 0.5604081632653062 0.5604081632653062 2.9130208333333334 
0.4831578947368421 2.7620408163265306 2.7620408163265306 5.816041666666666 
0.4831578947368421 2.0281632653061226 2.0281632653061226 4.692291666666666 
0.01 1.2942857142857143 1.2942857142857143 5.3478125 
2.8489473684210527 1.4777551020408164 1.4777551020408164 5.441458333333332 
4.978157894736842 0.010000000000000009 0.010000000000000009 1.7892708333333334 
0.9563157894736842 0.010000000000000009 0.010000000000000009 0.19729166666666667 
0.4831578947368421 1.1108163265306121 1.1108163265306121 5.254166666666666 
3.3221052631578947 0.010000000000000009 0.010000000000000009 1.13375 
3.7952631578947367 0.010000000000000009 0.010000000000000009 1.3210416666666667 
3.7952631578947367 0.010000000000000009 0.010000000000000009 1.3210416666666667 
2.6123684210526315 0.37693877551020416 0.37693877551020416 1.3210416666666667 
0.9563157894736842 1.1108163265306121 1.1108163265306121 5.254166666666666 
3.3221052631578947 0.37693877551020416 0.37693877551020416 7.220729166666666 
0.4831578947368421 0.7438775510204082 0.7438775510204082 5.722395833333333 
0.24657894736842106 2.3951020408163264 2.3951020408163264 5.254166666666666 
0.9563157894736842 0.010000000000000009 0.010000000000000009 0.19729166666666667 
0.9563157894736842 0.010000000000000009 0.010000000000000009 0.19729166666666667 
3.3221052631578947 0.19346938775510206 0.19346938775510206 1.13375 
3.3221052631578947 0.010000000000000009 0.010000000000000009 1.13375 
3.7952631578947367 0.7438775510204082 0.7438775510204082 5.441458333333332 
0.9563157894736842 0.19346938775510206 0.19346938775510206 4.692291666666666 
0.9563157894736842 0.9273469387755103 0.9273469387755103 2.4447916666666667 
0.4831578947368421 0.7438775510204082 0.7438775510204082 2.9130208333333334 
0.9563157894736842 0.010000000000000009 0.010000000000000009 0.19729166666666667 
0.4831578947368421 3.679387755102041 3.679387755102041 4.692291666666666 
3.7952631578947367 1.1108163265306121 1.1108163265306121 2.4447916666666667 
0.4831578947368421 0.010000000000000009 0.010000000000000009 0.010000000000000009 
0.4831578947368421 1.1108163265306121 1.1108163265306121 6.939791666666666 
3.7952631578947367 2.3951020408163264 2.3951020408163264 7.5953124999999995 
0.4831578947368421 0.9273469387755103 0.9273469387755103 4.2240625 
0.01 2.2116326530612245 2.2116326530612245 2.4447916666666667 
0.4831578947368421 0.5604081632653062 0.5604081632653062 1.3210416666666667 
2.1392105263157895 0.19346938775510206 0.19346938775510206 4.692291666666666 
1.9026315789473685 1.2942857142857143 1.2942857142857143 4.692291666666666 
5.451315789473684 1.2942857142857143 1.2942857142857143 6.284270833333332 
0.9563157894736842 0.19346938775510206 0.19346938775510206 0.19729166666666667 
0.4831578947368421 2.5785714285714287 2.5785714285714287 5.816041666666666 
1.6660526315789475 0.19346938775510206 0.19346938775510206 1.3210416666666667 
0.4831578947368421 0.5604081632653062 0.5604081632653062 1.9765625 
2.6123684210526315 2.0281632653061226 2.0281632653061226 5.254166666666666 
0.4831578947368421 9.0 9.0 9.0 
3.3221052631578947 0.19346938775510206 0.19346938775510206 1.13375 
0.4831578947368421 0.010000000000000009 0.010000000000000009 0.010000000000000009 
0.9563157894736842 2.7620408163265306 2.7620408163265306 3.38125 
0.9563157894736842 0.7438775510204082 0.7438775510204082 5.254166666666666 
0.4831578947368421 0.010000000000000009 0.010000000000000009 0.010000000000000009 
2.6123684210526315 0.19346938775510206 0.19346938775510206 1.3210416666666667 
3.7952631578947367 0.19346938775510206 0.19346938775510206 2.2575 
1.1928947368421052 1.8446938775510202 1.8446938775510202 6.846145833333333 
0.9563157894736842 1.1108163265306121 1.1108163265306121 2.4447916666666667 
0.9563157894736842 1.4777551020408164 1.4777551020408164 4.130416666666666 
2.6123684210526315 0.37693877551020416 0.37693877551020416 2.2575 
5.451315789473684 0.5604081632653062 0.5604081632653062 7.969895833333332 
0.9563157894736842 0.19346938775510206 0.19346938775510206 2.5384375 
0.4831578947368421 0.9273469387755103 0.9273469387755103 1.2273958333333332 
2.6123684210526315 1.4777551020408164 1.4777551020408164 6.565208333333333 
0.4831578947368421 3.4959183673469387 3.4959183673469387 4.036770833333333 
3.3221052631578947 0.010000000000000009 0.010000000000000009 1.13375 
2.6123684210526315 0.010000000000000009 0.010000000000000009 0.8528125 
0.9563157894736842 0.7438775510204082 0.7438775510204082 1.9765625 
0.9563157894736842 0.7438775510204082 0.7438775510204082 1.13375 
2.1392105263157895 0.7438775510204082 0.7438775510204082 4.598645833333332 
4.978157894736842 0.010000000000000009 0.010000000000000009 1.7892708333333334 
0.4831578947368421 0.010000000000000009 0.010000000000000009 0.010000000000000009 
3.3221052631578947 0.37693877551020416 0.37693877551020416 1.7892708333333334 
3.3221052631578947 0.7438775510204082 0.7438775510204082 2.2575 
3.5586842105263155 0.7438775510204082 0.7438775510204082 2.9130208333333334 
3.3221052631578947 0.5604081632653062 0.5604081632653062 1.9765625 
2.6123684210526315 0.19346938775510206 0.19346938775510206 6.377916666666666 
5.451315789473684 1.2942857142857143 1.2942857142857143 4.130416666666666 
9.0 0.010000000000000009 0.010000000000000009 3.38125 
2.6123684210526315 0.010000000000000009 0.010000000000000009 0.8528125 
0.4831578947368421 0.5604081632653062 0.5604081632653062 3.8494791666666663 
2.1392105263157895 1.2942857142857143 1.2942857142857143 3.38125 
2.6123684210526315 0.7438775510204082 0.7438775510204082 3.38125 
3.7952631578947367 0.010000000000000009 0.010000000000000009 1.3210416666666667 
0.4831578947368421 0.19346938775510206 0.19346938775510206 0.8528125 
0.9563157894736842 4.046326530612245 4.046326530612245 5.254166666666666 
3.3221052631578947 0.37693877551020416 0.37693877551020416 2.4447916666666667 
4.268421052631579 1.2942857142857143 1.2942857142857143 8.7190625 
0.4831578947368421 0.010000000000000009 0.010000000000000009 0.010000000000000009 
0.4831578947368421 0.37693877551020416 0.37693877551020416 2.0702083333333334 
0.9563157894736842 0.19346938775510206 0.19346938775510206 4.130416666666666 
4.978157894736842 1.1108163265306121 1.1108163265306121 3.38125 
4.978157894736842 0.010000000000000009 0.010000000000000009 1.7892708333333334 
3.7952631578947367 0.010000000000000009 0.010000000000000009 1.3210416666666667 
0.9563157894736842 0.19346938775510206 0.19346938775510206 1.13375 
0.9563157894736842 0.010000000000000009 0.010000000000000009 0.19729166666666667 
2.6123684210526315 0.19346938775510206 0.19346938775510206 1.7892708333333334 
2.6123684210526315 0.7438775510204082 0.7438775510204082 4.505 
3.3221052631578947 0.7438775510204082 0.7438775510204082 2.4447916666666667 
3.3221052631578947 1.2942857142857143 1.2942857142857143 2.2575 
4.978157894736842 0.010000000000000009 0.010000000000000009 1.7892708333333334 
2.6123684210526315 0.010000000000000009 0.010000000000000009 0.8528125 
2.8489473684210527 1.8446938775510202 1.8446938775510202 1.9765625 
0.4831578947368421 0.19346938775510206 0.19346938775510206 1.8829166666666666 
4.978157894736842 0.010000000000000009 0.010000000000000009 1.7892708333333334 
0.4831578947368421 1.8446938775510202 1.8446938775510202 3.5685416666666665 
2.6123684210526315 0.19346938775510206 0.19346938775510206 3.38125 
0.9563157894736842 3.312448979591837 3.312448979591837 6.284270833333332 
0.9563157894736842 0.010000000000000009 0.010000000000000009 0.19729166666666667 
5.451315789473684 0.5604081632653062 0.5604081632653062 4.692291666666666 
0.9563157894736842 0.5604081632653062 0.5604081632653062 0.19729166666666667 
0.01 0.19346938775510206 0.19346938775510206 0.19729166666666667 
3.7952631578947367 0.010000000000000009 0.010000000000000009 1.3210416666666667 
0.9563157894736842 0.9273469387755103 0.9273469387755103 4.692291666666666 
3.3221052631578947 0.010000000000000009 0.010000000000000009 1.13375 
0.4831578947368421 0.5604081632653062 0.5604081632653062 1.13375 
5.451315789473684 0.010000000000000009 0.010000000000000009 1.9765625 
0.4831578947368421 0.37693877551020416 0.37693877551020416 0.8528125 
0.9563157894736842 0.19346938775510206 0.19346938775510206 3.6621875 
2.6123684210526315 0.19346938775510206 0.19346938775510206 2.163854166666667 
2.6123684210526315 1.1108163265306121 1.1108163265306121 2.5384375 
0.4831578947368421 0.010000000000000009 0.010000000000000009 0.010000000000000009 
2.6123684210526315 0.37693877551020416 0.37693877551020416 1.2273958333333332 
5.451315789473684 0.010000000000000009 0.010000000000000009 1.9765625 
2.6123684210526315 0.5604081632653062 0.5604081632653062 5.254166666666666 
3.3221052631578947 1.1108163265306121 1.1108163265306121 6.565208333333333 
2.6123684210526315 0.010000000000000009 0.010000000000000009 0.8528125 
0.9563157894736842 0.010000000000000009 0.010000000000000009 0.19729166666666667 
3.7952631578947367 1.2942857142857143 1.2942857142857143 6.939791666666666 
2.6123684210526315 0.19346938775510206 0.19346938775510206 0.8528125 
0.4831578947368421 0.37693877551020416 0.37693877551020416 6.846145833333333 
3.7952631578947367 0.7438775510204082 0.7438775510204082 2.3511458333333333 
0.4831578947368421 0.19346938775510206 0.19346938775510206 0.19729166666666667 
0.9563157894736842 0.7438775510204082 0.7438775510204082 0.8528125 
0.4831578947368421 1.4777551020408164 1.4777551020408164 6.7524999999999995 
0.9563157894736842 1.2942857142857143 1.2942857142857143 4.130416666666666 
2.6123684210526315 1.8446938775510202 1.8446938775510202 3.7558333333333334 
3.7952631578947367 1.2942857142857143 1.2942857142857143 2.4447916666666667 
0.7197368421052632 0.7438775510204082 0.7438775510204082 3.38125 
0.4831578947368421 0.5604081632653062 0.5604081632653062 2.2575 
3.3221052631578947 0.19346938775510206 0.19346938775510206 1.13375 
0.9563157894736842 0.010000000000000009 0.010000000000000009 0.19729166666666667 
0.4831578947368421 0.37693877551020416 0.37693877551020416 4.692291666666666 
3.3221052631578947 0.5604081632653062 0.5604081632653062 1.8829166666666666 
2.6123684210526315 2.3951020408163264 2.3951020408163264 6.658854166666666 
0.4831578947368421 1.1108163265306121 1.1108163265306121 7.0334375 
0.4831578947368421 0.5604081632653062 0.5604081632653062 3.1003125 
2.6123684210526315 1.4777551020408164 1.4777551020408164 2.9130208333333334 
1.1928947368421052 0.9273469387755103 0.9273469387755103 2.4447916666666667 
0.9563157894736842 0.5604081632653062 0.5604081632653062 2.2575 
3.7952631578947367 1.1108163265306121 1.1108163265306121 7.969895833333332 
3.7952631578947367 0.37693877551020416 0.37693877551020416 3.006666666666667 
3.0855263157894735 1.1108163265306121 1.1108163265306121 6.939791666666666 
0.24657894736842106 1.6612244897959183 1.6612244897959183 3.8494791666666663 
3.3221052631578947 0.37693877551020416 0.37693877551020416 3.6621875 
0.9563157894736842 0.37693877551020416 0.37693877551020416 1.3210416666666667 
0.9563157894736842 0.19346938775510206 0.19346938775510206 1.9765625 
0.4831578947368421 0.19346938775510206 0.19346938775510206 3.6621875 
3.3221052631578947 2.2116326530612245 2.2116326530612245 5.160520833333333 
3.7952631578947367 1.1108163265306121 1.1108163265306121 5.816041666666666 
3.7952631578947367 0.010000000000000009 0.010000000000000009 1.3210416666666667 
3.7952631578947367 0.010000000000000009 0.010000000000000009 1.3210416666666667 
4.978157894736842 0.010000000000000009 0.010000000000000009 1.7892708333333334 
4.978157894736842 0.19346938775510206 0.19346938775510206 3.6621875 
3.3221052631578947 0.5604081632653062 0.5604081632653062 5.816041666666666 
0.4831578947368421 1.1108163265306121 1.1108163265306121 7.0334375 
5.451315789473684 0.19346938775510206 0.19346938775510206 2.4447916666666667 
4.978157894736842 0.010000000000000009 0.010000000000000009 1.7892708333333334 
0.9563157894736842 0.19346938775510206 0.19346938775510206 0.19729166666666667 
0.7197368421052632 2.9455102040816326 2.9455102040816326 7.876249999999999 
3.7952631578947367 1.8446938775510202 1.8446938775510202 3.5685416666666665 
3.3221052631578947 0.010000000000000009 0.010000000000000009 1.13375 
0.9563157894736842 0.7438775510204082 0.7438775510204082 2.9130208333333334 
4.978157894736842 0.37693877551020416 0.37693877551020416 3.5685416666666665 
2.6123684210526315 0.37693877551020416 0.37693877551020416 2.4447916666666667 
4.978157894736842 2.7620408163265306 2.7620408163265306 5.816041666666666 
3.7952631578947367 0.37693877551020416 0.37693877551020416 7.876249999999999 
2.6123684210526315 0.37693877551020416 0.37693877551020416 1.9765625 
2.1392105263157895 0.19346938775510206 0.19346938775510206 2.2575 
1.6660526315789475 1.6612244897959183 1.6612244897959183 4.2240625 
4.978157894736842 0.9273469387755103 0.9273469387755103 4.317708333333333 
3.3221052631578947 0.5604081632653062 0.5604081632653062 2.632083333333333 
2.6123684210526315 0.37693877551020416 0.37693877551020416 3.5685416666666665 
4.978157894736842 0.37693877551020416 0.37693877551020416 2.2575 
0.4831578947368421 0.19346938775510206 0.19346938775510206 0.8528125 
0.4831578947368421 0.010000000000000009 0.010000000000000009 0.010000000000000009 
0.4831578947368421 2.2116326530612245 2.2116326530612245 4.785937499999999 
3.7952631578947367 0.5604081632653062 0.5604081632653062 2.4447916666666667 
0.9563157894736842 0.010000000000000009 0.010000000000000009 0.19729166666666667 
0.4831578947368421 0.19346938775510206 0.19346938775510206 0.8528125 
3.3221052631578947 0.19346938775510206 0.19346938775510206 1.13375 
0.9563157894736842 0.010000000000000009 0.010000000000000009 0.19729166666666667 
0.9563157894736842 2.3951020408163264 2.3951020408163264 3.5685416666666665 
1.9026315789473685 1.4777551020408164 1.4777551020408164 5.816041666666666 
0.4831578947368421 0.37693877551020416 0.37693877551020416 1.7892708333333334 
0.4831578947368421 0.010000000000000009 0.010000000000000009 0.010000000000000009 
0.4831578947368421 0.19346938775510206 0.19346938775510206 2.9130208333333334 
2.6123684210526315 0.5604081632653062 0.5604081632653062 6.7524999999999995 
0.9563157894736842 0.010000000000000009 0.010000000000000009 0.19729166666666667 
0.9563157894736842 1.2942857142857143 1.2942857142857143 4.317708333333333 
0.4831578947368421 0.010000000000000009 0.010000000000000009 0.010000000000000009 
0.9563157894736842 1.2942857142857143 1.2942857142857143 2.2575 
0.4831578947368421 0.37693877551020416 0.37693877551020416 1.3210416666666667 
0.9563157894736842 0.9273469387755103 0.9273469387755103 3.474895833333333 
0.4831578947368421 2.0281632653061226 2.0281632653061226 7.501666666666666 
0.9563157894736842 1.4777551020408164 1.4777551020408164 4.973229166666666 
2.6123684210526315 4.229795918367348 4.229795918367348 5.816041666666666 
2.1392105263157895 1.4777551020408164 1.4777551020408164 1.3210416666666667 
5.451315789473684 0.010000000000000009 0.010000000000000009 1.9765625 
0.4831578947368421 0.7438775510204082 0.7438775510204082 3.006666666666667 
2.6123684210526315 0.5604081632653062 0.5604081632653062 1.3210416666666667 
3.7952631578947367 0.9273469387755103 0.9273469387755103 7.408020833333333 
0.9563157894736842 0.9273469387755103 0.9273469387755103 3.1003125 
1.6660526315789475 1.8446938775510202 1.8446938775510202 8.1571875 
0.9563157894736842 0.010000000000000009 0.010000000000000009 0.19729166666666667 
0.4831578947368421 0.19346938775510206 0.19346938775510206 1.9765625 
0.9563157894736842 0.5604081632653062 0.5604081632653062 1.3210416666666667 
2.1392105263157895 0.19346938775510206 0.19346938775510206 4.692291666666666 
0.4831578947368421 0.37693877551020416 0.37693877551020416 0.19729166666666667 
5.451315789473684 0.37693877551020416 0.37693877551020416 3.474895833333333 
0.4831578947368421 0.9273469387755103 0.9273469387755103 2.4447916666666667 
5.451315789473684 0.010000000000000009 0.010000000000000009 1.9765625 
0.4831578947368421 0.37693877551020416 0.37693877551020416 1.13375 
0.4831578947368421 0.19346938775510206 0.19346938775510206 0.7591666666666667 
3.3221052631578947 0.010000000000000009 0.010000000000000009 1.13375 
0.7197368421052632 3.679387755102041 3.679387755102041 3.7558333333333334 
0.4831578947368421 1.2942857142857143 1.2942857142857143 3.38125 
0.4831578947368421 0.5604081632653062 0.5604081632653062 0.8528125 
0.9563157894736842 0.9273469387755103 0.9273469387755103 3.6621875 
0.4831578947368421 0.5604081632653062 0.5604081632653062 1.3210416666666667 
3.0855263157894735 1.2942857142857143 1.2942857142857143 2.2575 
2.6123684210526315 0.37693877551020416 0.37693877551020416 3.2876041666666667 
5.451315789473684 0.7438775510204082 0.7438775510204082 5.254166666666666 
0.4831578947368421 1.6612244897959183 1.6612244897959183 4.692291666666666 
0.9563157894736842 0.19346938775510206 0.19346938775510206 0.19729166666666667 
0.4831578947368421 1.4777551020408164 1.4777551020408164 1.8829166666666666 
3.7952631578947367 2.5785714285714287 2.5785714285714287 7.969895833333332 
0.9563157894736842 0.5604081632653062 0.5604081632653062 1.13375 
0.9563157894736842 0.9273469387755103 0.9273469387755103 3.1003125 
0.7197368421052632 0.5604081632653062 0.5604081632653062 2.5384375 
0.4831578947368421 2.0281632653061226 2.0281632653061226 4.2240625 
0.01 0.37693877551020416 0.37693877551020416 0.19729166666666667 
3.0855263157894735 0.37693877551020416 0.37693877551020416 1.13375 
0.9563157894736842 0.010000000000000009 0.010000000000000009 0.19729166666666667 
0.9563157894736842 0.37693877551020416 0.37693877551020416 2.0702083333333334 
3.3221052631578947 0.19346938775510206 0.19346938775510206 1.13375 
5.451315789473684 0.010000000000000009 0.010000000000000009 1.9765625 
0.9563157894736842 0.9273469387755103 0.9273469387755103 4.2240625 
2.1392105263157895 1.4777551020408164 1.4777551020408164 4.036770833333333 
0.9563157894736842 0.9273469387755103 0.9273469387755103 4.130416666666666 
2.1392105263157895 0.010000000000000009 0.010000000000000009 0.6655208333333333 
3.7952631578947367 0.37693877551020416 0.37693877551020416 1.9765625 
0.9563157894736842 1.4777551020408164 1.4777551020408164 3.5685416666666665 
2.6123684210526315 0.010000000000000009 0.010000000000000009 0.8528125 
0.9563157894736842 2.7620408163265306 2.7620408163265306 9.0 
2.1392105263157895 0.5604081632653062 0.5604081632653062 5.9096874999999995 
0.24657894736842106 1.4777551020408164 1.4777551020408164 4.598645833333332 
5.451315789473684 0.010000000000000009 0.010000000000000009 1.9765625 
0.4831578947368421 0.37693877551020416 0.37693877551020416 0.6655208333333333 
3.3221052631578947 1.1108163265306121 1.1108163265306121 2.2575 
5.451315789473684 0.19346938775510206 0.19346938775510206 3.38125 
0.7197368421052632 1.2942857142857143 1.2942857142857143 4.505 
0.4831578947368421 0.010000000000000009 0.010000000000000009 0.010000000000000009 
2.3757894736842102 1.2942857142857143 1.2942857142857143 3.474895833333333 
0.4831578947368421 0.37693877551020416 0.37693877551020416 3.38125 
3.7952631578947367 0.010000000000000009 0.010000000000000009 1.3210416666666667 
1.6660526315789475 1.4777551020408164 1.4777551020408164 8.1571875 
0.4831578947368421 0.19346938775510206 0.19346938775510206 0.7591666666666667 
5.451315789473684 0.37693877551020416 0.37693877551020416 3.1003125 
4.978157894736842 0.37693877551020416 0.37693877551020416 6.377916666666666 
5.451315789473684 1.1108163265306121 1.1108163265306121 8.063541666666666 
1.1928947368421052 1.1108163265306121 1.1108163265306121 2.2575 
5.451315789473684 2.5785714285714287 2.5785714285714287 5.160520833333333 
3.3221052631578947 0.010000000000000009 0.010000000000000009 1.13375 
3.3221052631578947 2.7620408163265306 2.7620408163265306 9.0 
0.4831578947368421 2.3951020408163264 2.3951020408163264 4.317708333333333 
4.978157894736842 0.9273469387755103 0.9273469387755103 7.876249999999999 
0.9563157894736842 0.010000000000000009 0.010000000000000009 0.19729166666666667 
0.9563157894736842 0.19346938775510206 0.19346938775510206 0.19729166666666667 
0.9563157894736842 0.010000000000000009 0.010000000000000009 0.19729166666666667 
3.7952631578947367 0.010000000000000009 0.010000000000000009 1.3210416666666667 
0.9563157894736842 0.010000000000000009 0.010000000000000009 0.19729166666666667 
0.4831578947368421 0.19346938775510206 0.19346938775510206 0.19729166666666667 
2.6123684210526315 0.9273469387755103 0.9273469387755103 2.4447916666666667 
0.4831578947368421 0.7438775510204082 0.7438775510204082 1.3210416666666667 
5.451315789473684 0.5604081632653062 0.5604081632653062 4.785937499999999 
3.7952631578947367 0.010000000000000009 0.010000000000000009 1.3210416666666667 
2.6123684210526315 0.010000000000000009 0.010000000000000009 0.8528125 
0.9563157894736842 5.881020408163266 5.881020408163266 9.0 
3.7952631578947367 0.9273469387755103 0.9273469387755103 3.5685416666666665 
0.9563157894736842 1.1108163265306121 1.1108163265306121 5.628749999999999 
0.4831578947368421 0.9273469387755103 0.9273469387755103 3.1003125 
0.9563157894736842 0.5604081632653062 0.5604081632653062 3.6621875 
0.9563157894736842 0.7438775510204082 0.7438775510204082 1.3210416666666667 
2.1392105263157895 1.4777551020408164 1.4777551020408164 3.38125 
0.9563157894736842 0.5604081632653062 0.5604081632653062 4.130416666666666 
1.1928947368421052 4.229795918367348 4.229795918367348 7.220729166666666 
0.01 4.5967346938775515 4.5967346938775515 6.939791666666666 
2.6123684210526315 0.7438775510204082 0.7438775510204082 3.1003125 
0.4831578947368421 0.9273469387755103 0.9273469387755103 2.2575 
3.3221052631578947 0.7438775510204082 0.7438775510204082 1.13375 
0.4831578947368421 0.7438775510204082 0.7438775510204082 2.2575 
0.4831578947368421 0.7438775510204082 0.7438775510204082 1.3210416666666667 
0.4831578947368421 0.19346938775510206 0.19346938775510206 0.19729166666666667 
3.7952631578947367 0.010000000000000009 0.010000000000000009 1.3210416666666667 
0.4831578947368421 1.2942857142857143 1.2942857142857143 2.4447916666666667 
3.7952631578947367 0.010000000000000009 0.010000000000000009 1.3210416666666667 
0.9563157894736842 0.9273469387755103 0.9273469387755103 2.632083333333333 
0.4831578947368421 1.1108163265306121 1.1108163265306121 3.1003125 
5.451315789473684 0.37693877551020416 0.37693877551020416 5.628749999999999 
3.7952631578947367 0.010000000000000009 0.010000000000000009 1.3210416666666667 
2.1392105263157895 0.37693877551020416 0.37693877551020416 4.692291666666666 
0.9563157894736842 0.010000000000000009 0.010000000000000009 0.19729166666666667 
0.4831578947368421 0.9273469387755103 0.9273469387755103 2.2575 
0.4831578947368421 0.010000000000000009 0.010000000000000009 0.010000000000000009 
3.3221052631578947 0.37693877551020416 0.37693877551020416 3.1003125 
4.978157894736842 0.010000000000000009 0.010000000000000009 1.7892708333333334 
0.4831578947368421 0.9273469387755103 0.9273469387755103 2.4447916666666667 
0.9563157894736842 0.37693877551020416 0.37693877551020416 1.3210416666666667 
0.4831578947368421 0.19346938775510206 0.19346938775510206 1.13375 
2.6123684210526315 0.19346938775510206 0.19346938775510206 1.4146875 
0.9563157894736842 0.7438775510204082 0.7438775510204082 1.3210416666666667 
2.6123684210526315 0.5604081632653062 0.5604081632653062 3.006666666666667 
1.1928947368421052 8.266122448979592 8.266122448979592 9.0 
0.9563157894736842 0.19346938775510206 0.19346938775510206 0.6655208333333333 
0.9563157894736842 1.1108163265306121 1.1108163265306121 2.163854166666667 
2.6123684210526315 0.37693877551020416 0.37693877551020416 6.939791666666666 
0.9563157894736842 1.2942857142857143 1.2942857142857143 3.5685416666666665 
3.3221052631578947 0.37693877551020416 0.37693877551020416 2.7257291666666665 
2.6123684210526315 0.9273469387755103 0.9273469387755103 3.6621875 
3.7952631578947367 0.010000000000000009 0.010000000000000009 1.3210416666666667 
0.24657894736842106 1.1108163265306121 1.1108163265306121 5.160520833333333 
2.3757894736842102 0.5604081632653062 0.5604081632653062 1.3210416666666667 
5.451315789473684 0.19346938775510206 0.19346938775510206 2.2575 
0.4831578947368421 1.2942857142857143 1.2942857142857143 3.1003125 
1.9026315789473685 0.19346938775510206 0.19346938775510206 1.3210416666666667 
0.24657894736842106 4.229795918367348 4.229795918367348 7.0334375 
0.4831578947368421 0.010000000000000009 0.010000000000000009 0.010000000000000009 
0.9563157894736842 1.4777551020408164 1.4777551020408164 4.692291666666666 
2.6123684210526315 1.2942857142857143 1.2942857142857143 3.6621875 
0.9563157894736842 0.19346938775510206 0.19346938775510206 2.7257291666666665 
0.9563157894736842 0.7438775510204082 0.7438775510204082 5.254166666666666 
4.978157894736842 0.19346938775510206 0.19346938775510206 2.9130208333333334 
3.3221052631578947 3.128979591836735 3.128979591836735 7.127083333333332 
0.4831578947368421 0.010000000000000009 0.010000000000000009 0.010000000000000009 
4.978157894736842 0.37693877551020416 0.37693877551020416 5.816041666666666 
0.4831578947368421 7.348775510204082 7.348775510204082 9.0 
0.4831578947368421 7.899183673469388 7.899183673469388 9.0 
