0.25972222222222224 1.6825581395348839 1.6825581395348839 1.8829166666666666 
0.5094444444444445 0.010000000000000009 0.010000000000000009 0.19729166666666667 
2.0077777777777777 3.1460465116279073 3.1460465116279073 7.0334375 
1.7580555555555557 0.010000000000000009 0.010000000000000009 1.13375 
0.5094444444444445 0.2190697674418605 0.2190697674418605 4.130416666666666 
1.7580555555555557 0.2190697674418605 0.2190697674418605 1.7892708333333334 
0.25972222222222224 0.010000000000000009 0.010000000000000009 0.010000000000000009 
1.7580555555555557 0.42813953488372103 0.42813953488372103 2.7257291666666665 
1.3834722222222222 1.0553488372093025 1.0553488372093025 2.3511458333333333 
2.8818055555555553 0.2190697674418605 0.2190697674418605 2.4447916666666667 
1.13375 1.6825581395348839 1.6825581395348839 1.3210416666666667 
2.8818055555555553 0.010000000000000009 0.010000000000000009 1.9765625 
1.3834722222222222 0.6372093023255815 0.6372093023255815 5.3478125 
0.25972222222222224 1.8916279069767445 1.8916279069767445 4.4113541666666665 
0.25972222222222224 0.010000000000000009 0.010000000000000009 0.010000000000000009 
0.25972222222222224 1.0553488372093025 1.0553488372093025 3.1003125 
0.5094444444444445 1.0553488372093025 1.0553488372093025 1.13375 
0.01 2.5188372093023257 2.5188372093023257 2.4447916666666667 
0.25972222222222224 1.6825581395348839 1.6825581395348839 3.1939583333333332 
2.0077777777777777 1.264418604651163 1.264418604651163 3.474895833333333 
1.13375 0.846279069767442 0.846279069767442 4.598645833333332 
1.7580555555555557 0.010000000000000009 0.010000000000000009 1.13375 
0.5094444444444445 0.2190697674418605 0.2190697674418605 0.19729166666666667 
1.3834722222222222 0.010000000000000009 0.010000000000000009 0.8528125 
0.13486111111111113 2.7279069767441864 2.7279069767441864 5.254166666666666 
1.7580555555555557 0.6372093023255815 0.6372093023255815 3.5685416666666665 
0.5094444444444445 1.264418604651163 1.264418604651163 2.163854166666667 
0.25972222222222224 0.6372093023255815 0.6372093023255815 0.8528125 
0.25972222222222224 1.8916279069767445 1.8916279069767445 5.816041666666666 
0.5094444444444445 0.010000000000000009 0.010000000000000009 0.19729166666666667 
1.3834722222222222 1.4734883720930234 1.4734883720930234 3.6621875 
0.25972222222222224 0.42813953488372103 0.42813953488372103 6.846145833333333 
0.5094444444444445 0.010000000000000009 0.010000000000000009 0.19729166666666667 
0.25972222222222224 3.9823255813953495 3.9823255813953495 4.036770833333333 
2.8818055555555553 0.846279069767442 0.846279069767442 2.9130208333333334 
0.5094444444444445 1.6825581395348839 1.6825581395348839 3.38125 
1.008888888888889 1.8916279069767445 1.8916279069767445 5.722395833333333 
1.3834722222222222 0.846279069767442 0.846279069767442 1.5083333333333333 
1.3834722222222222 1.264418604651163 1.264418604651163 5.816041666666666 
0.25972222222222224 3.1460465116279073 3.1460465116279073 7.408020833333333 
0.25972222222222224 0.42813953488372103 0.42813953488372103 3.38125 
0.25972222222222224 2.3097674418604655 2.3097674418604655 4.692291666666666 
2.8818055555555553 3.773255813953489 3.773255813953489 5.628749999999999 
1.3834722222222222 0.42813953488372103 0.42813953488372103 1.2273958333333332 
0.5094444444444445 0.2190697674418605 0.2190697674418605 0.19729166666666667 
2.632083333333333 0.2190697674418605 0.2190697674418605 1.7892708333333334 
0.25972222222222224 0.846279069767442 0.846279069767442 1.3210416666666667 
0.13486111111111113 3.1460465116279073 3.1460465116279073 3.1003125 
0.5094444444444445 1.264418604651163 1.264418604651163 2.4447916666666667 
0.5094444444444445 0.846279069767442 0.846279069767442 6.7524999999999995 
1.3834722222222222 3.1460465116279073 3.1460465116279073 8.1571875 
2.632083333333333 0.2190697674418605 0.2190697674418605 1.9765625 
0.5094444444444445 0.42813953488372103 0.42813953488372103 2.163854166666667 
0.25972222222222224 1.0553488372093025 1.0553488372093025 1.3210416666666667 
0.25972222222222224 8.37279069767442 8.372790697674418 9.0 
2.8818055555555553 0.010000000000000009 0.010000000000000009 1.9765625 
2.632083333333333 0.42813953488372103 0.42813953488372103 3.1003125 
0.5094444444444445 0.010000000000000009 0.010000000000000009 0.19729166666666667 
1.7580555555555557 0.6372093023255815 0.6372093023255815 5.816041666666666 
0.25972222222222224 0.42813953488372103 0.42813953488372103 1.13375 
1.3834722222222222 1.6825581395348839 1.6825581395348839 2.9130208333333334 
0.5094444444444445 0.010000000000000009 0.010000000000000009 0.19729166666666667 
2.8818055555555553 0.2190697674418605 0.2190697674418605 2.2575 
0.25972222222222224 0.2190697674418605 0.2190697674418605 0.19729166666666667 
1.7580555555555557 0.2190697674418605 0.2190697674418605 1.13375 
2.632083333333333 2.5188372093023257 2.5188372093023257 5.160520833333333 
0.25972222222222224 3.1460465116279073 3.1460465116279073 5.816041666666666 
0.25972222222222224 0.2190697674418605 0.2190697674418605 1.3210416666666667 
0.3845833333333334 0.846279069767442 0.846279069767442 0.9464583333333334 
0.5094444444444445 0.2190697674418605 0.2190697674418605 0.19729166666666667 
0.25972222222222224 1.0553488372093025 1.0553488372093025 1.2273958333333332 
1.3834722222222222 0.42813953488372103 0.42813953488372103 6.939791666666666 
0.25972222222222224 1.264418604651163 1.264418604651163 1.13375 
0.5094444444444445 2.3097674418604655 2.3097674418604655 3.006666666666667 
0.5094444444444445 1.264418604651163 1.264418604651163 4.692291666666666 
1.3834722222222222 0.2190697674418605 0.2190697674418605 1.3210416666666667 
1.7580555555555557 0.6372093023255815 0.6372093023255815 2.632083333333333 
0.5094444444444445 0.6372093023255815 0.6372093023255815 3.006666666666667 
2.8818055555555553 1.4734883720930234 1.4734883720930234 6.284270833333332 
1.7580555555555557 0.010000000000000009 0.010000000000000009 1.13375 
0.25972222222222224 0.846279069767442 0.846279069767442 4.2240625 
1.7580555555555557 1.264418604651163 1.264418604651163 2.2575 
0.5094444444444445 0.6372093023255815 0.6372093023255815 0.19729166666666667 
1.3834722222222222 1.8916279069767445 1.8916279069767445 3.1003125 
0.25972222222222224 0.6372093023255815 0.6372093023255815 1.13375 
2.632083333333333 0.2190697674418605 0.2190697674418605 1.9765625 
0.5094444444444445 0.846279069767442 0.846279069767442 0.8528125 
0.25972222222222224 1.0553488372093025 1.0553488372093025 1.8829166666666666 
0.5094444444444445 1.264418604651163 1.264418604651163 7.501666666666666 
1.3834722222222222 0.010000000000000009 0.010000000000000009 0.8528125 
1.3834722222222222 1.4734883720930234 1.4734883720930234 4.317708333333333 
0.01 1.4734883720930234 1.4734883720930234 5.3478125 
0.5094444444444445 0.010000000000000009 0.010000000000000009 0.19729166666666667 
1.2586111111111111 0.846279069767442 0.846279069767442 3.38125 
1.8829166666666668 0.846279069767442 0.846279069767442 2.9130208333333334 
1.7580555555555557 0.2190697674418605 0.2190697674418605 1.13375 
0.13486111111111113 2.7279069767441864 2.7279069767441864 8.7190625 
0.7591666666666668 4.4004651162790696 4.4004651162790696 2.4447916666666667 
2.8818055555555553 0.2190697674418605 0.2190697674418605 2.4447916666666667 
0.25972222222222224 1.264418604651163 1.264418604651163 3.1003125 
1.13375 0.2190697674418605 0.2190697674418605 1.3210416666666667 
0.5094444444444445 0.2190697674418605 0.2190697674418605 2.5384375 
2.0077777777777777 0.42813953488372103 0.42813953488372103 3.1003125 
0.3845833333333334 1.8916279069767445 1.8916279069767445 2.9130208333333334 
0.5094444444444445 3.1460465116279073 3.1460465116279073 3.38125 
1.7580555555555557 3.1460465116279073 3.1460465116279073 6.377916666666666 
2.0077777777777777 0.010000000000000009 0.010000000000000009 1.3210416666666667 
0.25972222222222224 0.2190697674418605 0.2190697674418605 0.8528125 
0.25972222222222224 0.846279069767442 0.846279069767442 1.3210416666666667 
1.13375 0.42813953488372103 0.42813953488372103 4.692291666666666 
0.25972222222222224 0.010000000000000009 0.010000000000000009 0.010000000000000009 
2.0077777777777777 0.6372093023255815 0.6372093023255815 2.4447916666666667 
0.5094444444444445 0.846279069767442 0.846279069767442 5.254166666666666 
0.5094444444444445 0.010000000000000009 0.010000000000000009 0.19729166666666667 
1.6331944444444446 0.6372093023255815 0.6372093023255815 1.7892708333333334 
0.25972222222222224 0.010000000000000009 0.010000000000000009 0.010000000000000009 
0.5094444444444445 6.700232558139535 6.700232558139535 9.0 
0.25972222222222224 0.2190697674418605 0.2190697674418605 0.8528125 
0.25972222222222224 0.010000000000000009 0.010000000000000009 0.010000000000000009 
1.7580555555555557 3.564186046511628 3.564186046511628 7.127083333333332 
0.25972222222222224 1.0553488372093025 1.0553488372093025 2.4447916666666667 
0.5094444444444445 0.846279069767442 0.846279069767442 1.9765625 
1.3834722222222222 0.2190697674418605 0.2190697674418605 0.8528125 
2.8818055555555553 2.9369767441860466 2.9369767441860466 5.160520833333333 
0.5094444444444445 0.2190697674418605 0.2190697674418605 3.6621875 
2.632083333333333 3.1460465116279073 3.1460465116279073 5.816041666666666 
0.5094444444444445 1.0553488372093025 1.0553488372093025 4.130416666666666 
0.8840277777777779 0.2190697674418605 0.2190697674418605 1.3210416666666667 
1.7580555555555557 1.264418604651163 1.264418604651163 4.036770833333333 
1.6331944444444446 1.4734883720930234 1.4734883720930234 2.2575 
2.632083333333333 0.6372093023255815 0.6372093023255815 4.692291666666666 
0.7591666666666668 3.355116279069768 3.355116279069768 6.377916666666666 
0.25972222222222224 2.1006976744186048 2.1006976744186048 4.130416666666666 
0.5094444444444445 0.846279069767442 0.846279069767442 2.2575 
0.5094444444444445 0.42813953488372103 0.42813953488372103 3.006666666666667 
0.25972222222222224 1.0553488372093025 1.0553488372093025 6.846145833333333 
2.0077777777777777 1.4734883720930234 1.4734883720930234 2.4447916666666667 
1.7580555555555557 0.010000000000000009 0.010000000000000009 1.13375 
0.5094444444444445 0.2190697674418605 0.2190697674418605 1.13375 
0.25972222222222224 1.264418604651163 1.264418604651163 6.939791666666666 
0.25972222222222224 2.1006976744186048 2.1006976744186048 2.4447916666666667 
2.632083333333333 0.010000000000000009 0.010000000000000009 1.7892708333333334 
1.7580555555555557 0.2190697674418605 0.2190697674418605 1.13375 
0.5094444444444445 0.846279069767442 0.846279069767442 1.13375 
1.5083333333333335 2.9369767441860466 2.9369767441860466 6.471562499999999 
2.0077777777777777 0.010000000000000009 0.010000000000000009 1.3210416666666667 
1.008888888888889 2.9369767441860466 2.9369767441860466 7.0334375 
1.3834722222222222 0.846279069767442 0.846279069767442 3.6621875 
1.7580555555555557 0.010000000000000009 0.010000000000000009 1.13375 
1.7580555555555557 0.6372093023255815 0.6372093023255815 3.38125 
5.004444444444444 0.010000000000000009 0.010000000000000009 3.5685416666666665 
1.7580555555555557 0.010000000000000009 0.010000000000000009 1.13375 
2.8818055555555553 0.2190697674418605 0.2190697674418605 1.9765625 
2.0077777777777777 0.846279069767442 0.846279069767442 3.5685416666666665 
0.5094444444444445 0.010000000000000009 0.010000000000000009 0.19729166666666667 
0.25972222222222224 0.6372093023255815 0.6372093023255815 1.3210416666666667 
0.5094444444444445 0.010000000000000009 0.010000000000000009 0.19729166666666667 
1.13375 0.2190697674418605 0.2190697674418605 2.2575 
1.13375 0.010000000000000009 0.010000000000000009 0.6655208333333333 
0.25972222222222224 0.2190697674418605 0.2190697674418605 0.19729166666666667 
0.6343055555555556 4.818604651162791 4.818604651162791 7.220729166666666 
2.0077777777777777 1.0553488372093025 1.0553488372093025 3.1003125 
0.5094444444444445 1.0553488372093025 1.0553488372093025 4.692291666666666 
0.13486111111111113 4.818604651162791 4.818604651162791 7.0334375 
1.3834722222222222 0.010000000000000009 0.010000000000000009 0.8528125 
2.632083333333333 0.2190697674418605 0.2190697674418605 2.9130208333333334 
0.5094444444444445 0.010000000000000009 0.010000000000000009 0.19729166666666667 
0.5094444444444445 0.846279069767442 0.846279069767442 5.254166666666666 
0.3845833333333334 0.846279069767442 0.846279069767442 3.38125 
1.3834722222222222 0.010000000000000009 0.010000000000000009 0.8528125 
0.25972222222222224 0.6372093023255815 0.6372093023255815 1.13375 
0.5094444444444445 0.010000000000000009 0.010000000000000009 0.19729166666666667 
2.632083333333333 0.42813953488372103 0.42813953488372103 2.2575 
2.632083333333333 0.010000000000000009 0.010000000000000009 1.7892708333333334 
0.5094444444444445 0.2190697674418605 0.2190697674418605 0.19729166666666667 
0.5094444444444445 1.6825581395348839 1.6825581395348839 4.692291666666666 
1.3834722222222222 0.010000000000000009 0.010000000000000009 0.8528125 
1.3834722222222222 1.0553488372093025 1.0553488372093025 2.2575 
0.5094444444444445 1.4734883720930234 1.4734883720930234 3.5685416666666665 
1.3834722222222222 0.2190697674418605 0.2190697674418605 0.8528125 
0.5094444444444445 0.010000000000000009 0.010000000000000009 0.19729166666666667 
0.25972222222222224 1.0553488372093025 1.0553488372093025 3.6621875 
0.25972222222222224 0.010000000000000009 0.010000000000000009 0.010000000000000009 
0.5094444444444445 0.010000000000000009 0.010000000000000009 0.19729166666666667 
2.8818055555555553 0.010000000000000009 0.010000000000000009 1.9765625 
0.5094444444444445 0.2190697674418605 0.2190697674418605 0.19729166666666667 
1.3834722222222222 1.4734883720930234 1.4734883720930234 4.692291666666666 
0.25972222222222224 1.8916279069767445 1.8916279069767445 4.692291666666666 
0.5094444444444445 0.42813953488372103 0.42813953488372103 2.0702083333333334 
0.5094444444444445 0.42813953488372103 0.42813953488372103 1.3210416666666667 
0.5094444444444445 0.2190697674418605 0.2190697674418605 0.19729166666666667 
1.7580555555555557 0.6372093023255815 0.6372093023255815 2.2575 
0.25972222222222224 0.846279069767442 0.846279069767442 0.8528125 
2.8818055555555553 0.2190697674418605 0.2190697674418605 2.2575 
1.008888888888889 1.6825581395348839 1.6825581395348839 5.816041666666666 
0.25972222222222224 0.42813953488372103 0.42813953488372103 1.13375 
2.0077777777777777 0.42813953488372103 0.42813953488372103 1.7892708333333334 
0.5094444444444445 1.0553488372093025 1.0553488372093025 3.6621875 
0.5094444444444445 0.6372093023255815 0.6372093023255815 0.19729166666666667 
0.5094444444444445 0.2190697674418605 0.2190697674418605 0.6655208333333333 
2.0077777777777777 0.2190697674418605 0.2190697674418605 6.377916666666666 
1.7580555555555557 1.264418604651163 1.264418604651163 6.658854166666666 
9.0 0.010000000000000009 0.010000000000000009 6.565208333333333 
1.7580555555555557 1.0553488372093025 1.0553488372093025 4.598645833333332 
2.0077777777777777 0.010000000000000009 0.010000000000000009 1.3210416666666667 
2.8818055555555553 0.010000000000000009 0.010000000000000009 1.9765625 
1.3834722222222222 2.1006976744186048 2.1006976744186048 3.7558333333333334 
2.0077777777777777 0.010000000000000009 0.010000000000000009 1.3210416666666667 
2.8818055555555553 0.010000000000000009 0.010000000000000009 1.9765625 
0.8840277777777779 0.846279069767442 0.846279069767442 3.1003125 
0.25972222222222224 0.2190697674418605 0.2190697674418605 0.010000000000000009 
2.0077777777777777 0.846279069767442 0.846279069767442 6.471562499999999 
1.3834722222222222 0.846279069767442 0.846279069767442 3.1003125 
2.0077777777777777 0.6372093023255815 0.6372093023255815 1.9765625 
1.13375 0.2190697674418605 0.2190697674418605 4.692291666666666 
0.5094444444444445 0.846279069767442 0.846279069767442 5.254166666666666 
1.3834722222222222 0.6372093023255815 0.6372093023255815 5.254166666666666 
3.256388888888889 0.846279069767442 0.846279069767442 4.4113541666666665 
0.5094444444444445 0.6372093023255815 0.6372093023255815 3.8494791666666663 
0.5094444444444445 0.2190697674418605 0.2190697674418605 4.598645833333332 
2.8818055555555553 0.010000000000000009 0.010000000000000009 1.9765625 
0.5094444444444445 0.010000000000000009 0.010000000000000009 0.19729166666666667 
0.25972222222222224 0.010000000000000009 0.010000000000000009 0.010000000000000009 
0.25972222222222224 0.6372093023255815 0.6372093023255815 1.3210416666666667 
0.3845833333333334 3.355116279069768 3.355116279069768 7.876249999999999 
2.632083333333333 0.42813953488372103 0.42813953488372103 3.1003125 
2.632083333333333 1.264418604651163 1.264418604651163 3.38125 
1.3834722222222222 0.2190697674418605 0.2190697674418605 0.8528125 
0.5094444444444445 1.0553488372093025 1.0553488372093025 3.1003125 
1.3834722222222222 2.1006976744186048 2.1006976744186048 3.38125 
0.25972222222222224 2.1006976744186048 2.1006976744186048 8.063541666666666 
0.13486111111111113 2.5188372093023257 2.5188372093023257 4.2240625 
1.7580555555555557 1.4734883720930234 1.4734883720930234 4.505 
1.6331944444444446 0.42813953488372103 0.42813953488372103 1.13375 
0.5094444444444445 2.1006976744186048 2.1006976744186048 8.7190625 
4.754722222222222 0.010000000000000009 0.010000000000000009 3.38125 
1.7580555555555557 0.010000000000000009 0.010000000000000009 1.13375 
2.8818055555555553 0.010000000000000009 0.010000000000000009 1.9765625 
2.8818055555555553 2.3097674418604655 2.3097674418604655 7.876249999999999 
0.25972222222222224 1.264418604651163 1.264418604651163 5.254166666666666 
2.0077777777777777 2.7279069767441864 2.7279069767441864 7.5953124999999995 
0.25972222222222224 0.010000000000000009 0.010000000000000009 0.010000000000000009 
1.13375 1.6825581395348839 1.6825581395348839 3.38125 
2.632083333333333 0.2190697674418605 0.2190697674418605 3.6621875 
0.5094444444444445 0.010000000000000009 0.010000000000000009 0.19729166666666667 
0.5094444444444445 1.4734883720930234 1.4734883720930234 2.2575 
2.632083333333333 0.42813953488372103 0.42813953488372103 3.38125 
0.25972222222222224 0.2190697674418605 0.2190697674418605 0.19729166666666667 
0.5094444444444445 0.2190697674418605 0.2190697674418605 0.19729166666666667 
2.0077777777777777 2.9369767441860466 2.9369767441860466 7.969895833333332 
2.0077777777777777 0.42813953488372103 0.42813953488372103 1.9765625 
1.7580555555555557 0.010000000000000009 0.010000000000000009 1.13375 
0.25972222222222224 1.264418604651163 1.264418604651163 7.0334375 
0.3845833333333334 4.191395348837209 4.191395348837209 3.7558333333333334 
0.25972222222222224 9.0 9.0 9.0 
1.6331944444444446 0.42813953488372103 0.42813953488372103 1.3210416666666667 
2.632083333333333 0.42813953488372103 0.42813953488372103 3.5685416666666665 
2.0077777777777777 1.8916279069767445 1.8916279069767445 5.628749999999999 
0.25972222222222224 0.6372093023255815 0.6372093023255815 2.2575 
1.3834722222222222 0.010000000000000009 0.010000000000000009 0.8528125 
0.25972222222222224 1.0553488372093025 1.0553488372093025 4.2240625 
2.8818055555555553 0.010000000000000009 0.010000000000000009 1.9765625 
0.5094444444444445 1.4734883720930234 1.4734883720930234 3.006666666666667 
0.25972222222222224 1.4734883720930234 1.4734883720930234 3.38125 
2.0077777777777777 0.010000000000000009 0.010000000000000009 1.3210416666666667 
0.5094444444444445 0.010000000000000009 0.010000000000000009 0.19729166666666667 
1.3834722222222222 0.6372093023255815 0.6372093023255815 5.535104166666666 
0.5094444444444445 3.9823255813953495 3.9823255813953495 6.284270833333332 
0.3845833333333334 0.846279069767442 0.846279069767442 2.2575 
1.5083333333333335 2.3097674418604655 2.3097674418604655 5.254166666666666 
0.5094444444444445 2.1006976744186048 2.1006976744186048 5.816041666666666 
1.7580555555555557 0.010000000000000009 0.010000000000000009 1.13375 
2.632083333333333 0.010000000000000009 0.010000000000000009 1.7892708333333334 
1.7580555555555557 1.4734883720930234 1.4734883720930234 4.505 
1.13375 0.2190697674418605 0.2190697674418605 4.692291666666666 
2.632083333333333 0.010000000000000009 0.010000000000000009 1.7892708333333334 
0.25972222222222224 0.6372093023255815 0.6372093023255815 1.3210416666666667 
0.5094444444444445 0.6372093023255815 0.6372093023255815 1.5083333333333333 
0.25972222222222224 0.6372093023255815 0.6372093023255815 1.3210416666666667 
0.25972222222222224 1.264418604651163 1.264418604651163 4.130416666666666 
2.8818055555555553 0.2190697674418605 0.2190697674418605 3.38125 
2.0077777777777777 0.6372093023255815 0.6372093023255815 2.9130208333333334 
0.5094444444444445 0.6372093023255815 0.6372093023255815 2.2575 
1.3834722222222222 0.6372093023255815 0.6372093023255815 6.7524999999999995 
1.13375 0.010000000000000009 0.010000000000000009 0.6655208333333333 
0.5094444444444445 2.3097674418604655 2.3097674418604655 8.063541666666666 
2.0077777777777777 0.010000000000000009 0.010000000000000009 1.3210416666666667 
1.7580555555555557 0.42813953488372103 0.42813953488372103 3.1003125 
2.0077777777777777 1.264418604651163 1.264418604651163 5.816041666666666 
2.0077777777777777 1.0553488372093025 1.0553488372093025 3.1003125 
0.25972222222222224 0.010000000000000009 0.010000000000000009 0.010000000000000009 
1.3834722222222222 0.2190697674418605 0.2190697674418605 6.377916666666666 
1.13375 0.2190697674418605 0.2190697674418605 0.8528125 
1.3834722222222222 4.818604651162791 4.818604651162791 5.816041666666666 
1.3834722222222222 1.264418604651163 1.264418604651163 6.846145833333333 
2.8818055555555553 0.42813953488372103 0.42813953488372103 3.5685416666666665 
0.25972222222222224 0.846279069767442 0.846279069767442 1.3210416666666667 
1.7580555555555557 0.42813953488372103 0.42813953488372103 3.6621875 
0.5094444444444445 1.0553488372093025 1.0553488372093025 3.38125 
0.8840277777777779 0.846279069767442 0.846279069767442 4.692291666666666 
0.5094444444444445 0.2190697674418605 0.2190697674418605 0.19729166666666667 
0.5094444444444445 1.6825581395348839 1.6825581395348839 2.2575 
2.8818055555555553 0.42813953488372103 0.42813953488372103 8.1571875 
0.5094444444444445 0.010000000000000009 0.010000000000000009 0.19729166666666667 
2.632083333333333 0.010000000000000009 0.010000000000000009 1.7892708333333334 
1.7580555555555557 0.846279069767442 0.846279069767442 6.7524999999999995 
0.25972222222222224 8.79093023255814 8.79093023255814 7.876249999999999 
1.3834722222222222 0.2190697674418605 0.2190697674418605 2.2575 
2.0077777777777777 0.42813953488372103 0.42813953488372103 3.5685416666666665 
0.25972222222222224 0.42813953488372103 0.42813953488372103 7.0334375 
2.0077777777777777 1.0553488372093025 1.0553488372093025 4.505 
1.7580555555555557 0.846279069767442 0.846279069767442 2.4447916666666667 
0.3845833333333334 1.0553488372093025 1.0553488372093025 1.7892708333333334 
1.7580555555555557 0.6372093023255815 0.6372093023255815 2.4447916666666667 
2.632083333333333 0.010000000000000009 0.010000000000000009 1.7892708333333334 
0.13486111111111113 1.264418604651163 1.264418604651163 5.160520833333333 
0.5094444444444445 0.010000000000000009 0.010000000000000009 0.19729166666666667 
1.3834722222222222 0.42813953488372103 0.42813953488372103 6.939791666666666 
0.5094444444444445 0.42813953488372103 0.42813953488372103 2.4447916666666667 
0.5094444444444445 1.8916279069767445 1.8916279069767445 2.4447916666666667 
1.7580555555555557 0.42813953488372103 0.42813953488372103 7.5953124999999995 
1.3834722222222222 1.264418604651163 1.264418604651163 3.2876041666666667 
2.0077777777777777 1.0553488372093025 1.0553488372093025 7.408020833333333 
0.7591666666666668 0.42813953488372103 0.42813953488372103 1.13375 
0.5094444444444445 2.7279069767441864 2.7279069767441864 3.5685416666666665 
0.25972222222222224 0.42813953488372103 0.42813953488372103 2.0702083333333334 
1.3834722222222222 0.010000000000000009 0.010000000000000009 0.8528125 
2.8818055555555553 0.2190697674418605 0.2190697674418605 1.9765625 
0.25972222222222224 0.010000000000000009 0.010000000000000009 0.010000000000000009 
0.5094444444444445 0.42813953488372103 0.42813953488372103 1.3210416666666667 
0.13486111111111113 1.8916279069767445 1.8916279069767445 3.8494791666666663 
1.008888888888889 0.2190697674418605 0.2190697674418605 1.3210416666666667 
0.3845833333333334 2.7279069767441864 2.7279069767441864 3.1003125 
0.5094444444444445 0.2190697674418605 0.2190697674418605 2.632083333333333 
2.0077777777777777 0.010000000000000009 0.010000000000000009 1.3210416666666667 
2.632083333333333 0.2190697674418605 0.2190697674418605 2.2575 
1.3834722222222222 1.6825581395348839 1.6825581395348839 6.565208333333333 
0.5094444444444445 0.6372093023255815 0.6372093023255815 2.2575 
1.7580555555555557 0.010000000000000009 0.010000000000000009 1.13375 
0.5094444444444445 0.846279069767442 0.846279069767442 5.254166666666666 
1.3834722222222222 0.42813953488372103 0.42813953488372103 2.4447916666666667 
0.5094444444444445 0.846279069767442 0.846279069767442 2.9130208333333334 
2.0077777777777777 0.846279069767442 0.846279069767442 2.3511458333333333 
0.25972222222222224 0.846279069767442 0.846279069767442 1.3210416666666667 
2.632083333333333 0.010000000000000009 0.010000000000000009 1.7892708333333334 
1.3834722222222222 0.010000000000000009 0.010000000000000009 0.8528125 
0.25972222222222224 0.42813953488372103 0.42813953488372103 0.8528125 
0.5094444444444445 1.264418604651163 1.264418604651163 4.692291666666666 
0.25972222222222224 0.42813953488372103 0.42813953488372103 1.6019791666666667 
0.25972222222222224 0.2190697674418605 0.2190697674418605 1.13375 
1.7580555555555557 0.42813953488372103 0.42813953488372103 2.9130208333333334 
1.7580555555555557 0.2190697674418605 0.2190697674418605 1.3210416666666667 
0.25972222222222224 1.0553488372093025 1.0553488372093025 2.2575 
1.7580555555555557 0.42813953488372103 0.42813953488372103 2.2575 
0.5094444444444445 0.42813953488372103 0.42813953488372103 6.471562499999999 
0.5094444444444445 1.6825581395348839 1.6825581395348839 4.973229166666666 
0.25972222222222224 0.846279069767442 0.846279069767442 2.2575 
2.8818055555555553 0.010000000000000009 0.010000000000000009 1.9765625 
0.25972222222222224 2.5188372093023257 2.5188372093023257 6.939791666666666 
0.25972222222222224 0.6372093023255815 0.6372093023255815 1.3210416666666667 
0.25972222222222224 0.010000000000000009 0.010000000000000009 0.010000000000000009 
1.5083333333333335 2.1006976744186048 2.1006976744186048 3.474895833333333 
0.6343055555555556 2.1006976744186048 2.1006976744186048 6.846145833333333 
2.632083333333333 0.846279069767442 0.846279069767442 5.441458333333332 
2.507222222222222 2.7279069767441864 2.7279069767441864 6.284270833333332 
0.25972222222222224 0.42813953488372103 0.42813953488372103 0.6655208333333333 
0.25972222222222224 1.0553488372093025 1.0553488372093025 1.3210416666666667 
3.131527777777778 1.0553488372093025 1.0553488372093025 4.505 
2.0077777777777777 0.010000000000000009 0.010000000000000009 1.3210416666666667 
0.5094444444444445 1.4734883720930234 1.4734883720930234 4.130416666666666 
2.0077777777777777 1.264418604651163 1.264418604651163 8.531770833333333 
0.25972222222222224 0.010000000000000009 0.010000000000000009 0.010000000000000009 
2.0077777777777777 0.6372093023255815 0.6372093023255815 4.036770833333333 
2.8818055555555553 0.42813953488372103 0.42813953488372103 3.474895833333333 
