3.1565 0.19346938775510206 0.19346938775510206 1.13375 
0.909 0.37693877551020416 0.37693877551020416 2.4447916666666667 
2.4822499999999996 0.010000000000000009 0.010000000000000009 0.8528125 
0.4595 7.715714285714286 7.715714285714286 7.876249999999999 
5.17925 0.19346938775510206 0.19346938775510206 7.969895833333332 
3.1565 0.010000000000000009 0.010000000000000009 1.13375 
3.1565 0.7438775510204082 0.7438775510204082 4.505 
2.4822499999999996 1.2942857142857143 1.2942857142857143 4.317708333333333 
0.909 0.19346938775510206 0.19346938775510206 4.598645833333332 
0.909 0.19346938775510206 0.19346938775510206 0.6655208333333333 
4.72975 0.37693877551020416 0.37693877551020416 3.5685416666666665 
1.58325 1.6612244897959183 1.6612244897959183 4.2240625 
3.606 1.2942857142857143 1.2942857142857143 6.939791666666666 
0.909 2.7620408163265306 2.7620408163265306 9.0 
5.17925 0.9273469387755103 0.9273469387755103 4.036770833333333 
3.1565 2.2116326530612245 2.2116326530612245 5.160520833333333 
0.4595 0.7438775510204082 0.7438775510204082 1.3210416666666667 
0.909 0.5604081632653062 0.5604081632653062 1.13375 
0.4595 0.9273469387755103 0.9273469387755103 3.6621875 
3.1565 0.7438775510204082 0.7438775510204082 2.4447916666666667 
2.4822499999999996 0.010000000000000009 0.010000000000000009 0.8528125 
0.4595 0.7438775510204082 0.7438775510204082 1.3210416666666667 
0.4595 2.2116326530612245 2.2116326530612245 4.785937499999999 
0.909 0.010000000000000009 0.010000000000000009 0.19729166666666667 
0.4595 0.19346938775510206 0.19346938775510206 0.7591666666666667 
5.17925 1.2942857142857143 1.2942857142857143 6.284270833333332 
0.909 1.1108163265306121 1.1108163265306121 4.692291666666666 
0.4595 0.19346938775510206 0.19346938775510206 0.19729166666666667 
0.4595 2.0281632653061226 2.0281632653061226 7.501666666666666 
5.17925 0.010000000000000009 0.010000000000000009 1.9765625 
0.909 0.9273469387755103 0.9273469387755103 4.2240625 
0.4595 0.010000000000000009 0.010000000000000009 0.010000000000000009 
3.1565 0.010000000000000009 0.010000000000000009 1.13375 
0.4595 1.1108163265306121 1.1108163265306121 7.0334375 
0.909 0.5604081632653062 0.5604081632653062 2.2575 
3.1565 0.5604081632653062 0.5604081632653062 2.4447916666666667 
2.4822499999999996 0.19346938775510206 0.19346938775510206 1.7892708333333334 
0.4595 0.19346938775510206 0.19346938775510206 0.8528125 
0.4595 0.9273469387755103 0.9273469387755103 2.2575 
5.17925 0.010000000000000009 0.010000000000000009 1.9765625 
0.4595 0.5604081632653062 0.5604081632653062 1.3210416666666667 
0.909 0.19346938775510206 0.19346938775510206 5.3478125 
3.1565 0.37693877551020416 0.37693877551020416 1.7892708333333334 
2.707 2.0281632653061226 2.0281632653061226 5.254166666666666 
5.17925 6.798367346938776 6.798367346938776 9.0 
3.606 0.19346938775510206 0.19346938775510206 2.3511458333333333 
3.606 0.19346938775510206 0.19346938775510206 1.3210416666666667 
0.4595 1.2942857142857143 1.2942857142857143 3.38125 
0.909 0.19346938775510206 0.19346938775510206 2.7257291666666665 
2.4822499999999996 0.5604081632653062 0.5604081632653062 3.006666666666667 
3.1565 0.7438775510204082 0.7438775510204082 5.816041666666666 
0.909 0.010000000000000009 0.010000000000000009 0.19729166666666667 
0.909 0.010000000000000009 0.010000000000000009 0.19729166666666667 
0.4595 0.7438775510204082 0.7438775510204082 3.006666666666667 
0.909 0.9273469387755103 0.9273469387755103 4.130416666666666 
3.1565 0.010000000000000009 0.010000000000000009 1.13375 
0.4595 0.9273469387755103 0.9273469387755103 4.036770833333333 
3.1565 1.1108163265306121 1.1108163265306121 3.1003125 
1.13375 1.8446938775510202 1.8446938775510202 6.846145833333333 
0.909 1.1108163265306121 1.1108163265306121 2.163854166666667 
3.606 1.8446938775510202 1.8446938775510202 3.5685416666666665 
0.909 0.010000000000000009 0.010000000000000009 0.19729166666666667 
5.17925 0.37693877551020416 0.37693877551020416 3.6621875 
0.4595 0.37693877551020416 0.37693877551020416 1.8829166666666666 
2.4822499999999996 1.1108163265306121 1.1108163265306121 3.2876041666666667 
5.17925 0.19346938775510206 0.19346938775510206 2.4447916666666667 
0.909 0.19346938775510206 0.19346938775510206 3.6621875 
7.87625 0.37693877551020416 0.37693877551020416 5.816041666666666 
2.4822499999999996 0.19346938775510206 0.19346938775510206 2.0702083333333334 
4.72975 0.19346938775510206 0.19346938775510206 2.2575 
0.4595 0.37693877551020416 0.37693877551020416 1.13375 
1.58325 0.7438775510204082 0.7438775510204082 4.692291666666666 
0.01 2.2116326530612245 2.2116326530612245 2.4447916666666667 
0.909 0.9273469387755103 0.9273469387755103 2.632083333333333 
2.03275 0.37693877551020416 0.37693877551020416 1.13375 
0.4595 0.9273469387755103 0.9273469387755103 6.846145833333333 
0.909 0.7438775510204082 0.7438775510204082 2.9130208333333334 
0.909 2.2116326530612245 2.2116326530612245 3.474895833333333 
0.909 2.0281632653061226 2.0281632653061226 8.063541666666666 
0.909 1.8446938775510202 1.8446938775510202 2.4447916666666667 
0.909 0.010000000000000009 0.010000000000000009 0.19729166666666667 
0.4595 0.19346938775510206 0.19346938775510206 0.19729166666666667 
2.4822499999999996 0.19346938775510206 0.19346938775510206 4.692291666666666 
3.3812499999999996 0.7438775510204082 0.7438775510204082 2.9130208333333334 
5.17925 0.37693877551020416 0.37693877551020416 3.1003125 
2.03275 0.010000000000000009 0.010000000000000009 0.6655208333333333 
3.606 0.5604081632653062 0.5604081632653062 2.9130208333333334 
0.909 0.010000000000000009 0.010000000000000009 0.19729166666666667 
0.68425 3.679387755102041 3.679387755102041 3.7558333333333334 
3.1565 0.37693877551020416 0.37693877551020416 4.692291666666666 
4.72975 0.19346938775510206 0.19346938775510206 1.9765625 
5.17925 0.19346938775510206 0.19346938775510206 1.9765625 
2.4822499999999996 4.229795918367348 4.229795918367348 5.816041666666666 
3.1565 0.5604081632653062 0.5604081632653062 3.5685416666666665 
0.909 0.7438775510204082 0.7438775510204082 3.006666666666667 
3.1565 2.7620408163265306 2.7620408163265306 9.0 
0.4595 0.9273469387755103 0.9273469387755103 2.4447916666666667 
0.4595 0.010000000000000009 0.010000000000000009 0.010000000000000009 
0.909 0.5604081632653062 0.5604081632653062 0.19729166666666667 
3.606 1.1108163265306121 1.1108163265306121 3.474895833333333 
4.72975 0.010000000000000009 0.010000000000000009 1.7892708333333334 
2.4822499999999996 0.010000000000000009 0.010000000000000009 0.8528125 
3.606 0.37693877551020416 0.37693877551020416 7.876249999999999 
4.72975 0.010000000000000009 0.010000000000000009 1.7892708333333334 
2.4822499999999996 0.010000000000000009 0.010000000000000009 0.8528125 
4.72975 1.1108163265306121 1.1108163265306121 3.38125 
5.17925 0.37693877551020416 0.37693877551020416 2.9130208333333334 
3.606 0.010000000000000009 0.010000000000000009 1.3210416666666667 
0.909 0.19346938775510206 0.19346938775510206 4.130416666666666 
8.5505 0.010000000000000009 0.010000000000000009 3.38125 
5.17925 0.010000000000000009 0.010000000000000009 1.9765625 
4.72975 0.19346938775510206 0.19346938775510206 1.7892708333333334 
5.17925 0.37693877551020416 0.37693877551020416 3.5685416666666665 
0.4595 2.5785714285714287 2.5785714285714287 4.4113541666666665 
0.4595 0.37693877551020416 0.37693877551020416 2.0702083333333334 
0.909 0.19346938775510206 0.19346938775510206 0.19729166666666667 
2.4822499999999996 2.9455102040816326 2.9455102040816326 7.220729166666666 
1.808 1.4777551020408164 1.4777551020408164 5.816041666666666 
4.72975 0.010000000000000009 0.010000000000000009 1.7892708333333334 
0.909 5.881020408163266 5.881020408163266 9.0 
5.62875 0.9273469387755103 0.9273469387755103 4.505 
0.909 0.010000000000000009 0.010000000000000009 0.19729166666666667 
1.3585 0.37693877551020416 0.37693877551020416 1.13375 
0.909 1.1108163265306121 1.1108163265306121 2.819375 
0.4595 0.010000000000000009 0.010000000000000009 0.010000000000000009 
3.1565 0.010000000000000009 0.010000000000000009 1.13375 
2.4822499999999996 0.7438775510204082 0.7438775510204082 3.1003125 
2.4822499999999996 1.4777551020408164 1.4777551020408164 3.38125 
3.1565 0.9273469387755103 0.9273469387755103 4.598645833333332 
0.4595 2.7620408163265306 2.7620408163265306 5.816041666666666 
0.909 4.046326530612245 4.046326530612245 5.254166666666666 
0.4595 0.9273469387755103 0.9273469387755103 1.3210416666666667 
0.909 0.010000000000000009 0.010000000000000009 0.19729166666666667 
3.606 0.010000000000000009 0.010000000000000009 1.3210416666666667 
3.1565 0.010000000000000009 0.010000000000000009 1.13375 
2.707 1.4777551020408164 1.4777551020408164 5.441458333333332 
4.72975 0.37693877551020416 0.37693877551020416 3.1003125 
3.1565 1.2942857142857143 1.2942857142857143 4.130416666666666 
0.4595 0.010000000000000009 0.010000000000000009 0.010000000000000009 
3.1565 0.19346938775510206 0.19346938775510206 1.3210416666666667 
3.606 0.7438775510204082 0.7438775510204082 3.5685416666666665 
3.606 2.3951020408163264 2.3951020408163264 7.5953124999999995 
4.72975 0.010000000000000009 0.010000000000000009 1.7892708333333334 
2.03275 0.010000000000000009 0.010000000000000009 0.6655208333333333 
0.909 0.5604081632653062 0.5604081632653062 3.6621875 
3.606 1.1108163265306121 1.1108163265306121 7.969895833333332 
0.4595 0.19346938775510206 0.19346938775510206 0.8528125 
3.606 0.5604081632653062 0.5604081632653062 3.5685416666666665 
3.1565 1.2942857142857143 1.2942857142857143 4.505 
0.909 0.010000000000000009 0.010000000000000009 0.19729166666666667 
0.4595 0.7438775510204082 0.7438775510204082 0.8528125 
5.17925 0.010000000000000009 0.010000000000000009 1.9765625 
2.4822499999999996 0.37693877551020416 0.37693877551020416 2.4447916666666667 
1.3585 0.37693877551020416 0.37693877551020416 2.2575 
0.909 0.19346938775510206 0.19346938775510206 0.19729166666666667 
0.4595 0.010000000000000009 0.010000000000000009 0.010000000000000009 
0.909 2.7620408163265306 2.7620408163265306 6.377916666666666 
3.606 1.1108163265306121 1.1108163265306121 3.38125 
2.4822499999999996 0.37693877551020416 0.37693877551020416 6.939791666666666 
0.909 1.6612244897959183 1.6612244897959183 2.4447916666666667 
0.909 0.9273469387755103 0.9273469387755103 1.3210416666666667 
3.1565 0.19346938775510206 0.19346938775510206 1.13375 
3.1565 0.5604081632653062 0.5604081632653062 2.2575 
0.4595 0.37693877551020416 0.37693877551020416 3.38125 
0.4595 0.9273469387755103 0.9273469387755103 4.2240625 
0.4595 0.7438775510204082 0.7438775510204082 1.3210416666666667 
0.909 1.2942857142857143 1.2942857142857143 2.4447916666666667 
2.4822499999999996 0.19346938775510206 0.19346938775510206 2.2575 
0.909 0.19346938775510206 0.19346938775510206 2.632083333333333 
2.03275 0.19346938775510206 0.19346938775510206 2.2575 
2.4822499999999996 0.010000000000000009 0.010000000000000009 0.8528125 
2.03275 1.8446938775510202 1.8446938775510202 4.4113541666666665 
0.4595 0.5604081632653062 0.5604081632653062 2.2575 
0.909 0.19346938775510206 0.19346938775510206 0.19729166666666667 
0.4595 0.19346938775510206 0.19346938775510206 0.19729166666666667 
2.4822499999999996 0.37693877551020416 0.37693877551020416 3.5685416666666665 
0.23475000000000001 2.3951020408163264 2.3951020408163264 5.254166666666666 
0.909 1.6612244897959183 1.6612244897959183 2.4447916666666667 
0.909 0.9273469387755103 0.9273469387755103 4.692291666666666 
0.01 1.2942857142857143 1.2942857142857143 5.3478125 
2.4822499999999996 0.010000000000000009 0.010000000000000009 0.8528125 
1.808 2.5785714285714287 2.5785714285714287 7.0334375 
0.4595 0.7438775510204082 0.7438775510204082 2.2575 
3.1565 0.19346938775510206 0.19346938775510206 1.7892708333333334 
2.4822499999999996 0.7438775510204082 0.7438775510204082 3.38125 
3.606 0.010000000000000009 0.010000000000000009 1.3210416666666667 
0.4595 0.010000000000000009 0.010000000000000009 0.010000000000000009 
2.03275 0.19346938775510206 0.19346938775510206 4.692291666666666 
2.4822499999999996 0.19346938775510206 0.19346938775510206 1.7892708333333334 
2.4822499999999996 1.4777551020408164 1.4777551020408164 6.565208333333333 
3.606 0.010000000000000009 0.010000000000000009 1.3210416666666667 
2.4822499999999996 2.0281632653061226 2.0281632653061226 5.254166666666666 
4.72975 0.37693877551020416 0.37693877551020416 2.2575 
0.4595 0.5604081632653062 0.5604081632653062 1.13375 
0.01 0.37693877551020416 0.37693877551020416 0.19729166666666667 
0.4595 0.37693877551020416 0.37693877551020416 1.3210416666666667 
3.1565 0.19346938775510206 0.19346938775510206 1.13375 
0.4595 0.19346938775510206 0.19346938775510206 0.010000000000000009 
5.17925 0.5604081632653062 0.5604081632653062 4.692291666666666 
9.0 0.010000000000000009 0.010000000000000009 3.5685416666666665 
2.03275 0.19346938775510206 0.19346938775510206 0.8528125 
2.4822499999999996 0.9273469387755103 0.9273469387755103 3.6621875 
0.909 0.010000000000000009 0.010000000000000009 0.19729166666666667 
3.1565 1.1108163265306121 1.1108163265306121 4.2240625 
2.03275 1.2942857142857143 1.2942857142857143 3.38125 
1.58325 1.8446938775510202 1.8446938775510202 8.1571875 
4.72975 0.19346938775510206 0.19346938775510206 2.9130208333333334 
5.17925 0.19346938775510206 0.19346938775510206 2.2575 
3.606 0.5604081632653062 0.5604081632653062 4.036770833333333 
0.4595 2.0281632653061226 2.0281632653061226 6.377916666666666 
0.4595 1.2942857142857143 1.2942857142857143 3.1003125 
2.03275 0.37693877551020416 0.37693877551020416 4.692291666666666 
0.4595 0.19346938775510206 0.19346938775510206 1.3210416666666667 
0.68425 2.9455102040816326 2.9455102040816326 7.876249999999999 
0.909 0.7438775510204082 0.7438775510204082 1.9765625 
0.4595 0.010000000000000009 0.010000000000000009 0.010000000000000009 
3.606 0.5604081632653062 0.5604081632653062 1.9765625 
0.4595 0.37693877551020416 0.37693877551020416 0.6655208333333333 
0.4595 0.37693877551020416 0.37693877551020416 0.19729166666666667 
8.77525 0.010000000000000009 0.010000000000000009 3.474895833333333 
3.1565 0.010000000000000009 0.010000000000000009 1.13375 
0.68425 0.7438775510204082 0.7438775510204082 0.9464583333333334 
2.4822499999999996 0.19346938775510206 0.19346938775510206 0.8528125 
3.1565 1.1108163265306121 1.1108163265306121 6.658854166666666 
0.909 2.9455102040816326 2.9455102040816326 6.471562499999999 
5.17925 0.5604081632653062 0.5604081632653062 4.785937499999999 
0.909 0.7438775510204082 0.7438775510204082 6.7524999999999995 
2.4822499999999996 0.37693877551020416 0.37693877551020416 1.3210416666666667 
0.4595 0.010000000000000009 0.010000000000000009 0.010000000000000009 
0.4595 0.37693877551020416 0.37693877551020416 1.6019791666666667 
2.4822499999999996 1.1108163265306121 1.1108163265306121 2.5384375 
0.4595 2.0281632653061226 2.0281632653061226 4.2240625 
0.909 0.19346938775510206 0.19346938775510206 0.6655208333333333 
3.1565 0.19346938775510206 0.19346938775510206 1.13375 
2.4822499999999996 0.7438775510204082 0.7438775510204082 1.5083333333333333 
0.909 0.9273469387755103 0.9273469387755103 1.9765625 
2.4822499999999996 0.5604081632653062 0.5604081632653062 5.254166666666666 
0.4595 0.010000000000000009 0.010000000000000009 0.010000000000000009 
1.58325 2.0281632653061226 2.0281632653061226 7.876249999999999 
0.909 0.7438775510204082 0.7438775510204082 4.130416666666666 
4.72975 0.5604081632653062 0.5604081632653062 4.692291666666666 
5.17925 0.37693877551020416 0.37693877551020416 3.474895833333333 
0.909 0.9273469387755103 0.9273469387755103 3.38125 
0.68425 0.7438775510204082 0.7438775510204082 3.38125 
2.4822499999999996 2.7620408163265306 2.7620408163265306 8.1571875 
2.03275 0.19346938775510206 0.19346938775510206 1.3210416666666667 
3.1565 0.7438775510204082 0.7438775510204082 6.7524999999999995 
2.4822499999999996 0.37693877551020416 0.37693877551020416 1.13375 
2.4822499999999996 1.1108163265306121 1.1108163265306121 5.816041666666666 
4.72975 0.010000000000000009 0.010000000000000009 1.7892708333333334 
2.4822499999999996 0.19346938775510206 0.19346938775510206 0.8528125 
2.4822499999999996 3.8628571428571425 3.8628571428571425 9.0 
0.909 0.37693877551020416 0.37693877551020416 1.3210416666666667 
0.909 0.7438775510204082 0.7438775510204082 1.3210416666666667 
4.505 2.3951020408163264 2.3951020408163264 6.284270833333332 
0.4595 0.19346938775510206 0.19346938775510206 3.6621875 
5.17925 0.010000000000000009 0.010000000000000009 1.9765625 
3.1565 0.010000000000000009 0.010000000000000009 1.13375 
3.606 0.010000000000000009 0.010000000000000009 1.3210416666666667 
2.4822499999999996 1.2942857142857143 1.2942857142857143 3.6621875 
3.1565 0.5604081632653062 0.5604081632653062 5.816041666666666 
0.909 1.8446938775510202 1.8446938775510202 5.535104166666666 
2.4822499999999996 0.9273469387755103 0.9273469387755103 2.3511458333333333 
0.4595 0.5604081632653062 0.5604081632653062 1.9765625 
1.3585 3.8628571428571425 3.8628571428571425 2.4447916666666667 
3.606 2.0281632653061226 2.0281632653061226 4.505 
5.17925 0.19346938775510206 0.19346938775510206 1.9765625 
0.909 1.1108163265306121 1.1108163265306121 4.692291666666666 
0.4595 0.19346938775510206 0.19346938775510206 0.8528125 
4.72975 0.9273469387755103 0.9273469387755103 7.876249999999999 
2.4822499999999996 0.19346938775510206 0.19346938775510206 3.38125 
3.1565 0.19346938775510206 0.19346938775510206 1.13375 
0.68425 0.19346938775510206 0.19346938775510206 1.9765625 
0.909 0.7438775510204082 0.7438775510204082 1.13375 
0.4595 0.5604081632653062 0.5604081632653062 6.377916666666666 
0.4595 0.010000000000000009 0.010000000000000009 0.010000000000000009 
3.606 0.010000000000000009 0.010000000000000009 1.3210416666666667 
3.1565 0.5604081632653062 0.5604081632653062 2.2575 
4.72975 0.19346938775510206 0.19346938775510206 1.7892708333333334 
4.0555 0.19346938775510206 0.19346938775510206 1.9765625 
3.1565 0.19346938775510206 0.19346938775510206 1.13375 
0.909 0.010000000000000009 0.010000000000000009 0.19729166666666667 
0.4595 1.8446938775510202 1.8446938775510202 4.130416666666666 
2.4822499999999996 0.7438775510204082 0.7438775510204082 3.6621875 
2.4822499999999996 0.19346938775510206 0.19346938775510206 0.8528125 
4.9544999999999995 0.010000000000000009 0.010000000000000009 1.8829166666666666 
5.17925 2.5785714285714287 2.5785714285714287 5.160520833333333 
5.17925 1.2942857142857143 1.2942857142857143 4.130416666666666 
0.23475000000000001 2.2116326530612245 2.2116326530612245 4.2240625 
0.4595 0.37693877551020416 0.37693877551020416 6.846145833333333 
0.4595 0.37693877551020416 0.37693877551020416 0.19729166666666667 
0.4595 2.7620408163265306 2.7620408163265306 7.408020833333333 
2.4822499999999996 0.010000000000000009 0.010000000000000009 0.8528125 
0.909 1.2942857142857143 1.2942857142857143 3.5685416666666665 
8.5505 0.010000000000000009 0.010000000000000009 3.38125 
0.909 0.37693877551020416 0.37693877551020416 6.471562499999999 
2.4822499999999996 0.37693877551020416 0.37693877551020416 1.9765625 
3.606 0.010000000000000009 0.010000000000000009 1.3210416666666667 
0.4595 1.8446938775510202 1.8446938775510202 4.130416666666666 
2.93175 1.2942857142857143 1.2942857142857143 2.2575 
0.4595 0.37693877551020416 0.37693877551020416 1.13375 
3.606 1.6612244897959183 1.6612244897959183 8.1571875 
2.4822499999999996 1.2942857142857143 1.2942857142857143 4.130416666666666 
2.4822499999999996 0.7438775510204082 0.7438775510204082 3.2876041666666667 
0.4595 1.8446938775510202 1.8446938775510202 2.4447916666666667 
3.606 0.37693877551020416 0.37693877551020416 1.6019791666666667 
0.4595 1.8446938775510202 1.8446938775510202 3.6621875 
0.909 0.7438775510204082 0.7438775510204082 1.3210416666666667 
0.909 0.5604081632653062 0.5604081632653062 1.5083333333333333 
0.909 0.19346938775510206 0.19346938775510206 0.19729166666666667 
0.4595 9.0 9.0 9.0 
0.4595 0.010000000000000009 0.010000000000000009 0.010000000000000009 
3.1565 1.1108163265306121 1.1108163265306121 6.565208333333333 
0.909 0.010000000000000009 0.010000000000000009 0.19729166666666667 
2.4822499999999996 0.37693877551020416 0.37693877551020416 1.9765625 
0.68425 0.5604081632653062 0.5604081632653062 2.5384375 
3.1565 0.37693877551020416 0.37693877551020416 3.1003125 
5.17925 0.010000000000000009 0.010000000000000009 1.9765625 
0.4595 0.19346938775510206 0.19346938775510206 0.8528125 
0.909 0.37693877551020416 0.37693877551020416 1.3210416666666667 
0.909 0.010000000000000009 0.010000000000000009 0.19729166666666667 
3.606 0.010000000000000009 0.010000000000000009 1.3210416666666667 
0.909 0.19346938775510206 0.19346938775510206 0.19729166666666667 
5.17925 0.7438775510204082 0.7438775510204082 5.254166666666666 
0.4595 0.010000000000000009 0.010000000000000009 0.010000000000000009 
4.72975 0.19346938775510206 0.19346938775510206 1.9765625 
0.4595 1.8446938775510202 1.8446938775510202 3.5685416666666665 
4.72975 0.37693877551020416 0.37693877551020416 6.377916666666666 
2.4822499999999996 0.9273469387755103 0.9273469387755103 2.4447916666666667 
0.909 0.7438775510204082 0.7438775510204082 5.254166666666666 
3.606 0.37693877551020416 0.37693877551020416 1.9765625 
0.909 0.010000000000000009 0.010000000000000009 0.19729166666666667 
0.4595 1.1108163265306121 1.1108163265306121 6.939791666666666 
3.1565 0.37693877551020416 0.37693877551020416 7.220729166666666 
3.606 0.37693877551020416 0.37693877551020416 3.5685416666666665 
2.4822499999999996 0.5604081632653062 0.5604081632653062 2.3511458333333333 
0.4595 2.2116326530612245 2.2116326530612245 2.819375 
0.4595 2.0281632653061226 2.0281632653061226 9.0 
0.23475000000000001 2.0281632653061226 2.0281632653061226 3.1003125 
3.1565 0.5604081632653062 0.5604081632653062 1.9765625 
0.01 4.5967346938775515 4.5967346938775515 6.939791666666666 
0.909 0.5604081632653062 0.5604081632653062 3.8494791666666663 
0.4595 1.6612244897959183 1.6612244897959183 4.4113541666666665 
0.4595 0.37693877551020416 0.37693877551020416 1.7892708333333334 
0.909 1.4777551020408164 1.4777551020408164 4.692291666666666 
0.4595 1.1108163265306121 1.1108163265306121 2.5384375 
0.4595 2.3951020408163264 2.3951020408163264 5.160520833333333 
0.909 0.7438775510204082 0.7438775510204082 1.3210416666666667 
0.909 0.37693877551020416 0.37693877551020416 3.006666666666667 
1.13375 1.1108163265306121 1.1108163265306121 2.2575 
2.2575 0.7438775510204082 0.7438775510204082 3.38125 
0.4595 0.19346938775510206 0.19346938775510206 0.8528125 
2.03275 1.4777551020408164 1.4777551020408164 1.3210416666666667 
0.909 0.5604081632653062 0.5604081632653062 3.006666666666667 
4.72975 0.010000000000000009 0.010000000000000009 1.7892708333333334 
0.909 0.19346938775510206 0.19346938775510206 4.692291666666666 
0.4595 1.4777551020408164 1.4777551020408164 3.1939583333333332 
4.72975 0.19346938775510206 0.19346938775510206 3.1003125 
0.4595 0.010000000000000009 0.010000000000000009 0.010000000000000009 
0.23475000000000001 4.229795918367348 4.229795918367348 7.0334375 
3.1565 0.010000000000000009 0.010000000000000009 1.13375 
5.17925 0.19346938775510206 0.19346938775510206 2.2575 
0.4595 1.4777551020408164 1.4777551020408164 6.846145833333333 
1.13375 0.9273469387755103 0.9273469387755103 2.4447916666666667 
2.4822499999999996 0.19346938775510206 0.19346938775510206 0.8528125 
0.909 1.2942857142857143 1.2942857142857143 1.7892708333333334 
0.4595 0.19346938775510206 0.19346938775510206 0.010000000000000009 
4.72975 0.19346938775510206 0.19346938775510206 4.692291666666666 
4.72975 0.37693877551020416 0.37693877551020416 3.1003125 
2.4822499999999996 0.9273469387755103 0.9273469387755103 5.254166666666666 
2.4822499999999996 1.8446938775510202 1.8446938775510202 3.7558333333333334 
2.03275 1.4777551020408164 1.4777551020408164 4.036770833333333 
0.909 0.19346938775510206 0.19346938775510206 0.19729166666666667 
0.909 0.19346938775510206 0.19346938775510206 0.19729166666666667 
