2.632083333333333 0.4095555555555555 0.4095555555555556 5.816041666666666 
1.3834722222222222 0.20977777777777779 0.20977777777777779 0.8528125 
0.5094444444444445 0.20977777777777779 0.20977777777777779 0.19729166666666667 
1.3834722222222222 0.010000000000000009 0.010000000000000009 0.8528125 
0.5094444444444445 0.6093333333333333 0.6093333333333333 2.2575 
1.3834722222222222 1.0088888888888887 1.008888888888889 3.6621875 
1.7580555555555557 0.010000000000000009 0.010000000000000009 1.13375 
0.5094444444444445 0.8091111111111111 0.8091111111111111 2.9130208333333334 
0.25972222222222224 0.20977777777777779 0.20977777777777779 2.9130208333333334 
1.7580555555555557 0.4095555555555555 0.4095555555555556 7.5953124999999995 
1.7580555555555557 0.8091111111111111 0.8091111111111111 4.505 
0.25972222222222224 0.010000000000000009 0.010000000000000009 0.010000000000000009 
0.25972222222222224 0.010000000000000009 0.010000000000000009 0.010000000000000009 
0.5094444444444445 1.0088888888888887 1.008888888888889 3.1003125 
0.5094444444444445 0.4095555555555555 0.4095555555555556 2.4447916666666667 
1.3834722222222222 0.20977777777777779 0.20977777777777779 2.0702083333333334 
2.632083333333333 0.20977777777777779 0.20977777777777779 3.1003125 
2.0077777777777777 0.6093333333333333 0.6093333333333333 2.4447916666666667 
1.3834722222222222 0.4095555555555555 0.4095555555555556 1.2273958333333332 
1.3834722222222222 0.20977777777777779 0.20977777777777779 1.4146875 
0.25972222222222224 3.006666666666667 3.006666666666667 5.816041666666666 
1.7580555555555557 0.010000000000000009 0.010000000000000009 1.13375 
0.5094444444444445 1.6082222222222222 1.6082222222222222 3.38125 
1.6331944444444446 0.6093333333333333 0.6093333333333333 1.7892708333333334 
2.632083333333333 0.010000000000000009 0.010000000000000009 1.7892708333333334 
1.3834722222222222 0.6093333333333333 0.6093333333333333 5.535104166666666 
0.25972222222222224 2.007777777777778 2.007777777777778 3.6621875 
1.7580555555555557 0.010000000000000009 0.010000000000000009 1.13375 
1.008888888888889 0.20977777777777779 0.20977777777777779 1.3210416666666667 
1.6331944444444446 1.4084444444444444 1.4084444444444444 2.2575 
0.25972222222222224 2.2075555555555555 2.207555555555556 7.501666666666666 
1.3834722222222222 0.6093333333333333 0.6093333333333333 2.4447916666666667 
0.5094444444444445 3.006666666666667 3.006666666666667 9.0 
0.25972222222222224 2.007777777777778 2.007777777777778 1.9765625 
0.25972222222222224 0.6093333333333333 0.6093333333333333 2.2575 
0.25972222222222224 1.0088888888888887 1.008888888888889 1.3210416666666667 
2.632083333333333 0.010000000000000009 0.010000000000000009 1.7892708333333334 
0.5094444444444445 0.20977777777777779 0.20977777777777779 2.7257291666666665 
2.632083333333333 0.4095555555555555 0.4095555555555556 3.1003125 
0.5094444444444445 1.6082222222222222 1.6082222222222222 2.4447916666666667 
9.0 0.010000000000000009 0.010000000000000009 6.565208333333333 
0.3845833333333334 0.8091111111111111 0.8091111111111111 2.2575 
0.25972222222222224 2.2075555555555555 2.207555555555556 4.692291666666666 
0.5094444444444445 0.6093333333333333 0.6093333333333333 2.2575 
0.5094444444444445 0.20977777777777779 0.20977777777777779 4.692291666666666 
0.5094444444444445 1.0088888888888887 1.008888888888889 3.1003125 
0.13486111111111113 1.808 1.808 3.8494791666666663 
1.7580555555555557 0.20977777777777779 0.20977777777777779 3.1003125 
2.0077777777777777 2.607111111111111 2.607111111111111 7.5953124999999995 
0.5094444444444445 0.010000000000000009 0.010000000000000009 0.19729166666666667 
0.25972222222222224 1.2086666666666666 1.2086666666666666 7.0334375 
0.6343055555555556 9.0 9.0 9.0 
0.25972222222222224 0.6093333333333333 0.6093333333333333 1.3210416666666667 
0.6343055555555556 2.607111111111111 2.607111111111111 7.876249999999999 
0.25972222222222224 0.8091111111111111 0.8091111111111111 2.9130208333333334 
2.0077777777777777 1.0088888888888887 1.008888888888889 4.505 
0.5094444444444445 0.6093333333333333 0.6093333333333333 1.3210416666666667 
0.5094444444444445 1.6082222222222222 1.6082222222222222 2.2575 
0.25972222222222224 0.6093333333333333 0.6093333333333333 1.3210416666666667 
0.5094444444444445 0.20977777777777779 0.20977777777777779 0.19729166666666667 
0.25972222222222224 0.20977777777777779 0.20977777777777779 0.8528125 
0.3845833333333334 4.0055555555555555 4.0055555555555555 3.7558333333333334 
0.25972222222222224 1.4084444444444444 1.4084444444444444 3.1003125 
1.7580555555555557 0.010000000000000009 0.010000000000000009 1.13375 
0.25972222222222224 2.607111111111111 2.607111111111111 4.317708333333333 
1.3834722222222222 0.20977777777777779 0.20977777777777779 0.8528125 
1.7580555555555557 1.2086666666666666 1.2086666666666666 6.565208333333333 
1.7580555555555557 1.2086666666666666 1.2086666666666666 4.2240625 
2.632083333333333 0.20977777777777779 0.20977777777777779 4.692291666666666 
0.25972222222222224 0.6093333333333333 0.6093333333333333 2.2575 
0.25972222222222224 0.4095555555555555 0.4095555555555556 0.8528125 
0.01 1.4084444444444444 1.4084444444444444 5.3478125 
1.7580555555555557 0.8091111111111111 0.8091111111111111 1.13375 
0.5094444444444445 1.0088888888888887 1.008888888888889 4.130416666666666 
2.0077777777777777 0.8091111111111111 0.8091111111111111 3.5685416666666665 
2.8818055555555553 1.0088888888888887 1.008888888888889 4.036770833333333 
0.25972222222222224 2.007777777777778 2.007777777777778 3.5685416666666665 
0.5094444444444445 2.607111111111111 2.607111111111111 7.876249999999999 
0.5094444444444445 0.010000000000000009 0.010000000000000009 0.19729166666666667 
0.25972222222222224 0.20977777777777779 0.20977777777777779 1.13375 
0.5094444444444445 0.8091111111111111 0.8091111111111111 5.254166666666666 
1.008888888888889 1.6082222222222222 1.6082222222222222 5.816041666666666 
1.3834722222222222 0.8091111111111111 0.8091111111111111 3.1003125 
0.5094444444444445 1.4084444444444444 1.4084444444444444 3.006666666666667 
1.7580555555555557 0.6093333333333333 0.6093333333333333 2.632083333333333 
0.25972222222222224 0.010000000000000009 0.010000000000000009 0.010000000000000009 
0.5094444444444445 0.4095555555555555 0.4095555555555556 2.163854166666667 
1.3834722222222222 1.2086666666666666 1.2086666666666666 6.846145833333333 
1.3834722222222222 1.0088888888888887 1.008888888888889 6.471562499999999 
1.3834722222222222 0.8091111111111111 0.8091111111111111 2.9130208333333334 
1.7580555555555557 1.4084444444444444 1.4084444444444444 2.2575 
1.6331944444444446 0.4095555555555555 0.4095555555555556 1.3210416666666667 
0.25972222222222224 3.805777777777778 3.805777777777778 4.036770833333333 
2.0077777777777777 0.4095555555555555 0.4095555555555556 1.9765625 
2.0077777777777777 1.2086666666666666 1.2086666666666666 3.38125 
1.13375 1.4084444444444444 1.4084444444444444 3.38125 
0.5094444444444445 6.402888888888889 6.4028888888888895 9.0 
1.3834722222222222 0.010000000000000009 0.010000000000000009 0.8528125 
0.25972222222222224 1.0088888888888887 1.008888888888889 2.4447916666666667 
0.25972222222222224 0.20977777777777779 0.20977777777777779 0.7591666666666667 
1.7580555555555557 0.8091111111111111 0.8091111111111111 2.2575 
0.25972222222222224 1.0088888888888887 1.008888888888889 1.2273958333333332 
0.5094444444444445 0.4095555555555555 0.4095555555555556 1.3210416666666667 
2.8818055555555553 2.607111111111111 2.607111111111111 8.531770833333333 
2.8818055555555553 0.010000000000000009 0.010000000000000009 1.9765625 
0.3845833333333334 1.4084444444444444 1.4084444444444444 4.505 
0.25972222222222224 0.4095555555555555 0.4095555555555556 2.0702083333333334 
0.5094444444444445 0.8091111111111111 0.8091111111111111 3.1003125 
1.3834722222222222 0.010000000000000009 0.010000000000000009 0.8528125 
0.25972222222222224 4.0055555555555555 4.0055555555555555 4.692291666666666 
0.25972222222222224 0.6093333333333333 0.6093333333333333 0.8528125 
0.25972222222222224 0.010000000000000009 0.010000000000000009 0.010000000000000009 
2.8818055555555553 0.010000000000000009 0.010000000000000009 1.9765625 
0.5094444444444445 1.0088888888888887 1.008888888888889 4.692291666666666 
0.6343055555555556 2.007777777777778 2.007777777777778 6.846145833333333 
0.5094444444444445 0.20977777777777779 0.20977777777777779 4.598645833333332 
0.5094444444444445 1.4084444444444444 1.4084444444444444 2.2575 
0.5094444444444445 0.010000000000000009 0.010000000000000009 0.19729166666666667 
2.8818055555555553 1.4084444444444444 1.4084444444444444 4.130416666666666 
2.8818055555555553 0.010000000000000009 0.010000000000000009 1.9765625 
2.8818055555555553 0.6093333333333333 0.6093333333333333 4.036770833333333 
1.7580555555555557 0.6093333333333333 0.6093333333333333 1.9765625 
0.5094444444444445 0.8091111111111111 0.8091111111111111 1.3210416666666667 
1.3834722222222222 0.4095555555555555 0.4095555555555556 3.2876041666666667 
2.632083333333333 0.20977777777777779 0.20977777777777779 3.6621875 
0.25972222222222224 0.8091111111111111 0.8091111111111111 3.006666666666667 
0.5094444444444445 0.20977777777777779 0.20977777777777779 2.632083333333333 
0.25972222222222224 0.6093333333333333 0.6093333333333333 1.13375 
1.3834722222222222 0.010000000000000009 0.010000000000000009 0.8528125 
1.7580555555555557 0.20977777777777779 0.20977777777777779 1.3210416666666667 
2.0077777777777777 0.6093333333333333 0.6093333333333333 5.254166666666666 
0.25972222222222224 0.010000000000000009 0.010000000000000009 0.010000000000000009 
1.5083333333333335 2.007777777777778 2.007777777777778 3.474895833333333 
0.01 2.4073333333333333 2.4073333333333333 2.4447916666666667 
2.632083333333333 0.010000000000000009 0.010000000000000009 1.7892708333333334 
0.5094444444444445 1.2086666666666666 1.2086666666666666 7.501666666666666 
0.5094444444444445 1.0088888888888887 1.008888888888889 3.474895833333333 
0.5094444444444445 0.4095555555555555 0.4095555555555556 3.006666666666667 
0.5094444444444445 1.2086666666666666 1.2086666666666666 2.163854166666667 
1.13375 2.007777777777778 2.007777777777778 4.4113541666666665 
1.3834722222222222 0.010000000000000009 0.010000000000000009 0.8528125 
1.3834722222222222 0.4095555555555555 0.4095555555555556 1.9765625 
0.13486111111111113 2.2075555555555555 2.207555555555556 3.1003125 
2.8818055555555553 0.4095555555555555 0.4095555555555556 3.5685416666666665 
0.5094444444444445 2.4073333333333333 2.4073333333333333 3.474895833333333 
1.3834722222222222 0.010000000000000009 0.010000000000000009 0.8528125 
2.632083333333333 0.010000000000000009 0.010000000000000009 1.7892708333333334 
2.8818055555555553 0.8091111111111111 0.8091111111111111 5.254166666666666 
0.5094444444444445 0.010000000000000009 0.010000000000000009 0.19729166666666667 
0.01 0.4095555555555555 0.4095555555555556 0.19729166666666667 
0.25972222222222224 1.0088888888888887 1.008888888888889 1.2273958333333332 
2.0077777777777777 0.010000000000000009 0.010000000000000009 1.3210416666666667 
0.25972222222222224 0.4095555555555555 0.4095555555555556 3.38125 
0.25972222222222224 0.4095555555555555 0.4095555555555556 1.7892708333333334 
0.3845833333333334 0.010000000000000009 0.010000000000000009 0.10364583333333335 
2.8818055555555553 0.4095555555555555 0.4095555555555556 2.9130208333333334 
2.0077777777777777 2.007777777777778 2.007777777777778 3.5685416666666665 
0.5094444444444445 1.4084444444444444 1.4084444444444444 4.130416666666666 
0.5094444444444445 1.4084444444444444 1.4084444444444444 4.317708333333333 
2.8818055555555553 0.010000000000000009 0.010000000000000009 1.9765625 
0.8840277777777779 2.2075555555555555 2.207555555555556 7.876249999999999 
1.3834722222222222 0.6093333333333333 0.6093333333333333 5.254166666666666 
0.25972222222222224 0.20977777777777779 0.20977777777777779 0.010000000000000009 
2.632083333333333 0.20977777777777779 0.20977777777777779 1.9765625 
0.5094444444444445 0.20977777777777779 0.20977777777777779 0.19729166666666667 
0.5094444444444445 1.6082222222222222 1.6082222222222222 4.130416666666666 
1.7580555555555557 0.010000000000000009 0.010000000000000009 1.13375 
0.25972222222222224 0.20977777777777779 0.20977777777777779 0.19729166666666667 
1.7580555555555557 0.20977777777777779 0.20977777777777779 1.13375 
2.8818055555555553 1.2086666666666666 1.2086666666666666 8.063541666666666 
0.5094444444444445 0.20977777777777779 0.20977777777777779 0.6655208333333333 
0.8840277777777779 2.007777777777778 2.007777777777778 8.1571875 
1.5083333333333335 2.2075555555555555 2.207555555555556 5.254166666666666 
1.7580555555555557 1.2086666666666666 1.2086666666666666 3.1003125 
1.7580555555555557 0.20977777777777779 0.20977777777777779 1.13375 
0.5094444444444445 0.010000000000000009 0.010000000000000009 0.19729166666666667 
2.632083333333333 0.20977777777777779 0.20977777777777779 2.9130208333333334 
2.632083333333333 0.010000000000000009 0.010000000000000009 1.7892708333333334 
0.25972222222222224 0.8091111111111111 0.8091111111111111 1.3210416666666667 
0.25972222222222224 0.010000000000000009 0.010000000000000009 0.010000000000000009 
0.5094444444444445 0.010000000000000009 0.010000000000000009 0.19729166666666667 
1.5083333333333335 2.4073333333333333 2.4073333333333333 5.3478125 
2.0077777777777777 2.806888888888889 2.806888888888889 7.969895833333332 
5.004444444444444 0.010000000000000009 0.010000000000000009 3.5685416666666665 
2.632083333333333 0.010000000000000009 0.010000000000000009 1.7892708333333334 
1.7580555555555557 0.010000000000000009 0.010000000000000009 1.13375 
0.5094444444444445 1.2086666666666666 1.2086666666666666 5.628749999999999 
1.3834722222222222 0.20977777777777779 0.20977777777777779 2.2575 
1.3834722222222222 0.20977777777777779 0.20977777777777779 1.3210416666666667 
1.7580555555555557 0.20977777777777779 0.20977777777777779 1.13375 
0.5094444444444445 0.8091111111111111 0.8091111111111111 3.006666666666667 
0.7591666666666668 0.4095555555555555 0.4095555555555556 2.2575 
0.25972222222222224 0.4095555555555555 0.4095555555555556 0.6655208333333333 
0.25972222222222224 0.8091111111111111 0.8091111111111111 2.2575 
2.632083333333333 0.4095555555555555 0.4095555555555556 6.377916666666666 
0.5094444444444445 0.010000000000000009 0.010000000000000009 0.19729166666666667 
0.13486111111111113 1.2086666666666666 1.2086666666666666 5.160520833333333 
0.25972222222222224 2.007777777777778 2.007777777777778 4.130416666666666 
2.0077777777777777 0.4095555555555555 0.4095555555555556 7.876249999999999 
2.0077777777777777 0.8091111111111111 0.8091111111111111 2.3511458333333333 
0.5094444444444445 0.8091111111111111 0.8091111111111111 5.254166666666666 
2.0077777777777777 0.010000000000000009 0.010000000000000009 1.3210416666666667 
0.25972222222222224 0.010000000000000009 0.010000000000000009 0.010000000000000009 
0.25972222222222224 0.20977777777777779 0.20977777777777779 0.8528125 
2.0077777777777777 0.010000000000000009 0.010000000000000009 1.3210416666666667 
0.5094444444444445 0.010000000000000009 0.010000000000000009 0.19729166666666667 
1.7580555555555557 3.006666666666667 3.006666666666667 6.377916666666666 
1.3834722222222222 0.4095555555555555 0.4095555555555556 1.13375 
2.8818055555555553 0.4095555555555555 0.4095555555555556 8.1571875 
0.5094444444444445 0.20977777777777779 0.20977777777777779 1.9765625 
0.25972222222222224 0.20977777777777779 0.20977777777777779 0.19729166666666667 
1.13375 1.6082222222222222 1.6082222222222222 4.879583333333333 
0.5094444444444445 1.0088888888888887 1.008888888888889 3.6621875 
4.754722222222222 0.010000000000000009 0.010000000000000009 3.38125 
0.5094444444444445 1.2086666666666666 1.2086666666666666 4.692291666666666 
1.3834722222222222 4.205333333333334 4.205333333333334 9.0 
1.7580555555555557 0.010000000000000009 0.010000000000000009 1.13375 
2.0077777777777777 0.4095555555555555 0.4095555555555556 3.5685416666666665 
2.8818055555555553 0.010000000000000009 0.010000000000000009 1.9765625 
2.0077777777777777 0.010000000000000009 0.010000000000000009 1.3210416666666667 
1.3834722222222222 0.4095555555555555 0.4095555555555556 6.939791666666666 
1.7580555555555557 0.010000000000000009 0.010000000000000009 1.13375 
2.8818055555555553 0.010000000000000009 0.010000000000000009 1.9765625 
2.8818055555555553 0.6093333333333333 0.6093333333333333 7.969895833333332 
0.5094444444444445 0.20977777777777779 0.20977777777777779 0.19729166666666667 
1.7580555555555557 0.4095555555555555 0.4095555555555556 3.1003125 
2.632083333333333 1.2086666666666666 1.2086666666666666 3.38125 
2.0077777777777777 2.2075555555555555 2.207555555555556 4.505 
1.7580555555555557 1.4084444444444444 1.4084444444444444 4.505 
2.8818055555555553 0.010000000000000009 0.010000000000000009 1.9765625 
0.25972222222222224 1.6082222222222222 1.6082222222222222 6.7524999999999995 
0.25972222222222224 2.607111111111111 2.607111111111111 5.160520833333333 
0.5094444444444445 1.0088888888888887 1.008888888888889 2.4447916666666667 
2.756944444444444 0.010000000000000009 0.010000000000000009 1.8829166666666666 
0.25972222222222224 2.007777777777778 2.007777777777778 7.220729166666666 
1.7580555555555557 0.4095555555555555 0.4095555555555556 3.1003125 
0.25972222222222224 0.8091111111111111 0.8091111111111111 4.2240625 
2.8818055555555553 0.20977777777777779 0.20977777777777779 2.2575 
1.3834722222222222 0.4095555555555555 0.4095555555555556 6.939791666666666 
0.25972222222222224 1.6082222222222222 1.6082222222222222 6.846145833333333 
1.3834722222222222 0.20977777777777779 0.20977777777777779 1.7892708333333334 
0.25972222222222224 0.010000000000000009 0.010000000000000009 0.010000000000000009 
0.5094444444444445 0.6093333333333333 0.6093333333333333 3.006666666666667 
0.25972222222222224 1.2086666666666666 1.2086666666666666 4.130416666666666 
0.25972222222222224 0.4095555555555555 0.4095555555555556 1.3210416666666667 
1.7580555555555557 0.20977777777777779 0.20977777777777779 1.13375 
1.3834722222222222 0.4095555555555555 0.4095555555555556 1.3210416666666667 
2.0077777777777777 0.010000000000000009 0.010000000000000009 1.3210416666666667 
0.25972222222222224 0.6093333333333333 0.6093333333333333 1.13375 
0.25972222222222224 1.808 1.808 4.4113541666666665 
0.13486111111111113 2.4073333333333333 2.4073333333333333 4.2240625 
2.632083333333333 0.4095555555555555 0.4095555555555556 3.38125 
2.632083333333333 0.010000000000000009 0.010000000000000009 1.7892708333333334 
0.5094444444444445 0.8091111111111111 0.8091111111111111 5.254166666666666 
0.25972222222222224 3.006666666666667 3.006666666666667 7.408020833333333 
2.632083333333333 0.6093333333333333 0.6093333333333333 4.692291666666666 
1.3834722222222222 1.4084444444444444 1.4084444444444444 4.692291666666666 
2.8818055555555553 0.010000000000000009 0.010000000000000009 1.9765625 
0.5094444444444445 1.4084444444444444 1.4084444444444444 1.7892708333333334 
0.25972222222222224 2.2075555555555555 2.207555555555556 8.7190625 
1.3834722222222222 0.8091111111111111 0.8091111111111111 1.5083333333333333 
1.3834722222222222 0.010000000000000009 0.010000000000000009 0.8528125 
0.25972222222222224 2.806888888888889 2.806888888888889 5.816041666666666 
0.13486111111111113 1.6082222222222222 1.6082222222222222 4.598645833333332 
0.25972222222222224 0.010000000000000009 0.010000000000000009 0.010000000000000009 
0.5094444444444445 0.010000000000000009 0.010000000000000009 0.19729166666666667 
2.1326388888888888 1.2086666666666666 1.2086666666666666 5.254166666666666 
0.6343055555555556 4.604888888888889 4.6048888888888895 7.220729166666666 
2.0077777777777777 0.4095555555555555 0.4095555555555556 4.505 
0.5094444444444445 1.0088888888888887 1.008888888888889 4.2240625 
2.632083333333333 0.20977777777777779 0.20977777777777779 1.7892708333333334 
2.632083333333333 0.4095555555555555 0.4095555555555556 3.38125 
0.5094444444444445 2.2075555555555555 2.207555555555556 8.063541666666666 
1.13375 1.6082222222222222 1.6082222222222222 3.38125 
1.7580555555555557 0.8091111111111111 0.8091111111111111 2.4447916666666667 
1.5083333333333335 2.007777777777778 2.007777777777778 1.9765625 
0.25972222222222224 0.010000000000000009 0.010000000000000009 0.010000000000000009 
0.5094444444444445 0.4095555555555555 0.4095555555555556 1.3210416666666667 
1.3834722222222222 1.6082222222222222 1.6082222222222222 6.565208333333333 
0.5094444444444445 1.4084444444444444 1.4084444444444444 2.4447916666666667 
0.25972222222222224 0.010000000000000009 0.010000000000000009 0.010000000000000009 
1.3834722222222222 0.8091111111111111 0.8091111111111111 3.2876041666666667 
0.25972222222222224 0.010000000000000009 0.010000000000000009 0.010000000000000009 
0.25972222222222224 0.4095555555555555 0.4095555555555556 1.8829166666666666 
1.3834722222222222 0.20977777777777779 0.20977777777777779 6.377916666666666 
2.632083333333333 0.010000000000000009 0.010000000000000009 1.7892708333333334 
1.13375 0.20977777777777779 0.20977777777777779 4.692291666666666 
1.3834722222222222 0.8091111111111111 0.8091111111111111 3.6621875 
0.3845833333333334 0.8091111111111111 0.8091111111111111 3.38125 
2.0077777777777777 1.0088888888888887 1.008888888888889 3.1003125 
0.25972222222222224 0.20977777777777779 0.20977777777777779 1.3210416666666667 
1.3834722222222222 0.6093333333333333 0.6093333333333333 2.3511458333333333 
2.8818055555555553 2.806888888888889 2.806888888888889 5.160520833333333 
0.25972222222222224 1.2086666666666666 1.2086666666666666 3.1003125 
0.5094444444444445 0.010000000000000009 0.010000000000000009 0.19729166666666667 
1.7580555555555557 0.20977777777777779 0.20977777777777779 1.13375 
0.5094444444444445 1.2086666666666666 1.2086666666666666 5.254166666666666 
0.5094444444444445 0.6093333333333333 0.6093333333333333 1.13375 
2.0077777777777777 0.8091111111111111 0.8091111111111111 5.441458333333332 
0.25972222222222224 0.010000000000000009 0.010000000000000009 0.010000000000000009 
1.3834722222222222 0.4095555555555555 0.4095555555555556 2.2575 
1.7580555555555557 0.6093333333333333 0.6093333333333333 3.38125 
1.008888888888889 1.808 1.808 5.722395833333333 
0.01 0.20977777777777779 0.20977777777777779 0.19729166666666667 
2.632083333333333 0.4095555555555555 0.4095555555555556 2.2575 
0.5094444444444445 0.4095555555555555 0.4095555555555556 6.471562499999999 
0.25972222222222224 8.600444444444445 8.600444444444445 9.0 
1.3834722222222222 0.010000000000000009 0.010000000000000009 0.8528125 
0.5094444444444445 0.010000000000000009 0.010000000000000009 0.19729166666666667 
0.25972222222222224 0.20977777777777779 0.20977777777777779 0.8528125 
0.25972222222222224 1.2086666666666666 1.2086666666666666 2.5384375 
2.0077777777777777 1.2086666666666666 1.2086666666666666 2.4447916666666667 
2.8818055555555553 0.8091111111111111 0.8091111111111111 2.9130208333333334 
0.25972222222222224 0.8091111111111111 0.8091111111111111 1.3210416666666667 
1.7580555555555557 0.010000000000000009 0.010000000000000009 1.13375 
0.25972222222222224 8.001111111111111 8.001111111111111 9.0 
1.13375 1.6082222222222222 1.6082222222222222 1.3210416666666667 
2.632083333333333 0.4095555555555555 0.4095555555555556 3.5685416666666665 
2.8818055555555553 0.6093333333333333 0.6093333333333333 4.785937499999999 
0.25972222222222224 0.20977777777777779 0.20977777777777779 0.19729166666666667 
0.5094444444444445 3.006666666666667 3.006666666666667 3.38125 
1.3834722222222222 1.2086666666666666 1.2086666666666666 3.2876041666666667 
0.13486111111111113 2.607111111111111 2.607111111111111 8.7190625 
0.5094444444444445 1.0088888888888887 1.008888888888889 1.9765625 
0.5094444444444445 0.010000000000000009 0.010000000000000009 0.19729166666666667 
2.507222222222222 2.607111111111111 2.607111111111111 6.284270833333332 
1.3834722222222222 0.20977777777777779 0.20977777777777779 3.38125 
0.7591666666666668 0.4095555555555555 0.4095555555555556 1.13375 
2.0077777777777777 0.010000000000000009 0.010000000000000009 1.3210416666666667 
0.25972222222222224 0.010000000000000009 0.010000000000000009 0.010000000000000009 
1.3834722222222222 0.6093333333333333 0.6093333333333333 3.006666666666667 
0.8840277777777779 1.808 1.808 4.2240625 
2.0077777777777777 0.20977777777777779 0.20977777777777779 1.3210416666666667 
1.3834722222222222 0.6093333333333333 0.6093333333333333 1.3210416666666667 
0.25972222222222224 1.6082222222222222 1.6082222222222222 3.1939583333333332 
2.632083333333333 0.010000000000000009 0.010000000000000009 1.7892708333333334 
0.25972222222222224 0.8091111111111111 0.8091111111111111 1.3210416666666667 
1.3834722222222222 0.010000000000000009 0.010000000000000009 0.8528125 
1.3834722222222222 3.2064444444444447 3.2064444444444447 7.220729166666666 
0.25972222222222224 0.6093333333333333 0.6093333333333333 3.1003125 
0.8840277777777779 0.8091111111111111 0.8091111111111111 3.1003125 
0.5094444444444445 0.010000000000000009 0.010000000000000009 0.19729166666666667 
0.5094444444444445 1.2086666666666666 1.2086666666666666 5.254166666666666 
1.5083333333333335 2.806888888888889 2.806888888888889 6.471562499999999 
0.25972222222222224 0.4095555555555555 0.4095555555555556 1.13375 
0.25972222222222224 0.010000000000000009 0.010000000000000009 0.010000000000000009 
0.5094444444444445 0.20977777777777779 0.20977777777777779 0.19729166666666667 
2.632083333333333 0.010000000000000009 0.010000000000000009 1.7892708333333334 
0.25972222222222224 0.8091111111111111 0.8091111111111111 1.3210416666666667 
0.25972222222222224 0.4095555555555555 0.4095555555555556 1.8829166666666666 
0.5094444444444445 0.8091111111111111 0.8091111111111111 1.13375 
0.5094444444444445 1.2086666666666666 1.2086666666666666 4.692291666666666 
2.632083333333333 0.4095555555555555 0.4095555555555556 3.1003125 
2.0077777777777777 0.6093333333333333 0.6093333333333333 1.9765625 
0.5094444444444445 0.20977777777777779 0.20977777777777779 3.6621875 
0.25972222222222224 0.20977777777777779 0.20977777777777779 3.6621875 
1.3834722222222222 0.20977777777777779 0.20977777777777779 0.8528125 
2.632083333333333 0.20977777777777779 0.20977777777777779 1.9765625 
1.3834722222222222 2.007777777777778 2.007777777777778 3.38125 
0.25972222222222224 0.010000000000000009 0.010000000000000009 0.010000000000000009 
1.3834722222222222 0.6093333333333333 0.6093333333333333 5.3478125 
2.0077777777777777 0.4095555555555555 0.4095555555555556 3.1003125 
0.5094444444444445 0.010000000000000009 0.010000000000000009 0.19729166666666667 
0.5094444444444445 1.6082222222222222 1.6082222222222222 4.973229166666666 
1.7580555555555557 0.20977777777777779 0.20977777777777779 3.1003125 
0.25972222222222224 1.4084444444444444 1.4084444444444444 2.4447916666666667 
0.25972222222222224 1.0088888888888887 1.008888888888889 2.4447916666666667 
1.7580555555555557 0.20977777777777779 0.20977777777777779 2.5384375 
0.25972222222222224 1.6082222222222222 1.6082222222222222 1.8829166666666666 
0.25972222222222224 2.2075555555555555 2.207555555555556 4.2240625 
2.632083333333333 0.20977777777777779 0.20977777777777779 2.2575 
1.8829166666666668 3.006666666666667 3.006666666666667 7.501666666666666 
1.2586111111111111 0.6093333333333333 0.6093333333333333 1.3210416666666667 
0.5094444444444445 2.007777777777778 2.007777777777778 5.535104166666666 
