2.8041891891891892 0.009999999999999981 0.009999999999999981 1.9765625 
2.561216216216216 0.22404761904761902 0.22404761904761902 4.692291666666666 
0.6174324324324325 2.15047619047619 2.1504761904761907 6.846145833333333 
2.561216216216216 0.4380952380952381 0.4380952380952381 2.2575 
0.252972972972973 0.4380952380952381 0.4380952380952381 1.7892708333333334 
1.7108108108108109 3.2207142857142856 3.2207142857142856 9.0 
0.252972972972973 0.4380952380952381 0.4380952380952381 3.38125 
1.953783783783784 1.0802380952380952 1.0802380952380952 3.1003125 
2.561216216216216 0.4380952380952381 0.4380952380952381 2.2575 
0.8604054054054054 2.15047619047619 2.1504761904761907 8.1571875 
0.252972972972973 0.22404761904761902 0.22404761904761902 0.8528125 
0.252972972972973 0.009999999999999981 0.009999999999999981 0.010000000000000009 
0.981891891891892 3.0066666666666664 3.006666666666667 7.0334375 
1.7108108108108109 0.6521428571428571 0.6521428571428571 5.160520833333333 
0.252972972972973 0.6521428571428571 0.6521428571428571 2.2575 
0.252972972972973 0.8661904761904762 0.8661904761904762 0.8528125 
0.252972972972973 1.0802380952380952 1.0802380952380952 1.8829166666666666 
0.252972972972973 0.22404761904761902 0.22404761904761902 0.8528125 
0.495945945945946 1.2942857142857143 1.2942857142857143 2.163854166666667 
0.252972972972973 0.6521428571428571 0.6521428571428571 1.13375 
1.1033783783783784 0.8661904761904762 0.8661904761904762 1.6019791666666667 
0.37445945945945946 0.22404761904761902 0.22404761904761902 1.9765625 
0.252972972972973 1.0802380952380952 1.0802380952380952 2.4447916666666667 
0.37445945945945946 1.0802380952380952 1.0802380952380952 1.7892708333333334 
0.495945945945946 0.22404761904761902 0.22404761904761902 4.598645833333332 
0.495945945945946 3.434761904761905 3.434761904761905 6.471562499999999 
2.43972972972973 2.7926190476190476 2.7926190476190476 6.284270833333332 
2.561216216216216 0.22404761904761902 0.22404761904761902 2.9130208333333334 
0.252972972972973 1.5083333333333333 1.5083333333333333 3.1003125 
2.561216216216216 0.4380952380952381 0.4380952380952381 6.377916666666666 
1.953783783783784 0.4380952380952381 0.4380952380952381 7.876249999999999 
1.7108108108108109 1.5083333333333333 1.5083333333333333 4.130416666666666 
2.8041891891891892 1.5083333333333333 1.5083333333333333 6.284270833333332 
1.953783783783784 0.6521428571428571 0.6521428571428571 1.9765625 
0.252972972972973 2.7926190476190476 2.7926190476190476 5.160520833333333 
2.8041891891891892 0.6521428571428571 0.6521428571428571 4.692291666666666 
1.3463513513513514 0.22404761904761902 0.22404761904761902 3.38125 
0.252972972972973 0.22404761904761902 0.22404761904761902 0.7591666666666667 
2.8041891891891892 0.009999999999999981 0.009999999999999981 1.9765625 
0.252972972972973 0.009999999999999981 0.009999999999999981 0.010000000000000009 
1.953783783783784 2.7926190476190476 2.7926190476190476 7.5953124999999995 
0.252972972972973 3.2207142857142856 3.2207142857142856 7.408020833333333 
0.495945945945946 0.6521428571428571 0.6521428571428571 2.2575 
1.1033783783783784 0.009999999999999981 0.009999999999999981 0.6655208333333333 
2.0752702702702703 1.2942857142857143 1.2942857142857143 5.254166666666666 
2.561216216216216 0.22404761904761902 0.22404761904761902 2.2575 
0.37445945945945946 0.8661904761904762 0.8661904761904762 2.2575 
1.1033783783783784 2.15047619047619 2.1504761904761907 4.4113541666666665 
0.252972972972973 0.6521428571428571 0.6521428571428571 1.13375 
0.8604054054054054 2.3645238095238095 2.3645238095238095 7.876249999999999 
0.252972972972973 1.5083333333333333 1.5083333333333333 2.4447916666666667 
1.4678378378378378 2.5785714285714287 2.5785714285714287 5.3478125 
0.252972972972973 0.4380952380952381 0.4380952380952381 0.6655208333333333 
1.953783783783784 0.4380952380952381 0.4380952380952381 1.7892708333333334 
0.495945945945946 0.009999999999999981 0.009999999999999981 0.19729166666666667 
1.1033783783783784 0.009999999999999981 0.009999999999999981 0.6655208333333333 
0.01 0.4380952380952381 0.4380952380952381 0.19729166666666667 
0.495945945945946 0.8661904761904762 0.8661904761904762 5.254166666666666 
0.495945945945946 0.009999999999999981 0.009999999999999981 0.19729166666666667 
1.7108108108108109 0.22404761904761902 0.22404761904761902 1.13375 
1.953783783783784 0.8661904761904762 0.8661904761904762 3.5685416666666665 
2.561216216216216 0.22404761904761902 0.22404761904761902 3.6621875 
1.7108108108108109 0.22404761904761902 0.22404761904761902 1.3210416666666667 
0.495945945945946 0.22404761904761902 0.22404761904761902 2.5384375 
1.7108108108108109 0.22404761904761902 0.22404761904761902 1.13375 
0.252972972972973 0.009999999999999981 0.009999999999999981 0.010000000000000009 
2.8041891891891892 0.22404761904761902 0.22404761904761902 2.2575 
0.6174324324324325 2.7926190476190476 2.7926190476190476 7.876249999999999 
1.7108108108108109 0.009999999999999981 0.009999999999999981 1.13375 
0.252972972972973 0.8661904761904762 0.8661904761904762 1.3210416666666667 
2.561216216216216 0.22404761904761902 0.22404761904761902 1.9765625 
1.953783783783784 0.009999999999999981 0.009999999999999981 1.3210416666666667 
1.953783783783784 1.0802380952380952 1.0802380952380952 3.5685416666666665 
1.3463513513513514 0.4380952380952381 0.4380952380952381 3.2876041666666667 
1.3463513513513514 3.434761904761905 3.434761904761905 7.220729166666666 
1.7108108108108109 0.22404761904761902 0.22404761904761902 1.13375 
0.495945945945946 0.8661904761904762 0.8661904761904762 3.006666666666667 
1.3463513513513514 0.8661904761904762 0.8661904761904762 3.2876041666666667 
0.495945945945946 0.4380952380952381 0.4380952380952381 2.4447916666666667 
0.252972972972973 2.3645238095238095 2.3645238095238095 9.0 
0.495945945945946 0.009999999999999981 0.009999999999999981 0.19729166666666667 
2.561216216216216 1.0802380952380952 1.0802380952380952 4.317708333333333 
1.3463513513513514 0.009999999999999981 0.009999999999999981 0.8528125 
1.7108108108108109 1.0802380952380952 1.0802380952380952 4.598645833333332 
0.252972972972973 3.2207142857142856 3.2207142857142856 5.816041666666666 
2.8041891891891892 0.8661904761904762 0.8661904761904762 5.254166666666666 
0.252972972972973 0.22404761904761902 0.22404761904761902 0.19729166666666667 
1.7108108108108109 0.4380952380952381 0.4380952380952381 3.6621875 
0.252972972972973 8.571904761904761 8.571904761904761 9.0 
0.252972972972973 1.0802380952380952 1.0802380952380952 1.2273958333333332 
0.252972972972973 1.0802380952380952 1.0802380952380952 6.846145833333333 
0.495945945945946 1.7223809523809523 1.7223809523809523 3.5685416666666665 
0.252972972972973 1.0802380952380952 1.0802380952380952 4.2240625 
0.1314864864864865 2.5785714285714287 2.5785714285714287 4.2240625 
1.3463513513513514 1.0802380952380952 1.0802380952380952 6.471562499999999 
0.495945945945946 0.8661904761904762 0.8661904761904762 4.130416666666666 
2.8041891891891892 2.7926190476190476 2.7926190476190476 8.531770833333333 
0.252972972972973 2.15047619047619 2.1504761904761907 3.6621875 
1.7108108108108109 0.8661904761904762 0.8661904761904762 6.7524999999999995 
0.495945945945946 0.009999999999999981 0.009999999999999981 0.19729166666666667 
1.7108108108108109 0.6521428571428571 0.6521428571428571 2.2575 
0.252972972972973 1.2942857142857143 1.2942857142857143 7.0334375 
2.8041891891891892 0.4380952380952381 0.4380952380952381 3.6621875 
0.252972972972973 0.22404761904761902 0.22404761904761902 0.19729166666666667 
1.953783783783784 0.009999999999999981 0.009999999999999981 1.3210416666666667 
0.495945945945946 0.009999999999999981 0.009999999999999981 0.19729166666666667 
2.8041891891891892 0.009999999999999981 0.009999999999999981 1.9765625 
0.495945945945946 1.7223809523809523 1.7223809523809523 4.973229166666666 
2.8041891891891892 0.22404761904761902 0.22404761904761902 2.4447916666666667 
1.953783783783784 1.5083333333333333 1.5083333333333333 2.4447916666666667 
2.8041891891891892 0.4380952380952381 0.4380952380952381 2.4447916666666667 
2.8041891891891892 0.22404761904761902 0.22404761904761902 2.4447916666666667 
1.7108108108108109 0.22404761904761902 0.22404761904761902 1.7892708333333334 
2.561216216216216 0.4380952380952381 0.4380952380952381 5.816041666666666 
0.1314864864864865 3.2207142857142856 3.2207142857142856 3.1003125 
1.3463513513513514 1.2942857142857143 1.2942857142857143 6.846145833333333 
2.561216216216216 0.009999999999999981 0.009999999999999981 1.7892708333333334 
0.1314864864864865 1.7223809523809523 1.7223809523809523 4.598645833333332 
0.252972972972973 0.22404761904761902 0.22404761904761902 1.13375 
0.8604054054054054 2.7926190476190476 2.7926190476190476 4.317708333333333 
0.252972972972973 0.009999999999999981 0.009999999999999981 0.010000000000000009 
0.1314864864864865 2.3645238095238095 2.3645238095238095 3.1003125 
2.8041891891891892 0.4380952380952381 0.4380952380952381 4.317708333333333 
1.953783783783784 0.009999999999999981 0.009999999999999981 1.3210416666666667 
0.252972972972973 0.009999999999999981 0.009999999999999981 0.010000000000000009 
0.981891891891892 1.7223809523809523 1.7223809523809523 5.254166666666666 
0.252972972972973 0.4380952380952381 0.4380952380952381 1.3210416666666667 
1.3463513513513514 0.4380952380952381 0.4380952380952381 6.939791666666666 
1.1033783783783784 0.8661904761904762 0.8661904761904762 4.598645833333332 
1.953783783783784 0.4380952380952381 0.4380952380952381 4.130416666666666 
0.252972972972973 1.0802380952380952 1.0802380952380952 2.4447916666666667 
1.3463513513513514 1.5083333333333333 1.5083333333333333 3.6621875 
1.7108108108108109 0.009999999999999981 0.009999999999999981 1.13375 
1.953783783783784 0.009999999999999981 0.009999999999999981 1.3210416666666667 
0.495945945945946 1.7223809523809523 1.7223809523809523 4.130416666666666 
2.8041891891891892 0.009999999999999981 0.009999999999999981 1.9765625 
1.7108108108108109 0.6521428571428571 0.6521428571428571 2.632083333333333 
1.953783783783784 2.15047619047619 2.1504761904761907 3.5685416666666665 
1.953783783783784 1.0802380952380952 1.0802380952380952 4.505 
0.495945945945946 0.22404761904761902 0.22404761904761902 5.3478125 
0.252972972972973 1.2942857142857143 1.2942857142857143 1.13375 
2.561216216216216 0.22404761904761902 0.22404761904761902 1.9765625 
1.3463513513513514 0.22404761904761902 0.22404761904761902 2.2575 
1.953783783783784 1.9364285714285714 1.9364285714285714 8.1571875 
9.0 0.009999999999999981 0.009999999999999981 6.7524999999999995 
0.495945945945946 1.9364285714285714 1.9364285714285714 2.4447916666666667 
1.953783783783784 0.22404761904761902 0.22404761904761902 1.3210416666666667 
2.561216216216216 0.009999999999999981 0.009999999999999981 1.7892708333333334 
0.252972972972973 0.8661904761904762 0.8661904761904762 3.006666666666667 
0.252972972972973 0.4380952380952381 0.4380952380952381 7.0334375 
0.495945945945946 1.5083333333333333 1.5083333333333333 4.130416666666666 
0.495945945945946 0.009999999999999981 0.009999999999999981 0.19729166666666667 
0.252972972972973 0.6521428571428571 0.6521428571428571 3.8494791666666663 
1.1033783783783784 1.7223809523809523 1.7223809523809523 4.879583333333333 
0.252972972972973 2.3645238095238095 2.3645238095238095 4.692291666666666 
0.252972972972973 0.8661904761904762 0.8661904761904762 3.2876041666666667 
4.6264864864864865 0.009999999999999981 0.009999999999999981 3.38125 
0.252972972972973 2.5785714285714287 2.5785714285714287 6.939791666666666 
0.252972972972973 1.0802380952380952 1.0802380952380952 2.2575 
0.495945945945946 0.8661904761904762 0.8661904761904762 2.9130208333333334 
1.3463513513513514 0.009999999999999981 0.009999999999999981 0.8528125 
0.495945945945946 0.8661904761904762 0.8661904761904762 2.2575 
1.953783783783784 0.4380952380952381 0.4380952380952381 3.1003125 
1.1033783783783784 0.22404761904761902 0.22404761904761902 4.692291666666666 
0.495945945945946 0.8661904761904762 0.8661904761904762 1.3210416666666667 
1.7108108108108109 0.8661904761904762 0.8661904761904762 2.4447916666666667 
0.252972972972973 0.22404761904761902 0.22404761904761902 0.19729166666666667 
1.7108108108108109 1.2942857142857143 1.2942857142857143 2.2575 
0.252972972972973 1.7223809523809523 1.7223809523809523 6.7524999999999995 
2.561216216216216 0.009999999999999981 0.009999999999999981 1.7892708333333334 
0.252972972972973 0.009999999999999981 0.009999999999999981 0.010000000000000009 
0.252972972972973 0.009999999999999981 0.009999999999999981 0.010000000000000009 
0.495945945945946 3.2207142857142856 3.2207142857142856 3.38125 
0.37445945945945946 0.8661904761904762 0.8661904761904762 0.9464583333333334 
0.495945945945946 1.7223809523809523 1.7223809523809523 3.38125 
0.495945945945946 0.22404761904761902 0.22404761904761902 1.13375 
0.495945945945946 1.0802380952380952 1.0802380952380952 1.13375 
2.8041891891891892 3.8628571428571425 3.8628571428571425 5.628749999999999 
1.3463513513513514 0.4380952380952381 0.4380952380952381 1.2273958333333332 
0.495945945945946 0.009999999999999981 0.009999999999999981 0.19729166666666667 
1.953783783783784 0.009999999999999981 0.009999999999999981 1.3210416666666667 
0.252972972972973 0.009999999999999981 0.009999999999999981 0.010000000000000009 
0.495945945945946 1.0802380952380952 1.0802380952380952 3.38125 
1.3463513513513514 0.22404761904761902 0.22404761904761902 1.13375 
0.252972972972973 0.22404761904761902 0.22404761904761902 0.010000000000000009 
1.3463513513513514 0.22404761904761902 0.22404761904761902 0.8528125 
0.495945945945946 1.0802380952380952 1.0802380952380952 4.130416666666666 
2.561216216216216 0.22404761904761902 0.22404761904761902 3.1003125 
1.3463513513513514 2.7926190476190476 2.7926190476190476 6.658854166666666 
2.561216216216216 0.6521428571428571 0.6521428571428571 4.692291666666666 
3.047162162162162 1.0802380952380952 1.0802380952380952 4.505 
1.953783783783784 0.6521428571428571 0.6521428571428571 2.4447916666666667 
1.4678378378378378 2.3645238095238095 2.3645238095238095 5.254166666666666 
2.6827027027027026 0.009999999999999981 0.009999999999999981 1.8829166666666666 
0.252972972972973 1.2942857142857143 1.2942857142857143 6.939791666666666 
2.561216216216216 0.009999999999999981 0.009999999999999981 1.7892708333333334 
2.561216216216216 0.009999999999999981 0.009999999999999981 1.7892708333333334 
1.7108108108108109 0.22404761904761902 0.22404761904761902 2.5384375 
0.495945945945946 0.009999999999999981 0.009999999999999981 0.19729166666666667 
2.561216216216216 0.4380952380952381 0.4380952380952381 3.38125 
0.37445945945945946 0.009999999999999981 0.009999999999999981 0.10364583333333335 
0.495945945945946 4.719047619047618 4.719047619047619 5.254166666666666 
2.561216216216216 0.22404761904761902 0.22404761904761902 1.7892708333333334 
1.3463513513513514 2.3645238095238095 2.3645238095238095 5.254166666666666 
1.953783783783784 3.2207142857142856 3.2207142857142856 7.0334375 
0.495945945945946 1.0802380952380952 1.0802380952380952 1.3210416666666667 
0.252972972972973 2.15047619047619 2.1504761904761907 4.130416666666666 
1.3463513513513514 0.4380952380952381 0.4380952380952381 2.4447916666666667 
1.3463513513513514 0.22404761904761902 0.22404761904761902 1.7892708333333334 
1.4678378378378378 2.15047619047619 2.1504761904761907 3.474895833333333 
0.252972972972973 0.6521428571428571 0.6521428571428571 1.13375 
0.495945945945946 1.2942857142857143 1.2942857142857143 7.501666666666666 
0.981891891891892 1.7223809523809523 1.7223809523809523 5.816041666666666 
2.8041891891891892 0.4380952380952381 0.4380952380952381 3.1003125 
0.495945945945946 0.6521428571428571 0.6521428571428571 1.5083333333333333 
0.252972972972973 9.0 9.0 7.876249999999999 
1.3463513513513514 1.2942857142857143 1.2942857142857143 5.628749999999999 
0.252972972972973 0.009999999999999981 0.009999999999999981 0.010000000000000009 
0.495945945945946 0.22404761904761902 0.22404761904761902 0.19729166666666667 
1.3463513513513514 1.5083333333333333 1.5083333333333333 4.130416666666666 
0.252972972972973 1.9364285714285714 1.9364285714285714 4.692291666666666 
2.561216216216216 0.22404761904761902 0.22404761904761902 2.163854166666667 
1.3463513513513514 0.8661904761904762 0.8661904761904762 3.6621875 
0.1314864864864865 1.2942857142857143 1.2942857142857143 5.160520833333333 
2.8041891891891892 0.4380952380952381 0.4380952380952381 3.5685416666666665 
0.37445945945945946 0.8661904761904762 0.8661904761904762 3.38125 
0.37445945945945946 1.9364285714285714 1.9364285714285714 2.9130208333333334 
0.252972972972973 0.8661904761904762 0.8661904761904762 1.3210416666666667 
0.495945945945946 0.8661904761904762 0.8661904761904762 5.254166666666666 
2.8041891891891892 0.8661904761904762 0.8661904761904762 2.9130208333333334 
2.8041891891891892 0.009999999999999981 0.009999999999999981 1.9765625 
0.495945945945946 0.6521428571428571 0.6521428571428571 0.19729166666666667 
0.495945945945946 3.2207142857142856 3.2207142857142856 9.0 
0.252972972972973 0.009999999999999981 0.009999999999999981 0.010000000000000009 
2.8041891891891892 0.4380952380952381 0.4380952380952381 5.628749999999999 
2.8041891891891892 0.22404761904761902 0.22404761904761902 3.38125 
1.3463513513513514 0.22404761904761902 0.22404761904761902 0.8528125 
1.7108108108108109 0.22404761904761902 0.22404761904761902 1.13375 
1.3463513513513514 1.5083333333333333 1.5083333333333333 6.565208333333333 
0.495945945945946 0.22404761904761902 0.22404761904761902 0.19729166666666667 
1.3463513513513514 0.009999999999999981 0.009999999999999981 0.8528125 
2.561216216216216 0.009999999999999981 0.009999999999999981 1.7892708333333334 
0.495945945945946 2.15047619047619 2.1504761904761907 5.816041666666666 
0.252972972972973 0.22404761904761902 0.22404761904761902 0.8528125 
1.3463513513513514 0.22404761904761902 0.22404761904761902 4.692291666666666 
0.495945945945946 0.22404761904761902 0.22404761904761902 2.632083333333333 
0.252972972972973 0.22404761904761902 0.22404761904761902 2.9130208333333334 
1.953783783783784 0.009999999999999981 0.009999999999999981 1.3210416666666667 
1.7108108108108109 1.2942857142857143 1.2942857142857143 4.036770833333333 
1.7108108108108109 0.4380952380952381 0.4380952380952381 1.6019791666666667 
0.252972972972973 2.3645238095238095 2.3645238095238095 8.7190625 
2.8041891891891892 0.22404761904761902 0.22404761904761902 7.969895833333332 
2.561216216216216 0.009999999999999981 0.009999999999999981 1.7892708333333334 
1.7108108108108109 0.6521428571428571 0.6521428571428571 1.8829166666666666 
0.495945945945946 1.9364285714285714 1.9364285714285714 2.4447916666666667 
0.252972972972973 0.22404761904761902 0.22404761904761902 0.010000000000000009 
1.3463513513513514 0.22404761904761902 0.22404761904761902 2.163854166666667 
0.252972972972973 0.22404761904761902 0.22404761904761902 0.7591666666666667 
0.981891891891892 1.9364285714285714 1.9364285714285714 5.722395833333333 
0.252972972972973 0.6521428571428571 0.6521428571428571 0.8528125 
0.252972972972973 0.8661904761904762 0.8661904761904762 4.2240625 
0.252972972972973 0.22404761904761902 0.22404761904761902 3.6621875 
0.495945945945946 1.2942857142857143 1.2942857142857143 5.628749999999999 
0.37445945945945946 2.7926190476190476 2.7926190476190476 3.1003125 
0.495945945945946 0.22404761904761902 0.22404761904761902 1.0401041666666666 
0.495945945945946 0.4380952380952381 0.4380952380952381 1.3210416666666667 
1.224864864864865 1.5083333333333333 1.5083333333333333 3.474895833333333 
0.252972972972973 0.009999999999999981 0.009999999999999981 0.010000000000000009 
0.495945945945946 1.2942857142857143 1.2942857142857143 2.819375 
0.495945945945946 0.009999999999999981 0.009999999999999981 0.19729166666666667 
1.1033783783783784 1.5083333333333333 1.5083333333333333 3.38125 
0.495945945945946 1.5083333333333333 1.5083333333333333 2.2575 
0.37445945945945946 3.2207142857142856 3.2207142857142856 6.7524999999999995 
1.3463513513513514 0.22404761904761902 0.22404761904761902 1.4146875 
0.495945945945946 0.22404761904761902 0.22404761904761902 0.6655208333333333 
1.953783783783784 0.6521428571428571 0.6521428571428571 4.036770833333333 
1.5893243243243245 1.5083333333333333 1.5083333333333333 2.2575 
0.495945945945946 0.009999999999999981 0.009999999999999981 0.19729166666666667 
0.495945945945946 0.009999999999999981 0.009999999999999981 0.19729166666666667 
0.495945945945946 2.15047619047619 2.1504761904761907 2.4447916666666667 
1.953783783783784 0.009999999999999981 0.009999999999999981 1.3210416666666667 
0.252972972972973 0.22404761904761902 0.22404761904761902 0.19729166666666667 
2.561216216216216 0.009999999999999981 0.009999999999999981 1.7892708333333334 
2.561216216216216 0.22404761904761902 0.22404761904761902 1.7892708333333334 
2.8041891891891892 0.009999999999999981 0.009999999999999981 1.9765625 
1.3463513513513514 0.009999999999999981 0.009999999999999981 0.8528125 
2.8041891891891892 0.4380952380952381 0.4380952380952381 2.9130208333333334 
1.3463513513513514 0.8661904761904762 0.8661904761904762 1.5083333333333333 
4.2620270270270275 0.4380952380952381 0.4380952380952381 5.816041666666666 
0.495945945945946 0.009999999999999981 0.009999999999999981 0.19729166666666667 
1.7108108108108109 0.009999999999999981 0.009999999999999981 1.13375 
0.252972972972973 1.0802380952380952 1.0802380952380952 3.6621875 
0.252972972972973 0.22404761904761902 0.22404761904761902 0.19729166666666667 
1.953783783783784 0.22404761904761902 0.22404761904761902 1.3210416666666667 
1.3463513513513514 0.6521428571428571 0.6521428571428571 6.7524999999999995 
0.495945945945946 1.2942857142857143 1.2942857142857143 4.692291666666666 
1.7108108108108109 0.22404761904761902 0.22404761904761902 3.1003125 
0.495945945945946 0.009999999999999981 0.009999999999999981 0.19729166666666667 
0.8604054054054054 0.22404761904761902 0.22404761904761902 1.3210416666666667 
0.495945945945946 1.9364285714285714 1.9364285714285714 2.4447916666666667 
1.3463513513513514 0.8661904761904762 0.8661904761904762 4.505 
1.7108108108108109 0.009999999999999981 0.009999999999999981 1.13375 
1.953783783783784 0.4380952380952381 0.4380952380952381 4.505 
1.8322972972972975 0.8661904761904762 0.8661904761904762 2.9130208333333334 
1.7108108108108109 0.009999999999999981 0.009999999999999981 1.13375 
0.01 0.22404761904761902 0.22404761904761902 0.19729166666666667 
0.495945945945946 0.8661904761904762 0.8661904761904762 1.9765625 
0.252972972972973 0.22404761904761902 0.22404761904761902 1.3210416666666667 
0.495945945945946 0.4380952380952381 0.4380952380952381 1.3210416666666667 
0.252972972972973 0.009999999999999981 0.009999999999999981 0.010000000000000009 
2.561216216216216 0.009999999999999981 0.009999999999999981 1.7892708333333334 
0.495945945945946 0.8661904761904762 0.8661904761904762 0.8528125 
1.3463513513513514 0.22404761904761902 0.22404761904761902 2.0702083333333334 
1.3463513513513514 3.2207142857142856 3.2207142857142856 8.1571875 
0.495945945945946 0.009999999999999981 0.009999999999999981 0.19729166666666667 
2.8041891891891892 0.009999999999999981 0.009999999999999981 1.9765625 
1.1033783783783784 0.4380952380952381 0.4380952380952381 1.13375 
2.8041891891891892 0.22404761904761902 0.22404761904761902 2.2575 
1.3463513513513514 2.15047619047619 2.1504761904761907 3.7558333333333334 
0.252972972972973 0.009999999999999981 0.009999999999999981 0.010000000000000009 
0.495945945945946 1.0802380952380952 1.0802380952380952 2.4447916666666667 
0.252972972972973 2.15047619047619 2.1504761904761907 4.130416666666666 
1.3463513513513514 1.0802380952380952 1.0802380952380952 2.4447916666666667 
0.495945945945946 1.5083333333333333 1.5083333333333333 4.317708333333333 
0.252972972972973 0.6521428571428571 0.6521428571428571 1.3210416666666667 
1.3463513513513514 0.8661904761904762 0.8661904761904762 3.1003125 
0.252972972972973 3.0066666666666664 3.006666666666667 4.4113541666666665 
0.495945945945946 6.859523809523809 6.859523809523809 9.0 
1.3463513513513514 0.8661904761904762 0.8661904761904762 2.9130208333333334 
1.7108108108108109 0.009999999999999981 0.009999999999999981 1.13375 
0.252972972972973 0.009999999999999981 0.009999999999999981 0.010000000000000009 
1.7108108108108109 0.4380952380952381 0.4380952380952381 3.1003125 
0.252972972972973 2.15047619047619 2.1504761904761907 8.063541666666666 
0.252972972972973 0.6521428571428571 0.6521428571428571 2.2575 
1.953783783783784 0.009999999999999981 0.009999999999999981 1.3210416666666667 
1.3463513513513514 1.5083333333333333 1.5083333333333333 4.317708333333333 
0.495945945945946 0.22404761904761902 0.22404761904761902 0.19729166666666667 
2.8041891891891892 0.4380952380952381 0.4380952380952381 8.1571875 
2.561216216216216 2.5785714285714287 2.5785714285714287 5.160520833333333 
0.495945945945946 0.8661904761904762 0.8661904761904762 1.13375 
0.495945945945946 0.22404761904761902 0.22404761904761902 0.19729166666666667 
1.3463513513513514 0.22404761904761902 0.22404761904761902 6.377916666666666 
0.495945945945946 1.0802380952380952 1.0802380952380952 3.8494791666666663 
0.495945945945946 2.7926190476190476 2.7926190476190476 3.5685416666666665 
1.1033783783783784 0.4380952380952381 0.4380952380952381 3.006666666666667 
1.7108108108108109 0.4380952380952381 0.4380952380952381 7.220729166666666 
1.1033783783783784 0.22404761904761902 0.22404761904761902 2.2575 
1.3463513513513514 0.009999999999999981 0.009999999999999981 0.8528125 
0.37445945945945946 0.6521428571428571 0.6521428571428571 2.5384375 
2.561216216216216 1.2942857142857143 1.2942857142857143 3.38125 
0.252972972972973 0.4380952380952381 0.4380952380952381 1.13375 
1.3463513513513514 1.9364285714285714 1.9364285714285714 3.1003125 
0.495945945945946 1.5083333333333333 1.5083333333333333 2.4447916666666667 
1.7108108108108109 0.009999999999999981 0.009999999999999981 1.13375 
1.5893243243243245 0.4380952380952381 0.4380952380952381 1.13375 
0.7389189189189189 0.4380952380952381 0.4380952380952381 1.13375 
2.561216216216216 0.009999999999999981 0.009999999999999981 1.7892708333333334 
0.252972972972973 1.2942857142857143 1.2942857142857143 2.4447916666666667 
0.252972972972973 0.6521428571428571 0.6521428571428571 1.3210416666666667 
2.561216216216216 1.0802380952380952 1.0802380952380952 7.876249999999999 
1.7108108108108109 0.22404761904761902 0.22404761904761902 1.13375 
1.953783783783784 0.4380952380952381 0.4380952380952381 3.5685416666666665 
0.495945945945946 1.2942857142857143 1.2942857142857143 2.4447916666666667 
1.953783783783784 0.4380952380952381 0.4380952380952381 1.7892708333333334 
1.7108108108108109 0.22404761904761902 0.22404761904761902 1.13375 
1.953783783783784 0.8661904761904762 0.8661904761904762 6.471562499999999 
0.495945945945946 1.5083333333333333 1.5083333333333333 1.7892708333333334 
0.252972972972973 0.6521428571428571 0.6521428571428571 1.3210416666666667 
2.8041891891891892 0.22404761904761902 0.22404761904761902 1.9765625 
1.7108108108108109 1.2942857142857143 1.2942857142857143 6.658854166666666 
1.953783783783784 1.2942857142857143 1.2942857142857143 7.969895833333332 
1.7108108108108109 3.2207142857142856 3.2207142857142856 6.377916666666666 
0.495945945945946 0.22404761904761902 0.22404761904761902 0.19729166666666667 
0.252972972972973 0.009999999999999981 0.009999999999999981 0.010000000000000009 
