3.698205128205128 0.9273469387755103 0.9273469387755103 3.1003125 
0.47102564102564104 0.5604081632653062 0.5604081632653062 1.3210416666666667 
0.9320512820512821 4.046326530612245 4.046326530612245 5.254166666666666 
5.311794871794872 0.010000000000000009 0.010000000000000009 1.9765625 
3.698205128205128 0.010000000000000009 0.010000000000000009 1.3210416666666667 
2.5456410256410256 0.37693877551020416 0.37693877551020416 6.939791666666666 
3.9287179487179484 1.1108163265306121 1.1108163265306121 5.254166666666666 
4.850769230769231 0.19346938775510206 0.19346938775510206 2.163854166666667 
3.698205128205128 0.5604081632653062 0.5604081632653062 2.4447916666666667 
2.776153846153846 2.2116326530612245 2.2116326530612245 5.3478125 
4.850769230769231 0.9273469387755103 0.9273469387755103 7.876249999999999 
0.9320512820512821 0.19346938775510206 0.19346938775510206 0.19729166666666667 
4.850769230769231 0.010000000000000009 0.010000000000000009 1.7892708333333334 
0.47102564102564104 0.9273469387755103 0.9273469387755103 2.4447916666666667 
0.47102564102564104 0.010000000000000009 0.010000000000000009 0.010000000000000009 
2.776153846153846 1.8446938775510202 1.8446938775510202 3.474895833333333 
0.9320512820512821 0.7438775510204082 0.7438775510204082 1.3210416666666667 
0.9320512820512821 0.19346938775510206 0.19346938775510206 0.19729166666666667 
3.2371794871794872 0.37693877551020416 0.37693877551020416 4.692291666666666 
0.9320512820512821 0.010000000000000009 0.010000000000000009 0.19729166666666667 
0.9320512820512821 0.010000000000000009 0.010000000000000009 0.19729166666666667 
3.698205128205128 2.7620408163265306 2.7620408163265306 7.0334375 
3.2371794871794872 0.19346938775510206 0.19346938775510206 1.13375 
5.311794871794872 1.2942857142857143 1.2942857142857143 6.284270833333332 
3.2371794871794872 2.2116326530612245 2.2116326530612245 5.160520833333333 
3.698205128205128 1.1108163265306121 1.1108163265306121 5.816041666666666 
3.698205128205128 0.010000000000000009 0.010000000000000009 1.3210416666666667 
3.698205128205128 0.010000000000000009 0.010000000000000009 1.3210416666666667 
0.47102564102564104 0.5604081632653062 0.5604081632653062 3.1003125 
3.698205128205128 0.010000000000000009 0.010000000000000009 1.3210416666666667 
0.9320512820512821 0.010000000000000009 0.010000000000000009 0.19729166666666667 
3.2371794871794872 0.5604081632653062 0.5604081632653062 2.2575 
2.0846153846153843 0.7438775510204082 0.7438775510204082 4.598645833333332 
0.9320512820512821 0.010000000000000009 0.010000000000000009 0.19729166666666667 
3.698205128205128 0.010000000000000009 0.010000000000000009 1.3210416666666667 
3.2371794871794872 0.7438775510204082 0.7438775510204082 1.13375 
3.2371794871794872 0.010000000000000009 0.010000000000000009 1.13375 
2.5456410256410256 0.010000000000000009 0.010000000000000009 0.8528125 
3.2371794871794872 0.010000000000000009 0.010000000000000009 1.13375 
5.311794871794872 0.9273469387755103 0.9273469387755103 4.036770833333333 
0.9320512820512821 0.7438775510204082 0.7438775510204082 6.7524999999999995 
1.393076923076923 0.37693877551020416 0.37693877551020416 2.2575 
2.0846153846153843 0.7438775510204082 0.7438775510204082 1.6019791666666667 
0.47102564102564104 0.19346938775510206 0.19346938775510206 0.19729166666666667 
0.9320512820512821 0.010000000000000009 0.010000000000000009 0.19729166666666667 
0.47102564102564104 0.010000000000000009 0.010000000000000009 0.010000000000000009 
2.5456410256410256 4.229795918367348 4.229795918367348 5.816041666666666 
0.47102564102564104 0.010000000000000009 0.010000000000000009 0.010000000000000009 
5.311794871794872 0.5604081632653062 0.5604081632653062 4.785937499999999 
0.47102564102564104 0.010000000000000009 0.010000000000000009 0.010000000000000009 
2.5456410256410256 0.9273469387755103 0.9273469387755103 5.254166666666666 
3.2371794871794872 0.010000000000000009 0.010000000000000009 1.13375 
0.47102564102564104 0.37693877551020416 0.37693877551020416 3.38125 
1.6235897435897437 0.7438775510204082 0.7438775510204082 4.692291666666666 
0.9320512820512821 1.4777551020408164 1.4777551020408164 3.38125 
2.5456410256410256 0.5604081632653062 0.5604081632653062 5.3478125 
2.5456410256410256 0.010000000000000009 0.010000000000000009 0.8528125 
3.2371794871794872 0.37693877551020416 0.37693877551020416 2.9130208333333334 
0.9320512820512821 0.9273469387755103 0.9273469387755103 3.1003125 
3.2371794871794872 0.19346938775510206 0.19346938775510206 1.13375 
0.47102564102564104 7.715714285714286 7.715714285714286 7.876249999999999 
0.47102564102564104 0.010000000000000009 0.010000000000000009 0.010000000000000009 
1.6235897435897437 2.0281632653061226 2.0281632653061226 7.876249999999999 
0.47102564102564104 1.8446938775510202 1.8446938775510202 1.9765625 
0.47102564102564104 0.19346938775510206 0.19346938775510206 1.13375 
0.9320512820512821 2.0281632653061226 2.0281632653061226 8.063541666666666 
2.5456410256410256 0.5604081632653062 0.5604081632653062 2.4447916666666667 
0.9320512820512821 0.7438775510204082 0.7438775510204082 1.3210416666666667 
0.9320512820512821 0.010000000000000009 0.010000000000000009 0.19729166666666667 
0.47102564102564104 0.010000000000000009 0.010000000000000009 0.010000000000000009 
0.9320512820512821 0.010000000000000009 0.010000000000000009 0.19729166666666667 
5.311794871794872 0.010000000000000009 0.010000000000000009 1.9765625 
0.9320512820512821 0.9273469387755103 0.9273469387755103 3.8494791666666663 
0.9320512820512821 1.2942857142857143 1.2942857142857143 3.006666666666667 
0.47102564102564104 0.19346938775510206 0.19346938775510206 0.010000000000000009 
1.1625641025641025 8.266122448979592 8.266122448979592 9.0 
0.47102564102564104 1.1108163265306121 1.1108163265306121 5.254166666666666 
0.9320512820512821 0.010000000000000009 0.010000000000000009 0.19729166666666667 
0.9320512820512821 0.010000000000000009 0.010000000000000009 0.19729166666666667 
0.47102564102564104 0.37693877551020416 0.37693877551020416 1.6019791666666667 
3.2371794871794872 0.19346938775510206 0.19346938775510206 2.5384375 
4.850769230769231 0.010000000000000009 0.010000000000000009 1.7892708333333334 
2.5456410256410256 1.4777551020408164 1.4777551020408164 6.565208333333333 
0.47102564102564104 0.19346938775510206 0.19346938775510206 0.8528125 
0.9320512820512821 1.8446938775510202 1.8446938775510202 5.535104166666666 
2.5456410256410256 0.37693877551020416 0.37693877551020416 1.13375 
0.9320512820512821 0.5604081632653062 0.5604081632653062 3.8494791666666663 
0.24051282051282052 4.229795918367348 4.229795918367348 7.0334375 
0.9320512820512821 0.19346938775510206 0.19346938775510206 0.19729166666666667 
5.311794871794872 1.2942857142857143 1.2942857142857143 4.130416666666666 
0.7015384615384616 0.19346938775510206 0.19346938775510206 1.9765625 
3.2371794871794872 0.7438775510204082 0.7438775510204082 2.2575 
0.9320512820512821 1.1108163265306121 1.1108163265306121 1.8829166666666666 
3.698205128205128 0.7438775510204082 0.7438775510204082 6.471562499999999 
5.311794871794872 1.1108163265306121 1.1108163265306121 8.063541666666666 
2.5456410256410256 1.1108163265306121 1.1108163265306121 5.816041666666666 
0.47102564102564104 1.6612244897959183 1.6612244897959183 4.4113541666666665 
4.62025641025641 2.3951020408163264 2.3951020408163264 6.284270833333332 
2.5456410256410256 0.19346938775510206 0.19346938775510206 2.2575 
0.9320512820512821 0.19346938775510206 0.19346938775510206 0.19729166666666667 
0.9320512820512821 0.010000000000000009 0.010000000000000009 0.19729166666666667 
0.47102564102564104 0.5604081632653062 0.5604081632653062 1.13375 
3.698205128205128 0.010000000000000009 0.010000000000000009 1.3210416666666667 
0.9320512820512821 0.010000000000000009 0.010000000000000009 0.19729166666666667 
3.2371794871794872 0.010000000000000009 0.010000000000000009 1.13375 
2.5456410256410256 0.19346938775510206 0.19346938775510206 1.13375 
5.311794871794872 0.5604081632653062 0.5604081632653062 4.036770833333333 
0.9320512820512821 0.5604081632653062 0.5604081632653062 2.2575 
0.9320512820512821 1.2942857142857143 1.2942857142857143 4.130416666666666 
0.9320512820512821 1.2942857142857143 1.2942857142857143 2.4447916666666667 
3.2371794871794872 1.2942857142857143 1.2942857142857143 4.505 
3.2371794871794872 3.128979591836735 3.128979591836735 7.127083333333332 
2.5456410256410256 0.010000000000000009 0.010000000000000009 0.8528125 
3.2371794871794872 0.37693877551020416 0.37693877551020416 2.7257291666666665 
0.47102564102564104 0.19346938775510206 0.19346938775510206 0.19729166666666667 
5.311794871794872 0.37693877551020416 0.37693877551020416 5.628749999999999 
0.24051282051282052 1.1108163265306121 1.1108163265306121 5.160520833333333 
5.311794871794872 0.19346938775510206 0.19346938775510206 2.2575 
3.2371794871794872 0.010000000000000009 0.010000000000000009 1.13375 
0.47102564102564104 0.9273469387755103 0.9273469387755103 3.6621875 
4.850769230769231 0.37693877551020416 0.37693877551020416 3.1003125 
2.0846153846153843 1.2942857142857143 1.2942857142857143 3.38125 
5.311794871794872 0.37693877551020416 0.37693877551020416 4.317708333333333 
3.2371794871794872 0.010000000000000009 0.010000000000000009 1.13375 
2.5456410256410256 0.37693877551020416 0.37693877551020416 1.3210416666666667 
0.9320512820512821 1.1108163265306121 1.1108163265306121 2.819375 
2.3151282051282047 0.5604081632653062 0.5604081632653062 1.3210416666666667 
0.47102564102564104 0.19346938775510206 0.19346938775510206 0.19729166666666667 
0.47102564102564104 0.19346938775510206 0.19346938775510206 0.7591666666666667 
0.47102564102564104 0.37693877551020416 0.37693877551020416 0.6655208333333333 
0.47102564102564104 2.0281632653061226 2.0281632653061226 6.377916666666666 
0.9320512820512821 0.010000000000000009 0.010000000000000009 0.19729166666666667 
0.24051282051282052 2.3951020408163264 2.3951020408163264 8.7190625 
0.47102564102564104 1.8446938775510202 1.8446938775510202 4.130416666666666 
0.24051282051282052 2.7620408163265306 2.7620408163265306 3.1003125 
0.47102564102564104 0.37693877551020416 0.37693877551020416 4.692291666666666 
3.2371794871794872 0.19346938775510206 0.19346938775510206 3.1003125 
2.776153846153846 2.0281632653061226 2.0281632653061226 5.254166666666666 
0.47102564102564104 2.2116326530612245 2.2116326530612245 6.939791666666666 
2.0846153846153843 0.010000000000000009 0.010000000000000009 0.6655208333333333 
2.5456410256410256 0.7438775510204082 0.7438775510204082 3.38125 
3.0066666666666664 0.37693877551020416 0.37693877551020416 1.3210416666666667 
3.698205128205128 0.010000000000000009 0.010000000000000009 1.3210416666666667 
0.47102564102564104 2.0281632653061226 2.0281632653061226 4.2240625 
3.698205128205128 0.010000000000000009 0.010000000000000009 1.3210416666666667 
2.5456410256410256 0.010000000000000009 0.010000000000000009 0.8528125 
0.9320512820512821 1.1108163265306121 1.1108163265306121 5.254166666666666 
0.47102564102564104 7.899183673469388 7.899183673469388 9.0 
0.47102564102564104 0.5604081632653062 0.5604081632653062 1.3210416666666667 
2.5456410256410256 0.7438775510204082 0.7438775510204082 3.1003125 
0.9320512820512821 0.010000000000000009 0.010000000000000009 0.19729166666666667 
0.9320512820512821 1.4777551020408164 1.4777551020408164 4.973229166666666 
0.47102564102564104 0.010000000000000009 0.010000000000000009 0.010000000000000009 
0.9320512820512821 0.7438775510204082 0.7438775510204082 3.1003125 
0.9320512820512821 2.2116326530612245 2.2116326530612245 3.474895833333333 
3.2371794871794872 0.5604081632653062 0.5604081632653062 2.632083333333333 
5.311794871794872 0.37693877551020416 0.37693877551020416 2.4447916666666667 
0.7015384615384616 0.010000000000000009 0.010000000000000009 0.10364583333333335 
1.6235897435897437 1.4777551020408164 1.4777551020408164 8.1571875 
0.9320512820512821 3.4959183673469387 3.4959183673469387 6.284270833333332 
0.47102564102564104 0.37693877551020416 0.37693877551020416 2.0702083333333334 
0.9320512820512821 0.5604081632653062 0.5604081632653062 4.130416666666666 
0.9320512820512821 0.37693877551020416 0.37693877551020416 1.3210416666666667 
0.9320512820512821 0.9273469387755103 0.9273469387755103 2.632083333333333 
3.2371794871794872 0.19346938775510206 0.19346938775510206 1.3210416666666667 
5.311794871794872 0.010000000000000009 0.010000000000000009 1.9765625 
0.47102564102564104 0.19346938775510206 0.19346938775510206 1.8829166666666666 
0.47102564102564104 0.19346938775510206 0.19346938775510206 0.8528125 
0.9320512820512821 2.7620408163265306 2.7620408163265306 3.38125 
0.7015384615384616 2.7620408163265306 2.7620408163265306 6.7524999999999995 
3.698205128205128 0.010000000000000009 0.010000000000000009 1.3210416666666667 
0.9320512820512821 0.19346938775510206 0.19346938775510206 4.598645833333332 
0.47102564102564104 0.19346938775510206 0.19346938775510206 3.6621875 
3.698205128205128 1.6612244897959183 1.6612244897959183 5.628749999999999 
0.47102564102564104 0.19346938775510206 0.19346938775510206 0.19729166666666667 
0.47102564102564104 0.010000000000000009 0.010000000000000009 0.010000000000000009 
0.47102564102564104 2.0281632653061226 2.0281632653061226 8.7190625 
0.47102564102564104 0.010000000000000009 0.010000000000000009 0.010000000000000009 
5.311794871794872 0.010000000000000009 0.010000000000000009 1.9765625 
2.5456410256410256 0.37693877551020416 0.37693877551020416 3.5685416666666665 
0.47102564102564104 0.19346938775510206 0.19346938775510206 0.010000000000000009 
3.0066666666666664 1.1108163265306121 1.1108163265306121 6.939791666666666 
0.47102564102564104 0.9273469387755103 0.9273469387755103 1.8829166666666666 
2.5456410256410256 0.010000000000000009 0.010000000000000009 0.8528125 
0.47102564102564104 2.2116326530612245 2.2116326530612245 4.785937499999999 
5.311794871794872 0.37693877551020416 0.37693877551020416 8.1571875 
5.311794871794872 0.19346938775510206 0.19346938775510206 3.38125 
0.47102564102564104 0.9273469387755103 0.9273469387755103 2.2575 
2.5456410256410256 0.5604081632653062 0.5604081632653062 1.3210416666666667 
2.5456410256410256 0.7438775510204082 0.7438775510204082 3.6621875 
0.9320512820512821 1.4777551020408164 1.4777551020408164 2.4447916666666667 
0.47102564102564104 0.5604081632653062 0.5604081632653062 2.2575 
2.5456410256410256 1.8446938775510202 1.8446938775510202 3.7558333333333334 
0.47102564102564104 0.010000000000000009 0.010000000000000009 0.010000000000000009 
3.698205128205128 0.9273469387755103 0.9273469387755103 3.5685416666666665 
0.01 4.5967346938775515 4.5967346938775515 6.939791666666666 
0.9320512820512821 0.010000000000000009 0.010000000000000009 0.19729166666666667 
5.311794871794872 0.010000000000000009 0.010000000000000009 1.9765625 
0.47102564102564104 1.8446938775510202 1.8446938775510202 8.063541666666666 
0.47102564102564104 0.19346938775510206 0.19346938775510206 1.13375 
1.8541025641025641 1.2942857142857143 1.2942857142857143 4.692291666666666 
3.0066666666666664 0.5604081632653062 0.5604081632653062 1.7892708333333334 
0.47102564102564104 0.37693877551020416 0.37693877551020416 1.8829166666666666 
2.5456410256410256 0.19346938775510206 0.19346938775510206 2.0702083333333334 
0.9320512820512821 0.19346938775510206 0.19346938775510206 0.19729166666666667 
0.9320512820512821 0.19346938775510206 0.19346938775510206 2.7257291666666665 
3.2371794871794872 0.37693877551020416 0.37693877551020416 1.6019791666666667 
0.9320512820512821 0.19346938775510206 0.19346938775510206 1.9765625 
0.9320512820512821 1.4777551020408164 1.4777551020408164 3.5685416666666665 
0.47102564102564104 3.679387755102041 3.679387755102041 4.692291666666666 
5.311794871794872 0.37693877551020416 0.37693877551020416 2.9130208333333334 
3.2371794871794872 0.19346938775510206 0.19346938775510206 1.13375 
0.47102564102564104 0.7438775510204082 0.7438775510204082 4.2240625 
5.311794871794872 0.37693877551020416 0.37693877551020416 3.1003125 
0.47102564102564104 0.010000000000000009 0.010000000000000009 0.010000000000000009 
3.2371794871794872 0.37693877551020416 0.37693877551020416 7.5953124999999995 
0.47102564102564104 1.4777551020408164 1.4777551020408164 6.7524999999999995 
0.47102564102564104 0.9273469387755103 0.9273469387755103 2.2575 
0.47102564102564104 0.19346938775510206 0.19346938775510206 0.19729166666666667 
0.47102564102564104 0.19346938775510206 0.19346938775510206 1.3210416666666667 
0.47102564102564104 1.2942857142857143 1.2942857142857143 3.38125 
0.47102564102564104 2.5785714285714287 2.5785714285714287 4.4113541666666665 
2.5456410256410256 1.8446938775510202 1.8446938775510202 3.38125 
0.9320512820512821 1.1108163265306121 1.1108163265306121 5.254166666666666 
2.0846153846153843 0.19346938775510206 0.19346938775510206 4.692291666666666 
3.698205128205128 0.5604081632653062 0.5604081632653062 3.5685416666666665 
0.9320512820512821 0.19346938775510206 0.19346938775510206 4.130416666666666 
5.772820512820513 0.9273469387755103 0.9273469387755103 4.505 
0.47102564102564104 1.4777551020408164 1.4777551020408164 1.8829166666666666 
0.9320512820512821 0.010000000000000009 0.010000000000000009 0.19729166666666667 
0.9320512820512821 0.37693877551020416 0.37693877551020416 2.4447916666666667 
2.5456410256410256 1.1108163265306121 1.1108163265306121 3.2876041666666667 
0.47102564102564104 0.010000000000000009 0.010000000000000009 0.010000000000000009 
3.698205128205128 2.5785714285714287 2.5785714285714287 7.969895833333332 
0.9320512820512821 0.010000000000000009 0.010000000000000009 0.19729166666666667 
2.5456410256410256 0.010000000000000009 0.010000000000000009 0.8528125 
0.47102564102564104 0.5604081632653062 0.5604081632653062 0.8528125 
3.698205128205128 0.37693877551020416 0.37693877551020416 3.006666666666667 
0.47102564102564104 0.010000000000000009 0.010000000000000009 0.010000000000000009 
0.47102564102564104 0.010000000000000009 0.010000000000000009 0.010000000000000009 
0.9320512820512821 0.37693877551020416 0.37693877551020416 3.006666666666667 
2.5456410256410256 0.5604081632653062 0.5604081632653062 2.3511458333333333 
3.698205128205128 0.7438775510204082 0.7438775510204082 2.3511458333333333 
0.47102564102564104 9.0 9.0 9.0 
2.5456410256410256 0.7438775510204082 0.7438775510204082 3.1003125 
0.7015384615384616 1.6612244897959183 1.6612244897959183 2.9130208333333334 
3.2371794871794872 0.19346938775510206 0.19346938775510206 1.13375 
5.311794871794872 0.37693877551020416 0.37693877551020416 3.5685416666666665 
0.9320512820512821 0.7438775510204082 0.7438775510204082 1.9765625 
2.5456410256410256 0.19346938775510206 0.19346938775510206 0.8528125 
1.8541025641025641 1.4777551020408164 1.4777551020408164 5.254166666666666 
0.9320512820512821 1.8446938775510202 1.8446938775510202 5.816041666666666 
0.47102564102564104 0.5604081632653062 0.5604081632653062 1.3210416666666667 
4.850769230769231 0.010000000000000009 0.010000000000000009 1.7892708333333334 
1.6235897435897437 0.7438775510204082 0.7438775510204082 3.1003125 
2.5456410256410256 0.19346938775510206 0.19346938775510206 1.3210416666666667 
3.2371794871794872 1.2942857142857143 1.2942857142857143 4.130416666666666 
3.698205128205128 0.010000000000000009 0.010000000000000009 1.3210416666666667 
3.698205128205128 0.010000000000000009 0.010000000000000009 1.3210416666666667 
2.0846153846153843 0.19346938775510206 0.19346938775510206 4.692291666666666 
0.9320512820512821 2.0281632653061226 2.0281632653061226 3.006666666666667 
2.0846153846153843 0.5604081632653062 0.5604081632653062 5.9096874999999995 
0.47102564102564104 0.19346938775510206 0.19346938775510206 0.8528125 
4.850769230769231 0.19346938775510206 0.19346938775510206 4.692291666666666 
0.47102564102564104 0.7438775510204082 0.7438775510204082 1.3210416666666667 
2.3151282051282047 0.7438775510204082 0.7438775510204082 3.38125 
2.5456410256410256 0.9273469387755103 0.9273469387755103 2.4447916666666667 
3.2371794871794872 0.37693877551020416 0.37693877551020416 2.2575 
0.47102564102564104 1.2942857142857143 1.2942857142857143 2.4447916666666667 
3.698205128205128 0.37693877551020416 0.37693877551020416 1.9765625 
4.850769230769231 0.19346938775510206 0.19346938775510206 2.9130208333333334 
2.5456410256410256 0.19346938775510206 0.19346938775510206 4.692291666666666 
2.0846153846153843 1.4777551020408164 1.4777551020408164 4.036770833333333 
0.47102564102564104 0.7438775510204082 0.7438775510204082 5.722395833333333 
2.0846153846153843 1.4777551020408164 1.4777551020408164 3.38125 
0.47102564102564104 1.1108163265306121 1.1108163265306121 2.5384375 
3.2371794871794872 0.7438775510204082 0.7438775510204082 4.505 
0.9320512820512821 0.19346938775510206 0.19346938775510206 4.692291666666666 
0.9320512820512821 0.19346938775510206 0.19346938775510206 0.19729166666666667 
3.2371794871794872 0.37693877551020416 0.37693877551020416 3.6621875 
2.776153846153846 1.8446938775510202 1.8446938775510202 1.9765625 
0.24051282051282052 2.0281632653061226 2.0281632653061226 3.1003125 
5.311794871794872 0.010000000000000009 0.010000000000000009 1.9765625 
0.9320512820512821 0.9273469387755103 0.9273469387755103 3.38125 
0.9320512820512821 0.9273469387755103 0.9273469387755103 4.692291666666666 
2.5456410256410256 0.19346938775510206 0.19346938775510206 2.163854166666667 
5.311794871794872 2.3951020408163264 2.3951020408163264 8.531770833333333 
0.47102564102564104 1.1108163265306121 1.1108163265306121 6.939791666666666 
0.9320512820512821 0.010000000000000009 0.010000000000000009 0.19729166666666667 
2.0846153846153843 0.37693877551020416 0.37693877551020416 4.692291666666666 
4.850769230769231 0.19346938775510206 0.19346938775510206 1.9765625 
0.9320512820512821 5.881020408163266 5.881020408163266 9.0 
0.47102564102564104 0.010000000000000009 0.010000000000000009 0.010000000000000009 
0.47102564102564104 0.9273469387755103 0.9273469387755103 1.3210416666666667 
2.5456410256410256 1.1108163265306121 1.1108163265306121 5.628749999999999 
0.47102564102564104 1.1108163265306121 1.1108163265306121 1.13375 
0.47102564102564104 0.7438775510204082 0.7438775510204082 2.2575 
8.769487179487179 0.010000000000000009 0.010000000000000009 3.38125 
2.5456410256410256 0.19346938775510206 0.19346938775510206 1.7892708333333334 
0.9320512820512821 0.5604081632653062 0.5604081632653062 1.3210416666666667 
0.47102564102564104 2.2116326530612245 2.2116326530612245 2.819375 
0.47102564102564104 0.010000000000000009 0.010000000000000009 0.010000000000000009 
0.9320512820512821 0.010000000000000009 0.010000000000000009 0.19729166666666667 
0.47102564102564104 0.010000000000000009 0.010000000000000009 0.010000000000000009 
3.698205128205128 0.5604081632653062 0.5604081632653062 1.9765625 
3.2371794871794872 0.5604081632653062 0.5604081632653062 2.2575 
3.698205128205128 0.7438775510204082 0.7438775510204082 3.5685416666666665 
3.698205128205128 0.37693877551020416 0.37693877551020416 3.5685416666666665 
3.2371794871794872 0.010000000000000009 0.010000000000000009 1.13375 
1.393076923076923 0.19346938775510206 0.19346938775510206 0.8528125 
2.5456410256410256 0.5604081632653062 0.5604081632653062 5.254166666666666 
0.47102564102564104 1.8446938775510202 1.8446938775510202 3.5685416666666665 
0.9320512820512821 1.6612244897959183 1.6612244897959183 2.4447916666666667 
3.698205128205128 0.010000000000000009 0.010000000000000009 1.3210416666666667 
3.2371794871794872 0.37693877551020416 0.37693877551020416 1.7892708333333334 
2.5456410256410256 0.37693877551020416 0.37693877551020416 6.939791666666666 
0.47102564102564104 0.5604081632653062 0.5604081632653062 3.8494791666666663 
3.698205128205128 1.1108163265306121 1.1108163265306121 2.4447916666666667 
0.24051282051282052 2.2116326530612245 2.2116326530612245 4.2240625 
0.47102564102564104 0.010000000000000009 0.010000000000000009 0.010000000000000009 
3.698205128205128 0.010000000000000009 0.010000000000000009 1.3210416666666667 
0.9320512820512821 0.19346938775510206 0.19346938775510206 0.6655208333333333 
3.698205128205128 0.19346938775510206 0.19346938775510206 1.3210416666666667 
0.9320512820512821 2.7620408163265306 2.7620408163265306 6.377916666666666 
2.5456410256410256 0.37693877551020416 0.37693877551020416 1.9765625 
0.47102564102564104 1.4777551020408164 1.4777551020408164 3.1939583333333332 
2.5456410256410256 1.4777551020408164 1.4777551020408164 2.9130208333333334 
9.0 0.010000000000000009 0.010000000000000009 3.474895833333333 
0.9320512820512821 0.7438775510204082 0.7438775510204082 0.8528125 
0.9320512820512821 0.7438775510204082 0.7438775510204082 2.9130208333333334 
3.2371794871794872 0.19346938775510206 0.19346938775510206 1.13375 
0.47102564102564104 0.9273469387755103 0.9273469387755103 4.036770833333333 
2.0846153846153843 0.37693877551020416 0.37693877551020416 3.006666666666667 
3.2371794871794872 0.010000000000000009 0.010000000000000009 1.13375 
0.47102564102564104 0.7438775510204082 0.7438775510204082 3.2876041666666667 
2.5456410256410256 0.19346938775510206 0.19346938775510206 3.38125 
3.2371794871794872 0.37693877551020416 0.37693877551020416 3.1003125 
0.47102564102564104 0.010000000000000009 0.010000000000000009 0.010000000000000009 
5.311794871794872 0.19346938775510206 0.19346938775510206 1.9765625 
2.5456410256410256 0.9273469387755103 0.9273469387755103 2.2575 
0.47102564102564104 0.5604081632653062 0.5604081632653062 1.3210416666666667 
2.3151282051282047 1.2942857142857143 1.2942857142857143 3.474895833333333 
3.2371794871794872 0.5604081632653062 0.5604081632653062 5.160520833333333 
0.47102564102564104 0.37693877551020416 0.37693877551020416 6.846145833333333 
5.311794871794872 0.010000000000000009 0.010000000000000009 1.9765625 
0.9320512820512821 1.2942857142857143 1.2942857142857143 4.317708333333333 
0.47102564102564104 2.0281632653061226 2.0281632653061226 7.501666666666666 
4.850769230769231 0.010000000000000009 0.010000000000000009 1.7892708333333334 
3.698205128205128 0.5604081632653062 0.5604081632653062 2.4447916666666667 
3.698205128205128 1.2942857142857143 1.2942857142857143 6.939791666666666 
3.698205128205128 0.37693877551020416 0.37693877551020416 1.6019791666666667 
0.9320512820512821 0.010000000000000009 0.010000000000000009 0.19729166666666667 
0.9320512820512821 2.7620408163265306 2.7620408163265306 9.0 
0.9320512820512821 0.010000000000000009 0.010000000000000009 0.19729166666666667 
3.2371794871794872 1.1108163265306121 1.1108163265306121 4.2240625 
5.311794871794872 0.7438775510204082 0.7438775510204082 2.9130208333333334 
2.5456410256410256 3.8628571428571425 3.8628571428571425 9.0 
0.9320512820512821 0.9273469387755103 0.9273469387755103 2.4447916666666667 
0.9320512820512821 3.312448979591837 3.312448979591837 6.284270833333332 
0.47102564102564104 6.064489795918368 6.064489795918368 7.0334375 
0.9320512820512821 1.2942857142857143 1.2942857142857143 1.7892708333333334 
0.24051282051282052 2.3951020408163264 2.3951020408163264 5.254166666666666 
0.47102564102564104 0.010000000000000009 0.010000000000000009 0.010000000000000009 
0.47102564102564104 0.37693877551020416 0.37693877551020416 0.19729166666666667 
0.9320512820512821 1.1108163265306121 1.1108163265306121 4.692291666666666 
0.7015384615384616 3.679387755102041 3.679387755102041 3.7558333333333334 
4.850769230769231 2.2116326530612245 2.2116326530612245 5.160520833333333 
0.47102564102564104 0.19346938775510206 0.19346938775510206 0.8528125 
4.850769230769231 0.010000000000000009 0.010000000000000009 1.7892708333333334 
0.9320512820512821 0.37693877551020416 0.37693877551020416 2.163854166666667 
0.9320512820512821 0.5604081632653062 0.5604081632653062 3.6621875 
4.850769230769231 0.37693877551020416 0.37693877551020416 3.1003125 
2.0846153846153843 0.37693877551020416 0.37693877551020416 1.13375 
4.850769230769231 0.37693877551020416 0.37693877551020416 2.2575 
