1.2205962509140846 0.4693311467606427 1.337325929508216 1.4720627344016362 3.0463576158940393 1.5265739130434781 1.1880665950590763 1.524544049459042 2.2267123287671238 2.107912900575185 2.4496976117103233 1.6811397557666217 1.6389725712534482 2.449961484144306 1.1071720251293422 3.851009103470699 9.0 4.677688826630163 3.9680895896240678 4.795745859587276 4.460830542383747 3.286672417506855 
0.8345950975321195 0.22649919412756958 2.020216875654887 0.36555404023184457 1.2602649006622513 0.3696 0.4252201933404941 0.36779366306027833 0.5099917808219181 0.37196384552177497 0.6575847457627119 0.4686485753052918 0.37505516395954647 0.6580787007318011 0.12586335920177383 6.751221246850363 7.89481694109405 6.463905017032719 2.931459500740651 3.6011307935950514 2.9070810033551693 2.229738374742144 
4.171992497071955 1.6889526581263672 4.459867295358504 4.282778724855097 4.832450331125828 4.116736231884057 4.11392051557465 4.115942812982998 5.908917808219179 5.44684470008217 5.8088270416024645 5.933397557666215 5.576746858718971 5.808082552317369 3.11007160014782 1.4414728115093887 6.139481253686289 7.700632598205317 7.596246138775724 8.276803446048008 9.0 7.699728143355398 
1.316161199992866 9.0 1.4990687070365132 0.295056256392772 0.6649006622516557 0.21846376811594198 0.2610633727175081 0.21842349304482228 0.2907835616438359 0.24638455217748567 0.3147457627118645 0.2771383989145185 0.29791143119828384 0.31470663756579775 0.2653977272727273 6.068367064943512 5.372491481289743 2.400575974093904 2.62033394064278 2.243480287876025 3.301801210031141 1.7663557001665195 
1.963362524598545 0.9136096404055243 0.5356510875447631 4.230671667234913 6.6185430463576145 4.335623188405797 3.9352792696025785 4.336524343122102 4.289075799086759 3.6961216105176664 4.802819722650232 3.793850746268656 3.0737082439472876 4.802781486712029 4.901177937915743 2.4283048849874023 7.950109667931273 1.5600493471171788 6.125160164984227 6.160034352425268 5.497834916462435 5.825641553513881 
0.5642018775155915 0.7706094358057887 1.0672025516137573 2.25673371974088 4.832450331125828 2.188446376811594 1.7722717508055856 2.189762364760433 1.533784474885845 1.391372226787182 1.9562172573189525 1.2090732700135687 0.9377911431198285 1.9559673899088454 1.5951270325203253 3.665772575794522 8.681094335540596 2.837173888325431 8.194862346507014 7.912280811941857 5.146173042893705 6.0183902756261025 
7.722326561673235 2.681902234730178 1.9074886294287658 0.3257074667575861 0.06953642384105962 0.4217159420289855 0.2852040816326531 0.42163639876352405 1.2332968036529686 0.9850862777321284 1.6635920647149458 1.054157394843962 0.6264610787618754 1.6645339581461034 0.2404808758314856 5.723103714541171 4.016638798958437 0.9428508534549849 1.8774165229753343 3.3693881396338297 3.6772077240220638 1.4085640227990093 
8.219927051563307 3.0089877532443663 8.6210302025401 0.1969723832253666 0.06953642384105962 0.2810028985507245 0.2610633727175081 0.27921367851622886 0.5436529680365298 0.4236729663105999 0.7909110169491523 0.5064626865671644 0.3013553478394117 0.7919649505713183 0.18068043237250556 5.91455132894416 3.960165197301829 1.0827273719590167 1.3247974535310654 2.4662171361423084 4.386001275144925 0.993051997812886 
1.2210772825369638 0.3264810933141815 1.1057620297765034 0.4789635185816571 1.2602649006622513 0.380023188405797 0.43487647690655207 0.3816885625965997 0.1963680365296805 0.16512736236647496 0.18661402157164875 0.19419131614654006 0.2641610481152314 0.18774553858004872 0.27494918699186993 5.977758270340567 5.993446401021987 2.2062780448535726 2.0494925341075945 2.9125003432991385 2.226390772130899 1.4481303901182205 
1.9894985761083461 7.093230504568002 1.1887813626262282 1.2575042618479375 2.450993377483444 0.8751246376811594 1.0625349087003224 0.8749574961360125 0.8720547945205483 1.0146343467543142 0.6922149460708785 0.6772360922659433 0.7042935948513638 0.6932815509051228 0.9589167590539542 5.966066812972448 4.429435588763286 3.228386553933902 2.901349002604073 5.54824669813763 5.714463544822501 2.0188356723305194 
1.8507476768865816 0.6092157149299346 2.4579834076018745 0.8498431639959086 1.8556291390728479 0.3018492753623187 0.36245435016111704 0.3017928902627512 0.8925799086757995 0.7487017255546428 1.2012788906009244 0.4845061058344642 0.6216395954642968 1.2017030427525999 0.1798498706577975 6.070924571242788 4.886688842356853 6.345290056442188 2.0837364193837846 5.7915248784946165 4.565461433648754 1.1542407234046081 
5.928185504247894 8.708162464716985 5.795577970453786 4.463620866007501 4.237086092715232 4.408585507246376 4.195998925886143 4.40599884080371 5.110080365296805 5.535488907148727 5.30842064714946 4.517198100407056 3.9594836040453574 5.308894594941583 3.259157427937916 2.4023644639518826 3.037184176704966 6.972792228170157 5.004017506567134 5.191009659649858 6.726097242612149 4.211184811154283 
1.8400580852670307 0.9855883495064548 1.6697138070399662 2.465161950221616 4.237086092715232 2.7096057971014487 1.7384747583243825 2.7073473724884085 1.5649826484018268 1.3470501232539034 1.8194279661016948 1.2432279511533244 0.9956489426907753 1.8191956605469248 1.5727018662232077 4.793632853775504 7.839130589317032 0.906256441276934 4.715345194580394 5.551444265103473 6.645188407937854 3.8300443222016956 
1.3340128179975146 0.6775344896698008 2.385160339447534 2.5325946130242074 4.832450331125828 2.235350724637681 2.9165413533834585 2.233183925811437 3.7324347031963487 3.2011914543960565 4.285098228043143 4.200047489823609 2.108034017775054 4.284549364488381 0.5448817442719882 4.468464195724621 3.207183841880373 8.752507288364548 6.263691211984627 6.645416922734056 4.44667048004333 6.050825387094369 
4.7291340122829215 1.867069463698161 5.702310615219869 0.34716331401295597 0.6649006622516557 0.416504347826087 0.34796992481203026 0.41642581143740337 0.4090082191780824 0.3498027937551357 0.4792392141756546 0.3942401628222525 0.3295954642966596 0.479178970342791 0.07893662232076867 6.694956108266279 2.487429062259344 6.584400807746366 2.46910690978571 4.179384470272546 3.831685648138378 1.823349888573157 
0.009999999999999787 0.2646188181651161 1.087388050249289 1.131834299352199 3.0463576158940393 1.0835884057971013 1.1687540279269601 1.0851178516228752 1.4828821917808221 1.221470829909614 1.6878332049306626 1.3164165535956585 1.0349095923996323 1.688194890229811 0.4568422025129343 4.749789888645047 6.643784264789587 7.66019475055829 4.8939146707628876 7.240791749114739 5.516791784610036 4.318395701989114 
3.2671720144351095 1.1549025437175353 0.5462096560618099 0.3778145243777703 0.6649006622516557 0.2497333333333332 0.26589151450053705 0.25142387944358585 0.7242739726027401 0.5492522596548891 1.0644895993836672 0.5003636363636363 0.36816733067729085 1.0643542174861986 0.2359127864005913 6.031465902625376 4.129238686148304 1.9975467887988891 3.0330550033601806 4.0045099376658815 3.1822649899867477 2.3478788926905647 
3.013026973680299 1.1458747056269099 0.10663160500650593 1.8122911694510742 2.450993377483444 2.052944927536232 1.2556605800214822 2.050813369397218 3.6798904109589046 3.053451109285128 5.034842064714945 2.3569145183175033 2.0136707018081523 5.034196944408781 0.9925545084996305 4.860858733642203 4.421354700293356 4.994036275816278 2.7794230216745657 2.330907435296554 3.2340135814490027 1.8238898531153953 
3.0227545020540907 1.1865093614818027 3.986180927378033 0.883559495397204 1.2602649006622513 0.9220289855072463 0.7825026852846403 0.9218527820710976 2.663486757990868 2.2113311421528348 3.3483513097072417 2.3898493894165536 1.6114212381244257 3.3490769033252015 0.777854305247598 3.787436804031538 3.658115942028984 5.288059089193215 3.2818059148215504 1.6607135894682579 4.1701630808867955 2.6530333369232943 
2.385975529277472 1.4043411470946832 0.024181606733681082 2.4529014660756903 3.641721854304635 2.4021217391304344 1.854350161117078 2.3999227202472952 3.3104383561643846 2.9500328677074776 3.982083975346686 2.3227598371777476 2.083237817958934 3.9821511105405056 1.3787657058388767 3.71071161505324 5.715500884709589 5.236050047527872 4.4912206883696175 4.433530330760278 5.515888431350679 3.7048842652041722 
4.623520847081766 1.8896109055834844 3.921380300989096 0.4605727923627686 0.6649006622516557 0.4686202898550725 0.4831578947368421 0.4667948222565688 2.309633789954338 1.7976581758422352 2.8115832049306624 2.260549525101764 1.4275160894882009 2.8118006162536906 1.2915567257945308 2.7439742339266857 6.9986024164033145 4.376060917538016 2.607496547159233 6.677918774298264 5.5700670430806065 1.873343157397666 
3.01585971545948 1.017457931788953 3.610523622001911 0.6781963859529493 1.2602649006622513 0.6822956521739127 0.6617991407089151 0.6821657650695521 0.4139342465753426 0.3498027937551357 0.47750770416024657 0.38326187245590226 0.3798766472571254 0.4780247785338295 0.20725840724316336 5.5787872876534195 2.3627425739769174 7.080776409803935 3.673287901741345 4.757800049074894 6.43203768962631 2.769237430306444 
1.5253565079874676 0.4417033345581478 2.043921897129434 0.7241732015001708 1.2602649006622513 0.786527536231884 0.5362674543501612 0.7846406491499229 0.46812054794520574 0.4015119145439606 0.47058166409861324 0.30885345997286295 0.4122494636837268 0.47167672358454216 0.4045168144863267 6.431532959440787 3.986375987410594 5.313900059580394 3.0207523658219486 4.27488648617011 4.9985651203147965 2.3578030685875717 
0.21449188768199967 0.5686185968633599 1.3700885465243466 1.1655506307534949 3.0463576158940393 1.146127536231884 1.1494414607948444 1.1476448995363218 0.9418401826484022 0.7930238290879214 1.0800731895223419 0.8724056987788331 0.6925842782715292 1.079935806907177 0.42735726164079824 4.895202389661058 7.38845318765888 6.886069604449887 4.01872886462785 6.516340453695138 4.071584656459479 3.492436147033726 
5.047951082336013 1.800909111786615 5.81245097700554 0.3900750085236959 0.6649006622516557 0.4790434782608695 0.39142320085929116 0.4806897217928903 0.45087945205479474 0.37935086277732144 0.5623516949152544 0.46254952510176395 0.35921314741035854 0.5622807805880085 0.07893662232076867 6.725646183857597 0.6951852481436553 6.5604406674823 2.151632545060501 3.9527417332441885 4.304478160254265 1.611553451746792 
1.4447035392179597 0.4119921751039697 2.30597107556968 0.4912240027275828 1.2602649006622513 0.4946782608695652 0.3721106337271751 0.4945846213292118 0.07978538812785396 0.11341824157765001 0.07060285053929127 0.07221031207598383 0.13191464909592404 0.07174926177943242 0.19230829637841834 6.286120458424776 4.3030125198641125 4.821613218660037 2.4754849715772327 3.499780063437179 2.772183261135411 1.8139098188174672 
5.825672320616405 2.2937427346216155 1.2630536460672221 1.380109103307194 1.2602649006622513 1.552631884057971 1.1735821697099893 1.5505969860896447 1.1002940639269407 0.911216105176664 1.286122881355932 1.0700149253731344 0.7855700275819797 1.2865361407112594 0.275364467849224 5.416568316670732 3.233001007049345 5.016524462070947 4.409406279532661 5.073084199460177 5.10343991695983 3.5101060211918114 
0.9697115356032366 0.46144821121373525 2.026531313689593 2.1555847255369933 4.237086092715232 1.6933449275362316 2.1488668098818473 1.6912828438948995 1.8580812785388134 1.6499178307313067 2.319834360554699 1.7445698778833107 1.2002175911737665 2.320692001540634 0.47303815594974136 4.513403234983338 6.069462323219052 8.450266065101815 5.912536975092721 4.370287313239642 2.6808497298481386 5.601332834881159 
3.228689484604729 1.1204428540410531 0.5855454995566918 0.6475451755881353 1.2602649006622513 0.6145449275362318 0.6376584317937702 0.6161649922720247 4.087929680365297 4.087633525061627 5.007137904468413 3.9426675712347348 2.539212381244254 5.0076505328026695 0.48591186252771623 4.587205559619607 3.4963129373646202 3.786911325277096 2.9559249915882493 3.3946853466420848 2.976765673781956 2.1748854250374876 
3.128902146836225 0.9916882401082288 0.5210036616117995 0.23681895669962505 0.6649006622516557 0.16634782608695647 0.20312567132116 0.16631761978361675 0.15203378995433792 0.17251437962202143 0.1260111710323577 0.11856309362279527 0.2049256818878334 0.12715046860957757 0.1885707686622321 6.702628627164108 0.009999999999999787 4.791356386244665 1.7761428491618005 1.6895928809888818 2.6331933286507683 1.302246866378918 
3.219603331728111 1.1554656105423144 4.241191060140247 0.7609546539379476 1.2602649006622513 0.786527536231884 0.6424865735767992 0.7863775115919631 5.757852968036531 5.084880854560395 6.877168721109398 5.367405698778834 3.4291204413116767 6.876287071511106 0.6715424057649668 4.110413313825897 4.736949284376824 4.464419045713171 2.5350346784722273 4.075402830585815 4.1726021346870565 1.677950470975172 
2.6964547178673133 2.171238162443839 0.9252312112105194 0.6076986021138765 1.2602649006622513 0.43735072463768104 0.5266111707841031 0.4372681607418856 0.45744748858447526 0.31286770747740356 0.5588886748844376 0.39789959294436894 0.44599984676677923 0.5593953010656053 0.3314273835920178 6.1239014874420885 6.23936937076157 2.170010733566503 4.276456849298846 4.136703022608218 3.5432810865561146 3.548629698360493 
7.782348618617009 2.6639967097022024 8.486874273147027 0.40540061370610314 0.06953642384105962 0.5207362318840578 0.3141729323308271 0.5206375579598146 0.24316529680365306 0.2389975349219392 0.4272939137134052 0.2259063772048847 0.11745019920318728 0.42839453074849143 0.20435144124168514 5.942683898236204 2.047124835485225 0.8806199089466134 1.5491332614831475 3.451270139278149 1.9482121694445533 0.8863252131193717 
4.239711059981808 1.9996529320394831 0.5288708303107765 0.8712990112512787 1.2602649006622513 0.9220289855072463 0.6762835660580021 0.9218527820710976 0.8375726027397263 0.7560887428101893 0.7614753466872112 0.7406662143826324 0.7993456941464909 0.7613788676338428 0.437739283074649 6.391708932780624 2.8286787306542225 4.73247822586881 2.905474262753634 4.462389384515296 5.278423960063546 1.9252728507874444 
3.221420562303434 1.0429273211631283 3.4974848296429357 0.010000000000000009 0.06953642384105962 0.009999999999999953 0.010000000000000009 0.010000000000000064 0.06418630136986325 0.06909613804437154 0.01000000000000012 0.01731886024423346 0.19390514863622438 0.010000000000000009 0.08184358832224688 7.8604482646509 0.34529898548149074 2.8986688558291007 2.002466518880201 3.1349538628469293 3.955783802142526 1.3243667931437282 
4.118758330806594 2.4476288978337473 0.5341501145693006 1.6774258438458918 1.8556291390728479 1.0992231884057968 1.4149892588614392 1.1007496136012365 1.9549598173515987 1.95278553820871 1.7172688751926035 1.6238086838534604 1.8724701195219124 1.717049685453845 1.195211566888396 4.370548240266602 7.748457926714621 0.010000000000001563 8.192113798471983 8.672816043438035 7.165352764974412 7.201750499142553 
1.935516138429617 0.6940698854241476 2.4269287943164413 1.3310671667234915 2.450993377483444 1.2920521739130435 1.0818474758324381 1.290067619783617 1.8794273972602744 1.886302382908792 1.5770165639445297 1.3273948439620082 1.6486155378486058 1.5768153806650402 1.088899667405765 4.105663659270097 8.30059794520724 2.890450445943305 4.019089702986086 4.622632012588386 3.0801680046142357 3.2143916467147724 
5.131864376549485 1.8872460249194125 5.575970096836965 0.4452471871803615 0.6649006622516557 0.4946782608695652 0.4252201933404941 0.4945846213292118 0.5888082191780826 0.49754313886606416 0.6575847457627119 0.5381777476255087 0.45082133006435804 0.6586557966362819 0.09305617147080564 6.538582865967651 2.3232411535479818 6.2620019920771774 3.1930770628497473 5.2843259968619085 4.342739687554324 2.172688327934586 
4.906688129083657 2.1592073012877253 4.97169907999125 3.9701363791339928 4.237086092715232 4.043773913043478 3.5007465091299683 4.04125772797527 4.190555251141554 3.9472801972062452 4.182939137134052 4.317149253731344 3.889916487894576 4.182980485299781 2.4983628972653364 2.1751117613590187 4.204096887934209 6.697455053190282 6.005083886990182 7.08233004441503 7.7746690551769 5.438431118327851 
1.459882759317721 0.48350166185091714 2.2738813085080665 0.8253221957040574 1.8556291390728479 0.7344115942028984 0.47350161117078404 0.7325347758887171 0.07157534246575348 0.10603122432210355 0.1537153312788906 0.01000000000000012 0.06854658289917254 0.15427397612016946 0.6989509423503327 6.732953344712673 3.7298251442965187 3.868563885187225 1.7572427211006847 2.978212368223782 4.098694287772777 1.282026125245429 
3.320780316407154 1.2005672632071214 0.025837852775570713 2.0513706102966247 2.450993377483444 1.849692753623188 1.7191621911922663 1.8510741885625968 2.3515050228310512 1.805045193097781 2.1085901386748835 2.221515603799186 2.3029596996628876 2.108320708691745 1.590558943089431 3.33293139884581 8.420537779803894 4.0443806140873555 6.299545866688797 5.196736947316526 5.955975038711551 5.984093217460462 
5.957688777117854 2.0599573889733263 6.773901804322545 0.022260484145925852 0.010000000000000009 0.10902028985507245 0.05828141783029006 0.11073802163833085 0.01000000000000012 0.010000000000000009 0.03250963020030828 0.058792401628222635 0.009999999999999953 0.032506740274746426 0.010000000000000005 9.0 1.009807347081746 5.5904229752900605 0.010000000000001563 3.1922874528104384 0.010000000000000675 0.01000000000000012 
7.3358443766683905 2.585767958846224 2.480135698412151 0.20616774633481094 0.06953642384105962 0.3279072463768114 0.22243823845327604 0.3278458268933539 0.6561305936073063 0.5197041906327035 0.8532453775038519 0.7296879240162821 0.3599019307385842 0.8542913082552316 0.15742470436067996 5.8944566365927 0.2077618006351365 3.1335681831619446 1.0677228788601187 0.010000000000000037 3.150548257050727 0.8852452840348948 
4.4079117841154325 2.4250499181601044 1.4998450723686485 0.883559495397204 1.2602649006622513 0.9897797101449275 0.7969871106337271 0.9913272797527051 2.578923287671233 2.373845521774857 3.26697033898305 2.361793758480326 1.4006535396874042 3.267129284888945 1.1308430339985218 4.0567056815410885 3.519073720648117 2.1558636200317487 2.3284644707702267 2.351064249840732 5.584543279061799 1.6580276413132629 
1.6365282608307918 0.7619569755983493 1.5274319205038749 1.7050119331742244 3.0463576158940393 1.7819420289855072 1.1832384532760472 1.7833365533230294 1.1060410958904114 1.029408381265407 1.3086325115562403 0.8870434192673 0.7297785779957096 1.3090428809860057 1.3081679600886917 5.3120759164431455 7.2987993190182925 0.7588157146690584 4.122068419312187 4.548480839405789 5.775010797030894 3.2871565236481723 
1.236256502636727 3.1821120329697865 2.0391084320701927 2.134128878281623 4.237086092715232 1.5630550724637677 2.0571321160042966 1.5644918856259662 1.871217351598174 1.9675595727198028 2.3475385208012325 1.7226132971506107 1.244988507508428 2.347238413146745 0.4576727642276423 4.839667967162482 5.823770897561702 8.677314971051217 5.464548026352783 4.369963508989936 1.8546654226718546 5.071813813614786 
1.3448627534913582 0.5654091159621197 2.2188628853040404 1.8919843163995909 3.641721854304635 1.3598028985507242 1.926772287862513 1.3612789799072642 1.3950347031963475 1.339663105998357 1.635887904468413 1.2968995929443692 0.9818732761262643 1.6368333547310305 0.3094174981522543 5.184200601479315 5.640249057983891 8.515236479572117 5.679760475274333 5.198133353143382 1.8335314731692014 5.254321828891447 
6.24283363356936 2.224917199739448 6.921928794316443 1.343327650869417 1.2602649006622513 1.536997101449275 1.1832384532760472 1.5384389489953636 0.6692666666666669 0.5270912078882498 0.8705604776579353 0.6052672998643147 0.41018311369904986 0.8704499935806905 0.32768985587583155 5.112590425099569 0.9641700084736371 4.3869779097743695 2.4376245757286323 3.6144270055985896 4.883812155778698 1.720216661005576 
5.923482083935292 2.6197208883804044 5.118069823943257 0.2552096829185134 0.06953642384105962 0.14028985507246378 0.1886412459720731 0.14200154559505423 1.408991780821918 1.0663434675431391 1.7761402157164867 1.2151723202170965 0.8916426601287157 1.7770676595198354 0.41863636363636375 4.481617085263758 4.6545890543265775 1.0318631834120957 2.9882509072125547 4.347823393416311 5.219078167690101 2.155670135120581 
0.37879091087449 0.009999999999999787 1.1656456757285802 0.8008012274122059 1.8556291390728479 0.9063942028985505 0.7921589688506984 0.907957882534776 1.0485707762557082 0.874281018898932 1.4333012326656394 0.9529131614654005 0.578935029114312 1.4336955963538323 0.34928446045824096 5.0530370641307005 6.487584626915258 6.8381902115331314 3.1626496121012053 1.465662004551809 2.8569810315912383 2.4814735682271944 
1.3058991920380976 0.5622934795316747 2.30488416410469 0.6444800545516537 1.2602649006622513 0.5624289855072464 0.6666272824919443 0.5605853941267389 1.707837442922375 1.3544371405094497 1.843669106317411 1.5250040705563093 1.4178731228930432 1.8445878803440747 0.7417248706577975 3.795109322929367 7.602863007806563 3.715725993878234 3.421104149682705 4.599844288515349 4.627756674414001 2.625029658594779 
1.8211909560585253 0.7279477393816913 1.6005137771022602 3.700405727923628 6.023178807947019 3.9239072463768108 2.7089312567132118 3.923151081916538 3.0731680365296814 2.4994248151191463 3.6236614021571643 2.52280868385346 2.20170855041373 3.623197457953524 4.269951034737621 2.564583434934569 6.357132690985233 3.5048685820321985 4.5705661176292764 3.974011624896729 4.609536039172775 4.028751273745517 
1.939310943454557 0.6809316595126353 2.9396922173477495 0.8130617115581317 1.2602649006622513 0.33311884057971003 0.34796992481203026 0.3330564142194746 1.1093251141552511 0.9333771569433033 1.512950693374422 0.6223446404341928 0.665032945142507 1.5133348311721653 0.1827568366592757 5.947433552792003 3.781343702593344 6.584196369689504 1.460773374859631 4.344119882310302 2.4897498645974965 1.4021589261600405 
1.2037066961551952 0.42456733419070325 0.6075942749893488 1.2575042618479375 2.450993377483444 1.1773971014492752 1.0721911922663803 1.1754346986089645 2.5148849315068498 2.381232539030403 1.9562172573189525 1.7470094979647217 2.343597916028195 1.9559673899088454 0.8438839615668886 4.392835080874585 8.258781083955977 3.6552941042702365 4.526976193795175 5.129243999018502 3.2974560808536326 3.7415087567415313 
1.3659746969399702 0.5282279366325384 2.3352659274356053 1.78163995908626 3.0463576158940393 1.1773971014492752 1.8108968850698175 1.178908423493045 1.1060410958904114 1.0146343467543142 1.2809283513097074 1.0944111261872458 0.8516932270916335 1.281919373475414 0.2658130081300813 5.262387222628627 5.419819091698153 8.69203451114518 5.466012509959858 5.752465990873871 2.7123993424311754 5.0358596228884815 
6.276238607380455 2.54734803250213 2.2823178117839413 0.3410330719399932 0.06953642384105962 0.38523478260869554 0.28037593984962406 0.3868991499227204 0.7513671232876713 0.6378964667214463 0.9103852080123266 0.8492293080054274 0.46184186331596694 0.9108467068943381 0.34471637102734665 6.262372185645779 1.049632929225809 3.0134812685620247 1.5126414507590287 1.2388371276329921 4.696163099978798 1.0708813697631456 
1.5158427714460672 0.4665908882133847 2.09019327092473 0.30425161950221624 0.6649006622516557 0.2236753623188405 0.19829752953813107 0.22537094281298303 0.06254429223744307 0.04693508627773213 0.046361710323574834 0.031956580732700135 0.13191464909592404 0.04693413788676337 0.18524852180339987 6.560138990490126 4.512536759876681 4.647554657048911 3.3793249192318218 3.849144611103983 3.1066317383470947 2.5987203517608757 
3.138629675210016 1.1574551133232003 4.1123144150057 0.690456870098875 1.2602649006622513 0.6927188405797102 0.6714554242749732 0.6943238021638332 1.317860273972603 1.1328266228430568 1.5094876733436053 1.2346892808683854 0.9894498927367454 1.5104493516497621 0.23674334811529937 5.37784036413883 1.2952548916584883 6.302726053003813 2.778927275281493 3.5909511974949297 3.80832493285141 1.8638658487080286 
1.0968642279177878 0.4661592036477207 2.0088301841168956 0.9234060688714628 1.8556291390728479 0.8594898550724637 0.946659505907626 0.861062596599691 3.8564063926940646 3.2011914543960565 4.537898690292758 3.620637720488467 2.575717897640209 4.538471562459879 1.074780118255728 3.270820531577664 7.976436230081155 3.9346791527759493 3.797840525855129 6.076067862923469 4.508545661542976 3.075732476161283 
2.7264924703182487 1.1380668456566392 0.009999999999999787 2.0237845209682916 3.0463576158940393 2.0633681159420285 1.5694897959183676 2.0629714064914992 2.0846785388127858 2.0783648315529994 2.456623651771957 1.6396662143826326 1.5411653386454185 2.4574637309025547 1.062321692535107 4.329628139478177 4.466227943430096 5.119724793174186 3.657581680770022 3.0973925698810723 3.870209147883652 2.5476285343849154 
6.9759792747962255 2.4319381023165696 7.257059829355073 0.2919911353562906 0.06953642384105962 0.41129275362318823 0.24175080558539208 0.4129520865533231 0.5723881278538816 0.45322103533278557 0.7233821263482282 0.666257801899593 0.3364832975789152 0.724444729747079 0.12420223577235774 6.372710314557425 1.5840135166111624 3.648261435114229 1.6332248529322158 1.823465700476567 3.873641890269206 1.1026834193543045 
5.403647243476554 2.302132430310824 5.357449134685137 9.0 9.0 9.0 9.0 9.000000000000002 9.000000000000002 9.000000000000002 9.0 9.0 9.0 9.000000000000002 9.0 0.010000000000000231 7.627290908482135 6.670714555352916 9.000000000000002 9.000000000000002 7.489466880899054 9.000000000000002 
4.073434462339701 1.716392781387269 0.7134905062926755 0.8314524377770202 1.2602649006622513 0.7656811594202899 0.739049409237379 0.7672720247295208 2.7956684931506857 2.1670090386195566 3.079967257318952 2.413025780189959 2.434517315353969 3.0807273077416872 0.5145662416851442 5.134877265707553 7.469702006114411 3.0527333754792636 5.916741879744776 5.193094149507338 6.755745296584242 4.500196177520773 
9.0 3.0620849548210383 8.903368394993494 0.5157449710194341 0.06953642384105962 0.6875072463768117 0.44453276047261014 0.6891132148377128 0.8901168949771692 0.8373459326211997 1.275733821263482 0.8150746268656717 0.45151011339258346 1.2755713185261262 0.3609123244641538 4.62885637649354 3.346550224976368 0.9357364090762346 0.7366341804025467 3.129449190601933 2.0808470117496194 0.5880972106008768 
1.0195784805084385 0.4941623937334021 2.1755416997708616 0.990838731674054 1.8556291390728479 0.9741449275362317 0.9128625134264231 0.973958655332303 1.228370776255708 0.9776992604765821 1.7016852850539288 0.9309565807327 0.771105577689243 1.7014680960328668 0.18192627494456765 6.219990652686338 3.2549282316368027 8.616474205329496 4.319944373058316 3.9682438616988467 3.634831422625635 3.7333906691409773 
4.605027853579941 1.7107621131394781 5.317078137414073 0.7364336856460961 0.6649006622516557 0.8334318840579709 0.7100805585392053 0.8350096599690882 0.9689333333333336 0.7782497945768282 1.2203255007704161 0.9577924016282224 0.6202620288078455 1.221324303504943 0.22636132668144862 5.408165081687393 1.4747478642054483 7.100606901319416 2.9606353950214377 4.295609958151272 4.769745739719709 2.2683179103117466 
0.4940247085332423 0.15478324954486933 1.570597832970626 1.334132287759973 3.0463576158940393 1.4484 1.2266917293233082 1.4481221020092736 1.2160557077625573 0.9776992604765821 1.5960631741140214 1.0480583446404341 0.7160029114311981 1.5970137373218636 0.496709164818921 4.4290055271072095 5.9774003961232465 7.471130435573592 4.793052222645899 2.856927438943404 4.5494359468277645 4.108647406529862 
7.777164166681528 2.7318837998764045 8.278342544935347 0.3900750085236959 0.06953642384105962 0.4998898550724636 0.4252201933404941 0.4997952086553324 0.6618776255707763 0.5935743631881675 1.014275808936826 0.5637937584803259 0.2903348145878027 1.0141468737963795 0.29031457871396904 5.23279322116557 0.1992641328171887 2.0034754924478477 1.0737157213232518 1.8794433601444334 4.497637670936244 0.9501527459053745 
3.5331290539295246 1.3363977502380031 0.16139123976648628 0.5739822707125809 0.6649006622516557 0.6406028985507246 0.4928141783029001 0.6387442040185474 2.2743305936073073 1.6499178307313067 2.7925365947611707 2.1458873812754407 1.4137404229236898 2.792179355501348 0.3359954730229121 5.043903113061857 4.768045654620708 4.374875176808221 2.795215388740422 3.6888615074996793 3.2646191898760106 2.1749412834384083 
3.7868465110195526 1.812583363953701 0.639062949785254 1.0153596999659054 1.2602649006622513 1.0783768115942027 0.7680182599355533 1.0799072642967542 0.6938968036529682 0.6231224322103536 0.5952503852080123 0.6040474898236092 0.749064511186025 0.5963294389523687 0.4688853473762011 6.30767658294725 3.0408425732042454 4.8502754342318966 2.170568431877834 4.130247175379711 2.4249975029667974 1.6988415129197147 
0.9134308357263041 0.6171924949476391 1.9456340460810386 1.8092260484145926 3.641721854304635 1.4379768115942027 1.8929752953813104 1.4359640649149923 1.4557890410958907 1.2657929334428926 1.7899922958397534 1.2773826322930801 0.9336584431504749 1.7909179612273718 0.4132377124907613 4.608761684142081 5.546705248761794 8.744207103256002 5.398862441969766 4.0430628811464615 2.555703686063139 5.077492751041778 
1.3515437482535768 0.8013153466504099 1.7928971064055172 0.5586566655301738 1.2602649006622513 0.5363710144927536 0.5990332975295382 0.5362693199381763 0.5838821917808219 0.45322103533278557 0.7476232665639445 0.6101465400271373 0.41775973030953123 0.748105661830787 0.22802245011086475 6.222548158985614 2.1076504585809106 6.1866870119297275 3.183467709814204 4.52350743664724 2.0410046162456874 2.2178777742798683 
5.721448802325789 5.540367277403838 0.49797149009177044 1.744858506648483 1.8556291390728479 1.5474202898550724 1.4294736842105262 1.5453863987635243 1.1085041095890413 1.1623746918652427 1.4125231124807391 0.9260773405698779 0.6037312289304322 1.4123430478880468 2.982580376940133 3.8751227342924492 3.5834892843253146 1.5857676546702457 1.9936471092775516 4.081433684736583 3.240937784181974 1.4765995551210784 
1.334333505746101 0.5506567651529064 2.394942542632446 2.695046027957723 4.832450331125828 2.4542376811594195 3.3172771213748655 2.4555023183925813 3.519794520547946 2.9426458504519317 3.995936055469953 4.020735413839892 1.9826754520380019 3.995424316343561 0.526609386548411 4.471021702023897 3.0896983745553905 9.0 5.7343348388605015 6.180474495687937 4.160781757288372 5.374175337801454 
5.076385396044017 2.0681218579326233 4.355886098541113 5.214575519945448 5.427814569536424 5.221594202898549 5.118174006444683 5.220587326120556 4.009934246575344 5.173525061626952 3.89550847457627 3.84508276797829 3.82103815507202 3.8950096289639236 4.531162694013305 1.5035836787775345 4.894144561804755 6.441989257337262 5.6674919710943135 6.769049432824801 6.945621118168455 4.794234799970176 
1.5271202906046932 0.4949506872880929 1.8076998054049076 0.984708489601091 1.8556291390728479 1.0210492753623186 0.6955961331901183 1.0225908037094285 0.38273607305936075 0.3054806902218571 0.43941448382126336 0.3149525101763908 0.3323505976095619 0.44051354474258575 0.6516089246119735 5.67597252702593 3.9525473969963647 4.860415561852179 2.983971234252035 4.00404446905693 5.052685014082866 2.344583247036212 
3.8449978894299086 1.8594117548811644 0.5950171566087485 1.7509887487214457 2.450993377483444 1.5995362318840578 1.4294736842105262 1.59922913446677 0.5855242009132422 0.5935743631881675 0.5000173343605546 0.471088195386703 0.5410519460619061 0.500531518808576 0.7213761086474502 5.632860277980981 2.349729796555427 5.205261676164664 3.9232058489739483 4.353348303426913 5.741275069560211 3.201786267573546 
7.036322019488587 2.57536999148197 1.7277341761949172 0.28586089328332775 0.06953642384105962 0.4217159420289855 0.27554779806659513 0.41989953632148397 0.7883123287671236 0.6009613804437143 0.9761825885978429 0.8955820895522388 0.4329129635304935 0.9766356400051351 0.10800628233555065 6.475741282613999 3.5084226928654028 3.3156407166020117 1.1009395125939427 1.6310045495577634 4.067289211711237 1.0157491280538826 
1.175753414070071 0.2753546256242374 1.6371064630902623 0.5463961813842483 1.2602649006622513 0.5103130434782608 0.5266111707841031 0.5119532457496137 0.43199634703196366 0.3645768282662285 0.5173324345146378 0.4186363636363637 0.30066656451118606 0.5184214918474773 0.18151099408721358 6.6251727221003005 1.940267241534733 6.604476624930079 3.2957144455937346 3.7717149198931157 1.9488445167261021 2.526197527898134 
1.1133261990118974 0.5931307726354111 2.0926776399875644 0.5647869076031368 1.2602649006622513 0.48425507246376814 0.4638453276047261 0.4859003091190109 0.3384018264840185 0.33502875924404285 0.3718855932203392 0.2734789687924015 0.2951562978853816 0.37241622801386576 0.16365391722099037 6.584617979354631 2.7053351980487443 6.195600511208852 2.6780144398261925 4.312771583385673 3.4884746443109345 2.166823195837855 
2.0106639675150566 0.7149972024117717 2.759782491047474 0.9785782475281283 1.8556291390728479 0.4790434782608695 0.43004833512352314 0.47895285935085025 1.2743470319634709 1.0663434675431391 1.6393509244992295 0.8016567164179107 0.8510044437634079 1.6397188342534341 0.18400267923133776 6.216702430301554 2.8694536435354374 7.381913667559623 1.8437301492166007 5.344513111775949 3.625364280467573 1.926911363881134 
3.277915054012757 1.3899641741686568 0.17288144668209648 1.7509887487214457 2.450993377483444 1.516150724637681 1.6322556390977443 1.5158597372488412 3.7529598173515994 3.3858668857847176 3.5007241910631737 3.671869742198101 3.482156757585045 3.50085312620362 1.295294253510717 3.239399739900838 8.54077862170745 4.673232076990601 6.537443995636919 7.125517436219522 7.624016832113958 6.208234360890421 
5.657578492398976 2.1744664122392394 1.3204011652676542 1.9379611319468117 1.8556291390728479 2.1728115942028983 1.709505907626208 2.172393740340031 1.0108045662100458 0.7782497945768282 1.436764252696456 0.8663066485753055 0.5011025130248239 1.4365810758762358 0.5382372505543237 3.9660968869381463 1.754314189093475 4.908294954768937 3.631716722235753 3.2127275960731083 6.600698259914529 2.9582064006229967 
3.2079516768628 1.6597670277086496 3.3423152785933885 0.4391169451073986 0.6649006622516557 0.322695652173913 0.3286573576799141 0.32437210200927374 0.42953333333333354 0.35718981101068215 0.4827022342064714 0.395459972862958 0.35714679742568195 0.48321864167415585 0.2197168329637842 5.749774851662197 2.3190038968431184 5.756344902238133 2.4126015733635775 3.8884665896776145 4.646352201257861 1.6515666862733729 
1.5159496673622632 0.7120504860287609 2.376982624615703 0.7180429594272076 1.2602649006622513 0.5572173913043477 0.6086895810955962 0.5571116692426585 0.6241114155251144 0.5049301561216105 0.9086536979969183 0.4430325644504749 0.4363568801716213 0.9085383232764156 0.16656088322246862 6.331059497683492 4.619255427377833 6.451516070786969 3.5422564411594184 6.542588835686902 3.540923334549194 2.6845188555758988 
0.7909815637243538 0.2065478596362298 1.4400131841053811 1.2820252301397885 3.0463576158940393 1.1357043478260869 1.0866756176154673 1.1354868624420402 3.2726721461187225 2.639778142974528 3.8678043143297374 3.110757123473541 2.0246912350597612 3.868463217357812 1.2417230229120475 3.1590209704950016 7.903939777934027 5.678944653910708 4.339512539701568 6.366904792455973 4.3092885163603425 3.7067275924345733 
7.941516637832116 2.6907611527733697 7.99657368705885 1.0613365155131267 0.6649006622516557 1.2659942028985507 0.9128625134264231 1.2674884080370945 0.8802648401826487 0.9481511914543962 1.2584187211093987 0.7675020352781545 0.43566809684339575 1.2594126332006672 0.38375277161862537 4.6058388198000495 1.745399741927506 1.6761701634140067 1.3026514056438376 1.3664160020170233 3.818288919302117 1.0590580082348167 
1.1309105772260573 0.8831477251849744 2.1582028740198282 1.0092294578929426 1.8556291390728479 1.0262608695652173 0.9418313641245971 1.0260645285935086 2.506674885844749 1.9675595727198028 3.4002966101694914 2.03610447761194 1.3724134232301561 3.3998613429195013 0.3588359201773837 5.464430220271479 4.470696744217192 7.55621755483898 3.5680255012110926 6.78752651282363 2.6506641806867295 2.7913573570712558 
3.401486733134762 2.357575743657408 0.7645753451472137 0.4268564609614729 0.6649006622516557 0.4477739130434782 0.3962513426423201 0.4459524729520867 0.6339634703196351 0.5714133114215284 0.5536941448382128 0.549156037991859 0.6540124118908979 0.5542014379252792 0.26415188470066525 6.4143611314313596 4.029373723481247 2.9065192772125528 1.3819318189830945 5.54533245989028 3.7067699594345145 1.2011803996454227 
4.434635763164309 2.594476725736141 0.46603699609658333 3.645233549266962 4.237086092715232 2.871165217391304 2.2695703544575725 2.872349304482226 1.118356164383562 1.273179950698439 1.4177176425269642 0.9797489823609229 0.658145111860251 1.4181140069328535 4.4327411308204 3.4597106396813793 2.5727067477457295 2.0652566732311257 1.9243726460882957 3.0897629322473827 5.685249100414901 1.63341270597397 
2.9464842658485972 2.006935262973293 0.8516317777240427 0.9969689737470168 1.2602649006622513 0.9220289855072463 0.874237379162191 0.9201159196290576 0.7989853881278544 0.8447329498767463 0.7510862865947611 0.7101709633649933 0.7676616610481151 0.7521453331621516 0.5344997228381376 6.103441437047875 1.4429105528984225 4.967009564699307 2.7622766980663176 3.851694569570415 4.034086462663576 2.2156620577099924 
8.192134113352477 3.1989289621365216 9.0 0.859038527105353 0.6649006622516557 1.0731652173913042 0.6907679914070893 1.0729598145285937 0.7809232876712329 0.7191536565324571 1.0991197996918336 0.6821153324287652 0.37436638063132094 1.1001341635640007 0.41863636363636375 4.791440705518981 5.241136523439006 1.7027879984172571 1.0835493792841842 3.345467100686824 3.045041113124145 0.9722726726701851 
3.5544013412524293 6.396153775491456 0.34497576197220425 0.9356665530173885 1.2602649006622513 0.7344115942028984 0.5459237379162191 0.7342716383307575 0.42050228310502313 0.4753820870994251 0.27145801232665645 0.2259063772048847 0.41362703034017784 0.2720015406342279 0.6283531966001479 6.555389335934326 3.573694969646861 1.989205716078974 3.120607067172692 5.413604843556895 5.509212650764032 2.347990609492408 
3.215808526703169 1.0509228700749915 3.543756203438231 0.26747016706443927 0.6649006622516557 0.21846376811594198 0.135531686358754 0.22016035548686247 0.4139342465753426 0.39412489728841404 0.31820878274268105 0.2759185888738128 0.3826317805700277 0.31816921299268197 0.2566768292682927 6.729665122327889 2.2484524149867484 3.887331298807034 2.228604893225455 4.925712790312886 4.86941270482455 1.1414491495936443 
0.23458831992675488 0.12935139795901307 0.995155848791553 1.6038629389703378 3.641721854304635 1.6464405797101445 1.5501772287862514 1.6478612828438948 2.5272000000000006 2.070977814297453 3.1457646379044677 2.3044626865671645 1.4908841556849526 3.146516240852484 0.7400637472283814 3.8879102657888325 5.750371423493868 6.758459369357492 5.737032999557219 3.02184499087162 5.532523681621735 5.287483099571691 
6.125675709419086 2.338281320461643 1.383856091747556 0.9939038527105354 0.6649006622516557 1.193031884057971 0.7342212674543501 1.1910664605873265 0.9516922374429226 0.9259901396877569 1.138944530046225 0.8809443690637722 0.6147517621820413 1.138799589164206 0.41822108277900966 4.914201007884257 0.8116056126903661 4.495534517967357 2.0178070252992573 3.5602505070697115 6.852119539058726 1.3315352879286209 
1.2986302697368028 0.7509208658326791 2.3483606227042966 3.4122843504943745 6.023178807947019 3.0327246376811594 3.930451127819549 3.033877511591963 4.498431963470321 3.6961216105176664 5.265132896764253 5.200291723202172 2.5853608642353665 5.265035306201052 0.7168080192165558 4.104932943184591 2.799365249843535 8.926238749084696 6.864623611880268 4.629047384285679 4.115257269783085 6.820926541128519 
