2.794828359391185 1.433138332103139 0.6087137258673336 0.6680374823196605 0.9807511737089201 0.46000562429696285 0.6172045028142591 0.460005624296963 0.6807198952879583 0.6390096878363831 0.46816804407713497 0.6627035699959891 1.1664317673378077 0.4686975341028332 0.3311336251985588 6.239215096710495 3.56149118499064 3.3127162302068207 3.8650650120728756 5.233542583611336 4.771951898995147 3.2083362047194095 
3.795810921144027 1.1397641522041722 4.555955509340514 0.6012800565770863 0.5586854460093897 0.6420303712035995 0.5553595997498436 0.6386595425571804 2.4243776772965253 1.88735199138859 2.3875206611570245 2.4242819895707983 2.0312416107382556 2.387798399790136 0.3231226996241913 4.949799847417314 3.926617888146298 4.749409154019631 2.796628748611006 3.669703634137908 3.9441740604426068 2.4221666920882274 
1.6915236226709407 0.47926560479302904 2.3735142932705027 0.8269837340876945 1.402816901408451 0.7077615298087738 0.5272482801751094 0.7043907011623547 0.029255116611137666 0.09709364908503759 0.13206021251475797 0.010000000000000231 0.06474894357444683 0.1326337880377756 0.5690232846460813 7.027146254992594 4.145365447440907 4.537611937303872 1.6260822401456139 3.090318115556054 3.8693036509387424 1.2518929143860196 
3.4904329096647624 7.232472320626349 0.20501424518548772 2.149416548797737 2.2469483568075113 1.668447694038245 1.61234521575985 1.6650768653918262 0.8957353641123278 1.422852529601722 0.5884592680047227 0.4823987164059371 0.5787186179468058 0.5895625655823715 2.076122195962962 5.7566929946596055 3.082341036828259 3.1985383744913776 5.661954809394787 5.371316498930036 5.636888344954753 4.883450714262496 
5.223994041018268 2.1295138504810094 5.190062510518597 4.088560820367751 3.0910798122065732 3.91847581552306 4.05240775484678 3.9151049868766408 5.396084007615421 5.129171151776103 4.248496654860291 6.3765643802647425 6.2636701466567235 4.248530299055613 2.0782120026345363 1.9941502490687975 4.582242032564881 7.033543470758659 6.384070830099015 7.349443291936494 7.717321184574945 6.269930661652368 
6.6821945869536075 2.423257705505856 6.482484432476619 1.1258026874115985 0.9807511737089201 1.2487795275590552 1.0220075046904316 1.2487795275590554 0.7213695859114708 0.5906243272335843 0.703443526170799 0.8159626955475334 0.6122383793189161 0.7039421563483736 0.1844988570764403 5.747817170039941 3.794635643907311 5.34811237470004 3.3137450619480333 5.134706601067159 4.629014901855185 2.7119476999322374 
1.6330225076467508 0.6026631618120246 1.9164277041809927 5.191647807637907 6.045539906103286 5.273548931383577 3.484559099437148 5.271863517060369 4.17873274631128 3.387298170075349 3.7974045651318384 2.87865022061773 2.4167188665175248 3.7974973767051408 3.7120925186935807 3.8935767176771523 7.83536547116587 2.6255928122567234 7.8990423353596215 6.246369880294917 6.876673295206518 4.588926568364411 
6.084420553003253 1.9945454620219458 6.85170924193975 0.1943776520509195 0.1366197183098592 0.30326209223847017 0.22364602876798012 0.30157667791526066 0.010000000000000231 0.010000000000000009 0.07191460055096432 0.13801644604893704 0.010000000000000009 0.07308565057712502 0.026718453372593078 8.680470313692052 3.6099714114216717 6.062436457171291 0.18313554326115167 3.518299342136002 2.8035433481261434 0.25482235330301073 
7.406556707814919 2.539354178788707 1.8033313297910714 0.26749292786421497 0.1366197183098592 0.40438695163104615 0.296735459662289 0.4010161229846271 0.963128272251309 0.7454574811625403 0.9723297914207005 1.3190132370637786 0.6558140691026599 0.9727931532004195 0.07339080237108211 6.743119867163308 3.941420033831795 4.0497676583655 0.8909598436915562 1.692227906889817 3.836428756257317 0.9304160550906051 
1.6759671463911001 0.40884249331274547 2.4070163248623566 0.4804809052333806 0.9807511737089201 0.4751743532058493 0.4091807379612259 0.47348893888263976 0.03995240361732533 0.10677072120559739 0.047148760330578576 0.10195547533092686 0.1675428784489188 0.04832305876180487 0.1440959280926737 6.533731095453932 4.673358410617395 5.378487652587054 2.430582290672872 3.631584784091652 2.480709329148289 1.8940373771951102 
3.2861719940044614 1.0051099876021075 3.768981980140889 0.6743953323903819 0.9807511737089201 0.6571991001124857 0.7465165728580362 0.6555136857892765 0.47533198476915794 0.4164370290635091 0.46286107831562395 0.5617328519855596 0.5697800149142431 0.46339126442812173 0.15663476812211852 5.752658528923396 2.8860739696842455 7.371748019678812 3.772236192541447 4.937118644463757 6.311852060667706 3.047406700789902 
3.1235410852902117 1.783775189001034 0.8292327434904911 1.7584087694483732 1.8248826291079816 1.7190101237345328 1.8203689806128835 1.717324709411324 1.4509245597334604 1.4034983853606027 1.3650452577725305 1.6778198957079826 1.3306785980611484 1.3660466946484784 0.6212684514354346 3.8056253646277427 7.984048118966445 5.827623293553021 3.9851191035756077 2.565454103707026 1.209449019498531 3.721471808323103 
3.543730273820695 1.1404665349433458 0.5698081407929219 0.3628606789250354 0.5586854460093897 0.23753093363329575 0.28549093183239527 0.23753093363329592 0.8796894336030465 0.6777179763186221 1.0625482093663912 0.7348255114320097 0.5507854834700472 1.0624101521511018 0.18066754484522105 6.2525288336399925 4.513286215560253 2.886812987054679 3.0551140812271704 4.1553776877575626 2.9099836802228287 2.5386995246584974 
4.31295420479887 1.799615768145024 0.7684427668117233 1.4564108910891087 1.402816901408451 1.4864229471316084 1.4211882426516573 1.4847375328083994 1.9804402665397431 1.6357481162540364 1.9169696969696968 2.3341295627757725 1.7295637583892618 1.9173091552990555 0.5941009647049709 3.5930090203293985 6.867509899240089 5.878777858925691 3.5645929720739193 2.308115112182632 2.297819382194139 3.132940541054153 
3.6004237701222257 1.317078826332876 0.6936575866131318 0.9541407355021215 0.9807511737089201 0.7987739032620922 0.9489180737961226 0.7970884889388825 3.3496930033317467 2.729257265877287 2.7554702872884684 3.6539610910549545 4.214495401441711 2.75511017838405 0.612560923637209 4.062217385450792 7.802732498689197 4.507453110328168 4.72667732565616 4.8687987440778215 4.952160979375969 4.554308404367842 
1.3071581506440335 9.0 2.2550684009328497 1.1226237623762376 1.8248826291079816 0.9807986501687289 1.2974984365228268 0.9807986501687291 1.5429212279866735 1.3357588805166845 1.6091656828020466 1.4614540713999202 1.344086502609993 1.6101350996852044 0.18554376041222734 5.952364582865862 5.245629838409288 7.775176443206714 4.3586081796639835 6.318239139170008 1.9789617455587374 3.783177561680625 
1.5952816197706587 0.5233123960417208 2.437600437573631 1.8188083451202264 2.2469483568075113 1.1375421822272216 2.0846153846153843 1.1375421822272218 1.3771132793907668 1.2873735199138856 1.2836717827626922 1.612910148415564 1.33514789957743 1.2846838929695699 0.20574522490411065 5.403273796167481 5.702107535759449 8.793361530003772 5.780259303039797 5.969351901170886 2.4181274068121263 5.783905126736897 
4.503575815551845 3.090336470157676 0.7701178683913166 1.2434229137199435 0.9807511737089201 0.7987739032620922 0.9601626016260162 0.7970884889388825 2.4254474059971445 1.8679978471474705 2.2106218024399844 2.523449659045327 2.3139249316430526 2.210922743966421 0.8340804308240675 3.677732800789839 8.82894350374973 4.006224950040526 5.436921205225916 8.231805411492061 6.873037340365442 4.946842417165305 
1.7488744348716194 0.46261174037210107 2.1817421801745494 0.28656647807637914 0.5586854460093897 0.2122497187851518 0.2067792370231395 0.21224971878515186 0.017488100904331505 0.01967707212055958 0.02238292011019305 0.04245487364620959 0.1675428784489188 0.022970881427072598 0.13817480918988032 6.836316025669792 4.86636218051374 5.224915731013393 3.442969522243029 3.9941444030164557 2.830810645354359 2.841541021646668 
1.5411626107407912 1.398980350471757 1.712497595749284 0.426439179632249 0.9807511737089201 0.30326209223847017 0.5272482801751094 0.3032620922384702 0.5972810566396958 0.46482238966630773 0.3602597402597405 0.7672803850782193 1.047995277156351 0.36080338405036727 0.225250087172136 5.960836960911907 7.152163265693467 2.8977798332276627 3.9881977403887348 2.690773761131825 2.5933861039437813 3.533319839069022 
5.368767867805656 1.7766589428278297 6.067815738225184 0.3755763790664781 0.5586854460093897 0.46000562429696285 0.4316697936210132 0.460005624296963 0.5234697762970015 0.45514531754574805 0.5495415190869737 0.6789310068190937 0.5362602535421328 0.5494707502623293 0.04900972453605052 7.019077323520172 1.3499994306009295 6.912655636792639 2.067836582907532 4.101654261631764 4.08471860875346 1.6497320484193212 
3.7296411206297764 1.7282869526063325 0.7850857115379992 1.6344306930693073 1.402816901408451 1.663391451068616 1.6685678549093184 1.6617060367454068 1.4305997144217042 1.3164047362755646 1.4605706414797324 1.5425912555154435 1.0803977131493911 1.4609699632738715 0.6721204137770719 3.942393753085311 7.581894722856864 5.570587836373704 3.34806157601699 2.8890757898573063 1.9837230024182508 2.8059337672501963 
4.7128213767806875 2.3913177746297585 1.5654128699540792 0.8873833097595473 0.9807511737089201 0.9555174353205849 0.9039399624765477 0.9555174353205851 3.296206568300809 3.067954790096878 3.3127016922471464 3.486277577216206 2.225656226696495 3.312858079748162 0.9312564410522646 4.071900103217699 3.951231254314978 3.026495975152688 2.26590526109225 2.4394833805238614 5.424693263923879 1.7058404492864878 
1.3830781369956506 0.5866747126176819 2.297864544514703 0.861951909476662 1.402816901408451 0.7330427446569177 1.0388742964352722 0.7330427446569179 4.143431699190861 3.3195586652314315 3.399382133018497 4.342725631768953 4.041309967685807 3.3989375655823704 0.7619821006547598 3.868563030112641 8.20548309952384 4.839091981605282 6.197803289597723 6.18027620476017 4.422446330916483 4.547249895604906 
6.042242782807912 2.175279631065046 4.5065670305099435 0.6235325318246111 0.5586854460093897 0.5459617547806523 0.6565603502188869 0.544276340457443 2.697158495954307 2.022831001076426 2.815615899252262 2.7253910950661853 1.9854312701963712 2.8158374868835256 0.5704164890937973 3.7430911457164657 7.31763163201636 3.164880257782844 4.001533644975455 6.404557857456571 4.5171324578962375 3.4325450149153722 
2.674101339247633 1.2014998982262581 0.03853076238790143 2.3624045261669027 2.669014084507042 2.189240719910011 2.0508818011257035 2.185869891263592 2.252151356496907 2.129278794402583 2.077947658402204 2.15382470918572 2.0669960228685067 2.078266002098635 0.8946848242997173 4.258292420230669 5.011141668861226 5.593892384491298 4.476137097151456 4.197528945081438 3.6945745076981185 3.800846312915236 
5.1417200009748845 1.7664743931098148 0.7508812179934128 2.104911598302688 1.8248826291079816 2.1841844769403824 1.9721701063164478 2.1808136482939635 1.6017563065207046 1.3841442411194833 1.607396694214876 1.8310790212595272 1.316153368133234 1.6071871720881423 0.6000220836077642 3.7761737647534006 6.969610578485732 5.73227666712145 4.256634479758619 2.8703208955921244 3.140188321708407 3.560564783720867 
2.0921028868768357 0.6030698044504936 2.56571869064506 0.8524151343705798 1.402816901408451 0.28809336332958374 0.39793621013133207 0.28640794900637423 1.0989838172298907 0.938998923573735 1.202298307752853 0.7113858804653033 0.9619612229679346 1.2027315057712487 0.133646894734803 6.296101063591079 5.211013293095798 6.722828187574738 1.9917864250377022 6.0098859951594665 4.357916406766896 1.0976172913285809 
2.6406330047160047 1.3861156560911068 0.02480573654220697 2.514992927864215 2.669014084507042 2.3257592800899887 2.1352157598499057 2.3223884514435698 4.249334840552118 3.8227664155005376 4.043293978748523 3.4285800240673883 3.3329256773552083 4.043354538300104 1.1391922048738912 3.6898361979984746 5.974475547868668 5.744145392091557 4.688399183139328 4.600601655873586 5.352825235855755 4.177015375459777 
6.473277683674341 2.3058673692824225 1.444319236409973 1.0018246110325322 0.5586854460093897 1.152710911136108 0.8308505315822389 1.149340082489689 1.1760042836744409 1.1712486544671685 1.1386147186147186 1.2973766546329728 0.9507879691772314 1.138466684155299 0.333571732982062 5.01878921150653 1.457240336230151 5.090788316305648 1.917939194751483 3.694339122349621 6.751594557409537 1.311665445598278 
2.7976219519625642 8.963938191470332 0.04679819921621409 9.000000000000002 9.0 9.0 8.600819262038776 9.000000000000002 9.0 8.14841765339074 9.0 8.006520256718812 5.888248819289089 9.0 9.000000000000002 0.429584436565992 7.106242488084137 2.431941396939031 8.21763117898212 5.562267785222355 5.58280765383349 8.713186263355697 
2.7385182973641573 1.767675837268927 0.8550076936022886 1.157591937765205 1.402816901408451 1.1122609673790775 1.2862539086929332 1.1122609673790778 1.9098381722989057 1.5293003229278794 1.8055234159779616 2.2367649418371442 1.6826360924683073 1.805287906610703 0.5934043624811128 3.531685141138985 7.678855175718926 5.924990128490137 4.083293208549575 1.708882589031239 1.4711053795833964 3.5272279413787153 
2.207516603502273 0.9028393640271968 0.5587848916885059 4.358769448373409 4.779342723004694 4.201625421822272 4.558411507191996 4.201625421822273 5.524451451689671 4.800150699677071 4.881794569067297 5.603056558363416 4.939639572458365 4.881745146904511 4.09348223625586 2.273738724588251 8.03289093398055 2.5008088618871476 6.518567751784199 6.392313620775046 5.3339267813696845 6.737410751569678 
1.3363539318311997 0.5872292253065032 2.1843358858461763 0.5567751060820368 0.9807511737089201 0.46506186726659177 0.5160037523452158 0.4650618672665917 0.37691694431223266 0.3970828848223895 0.35495277449822926 0.39945848375451276 0.43234899328859067 0.3554971143756558 0.1200631513695711 6.863346946102409 3.20165400939983 6.590757056524428 2.6574346755492027 4.475281998448787 3.2305245417261412 2.320110546280159 
8.47398295170666 2.8359630160391305 8.787262099391723 0.14351485148514853 0.0944131455399061 0.21730596175478062 0.2292682926829268 0.21393513310836154 0.5224000475963828 0.44546824542518837 0.6786776859504133 0.5671419975932614 0.29156599552572704 0.6797691500524659 0.13434349695866107 6.296907956738318 3.585358045252992 2.342114268745835 1.4334644422793428 2.022192233653855 4.045602543213486 1.0237277425904487 
3.8872326074505557 1.244123440240309 4.296909155386725 0.5154490806223481 0.5586854460093897 0.5257367829021373 0.48227016885553453 0.5257367829021373 2.54097810566397 2.119601722282023 2.3751377410468315 2.6316325711993587 2.2971650509569974 2.3748275183630634 0.26530471504397357 5.341143023829826 2.1999283980668904 4.308246121620211 2.486463827244174 3.965812541466924 4.553591297661586 2.125282216826739 
5.454766697944213 1.861684221780403 5.820927379607145 0.4327970297029703 0.5586854460093897 0.4751743532058493 0.47102564102564093 0.47348893888263976 0.7031841980009523 0.6099784714747039 0.6468358913813461 0.7907200160449259 0.6848645289584889 0.6479315320041974 0.06085196234163729 6.812512677826145 2.849687138935746 6.649343103185366 3.2343541006766188 5.483530832702569 4.124770849922213 2.3271915343703666 
7.406337602515202 2.999322454165835 1.2075355228043176 0.5472383309759549 0.5586854460093897 0.480230596175478 0.5047592245153222 0.476859767529059 1.6370573536411237 1.3260818083961248 1.6197796143250691 1.647168070597674 1.2915722097936864 1.6201580535152147 0.4885657277904771 4.414426244222051 6.476767379127251 0.00999999999999801 4.235386241883996 7.128963023184099 6.2903247493654595 3.9495245834823214 
1.189169946746933 0.4575471911475344 2.1152784723390963 2.2066371994342298 3.0910798122065732 1.6381102362204722 2.4781738586616635 1.6347394075740533 2.3569847691575445 2.119601722282023 2.3450649350649346 2.573935018050542 1.9005145413870248 2.3459378279118566 0.37954747975669295 4.576208320244131 6.30052799901304 8.580049156908853 6.280409432780423 4.534970027006064 2.3851012110189798 6.4666022959419704 
4.740209539245195 2.5581706426960373 0.486107097348111 3.751594766619519 3.0910798122065732 2.7808211473565803 2.6187304565353346 2.7808211473565807 1.3931592099000476 1.6260710441334767 1.4234218811491541 1.4434235860409148 1.0211794680586626 1.4238260755508916 3.700598581999923 3.412668401920746 3.0794829856440256 2.946553438575936 1.8132837491183036 3.2060818078177418 5.530112313516438 1.6761227786348871 
1.5442300849368165 8.8663809257504 1.5646023369316961 0.27702970297029705 0.5586854460093897 0.207193475815523 0.27986866791744835 0.2055080614923135 0.314872679676345 0.28095801937567266 0.29657615112160585 0.40486762936221465 0.4368182948048722 0.2965385624344177 0.20539692379218163 6.293276937575731 5.658511590829827 3.2424057591833133 2.592826996904977 2.3278361040247444 3.035114427776967 1.836625175346255 
3.8380982439892284 6.30209244756596 0.3597179813911002 0.9414250353606791 0.9807511737089201 0.7077615298087738 0.6115822388993121 0.7060761154855644 0.48388981437410794 0.5809472551130248 0.2523514364423456 0.3291395908543926 0.6245289584886902 0.25290923399790155 0.5098120956181473 6.831071220212717 4.001545752401558 2.8794536560701722 3.153180770723921 5.617692383168401 5.345837015758076 2.5388344006221204 
1.5262634503600978 0.7426221644704782 2.4512714278845 3.509996463932108 4.357276995305164 2.937564679415073 4.552789243277048 2.9375646794150736 5.797232270347454 4.800150699677071 5.354114521841795 7.6819715202567185 4.147455878697491 5.354003147953829 0.5840002324590291 4.125155050935691 3.2882700232741886 9.0 7.346837572998719 4.803503149150103 3.8866418127101783 7.939020711486965 
1.7489839875214779 0.7043423051855264 2.481153078643041 0.7157213578500706 0.9807511737089201 0.5358492688413947 0.6846716697936212 0.5341638545181854 0.7491825321275585 0.6196555435952635 0.9033392365210549 0.6500822302446851 0.6614006959980117 0.9032220619097588 0.1225012591530743 6.583355024009332 4.964666344007194 6.816551432171494 3.6254684180351724 6.789316718529523 3.2854279326423965 2.9451257617091295 
0.2056062563215173 0.2637080388919617 1.1348036929290992 1.1448762376237624 2.2469483568075113 1.0465298087739032 1.3368542839274546 1.0465298087739037 1.8681187529747743 1.5583315392895585 1.6993841007477373 1.9410649819494588 1.6323564504101418 1.6997520986358865 0.36596373639146107 4.837238253377015 6.829566070458389 7.882968997038546 5.139454977987734 7.513889901226953 5.353770867804019 4.917709209022737 
6.206900415544536 2.014008857399568 7.047155771403842 0.05768387553041021 0.1366197183098592 0.156631046119235 0.09433395872420258 0.15326021747281593 0.2014814374107572 0.18418729817007518 0.21697166469893747 0.35257922182109924 0.22787844891871756 0.21753410283315855 0.015572817790864363 9.0 1.72905380109467 6.087039710756734 0.00999999999999801 3.4524366899348675 4.429831716432433 0.010000000000000009 
9.0 2.9552386954045557 6.348908590387806 0.016357850070721436 0.010000000000000009 0.0908998875140607 0.08308943089430898 0.08921447319085124 0.15655283198476955 0.14547900968783634 0.26650334513970875 0.29848776574408364 0.11949788714889387 0.26646970094438616 0.11901824803378405 7.012218731768613 7.404951494316684 2.20777040312678 0.8441540046444569 4.0969917907170155 2.45132381635596 0.6571348734631419 
1.8760650613567966 0.8695870864542232 2.6222398600726087 2.505456152758133 3.0910798122065732 1.9768785151856014 3.3608692933083173 1.973507686539183 5.485941218467397 5.206587728740581 4.72435458480913 7.128435619735258 4.039075316927667 4.724915398740817 0.6404250125915308 3.8976111834133644 4.1628123569088284 8.857034173080471 6.750763601501763 6.92633455748367 4.6179699206994504 7.00250945807068 
2.182867257284216 0.6736962372500119 3.0686274132666553 0.8142680339462519 0.9807511737089201 0.3184308211473565 0.38106941838649167 0.3167454068241471 1.3813921941932412 1.1809257265877287 1.5207162534435261 0.9151303650220621 1.0323527218493662 1.5211076862539346 0.13608500251830616 6.1597361217071285 4.192821894343258 6.933615300037719 1.2940082026290778 4.50781428424584 2.185057500523306 1.3969295339352827 
2.989612970838766 1.1238866055475938 0.010000000000000231 2.06994342291372 2.2469483568075113 1.9971034870641167 1.8035021888680425 1.9954180727409074 2.6522298905283197 2.680871905274488 2.4848150334513974 2.418872843963097 2.453590604026846 2.485669596012592 0.873786757583976 4.373274693712695 4.823704700152076 5.641511584979252 3.754643722094828 3.213999607524319 3.630124962264131 2.7798577476164166 
3.4119932123664105 1.142980325799335 4.292856490274806 0.6871110325318247 0.9807511737089201 0.6673115860517436 0.75776110068793 0.6673115860517436 1.6531032841504045 1.4422066738428414 1.5171782762691854 1.8202607300441238 1.5586129753914992 1.5181597586568725 0.1813641470690791 5.530762913431765 1.9027550611273627 6.6852739544626445 2.770466707804019 3.7261993402670703 3.5653444456482513 1.9543494122618603 
8.171124651174125 2.626634476009153 8.859939893732118 0.3914710042432815 0.1366197183098592 0.5004555680539933 0.3417135709818637 0.4987701537307838 0.25282841504045717 0.27128094725511276 0.4115604092876819 0.3291395908543926 0.14407904548844142 0.41268690975865674 0.15419666033861532 6.154491316250056 2.595341912279329 1.9013480630171493 1.3929797309762844 3.581242699485109 1.618174788337277 0.7741622512333626 
1.4003326793482902 0.27428074749215114 1.708715108311495 0.5377015558698727 0.9807511737089201 0.4903430821147357 0.5890931832395249 0.49034308211473565 0.49886601618277027 0.43579117330462847 0.5035478158205431 0.614021259526675 0.44128759632115333 0.5046622507869885 0.13504009918251908 6.908129515774355 2.49690977634479 6.951508575372589 3.349317790920038 3.913790287161372 1.6188367307010614 2.7539840419280717 
5.397908872667894 2.0398121811860435 4.547147717163947 5.379204384724187 3.9352112676056343 5.061186726659167 5.935866166353972 5.059501312335959 5.160743693479295 6.73556512378902 3.9548445493900033 5.67878459687124 6.151937608749689 3.9543271248688345 3.7831459455271017 1.2526154467531305 5.217881147434026 6.80814592178233 6.005935579470664 7.024330455178343 6.849472192214683 5.4921908967476245 
1.5337130305504445 0.5568604137153994 2.40588157863102 0.6394271570014144 0.9807511737089201 0.5409055118110238 0.7521388367729832 0.5375346831646046 2.1612244169443127 1.732518837459634 1.8585930735930736 2.249386281588447 2.253589361173254 1.859529774396642 0.6048982991747704 3.783032356504958 7.713023817488617 4.4027630195584315 3.489766258283584 4.7731970882042365 4.423127185919236 2.873304311079883 
4.471038678544011 1.6664033365338946 4.65570510662852 4.41281117397454 3.5131455399061036 3.989263217097863 4.766435272045029 3.9875778027746533 7.635026178010472 7.09361679224973 5.909576938213301 8.765603690332933 9.0 5.908803121720879 2.5912595405059866 1.1840295292375358 6.365026109319878 7.918647322252632 8.166324813499749 8.589030491622513 9.0 9.0 
6.266058846467872 2.5830312949115175 5.3428750030053145 0.23570367751060817 0.1366197183098592 0.13134983127109107 0.19553470919324578 0.13134983127109112 1.7718431699190862 1.3551130247578038 1.7896025186934275 1.791411953469716 1.3999527715635098 1.790548268625393 0.33392003409399107 4.541108468339091 4.997214001523144 2.034790049839085 3.004929206150999 4.511657672432322 5.042123674774138 2.30664542924513 
1.627928309428353 0.47586459363492595 1.6406843699661002 1.4850212164073548 1.8248826291079816 1.425748031496063 1.1344527829893685 1.4223772028496442 2.226477867682056 1.8196124865446717 2.115096418732782 2.234961893301244 1.8424136216753668 2.115409889821616 0.8849323931657048 5.247543418749718 7.787439791979539 2.814590532981274 7.645534526721626 4.2448677263510035 4.394526547643967 3.3514620814506797 
6.270879163061626 8.578976999134408 6.050200153872046 4.600367751060821 3.0910798122065732 4.272412823397075 4.862013758599125 4.269041994750657 6.594180152308424 7.209741657696447 5.398339236521055 6.672264340152427 6.37652000994283 5.398811647429169 2.7162996396885055 2.2450940178611503 3.5073375136715104 7.276473543551013 5.262780690042323 5.386690051675965 6.619674172466859 4.788273242599201 
3.5547403151314265 1.371957098769874 0.18004982809607428 1.7870190947666198 1.8248826291079816 1.4661979752530934 1.8765916197623516 1.4645125609298841 4.825918610185626 4.393713670613563 3.5515151515151517 5.422751704773366 5.60221352224708 3.5516402151101776 1.0691836813761577 3.1693901180271964 8.576987095993568 5.2475709263970565 6.980365094354332 7.3942618186575455 7.559618144562827 7.199315968323903 
4.93378907154434 1.8640131750734514 4.093519402303272 0.4486916548797738 0.5586854460093897 0.44989313835770534 0.538492808005003 0.44652230971128615 2.9453355544978583 2.3131431646932183 2.8474576938213305 3.336624548736462 2.269231916480239 2.8476751049317937 1.0660489713687966 2.622316564196922 7.156407684989455 4.985376722498216 2.5784478877683323 6.929757903245401 5.409539511952935 1.9657913898425456 
1.8644524804718436 0.49919109407800133 2.7273930108431714 1.0940134370579915 1.402816901408451 0.480230596175478 0.5890931832395249 0.4785451818522686 0.6496977629700147 0.532561894510226 0.6928295946477765 0.38142799839550756 0.7597253293562021 0.6939192025183631 0.2607768005888963 5.542462864066776 6.748666158952496 5.759549481946376 2.446487063706261 5.473029772083766 2.693925692683293 1.7242060596664865 
3.303645641656817 1.0993032096765238 4.144907195922391 0.6902899575671856 0.9807511737089201 0.6470866141732283 0.7690056285178236 0.6437157855268092 0.8828986197049027 0.7261033369214207 0.8608835104289649 0.9710248696349781 0.9005083271190657 0.860771904512067 0.19111657820309172 5.423042678274918 3.1014729167704633 7.028889776165521 3.7852571331017515 4.4189753114107635 5.527336883748279 3.15935375059699 
1.37026047696226 0.5298556457698103 1.9118887192556433 1.0240770862800566 1.402816901408451 0.925179977502812 1.2019199499687305 0.9251799775028122 4.571323179438362 3.7550269106566203 4.303335301062575 5.017065784195748 3.7776211782252047 4.303951337880377 1.2537832706985397 2.9543530942871246 7.724775953328255 4.856155528446802 5.69535738160674 6.265124774560101 5.495076649833224 4.883001127717086 
5.7449168910932125 1.9832334031699947 0.8108606616497966 1.8633132956152756 1.402816901408451 1.9010348706411695 1.634834271419637 1.90103487064117 2.1804795335554497 1.809935414424112 2.313223140495868 2.2547954271961492 1.487104151130997 2.312921038824764 0.29839332067723073 5.04703047166001 4.998792328296524 6.007746526913909 3.5284686009053594 5.731082835730239 5.1943042242083886 2.8886576916056343 
1.227951584796676 0.4397288500800822 2.244099187363258 0.8969200848656295 1.402816901408451 0.7684364454443195 1.0220075046904316 0.7650656167979004 1.2765587815326038 1.0551237890204517 1.4517256985438804 1.1441175290814283 0.9865423813074821 1.4521261804826862 0.11483863469063577 6.614823856751784 3.5469449841873146 8.74227911493487 4.355149037177325 5.140776214104828 1.2659221594489027 3.9468945021916726 
3.0336531360816954 1.1203192405828448 0.027993833096915388 2.928253182461103 3.0910798122065732 2.8971147356580427 2.073370856785491 2.8954293213348334 4.683644693003331 3.774381054897739 4.756196379378197 3.349245888487766 2.948565746955009 4.755573845750261 1.6689581961179345 4.40312974016066 5.333290960552505 5.679643020521503 3.4835889580429367 3.066648724921271 2.876309726545119 2.8866795108058305 
1.4289806972861658 0.42122661002975037 0.6338942850960492 1.2752121640735505 1.8248826291079816 1.1375421822272216 1.2244090056285177 1.1341713535808025 3.2127677296525468 3.077631862217438 1.9735773317591503 2.577541115122343 3.7552746706437987 1.9733197796432316 0.6905803727093102 4.443070950949155 8.317224369331218 4.349443945072672 4.728448770729591 5.322591577658788 3.03056593810581 4.221232212200849 
1.5926523561740664 0.4125762120841412 2.2351833241170396 0.753868458274399 1.402816901408451 0.5661867266591676 0.9657848655409632 0.5645013123359581 0.9663374583531652 0.8035199138858988 0.7087504919323102 1.1873906939430408 1.3362652249565006 0.7092484260230849 0.30117972957266287 5.508976798456223 7.258806966597625 3.4473486970409546 3.9399772941247235 3.9017350695709863 2.44478004327397 3.5642963520477693 
3.607161258088495 1.084312883322059 3.42207384656072 0.010000000000000009 0.1366197183098592 0.009999999999999953 0.010000000000000009 0.010000000000000009 0.0260459305092815 0.05838536060279864 0.010000000000000009 0.03163658243080647 0.13178846631866759 0.010000000000000009 0.05318933787919879 7.659347035856932 0.010000000000000675 4.238043876052359 1.2227189171816768 2.9189198041359457 2.625627425219867 0.8098819022661865 
0.3962826433994229 0.009999999999999787 1.3494328372562694 1.3610431400282885 2.2469483568075113 1.299341957255343 1.3143652282676674 1.2993419572553435 2.349496668253213 1.693810548977395 2.3698307752853207 2.3828118732450863 1.901631866766095 2.3695212486883523 0.33844794854906834 5.023227123816362 8.14264863095111 7.417310936509335 4.8573018283575955 5.118135927410688 2.3999807297249243 4.559928236185466 
2.255993651064453 0.7072442549236906 2.8807998942129687 0.9859299858557286 1.402816901408451 0.46000562429696285 0.47664790494058795 0.45832020997375345 1.596407663017611 1.3551130247578038 1.649852420306966 1.1801784997994387 1.3340305741983594 1.6502269150052464 0.1371299058540932 6.457076246465917 3.3528321198015654 7.637441513310488 1.7229564357851235 5.545991141263211 3.373820879006444 2.0304644143997725 
1.319482823753062 0.46218661397733807 2.0967983194287503 0.9287093352192365 1.402816901408451 0.829111361079865 1.0782301438399 0.829111361079865 4.960704426463588 4.1517868675995695 4.611139315230225 5.347023666265543 4.131813323390505 4.61171497901364 0.8842357909418466 3.204086523358614 8.057141711566155 4.595945457901621 3.911747050230977 6.305175819760216 4.298336865866474 3.417438906989596 
3.402023921229328 0.9797317902103939 0.5434928353328679 0.2166301272984441 0.5586854460093897 0.156631046119235 0.21240150093808619 0.1549456317960255 0.1340885292717755 0.18418729817007518 0.10375639512003165 0.17047131969514662 0.2859793686303753 0.10492326862539358 0.1409612180853125 6.993660189382039 0.718839351169759 5.351792040192294 1.647252192163963 1.7530290478726882 2.3352143975882713 1.2763054638017821 
7.713523232717127 2.549594179775603 2.5888458995504062 0.18484087694483742 0.1366197183098592 0.3133745781777277 0.2348905565978736 0.31168916385451817 0.79090195145169 0.6390096878363831 0.8467316017316018 1.0737986361813079 0.5373775789212032 0.8478010230849946 0.11483863469063577 6.101236368532064 0.9010081210542431 3.8891250070224146 0.8537540353455881 0.010000000000000009 2.8767825425192504 0.7728584502516735 
1.4915352603551018 0.397493466948206 2.34206561200202 0.48365983026874126 0.9807511737089201 0.4347244094488189 0.5666041275797374 0.4330389951256093 0.5320276059019518 0.4744994617868672 0.6167630853994492 0.6645066185318895 0.42452771563509817 0.6172730849947534 0.10822091356398439 6.689461472871695 3.045868891119035 6.755079373359763 3.3069378336545547 4.035350564884641 2.1971615894610936 2.8526682886455648 
4.416481458914709 2.4135537334514856 0.5572178611785641 1.7107248939179631 1.402816901408451 1.0616985376827894 1.6235897435897435 1.0616985376827897 2.4832127558305572 2.516361679224972 1.7294569067296337 2.395433212996391 2.991024111359682 1.7292313746065056 0.9852431134012631 4.4184607099582625 7.847138935745686 1.1331998539337569 8.833753612091222 9.0 7.079487707310608 8.39879039215049 
2.178978138214256 0.6866348666558382 2.5332973697497168 1.3515063649222068 1.8248826291079816 1.2487795275590552 1.2356535334584118 1.245408698912636 2.3847977153736313 2.4292680301399345 1.5861688311688311 1.9572924187725633 2.62789336316182 1.5859620933892968 0.8960780287474335 4.125961944082933 8.355744074097798 3.674622153915294 4.159567300380381 4.796845476717782 2.8031083574299425 3.584842457173006 
0.8900912126345046 1.9296674774298734 0.6850119010410407 1.4405162659123056 2.2469483568075113 1.2234983127109111 1.5561225766103814 1.221812898387702 2.953893384102808 2.835705059203444 2.2442325855962215 3.030106297633374 3.3820879940343036 2.2451187040923397 0.9740974778195344 5.100285419378 5.536105950932036 5.914275808380346 4.025958832133876 4.852648112846103 6.317809541941773 3.649493002402963 
1.6928930307941652 0.43638329019086153 1.1619835669463616 0.5281647807637907 0.9807511737089201 0.480230596175478 0.40355847404627887 0.48023059617547803 0.20896953831508824 0.1745102260495155 0.3001141282959465 0.24619935820296845 0.18095078299776302 0.300076075550892 0.2830680717523537 5.6340452362787765 4.4318317568096575 5.313985281017004 4.2730289945440685 5.231862413912328 4.7572851474775595 3.9348680621019554 
6.223881076272529 2.977788878083281 0.6990611400956896 1.6344306930693073 0.9807511737089201 1.7088976377952756 1.674190118824265 1.7055268091488567 1.677707044264636 1.616393972012917 1.7524537583628492 1.8346851183313275 1.1228560775540646 1.7534043809024131 1.5153574057572357 4.011786563748148 5.23180881477211 3.9594715531978046 1.5451510501669805 3.236261856036182 3.811776131366053 1.2514882864951509 
5.966541901756011 1.946191955556743 6.84976396268603 0.346966053748232 0.1366197183098592 0.46506186726659177 0.39231394621638527 0.46337645294338214 0.0987874821513568 0.08741657696447769 0.17628492719401812 0.20833533894905742 0.054693015162813996 0.1768527019937043 0.08662624462438495 7.000115334559977 3.39220497417538 6.037616752674538 0.7917388929650464 3.607180319213553 1.1050039708126844 0.6384995111558978 
7.064259453333496 2.437582616633735 1.5501208135984421 0.7125424328147102 0.5586854460093897 0.2678683914510685 0.16742338961851166 0.2661829771278591 0.3138029509757261 0.3486975242195909 0.38148760330578546 0.11998596068993206 0.3597228436490181 0.38261804826862544 0.20574522490411065 6.114953552035184 4.251475929840543 0.31404138008523574 4.125491105684183 8.054253478549334 6.693665144258836 3.6751868734731445 
1.488358233509219 0.6309248251856083 2.297108047027145 1.396011315417256 1.8248826291079816 1.4055230596175479 1.2974984365228268 1.4055230596175479 2.4254474059971445 2.293789020452099 2.0885615899252263 2.0871119133574005 2.43347874720358 2.0894681269674704 0.9472782922009997 4.019855495220572 6.710381070327903 3.9815495461513137 4.55181039055037 4.635801211067815 4.410172028228009 4.071362537288429 
6.038134558438235 2.099736519091314 6.906447238718055 0.10218882602545964 0.1366197183098592 0.1970809898762655 0.2067792370231395 0.19539557555305587 0.27529271775345077 0.22289558665231413 0.31249704840613957 0.46977737665463315 0.22117449664429523 0.3124573714585521 0.010000000000000002 8.613901629044562 4.324633508660797 5.941512548053385 1.3021790613028248 3.5574052918804253 0.009999999999999787 0.8801747586410387 
6.0235092796821865 2.430521821729413 5.899981367056956 8.055859264497878 5.623474178403756 7.553914510686163 9.0 7.553914510686166 8.213749405045217 8.999999999999998 6.758691460055096 9.000000000000002 8.45251056425553 6.757806269674709 5.633669753205998 0.009999999999999787 6.846074515358353 6.509551889631702 9.0 7.359692327100445 7.914310503877721 8.936788131715357 
6.569464910249693 2.813006190721935 1.4325394898179984 1.83470297029703 1.402816901408451 1.7897975253093361 1.854102564102564 1.7897975253093366 6.11815088053308 4.674348762109796 6.284602518693428 6.199865623746491 4.1463385533184205 6.283779512067156 1.444652280035644 2.5109653098774847 7.319145972569199 3.316756647217918 4.3199986877089565 5.9461025529608555 5.460896783063196 3.9239431090484924 
1.4462900159637346 0.4653103687910305 1.395741290601785 1.4977369165487975 2.2469483568075113 1.476310461192351 1.3593433395872419 1.472939632545932 2.8372929557353643 2.7195801937567277 2.477739079102715 2.4801764941837146 2.6122508078548354 2.478004984260231 0.9114032776723104 3.8447596822689944 9.0 5.2515031179525025 4.102442293115191 4.976497621784269 4.248388586359128 3.6721072056370856 
3.816297266667479 1.3192044583066902 0.1680539393647975 0.5663118811881188 0.5586854460093897 0.6167491563554555 0.5497373358348968 0.6133783277090366 2.899337220371253 2.119601722282023 2.8279988193624552 3.167137986361813 2.246885408898832 2.827629197271773 0.26460811282011554 5.162012745142036 5.101724828409219 4.984330543093552 2.7887109535191765 3.827807602814611 2.996192216786386 2.3299115329700966 
1.2402762579057045 0.48976437836804254 2.2708467771019163 0.9986456859971712 1.402816901408451 0.9403487064116984 1.0388742964352722 0.938663292088489 1.5365028557829603 1.2389881593110872 1.7135360094451004 1.371301644604894 1.2044208302261996 1.7133125655823715 0.13538840029444812 6.460707265628507 3.707912986332051 8.726694649320628 4.496553320227974 4.117741886499771 3.383731101824261 4.211431225510911 
0.010000000000000675 0.1965935197883104 1.0148448056163297 1.0336138613861388 2.2469483568075113 0.9100112485939256 1.3031207004377738 0.9100112485939258 1.2166539742979536 1.0551237890204517 1.0890830381739476 1.4019534697152027 1.2725776783494904 1.089531086044071 0.37467126418968666 4.717818067585155 7.421374624255927 7.292635211595414 4.612325357452486 8.09010409950193 4.241882638555068 4.328953148481084 
6.3821846553173875 2.2124319812160618 6.718241470920587 2.1017326732673265 1.402816901408451 2.163959505061867 2.174571607254534 2.162274090738658 1.4680402189433608 1.1809257265877287 1.4393427784336874 1.6561833132771764 1.1329120059656972 1.4397448845750265 0.42691643097904003 4.7932625768523085 5.027010251555765 5.3420156740315115 5.292199786590693 4.331816508274695 4.097371164221243 4.742662687567357 
8.619578423367983 2.9663844004498596 9.0 0.17530410183875533 0.1366197183098592 0.2678683914510685 0.27986866791744835 0.2644975628046494 0.6443491194669209 0.5132077502691064 0.7830480125934669 0.7438407541115126 0.4424049217002237 0.7841257869884575 0.13434349695866107 6.1234259300812255 4.357543754759821 2.0796675387837986 1.1417021589415324 2.558985450365843 4.170057163924615 0.9030137551478661 
1.3146077308343802 0.5557144208251688 1.7418929266943963 1.0781188118811884 1.8248826291079816 1.0970922384701913 1.0444965603502188 1.0954068241469819 0.8026689671584961 0.6486867599569428 0.8909563164108618 0.8448114721219415 0.681512552821278 0.8920199370409232 0.4683642632985937 4.75856617152089 6.267660410394381 3.5743693068273927 3.943520184271584 3.761440899703774 1.7102273303411097 3.489260357618843 
1.2373183363595377 0.22167597707931974 1.8830337436587885 0.5599540311173975 0.9807511737089201 0.4852868391451068 0.5722263914946842 0.4836014248218974 0.5117027605901954 0.43579117330462847 0.5141617473435658 0.6951584436421983 0.5943611732537908 0.5140956190975865 0.11832164580992602 6.909339855495221 2.2588170497061677 7.292707361899183 3.0906722453887028 3.918515764439834 1.7912254348697312 2.6297857587585614 
3.504291319871803 1.1065303583874926 0.6108751472603564 0.6426060820367753 0.9807511737089201 0.5914679415073116 0.7184052532833022 0.5914679415073116 5.262367920038077 5.3130355220667385 5.090535222353404 5.8230284797432805 4.072595078299777 5.091048006295907 0.39034481422649264 4.6577045281156035 3.93026510271722 4.465569858989891 2.968721087322235 3.522520768504761 2.6948665964718144 2.3298440949882853 
4.297452504843958 1.9297783799676373 0.688470175269877 1.7870190947666198 1.402816901408451 1.5824915635545558 1.9946591619762346 1.580806149231346 6.027223940980486 5.284004305705059 5.637152695789059 6.702916165262735 4.872600049714144 5.63641461175236 3.0074793692611683 0.9359098864605309 8.323004457920224 5.741728356915271 5.961001318568979 8.052930344911367 8.5457987907692 5.502643783928407 
