3.5544013412524293 6.296346470308153 0.3347977010020231 0.9556477232615603 0.9047393364928906 0.7077615298087738 0.6395353403141361 0.7060761154855644 0.5452581216774959 0.6802603550295859 0.25407239819004523 0.3453719195116436 0.9552251773049645 0.25462986033702706 0.5275375990721052 6.333447557407571 4.078967705579753 2.8588306654024187 3.427742434614496 5.096659764797231 4.879246721782594 2.8304613039839097 
1.334333505746101 0.4492380944425416 2.410348288866998 2.77713025061772 3.4611374407582938 2.3763217097862763 4.016668848167539 2.376321709786277 4.554383933845244 4.233704142011835 4.05841825693488 6.668657020122089 4.586292553191489 4.057887351649072 0.4423819833752175 4.0598439577976775 3.624485424824112 8.999999999999996 6.2995446664364945 6.0150884841230035 3.685286217874002 6.481133334166178 
1.7492500044589505 0.5235458555044143 2.721625853234861 0.8128485704200497 0.9047393364928906 0.33865579302587173 0.4041950261780104 0.33528496437945277 1.3162847017129362 1.2015739644970407 1.3771591579775722 0.9083902328736155 1.5497765957446807 1.3781588092584087 0.1538956118306592 5.846844578420074 6.30400232661067 7.232307395042348 2.3575712676060796 4.641432461433108 1.6773709888658939 1.3357405774107707 
0.48386959649467 0.15985461061037665 1.0473298630743857 2.73905047652665 3.887203791469194 2.770708661417323 2.8105497382198954 2.767337832770904 2.3113975191966927 2.9463786982248514 2.3180759394058628 2.4511010626271768 2.2734397163120565 2.3189521998557465 0.7590218441909917 3.481579483996808 7.20094331728246 7.740319793152352 5.458917087181069 4.912915851113734 3.9099014399422023 5.252787137556686 
1.0195784805084385 0.39272814982499815 2.188209299749932 1.0127673843981644 1.3308056872037914 0.9403487064116984 1.086681937172775 0.938663292088489 1.590285883047844 1.4037159763313607 1.7149695061971273 1.5201899163463712 1.782496453900709 1.714745918300439 0.1538956118306592 5.967598634630732 3.7796394962718605 8.664047074571922 4.745500002582483 3.3656471581013383 3.2195864703799346 4.501754269366747 
2.539157377185628 9.0 0.03132827755853862 9.0 8.999999999999998 9.0 9.000000000000002 9.000000000000002 9.0 8.999999999999998 9.0 9.0 8.464425531914895 9.0 8.999999999999998 0.009999999999999787 7.24388464170921 2.4145347123176357 8.39562558478353 5.032697202046834 5.079689901720207 9.0 
1.236256502636727 3.0814187473373824 2.050073330107897 2.1964136957289098 3.0350710900473934 1.5117041619797524 2.4810732984293193 1.5117041619797527 2.4218476077968107 2.829349112426035 2.3746724375368875 2.8393194664255033 2.8791489361702127 2.3743623368959406 0.3846847090663058 4.461958950261548 6.191833064475169 8.71734109941595 6.003119622226363 3.8467600306270455 1.6433485596129307 6.116376104038877 
4.239711059981808 1.898633690576629 0.5209877996887262 0.8890081186021885 0.9047393364928906 0.8897862767154106 0.7983900523560209 0.8881008623922011 1.0847643236857651 1.084544378698225 0.7545976785362973 1.203111010626272 1.8478492907801418 0.7545000327847354 0.3680011598685482 6.154906906640661 3.3793828677290403 5.261825295012869 3.19136783028077 3.9574523474444208 4.674896181626322 2.320510974802304 
3.2079516768628 1.558654093540384 3.369544339067228 0.44157077303212144 0.4786729857819905 0.308318335208099 0.37477748691099466 0.30831833520809915 0.5569403425871238 0.5100355029585798 0.46984654731457787 0.627897354736604 0.8245195035460993 0.47037571306799564 0.18552484051807464 5.454692791914177 2.9007882179661753 6.158690668748953 2.649829838173636 3.2701032314768383 4.115231819662008 1.9903224605544239 
5.908623551584116 1.9604191482963422 6.892116372199847 0.01634662901517825 0.009999999999999953 0.09595613048368956 0.051184554973822016 0.09258530183727037 0.010000000000000231 0.010000000000000009 0.011768640566594435 0.05878137011078444 0.009999999999999787 0.012357878171923131 0.012433017591339652 8.855334249490202 2.2903691378238697 6.02173075544011 0.4908499906831931 2.8004061858004823 0.4952085531712713 0.2706018464152309 
1.5259444355265428 0.5643794533592841 2.581446142008592 0.5018637486763147 0.9047393364928906 0.40944319460067485 0.6101178010471205 0.409443194600675 0.7045611340815123 0.5951479289940828 0.5600472162108991 0.7315577662220212 1.0173900709219854 0.5605645531440558 0.19838507635801275 5.7476110470786415 7.236883575144445 6.808927914073767 4.172298239501112 4.71860442043169 1.7357094366751067 3.765995427686234 
1.1309105772260573 0.781820708694962 2.170654083577671 1.0318072714436992 1.3308056872037914 0.9909111361079865 1.1219829842931937 0.9892257217847771 3.2438511518015356 2.829349112426035 3.450005902026363 3.3616866380284876 3.1740336879432625 3.4495547832928977 0.3019621109607578 5.143442237787039 4.921269937626519 7.735305570384774 3.919338105498026 6.742114263683764 2.348161155370332 3.365321773458094 
1.0968642279177878 0.36471724039995657 2.0194172063443956 0.9429544652312036 1.3308056872037914 0.829111361079865 1.1278664921465968 0.829111361079865 4.989812167749557 4.606071005917159 4.612002754278969 6.0019782952747 5.958702127659576 4.612578191593993 0.901179586313551 2.7506786949197624 8.213227966730917 4.562985904719408 4.171844624282416 5.890047612114937 3.9932117989134577 3.708380901220533 
5.923482083935292 2.5188725744071236 5.167460493258644 0.2511719025767737 0.052606635071090035 0.13134983127109107 0.20415575916230366 0.13134983127109112 1.8239303012404018 1.531384615384615 1.7910210505606923 1.9937757178385713 2.0614414893617017 1.7919664284309222 0.3520127585540306 4.0714012767089285 5.09394841792893 2.0202377234010314 3.2823176816290456 3.820244288433437 4.622348785604848 2.598453333666471 
1.316161199992866 8.900910469205517 1.5032938508799036 0.2924249911754324 0.4786729857819905 0.207193475815523 0.29240837696335076 0.2055080614923135 0.37745894861193174 0.3504497041420117 0.29828841235490855 0.4307393172055167 0.6874379432624114 0.29825060651760527 0.22375797409626907 5.802209415728346 5.76807285532206 3.2191742030070998 2.8780733004179258 1.3000126714009173 2.9247067532435187 2.128799480305321 
1.8211909560585253 0.6265779405745411 1.6060049663952247 3.8179774091069545 4.3132701421800945 3.802182227221597 3.2753468586387435 3.800496812898388 3.9766450088600123 3.595360946745562 3.6781605351170565 4.17267691612028 5.093175531914895 3.6776794964264625 3.5754134931374444 1.980323610249136 6.692670233168954 4.186489406627732 5.020867656857069 3.3725548240292893 4.082633157285037 4.858065861306483 
1.146410485074405 0.43344910327199226 1.8400919832355012 1.0381539004588776 1.3308056872037914 0.925179977502812 1.2573036649214657 0.9251799775028122 4.603236857649144 4.169869822485207 4.304259295691521 5.630020348179968 5.453413120567376 4.3048750901580215 1.2699555383723178 2.5039897154003015 7.874415481393159 4.821325824880681 5.921445666334385 5.843826843958437 5.005482052326914 5.172800654615413 
7.036322019488587 2.474509451772155 1.734813089832297 0.282905047652665 0.052606635071090035 0.40438695163104615 0.3100589005235602 0.4010161229846271 1.0210431187241586 0.8611242603550294 0.9739091087940193 1.4612457607958398 0.9998563829787233 0.9743721723165689 0.09202745022230814 6.246568401454032 4.017675759473924 4.020733528282189 1.2086567847603273 0.5664912621254525 3.602503772463506 1.2232967881369694 
3.01585971545948 0.9161679391544779 3.6410999516184503 0.6890893046240734 0.9047393364928906 0.6571991001124857 0.7807395287958115 0.6555136857892765 0.5367619610159484 0.499396449704142 0.46454062561479437 0.6075717838571102 0.8771205673758864 0.4650704871811683 0.17509762226947614 5.268181576380887 2.941859692316621 7.318838553660068 4.0349939132849695 4.3112460300770525 5.696356930211203 3.3386371506739785 
1.175753414070071 0.17386006532289722 1.6430543330632519 0.5526367807977408 0.9047393364928906 0.4903430821147357 0.6160013089005235 0.49034308211473565 0.5601264028352038 0.5206745562130176 0.5052193586464684 0.6665159394076421 0.6938138297872336 0.5063333551898236 0.15354803788903923 6.4095664509265005 2.54514708194168 6.901619403520236 3.6201395792617816 3.130277530640525 1.7267389054873323 3.0454432271040766 
3.4574467452631072 1.5435221947491082 4.048852599488205 1.8822555594775852 1.7568720379146918 1.5066479190101238 1.769168848167539 1.5049625046869144 3.239603071470762 2.808071005917159 2.226106629942947 3.6523423016052456 5.733952127659576 2.2269949511507434 1.156994007345834 2.6657921801578155 8.400408656346059 4.014143406930511 6.10079869461417 6.718046501345325 5.742617355645437 6.244767773932815 
8.077862378939482 2.7757769206351863 8.507825103612294 0.15914578185668893 0.009999999999999953 0.21730596175478062 0.23945680628272248 0.21393513310836154 0.5834908446544598 0.5313136094674556 0.680314774739327 0.6136694551209587 0.4802216312056735 0.6814058094551175 0.15285289000579935 5.805796169873216 3.6547074202434473 2.32535317880847 1.7408170858699599 0.9472854354378644 3.779434802221483 1.3165357352555374 
4.550617832236432 1.8469486814297529 0.512760429721427 1.8156159548182138 1.3308056872037914 1.739235095613048 1.892722513089005 1.7375496812898392 4.089219137625516 3.733668639053254 3.9204642927405073 4.969439294596428 4.458774822695036 3.920540948134548 1.8886371544558282 1.3665901232378754 6.377056934243015 5.5723489478339125 4.789161360325187 6.788262319567339 6.712958474429992 4.448003173135783 
1.0075526899364453 0.34190674780516694 2.162269502719276 0.9112213201553123 1.3308056872037914 0.7684364454443195 1.0690314136125654 0.7650656167979004 1.3322150029533373 1.2015739644970407 1.4532107023411371 1.2640877232647527 1.4716719858156027 1.4536109107599495 0.13338874927508215 6.119836421668588 3.6155492808548004 8.679519533397606 4.60679196942975 4.546276333597544 1.4282237836029505 4.237423763538921 
1.6365282608307918 0.6605965517529424 1.532011040319901 1.7521496646664316 2.1829383886255918 1.7240663667041618 1.4161583769633506 1.7240663667041618 1.4320448907265213 1.4781893491124256 1.3134880975801688 1.4470178611801947 1.6868581560283689 1.3139066290735029 1.0965161415039628 4.977255962408017 7.576913637276075 1.781059297387312 4.528086157212856 4.060558350453205 5.114596186252931 3.9634346821242517 
7.777164166681528 2.631066404651124 8.367173759712742 0.3907977409106954 0.052606635071090035 0.480230596175478 0.4924476439790576 0.4785451818522686 0.8574920259893679 0.8504852071005914 1.0128192012590989 0.9083902328736155 0.6699042553191488 1.0126876926103203 0.2446124105934661 4.890775334692793 0.9103110692976877 2.8713304064444642 1.1787449686267966 0.8640298829378237 3.983553380358633 1.1441638537359302 
1.1133261990118974 0.4917238102795851 2.1043110875356303 0.5716766678432756 0.9047393364928906 0.46506186726659177 0.5395157068062827 0.4650618672665917 0.43905611340815165 0.47811834319526614 0.35665355105252816 0.4246416459416682 0.6810620567375885 0.3571975608156842 0.1386023583993814 6.365329816473092 3.2635608752119207 6.543460634407147 2.941449061306967 3.778265069530942 3.0899956892486555 2.6119079540769796 
1.3978296799662306 0.3786100507046015 1.577078162433767 1.4982845040593011 1.7568720379146918 1.425748031496063 1.1867015706806283 1.4223772028496442 2.275288836385115 2.042059171597633 2.116450914814086 2.493784761474113 2.692654255319149 2.1167641466133365 0.9018747341967912 4.769224222005497 7.938294778185968 2.7944337187158865 7.834437481450815 3.5123562874412935 4.074574476793122 3.6424555073894087 
4.434635763164309 2.493621452975032 0.4573697924256641 3.7608577479703493 3.0350710900473934 2.7808211473565803 2.7399476439790575 2.7808211473565807 1.4479751919669228 1.8292781065088755 1.4249124532756245 1.6014921998643457 1.5210851063829782 1.4253163726968716 3.7116624782524643 2.956717794130685 3.139020163152969 2.925448196457456 2.113394124333471 2.3135490437136372 5.035117199942346 1.9684222019563502 
1.0149819561120328 0.2896585166189136 2.067209317237239 1.0825803035651254 1.7568720379146918 1.026304836895388 1.1219829842931937 1.0246194225721785 1.3492073242764326 1.2973254437869821 1.4532107023411371 1.30473886502374 1.5975957446808509 1.4530214412169689 0.15146259423931957 5.871553329195851 4.355444607559791 8.352771288335735 4.452200260075957 6.10963867635085 1.7649326517393362 4.144881132334753 
6.702325729335733 2.371139433478402 1.4892496779420936 0.727169078715143 0.4786729857819905 0.2678683914510685 0.17473821989528804 0.2661829771278591 0.37639692852923834 0.42492307692307685 0.3831831595514461 0.10959529730951845 0.5774539007092196 0.38431315979280056 0.224105548037889 5.626059934391347 4.333745649697564 0.31185621060851076 4.381513079087167 7.90856454595944 6.019316049696868 3.965927942333879 
3.098490258678604 0.9985110013114697 3.566005549305463 0.2606918460995411 0.4786729857819905 0.2122497187851518 0.21003926701570685 0.21224971878515186 0.42631187241583013 0.4462011834319525 0.3495789887861498 0.48968347275604795 0.5519503546099289 0.34953445675693395 0.1883054320510342 6.7578801312173065 2.22411991477156 5.228086738962414 1.7379900272432138 3.569677795931132 2.294026019321418 1.5450172023935935 
1.6286179630323234 0.4023029244944154 2.6309675727034794 1.1079668196258383 1.3308056872037914 0.480230596175478 0.6160013089005235 0.4785451818522686 0.7098712344949798 0.6270650887573964 0.6944638992720833 0.4043160750621748 1.1480957446808513 0.6955530784866565 0.2790222308138411 5.060548364216687 6.879372589043646 5.718227014493678 2.7345237284546364 4.929712386159595 2.6361100073491874 2.016468000049971 
4.623520847081766 1.788561330014284 3.9558361555904007 0.46378397458524545 0.4786729857819905 0.44989313835770534 0.5630497382198952 0.44652230971128615 2.988966331955109 2.584650887573964 2.848668109384222 3.735677142211169 3.301551418439716 2.8488853189954746 1.0826131838391648 2.176000975263765 7.2950228670518555 4.94961829597699 2.8639683673578826 6.610844373628389 4.933129899086601 2.257865004309968 
0.20781089291978105 0.010000000000000231 1.1523467383257646 1.6728168019767031 2.609004739336492 1.7897975253093361 1.6044306282722514 1.7864266966629176 2.3485682220909636 2.2548402366863907 2.3516801101711584 2.5689893737282388 2.354732269503546 2.352551963805652 0.6217301372511115 3.6645039453852304 6.8029913876708985 7.3330932726707765 5.069331263903198 3.5740162948823713 3.2466260429882885 4.863861006658588 
2.4163339694769954 0.9890864191858864 3.443800283294376 0.37493116837274965 0.4786729857819905 0.22236220472440943 0.3218259162303665 0.22236220472440948 0.3339161252215006 0.2972544378698222 0.34250442651977164 0.284395206873163 0.6810620567375885 0.34305029178414526 0.18934815387589407 6.073208617785267 4.292087129392929 2.608943292192219 2.5420944378469716 2.176849970613134 2.4815553137461803 2.1208030781915626 
0.9994820482636841 0.4484120354514549 1.9814245743297993 1.9330285915990115 2.609004739336492 1.4055230596175479 2.4457722513089 1.4038376452943384 2.9422374483165985 2.659124260355029 2.7761538461538455 3.5059981912728917 3.3302429078014186 2.776970034751819 0.3242068432244346 4.367109229541625 6.057160374095778 8.859458499000024 6.307984766922915 4.248786187633791 2.0082848058693834 6.535198895648806 
0.009999999999999787 0.163121298438766 1.0864753749570104 1.1587398517472645 2.1829383886255918 1.0465298087739032 1.3985078534031414 1.0465298087739037 1.9195121086828117 1.75480473372781 1.7008203816643714 2.1624779561383676 2.3929875886524825 1.701188118811881 0.38398956118306593 4.363921003635075 6.961841674385756 7.82638534537023 5.376143025089423 7.284959855923475 4.885957622956506 5.207481679513285 
5.705093727147876 2.10471663478486 4.356409506100156 0.6383162725026474 0.4786729857819905 0.5459617547806523 0.6866034031413611 0.544276340457443 2.74257767277023 2.265479289940828 2.8168325791855198 3.046640289396337 2.8966826241134753 2.8170539636745127 0.5880154649139764 3.2831124213139473 7.459373991781886 3.1422058835246993 4.2599191980633755 6.004739103943232 4.178281496066494 3.7234752333004364 
3.5331290539295246 1.2351956763258793 0.14892202409751 0.581196611366043 0.4786729857819905 0.6167491563554555 0.5748167539267016 0.6133783277090366 2.943299468399292 2.3718698224852064 2.829213063151682 3.544616775943929 3.2696719858156027 2.8288433545341283 0.2828455441716606 4.6847362354818705 5.20048638739277 4.948579635546558 3.0702222068156093 3.0310495155211177 2.8917841439088052 2.621701300485964 
3.013026973680299 1.0446201122685084 0.09347898317138181 1.863215672432051 1.7568720379146918 1.9869910011248595 1.504410994764398 1.9836201724784401 4.761477849970467 4.393289940828403 5.119602596891598 3.896249152159168 4.658021276595745 5.11893252901449 0.832359945872801 4.4850735880840515 4.8749367921311215 5.490939459614509 3.052870531757197 1.4047183444140687 2.8646845811230905 2.1982064537084463 
8.109236330342863 2.698390212424716 8.744899127383373 0.11154606424285207 0.009999999999999953 0.17685601799775025 0.2276897905759162 0.17517060367454074 0.5038393384524515 0.4462011834319525 0.5565099350777098 0.6522880397919963 0.5105070921985813 0.5564382663431905 0.14520626329016045 5.939701657948402 3.807143686347729 2.1948759392205766 1.6300046027802608 0.693398415805281 3.6391217767235426 1.064154908990968 
3.138629675210016 1.0562037122117065 4.1491531480067385 0.7017825626544298 0.9047393364928906 0.6673115860517436 0.7925065445026177 0.6673115860517436 1.7060460720614294 1.6271360946745559 1.5186504033051347 2.026296631245761 2.2877854609929082 1.5196314995737978 0.19977537212449256 5.048991045305436 1.9394678543183774 6.637298231914773 3.0523258363174257 2.9137888567161125 3.373205317216134 2.2464319462315885 
3.105385045273213 1.0557531345802045 4.151773329524987 0.5113836921990822 0.4786729857819905 0.5055118110236219 0.5865837696335078 0.502140982377203 1.2748659184878917 1.2122130177514792 1.2250560692504426 1.552710829753561 1.5194911347517728 1.224896728083404 0.19421418905857338 4.999175015515562 1.443327053258101 6.560652255324573 3.024244554038864 1.1245579568309636 3.1524214678086073 2.5218810448861295 
0.23458831992675488 0.027816590512308448 0.9930921056466522 1.6474302859159902 2.609004739336492 1.5926040494938132 1.8633049738219896 1.5926040494938134 3.270401653868872 2.978295857988165 3.1900157387369656 3.808849197377346 3.4481968085106387 3.1907776539243318 0.6210349893678716 3.423792889440554 6.122909520964889 7.036501995968223 6.302509238338199 2.2322082477339764 4.899887342139306 6.376551176183993 
3.0504405443487252 0.960793898741156 3.8480418879296785 0.4257042004941758 0.4786729857819905 0.3942744656917884 0.5159816753926701 0.392589051368579 0.6684524512699352 0.6164260355029584 0.6661656502065707 0.7701763508930588 0.9504432624113477 0.6672585404235786 0.15702377730523875 5.5587086621154365 3.0308297680403005 6.751479247508026 2.962065337230632 2.895392651665884 3.3225216160379523 2.6103356278186567 
3.215808526703169 0.9496421023614809 3.5734992684476525 0.2638651606071303 0.4786729857819905 0.207193475815523 0.1394371727748691 0.20719347581552305 0.5367619610159484 0.5632307692307689 0.3018256934880974 0.42870676011756714 0.8834964539007091 0.30178742377549017 0.21645892132225017 6.523545527085736 2.8345389949138635 4.521511119256115 2.447665679230912 4.512343939565505 4.312739480254177 1.3749364248504001 
3.215167151205998 7.2413391820437205 0.1847661072671416 2.161507236145429 2.1829383886255918 1.668447694038245 1.6867997382198956 1.6650768653918262 0.9541358535144717 1.6058579881656798 0.5901141058430059 0.518139271987339 0.8898723404255318 0.5912169693790571 2.090577614537019 5.272166858764076 3.141933650481164 3.1756220966829467 5.8886800032737945 4.812330540233045 5.1254344116291515 5.17324989068922 
3.3290647499123054 0.9966148204455654 3.3046686446754068 0.025866572537945665 0.052606635071090035 0.009999999999999953 0.010000000000000009 0.010000000000000009 0.09071352628470186 0.10575147928994066 0.011768640566594435 0.010000000000000009 0.25228368794326195 0.01176840862894235 0.07186816160835105 7.151626030676481 0.009999999999999787 4.207656589882312 1.5340899864399749 1.982150741142151 2.5783394665523067 1.1028565967494095 
1.8597269338470044 0.6490880480816621 1.792771505015943 5.588686904341687 6.017535545023696 5.485911136107987 5.246321989528797 5.4825403074615675 6.148476077968104 6.116816568047337 5.56883730080661 6.882075514356771 8.081872340425532 5.568697790308831 5.8071857722791425 0.7855359517687743 8.161046104136384 3.6156201445383793 7.519003459336015 4.3593815547539325 4.854590758887977 7.510984571564206 
2.8044730411828693 4.544763475980052 0.9015953670294312 1.1714331097776207 1.3308056872037914 0.6925928008998876 1.1396335078534032 0.6892219722534685 1.170787950383934 1.1483786982248518 0.8960889238638599 1.2661202803527016 2.169831560283688 0.8971516621860861 0.6335476512661898 4.730168454650236 6.613745165994722 2.53179589332526 4.519263876975252 4.284318251670197 3.3743051371343844 3.9099306657338815 
3.228689484604729 1.0191812501566244 0.5783697749383574 0.6573561595481823 0.9047393364928906 0.5914679415073116 0.751321989528796 0.5914679415073116 5.289301831069109 5.882757396449704 5.091304347826087 6.538573366493329 5.874221631205675 5.091816930037374 0.40831973709646235 4.186575937583121 4.006304461916866 4.4335473255619355 3.246799967182593 2.678734315771311 2.636905877035484 2.621633915074893 
0.8345950975321195 0.12499116637290841 2.0309460050246866 0.36541122484998223 0.9047393364928906 0.35382452193475816 0.4924476439790576 0.3504536932883391 0.6610183106910812 0.5313136094674556 0.6484792445406256 0.7498507800135654 0.8659627659574465 0.6489849845911743 0.10697312971196597 6.547058693146556 8.136585856045196 6.778484418699154 3.219918800758217 2.925980281143337 2.575203979949001 2.687806388746611 
1.8507476768865816 0.5078131865378026 2.4741759106515184 0.8667949170490645 1.3308056872037914 0.28809336332958374 0.41596204188481667 0.28640794900637423 1.155919669226226 1.073905325443787 1.2038323824513082 0.7762740221569073 1.4366046099290783 1.2042652940790766 0.15215774212255948 5.804999113396579 5.311894664032097 6.674582559779445 2.288493170522976 5.549269426336023 4.043607547240318 1.3903676839856587 
1.4447035392179597 0.31053528021183974 2.3202664482696314 0.49551711966113654 0.9047393364928906 0.4751743532058493 0.42772905759162316 0.47348893888263976 0.10451978735971679 0.15894674556213018 0.0489100924650796 0.08926972643002484 0.30329078014184363 0.05008392892269353 0.16258496037115797 6.03973224576647 4.763811167247512 5.33990390667952 2.7189222223502423 2.80459926020587 2.455759537481737 2.186166926930428 
3.4485743842188814 1.6507033488426486 0.7473190792349884 1.6474302859159902 1.3308056872037914 1.663391451068616 1.745634816753927 1.6617060367454068 1.4851458948611933 1.4888284023668632 1.4620539051741095 1.71328283970156 1.6055656028368794 1.4624529539046613 0.6895070558670017 3.479985371043532 7.728762857426167 5.530623451232241 3.618907317447219 1.9477093611996308 2.0353803693099417 3.097352455432434 
5.4149782105932776 1.909654068480449 0.7723156109190743 1.8759089304624073 1.3308056872037914 1.9010348706411695 1.710333769633508 1.90103487064117 2.229621972829297 2.031420118343195 2.3145386582726735 2.5161428894415554 2.185771276595745 2.3142364435119007 0.31656021650879573 4.571155687560956 5.095557358692261 5.964640247643484 3.795874401112137 5.227517618639361 4.751071708836995 3.180011893012855 
1.264744264302828 0.2990080024725801 2.2572772845709492 0.49869043416872594 0.9047393364928906 0.4347244094488189 0.592467277486911 0.4330389951256093 0.5930490253987009 0.5632307692307689 0.6184123549085185 0.7234275378702237 0.6699042553191488 0.6189220378991539 0.12678484438430315 6.193564145757603 3.1047540733825585 6.706601953738158 3.578567708943776 3.2705637425387017 2.2159188083997803 3.1440505453046335 
4.20374058418202 3.034145644165629 0.7328032736238947 1.2571126014825273 0.9047393364928906 0.7987739032620922 1.0043128272251307 0.7970884889388825 2.4728245717660964 2.0952544378698224 2.211957505410191 2.8189938955460097 3.365310283687943 2.2122582125762236 0.8511289387202784 3.2185508467062682 9.0 3.9775037648502405 5.667937265118157 8.113467731064341 6.171039206928522 5.2365921770959565 
1.2037066961551952 0.3231139057579373 0.6006937214738297 1.2888457465584187 1.7568720379146918 1.1375421822272216 1.2808376963350785 1.1341713535808025 3.2544713526284705 3.425136094674556 1.9749596694865237 2.8799706081844896 5.421533687943262 1.9747019867549662 0.7079284747728591 3.974558914797412 8.478355313596644 4.318256017784435 4.9729737476643425 4.7560997158370935 2.920859383202216 4.511547615775732 
0.21449188768199967 0.4672048774986841 1.372704004010422 1.1936463113307447 2.1829383886255918 1.1072047244094487 1.374973821989529 1.1072047244094492 1.2196408741878324 1.1377396449704138 1.080027542789691 1.4226271761248024 1.6007836879432622 1.0798872205101304 0.35931181132804946 4.522535242486035 7.661100375595257 7.14828334780842 4.41454305337755 6.417332777948527 3.606307149708079 4.211076067810161 
1.3515437482535768 0.6999657723054304 1.800789260461781 0.5653300388280973 0.9047393364928906 0.5156242969628797 0.7042539267015707 0.5139388826396701 0.7566001181334909 0.6483431952662718 0.740448554003541 0.9856274022156908 0.9647890070921985 0.7409422332961771 0.19247631935047363 5.970388332298964 2.7023232005649653 6.5356527732404786 3.496809816377475 4.030649368856392 1.8083415440764314 2.6734982197958703 
4.7031048566893165 2.229376446167083 4.156594463518562 1.6950300035298274 1.3308056872037914 1.602716535433071 1.8868390052356023 1.5993457067866519 3.577325457767277 3.808142011834319 3.244843596301396 4.453169794257291 4.371106382978724 3.245598321421546 2.4979342741156 0.5587733841652627 7.126236284001285 6.143254025800179 6.413427088742477 7.574960637775872 9.0 6.4688242657438755 
1.8400580852670307 0.8842895717257107 1.6760686201931758 2.5391316625485354 3.0350710900473934 2.6240776152980874 2.092761780104712 2.620706786651669 2.025714116952156 1.935668639053254 1.8352370647255554 2.040524530861407 2.3021312056737586 1.8349977050685191 1.3179207423158708 4.411744392233355 8.084295281236924 1.9102113495294937 5.179941941797178 5.261740861763103 5.885090027528308 4.61835349232326 
1.4028003400693212 0.5074001570422593 1.8444938881861583 5.1983692199082245 6.017535545023696 5.273548931383577 3.646007853403141 5.271863517060369 4.21347548730065 3.765585798816567 3.7984280936454846 3.2194076418720323 3.5119556737588655 3.798520752737524 3.7231324183259225 3.4317634542069335 7.987150047040101 2.6067943395775366 8.083111487403242 5.8221828240508575 6.1741147033544665 4.878955338738491 
2.385975529277472 1.3031578024107655 0.010000000000000231 2.5264384045181787 2.609004739336492 2.3257592800899887 2.233965968586387 2.3223884514435698 4.283568812758418 4.244343195266272 4.044269132402124 3.839337553696585 4.819012411347519 4.044329552160513 1.1556037115793543 3.2305066938558387 6.09016540218682 5.702933635052549 4.933687812306687 3.9228897803803573 4.885157753925051 4.467365247916849 
2.5988587463808184 0.9873592049317952 0.07660501419386456 2.0377479703494528 2.1829383886255918 1.7999100112485937 2.0103926701570685 1.7965391826021748 2.393173065564088 2.4357041420118337 2.4188884517017506 2.505980104001809 2.7340975177304965 2.4191620221624803 0.7461616083510536 3.625049649791648 4.282063863286229 5.261538767997578 4.573942369694834 3.9713161541489397 3.756130617990025 4.089445400827014 
1.4612189582701642 0.3385086415009231 1.112834401030586 0.5431168372749735 0.9047393364928906 0.480230596175478 0.42184554973821975 0.48023059617547803 0.2723189604252807 0.2334201183431951 0.3018256934880974 0.25187429346597323 0.3224184397163119 0.30178742377549017 0.3012669630775179 5.1510142743150995 4.517599745572305 5.275865118762098 4.526237764491009 4.651394042823942 4.381416235294954 4.225406698564594 
4.118758330806594 2.346733145105377 0.5263329699859525 1.723589834098129 1.3308056872037914 1.0616985376827894 1.698566753926702 1.0616985376827897 2.530173656231542 2.808071005917159 1.7308872712964782 2.6746823423016055 4.331257092198582 1.7306615959609202 1.0019760293833364 3.950248692259952 7.9991518754368425 1.1251273276335994 9.0 9.0 6.3456666138759035 8.685849213587018 
4.3934273874709415 1.6061712595958668 1.0806061683561357 0.9556477232615603 0.9047393364928906 0.7431552305961755 0.9395942408376964 0.7414698162729658 3.4488210277613702 2.978295857988165 3.050293133975998 3.8474677820483834 4.876395390070922 3.051073372237885 0.6269437463754107 3.968580991222626 5.958949760204318 4.043297530736318 4.86083970842569 3.569677795931132 4.5061478120601395 4.704898821942109 
3.320780316407154 1.0993277463600442 0.011676916171678542 2.110734204024003 1.7568720379146918 1.7897975253093361 2.0692277486910995 1.7897975253093366 3.0431293561724755 2.5952899408284016 2.1306000393468416 3.6706353153967894 5.327489361702128 2.1303219461018945 1.3328664218055286 2.8184284954339915 8.630248018632232 4.6590799024724525 6.920563545583019 4.836931525906273 5.274829949979268 7.21691463765038 
1.3659746969399702 0.4268030832073375 2.3499269030561987 1.8314825273561597 2.1829383886255918 1.1375421822272216 2.1810143979057592 1.1375421822272218 1.4320448907265213 1.45691124260355 1.2851898485146567 1.792552566131585 1.9689911347517732 1.286201560553406 0.224105548037889 4.92305612199663 5.812514408298405 8.730234815104023 6.004728706132049 5.502491197420426 2.402824204980006 6.073002361112845 
4.224478391923947 6.440719053068587 0.7060250185073995 1.2063395693611014 0.9047393364928906 0.8594488188976377 0.957244764397906 0.8560779902512186 0.8288174837566453 0.967514792899408 0.5211371237458193 0.8006647072122992 1.4971755319148934 0.5210700937643432 0.6137359365938526 6.068027750687119 4.8603910979328955 3.6539431328334757 6.023348360738781 7.492141358913386 6.2193912898800106 5.36132257298837 
3.5131395176009654 1.0529370243833167 4.404306424253729 0.6161030709495234 0.4786729857819905 0.6420303712035995 0.5807002617801046 0.6386595425571804 2.4717625516834025 2.116532544378698 2.388821562069644 2.7072032557087953 2.9620354609929085 2.3890990754704604 0.3412379663638121 4.4751103821260765 4.002586504207006 4.715346645100116 3.07798902802074 2.8485901853259783 3.693640849907557 2.713884542831087 
6.276238607380455 2.4464797682791346 2.2963179891928442 0.3400247087892694 0.052606635071090035 0.3689932508436445 0.3159424083769633 0.36899325084364465 0.9732522150029534 0.9143195266272189 0.9067007672634271 1.384008591453764 1.0668031914893614 0.9071726444167595 0.29014459694567946 6.013827910275736 1.70882402165054 3.75605419790762 1.6610093815667089 0.09681845387340493 4.159336598056469 1.2898061888640422 
1.5112462470496606 0.9409497088870888 0.49457636998478627 1.9330285915990115 2.609004739336492 1.4965354330708662 2.681112565445026 1.4931646044244473 3.642108682811578 3.637917159763313 3.0414499311430254 5.188955460094959 3.5996241134751785 3.0410523900072115 0.7558936787164121 4.212081744835536 3.2959136300205323 8.641733783256178 5.639030903189845 4.931893754347368 3.5220449465893884 5.403415993104052 
7.036108227656197 2.9417021334358004 1.157010661428246 0.5621567243205083 0.4786729857819905 0.480230596175478 0.5277486910994765 0.476859767529059 1.690115770821028 1.4994674556213017 1.6212315561676176 1.831171150802623 1.9068262411347519 1.621609730509474 0.5063355886332882 3.946263409876763 6.602199928895679 0.00999999999999801 4.489312771334591 6.8407363431954575 5.678147911710119 4.24005179457069 
2.0106639675150566 0.6136238336688584 2.7797414793096014 1.000074126367808 1.3308056872037914 0.46000562429696285 0.4983311518324608 0.45832020997375345 1.6497590076786772 1.531384615384615 1.6512984457997244 1.30473886502374 1.967397163120567 1.6516726772014945 0.15563348153875894 5.96401188048586 3.417671309407778 7.582622487111863 2.0247891422062434 5.01391319820767 3.2112038429302787 2.322487613527053 
4.826409296020831 1.68949057328778 0.714147581213969 2.1170808330391813 1.7568720379146918 2.1841844769403824 2.0633442408376963 2.1808136482939635 1.6550691080921442 1.5633017751479286 1.6088510722014555 2.038491973773457 1.9418936170212766 1.6086414005638967 0.6175592499516721 3.315791736856106 7.104602553467302 5.691150211548727 4.5101558548676035 1.9260653412920514 3.013584200673704 3.8513952053168765 
4.935282786665953 1.6775502660529766 5.314662290953817 0.2638651606071303 0.052606635071090035 0.30326209223847017 0.28652486910994757 0.3032620922384702 0.5505682220909631 0.5100355029585798 0.4946075152469014 0.6583857110558442 0.830895390070922 0.4951334338731884 0.07673419679103034 6.372104796524517 0.9403373827322916 6.6331077743161515 1.6545855471507842 0.010000000000000009 3.762365597090221 1.6090782665184205 
1.2210772825369638 0.22500062649837504 1.1050786637365713 0.4828238616307803 0.9047393364928906 0.36393700787401567 0.5042146596858638 0.36393700787401584 0.25532663910218556 0.2334201183431951 0.16740901042691325 0.2925254352249602 0.6093333333333331 0.16856730706183187 0.23175217475352794 5.703374412625233 6.351161684930478 3.0489771559245575 2.2508681097849497 2.1012534441946107 1.9724906667117459 1.7449047934338577 
1.6700935785161795 0.42930003424857777 2.5739000192360377 0.8033286268972819 0.9047393364928906 0.2526996625421822 0.33359293193717277 0.25269966254218224 0.7820886001181335 0.7440946745562128 0.827111941766673 0.4571625593488584 1.0954946808510635 0.827004786571372 0.14798685482312005 5.781485947335757 5.9899109986770736 6.449372325761136 2.6582699386600552 4.89517405651984 2.534114707803126 1.9042712906167631 
3.277915054012757 1.2887768663386598 0.16055563003853068 1.7997493822802684 1.7568720379146918 1.4661979752530934 1.963324607329843 1.4645125609298841 4.855997637330184 4.872047337278107 3.5525870548888445 6.087345692968574 8.056368794326243 3.5527119533145357 1.0857413493137444 2.716405266424329 8.743156523821156 5.209928089368379 7.181951278865709 7.146903487061689 6.751788116562005 7.487309830474597 
4.906688129083657 2.058232042468237 5.019263026586537 4.097229085774797 3.0350710900473934 3.91847581552306 4.240242146596859 3.9151049868766408 5.422054341405788 5.680615384615384 4.24943143812709 7.1625683924937835 9.0 4.249464953117828 2.092663058186739 1.5554925082010822 4.670927451829243 6.983064707616549 6.597026955565789 7.095180823587137 6.885182274937853 6.558649018701512 
5.746248654883145 1.9211437980837505 6.630727063939424 0.20991881397811518 0.052606635071090035 0.30326209223847017 0.2335732984293194 0.30157667791526066 0.07478322504430013 0.052556213017751485 0.07367106039740301 0.12992086818901183 0.07854078014184362 0.07484164972788676 0.04545254204523487 8.160301001861868 3.6797981991743196 6.018937117041027 0.5143290429673595 2.673862593485282 2.7288308254755167 0.5482297400277336 
1.3131681143393914 1.3162245537243238 1.6467225871887985 0.44157077303212144 0.9047393364928906 0.30326209223847017 0.5512827225130889 0.3032620922384702 0.657832250443001 0.5525917159763313 0.36195947275231166 0.8392832918833373 1.5593404255319143 0.3625027867025111 0.24356968876860624 5.4738221473534905 7.290696120945055 2.8770251308733634 4.24683757807543 1.7188596008778316 2.5510679319248295 3.824171499244194 
9.0 2.9613585826100763 9.0 0.5209036357218495 0.052606635071090035 0.6622553430821148 0.5159816753926701 0.662255343082115 1.1527336089781453 1.2015739644970407 1.2798839268148727 1.3270969929911824 1.0428936170212761 1.279717395580617 0.30369998066885756 4.232008156751486 3.8656743422245974 1.9360345967825445 0.808380643769441 2.3610786327828013 1.8436197677087787 0.7073940809774257 
1.2616442827331582 0.536105706982533 2.2136774641073025 1.4094316978468056 1.7568720379146918 1.4055230596175479 1.3573232984293195 1.4055230596175479 2.4728245717660964 2.5633727810650884 2.089921306315168 2.3271150802622653 3.535865248226951 2.0908274867221817 0.964090469746762 3.5565027928007797 6.840344904311484 3.9530057050429086 4.7997034494431166 3.9635117035215712 4.087808309918555 4.361794770572288 
5.882327156200022 2.9198303442399736 0.663892499693973 1.6474302859159902 0.9047393364928906 1.7088976377952756 1.7515183246073298 1.7055268091488567 1.7304725339633786 1.8186390532544374 1.7538795986622073 2.042557087949355 1.6661365248226954 1.7548298472231325 1.5309835685289002 3.5485322280344 5.333093545711128 3.931086388373185 1.8503740906181534 2.348378222445095 3.581651186813459 1.5441187302459807 
1.639948930149048 0.778516472730614 2.528990108013267 2.516918460995411 3.0350710900473934 1.9768785151856014 3.5165706806282717 1.973507686539183 5.511264028352038 5.765727810650887 4.725195750541019 8.010144698168663 5.826402482269504 4.725756343846304 0.6578778271795864 3.4357487365901243 4.243362315195283 8.793449837852478 6.9567277510104475 6.606893673466086 4.26357553023576 7.29065673916574 
3.6023441596661137 1.1589354121941642 4.153083420284111 0.530423579244617 0.4786729857819905 0.5257367829021373 0.5042146596858638 0.5257367829021373 2.5875227406969876 2.3718698224852064 2.376441078103482 2.9409473208229713 3.3414007092198577 2.376130745524883 0.28354069205490046 4.861682773295505 2.242405309122394 4.27735428635172 2.773738228344783 3.190313630652927 4.209120446574265 2.4172315014928727 
1.9894985761083461 6.993615355057511 1.1891340868419675 1.2888457465584187 1.7568720379146918 0.8442800899887515 1.269070680628272 0.8425946756655418 1.12936916715889 1.45691124260355 0.6838520558725163 1.0974180420529056 1.6278812056737588 0.6849426267130024 0.8042064566015852 5.690621508999027 4.882524904650078 3.9443024469534578 3.1868352498671992 5.257911348722344 5.06098496441962 2.4333815383462216 
4.7291340122829215 1.7660136743712047 5.758992672818313 0.3463713378044475 0.4786729857819905 0.39933070866141734 0.3983115183246074 0.3976452943382077 0.5303898405197875 0.499396449704142 0.46630926618138857 0.6258647976486549 0.7607606382978724 0.46624942626712984 0.06769727430891165 6.485685344445431 3.0589427465131074 6.884033807956783 2.711914402987416 3.618516205912961 3.3938899303695758 2.1975550614014265 
5.957688777117854 1.95895477099396 6.843957435894446 0.010000000000000009 0.009999999999999953 0.10101237345331837 0.045301047120418825 0.10101237345331837 0.014248080330774071 0.010000000000000009 0.009999999999999898 0.06691159846258188 0.02115780141843926 0.010000000000000009 0.009999999999999998 9.0 1.6714270201244563 6.01334984024286 0.009999999999999787 2.4363358352610036 0.009999999999999787 0.010000000000000009 
1.3432058667903277 2.0720873046369235 1.7787797357084978 1.1301800211789623 1.7568720379146918 0.9403487064116984 1.457342931937173 0.938663292088489 0.9031588895451863 0.8398461538461538 0.6148750737753292 1.152297083427538 1.6629485815602836 0.6147957510982883 0.39719737096462404 4.631333451547124 8.711064678325517 2.9552828219245733 4.9499768847858725 3.484580199183638 2.798043492767369 4.679022824090847 
3.0227545020540907 1.085265969443586 4.0214455008073315 0.9017013766325448 0.9047393364928906 0.8897862767154106 0.9278272251308902 0.8881008623922011 3.4466969875959834 3.180437869822484 3.396946685028526 3.9511281935338003 3.727141843971632 3.397681463510588 0.6526642180552871 3.314197623902829 4.158240651837948 5.748491430483735 3.604857746874499 0.6020718010104771 3.69359285776567 3.1984530338426183 
6.24283363356936 2.123960054463592 6.993831818738234 1.3776985527709142 0.9047393364928906 1.4864229471316084 1.4161583769633506 1.4864229471316088 0.8670502067336092 0.7547337278106506 0.8660220342317528 0.9774971738638929 0.9472553191489359 0.8659097764081042 0.2758940653392616 4.75965954428584 1.6285726654686954 4.959181135112306 2.6773235637319193 2.9419042689140875 4.325489392615581 2.0731391307606786 
