6.084420553003253 1.9780247690030115 6.563299768558499 0.21847204574332907 0.11660079051383399 0.2958092485549133 0.29918881118881147 0.2957633649060844 0.07233941605839411 0.05461538461538462 0.07618404907975462 0.13109817351598152 0.06644227415416815 0.07740508486129105 0.03918738262724003 8.216628205128206 3.6797981991743196 6.160242294251731 0.6053299917456876 2.8999389276050245 3.5651477973354293 0.6550733655942313 
6.270879163061626 8.517388125989076 5.795577970453786 4.176585133418043 2.6039525691699605 3.6952071290944124 5.4857272727272735 3.6931722587895326 6.803902676399027 8.353076923076923 5.61174437627812 7.569399543378996 9.000000000000002 5.6125880989707575 2.248843937995353 2.2861282051282052 3.57517356467228 7.393897911832948 6.487210632580128 5.317947362851657 7.785954619833783 6.084221007114965 
8.165811347656014 2.6721854918576753 8.278342544935347 0.3812515883100381 0.11660079051383399 0.4473747591522158 0.5758041958041961 0.44730454326537156 0.8783771289537712 0.891153846153846 1.052398773006135 0.9172100456621004 0.6481112661318451 1.052327721355054 0.20315179679791198 5.166423076923078 0.9103110692976877 2.9386169818014274 1.3896328849743433 0.8703632900485252 5.205825137559284 1.3693059614785716 
2.989612970838766 1.113325274388687 0.009999999999999787 1.903383100381194 1.893280632411067 1.7465077071290942 2.065755244755245 1.746228929202119 2.773714111922141 3.1330769230769233 2.5838241308793464 2.7275251141552515 3.4953104290198818 2.5848742417013155 0.735106152719865 4.247346153846154 4.917073646176206 5.732515382952958 4.740891474613312 2.5061244425632268 4.479383046832689 3.6789927353089134 
3.8380982439892284 6.25608806983511 0.34497576197220425 0.8895806861499365 0.8272727272727272 0.6422447013487476 0.7329720279720281 0.6421432011558839 0.5568369829683699 0.712692307692308 0.2637055214723927 0.34866438356164386 0.928754795953959 0.2643010019766888 0.43607855619569025 6.512320512820512 4.078967705579753 2.9258232989043336 4.044438634381066 5.616902813260571 6.377035269507996 3.390349190283401 
3.504291319871803 1.096087824799632 0.5855454995566918 0.6211372299872935 0.8272727272727272 0.5426445086705204 0.8524195804195808 0.5440022475517738 5.4422785888077865 6.166923076923078 5.291854805725972 6.602666666666666 5.7671119637251484 5.2927203326289955 0.33792882834134386 4.50946153846154 4.006304461916866 4.537570737117665 3.830846974045828 2.90540215567414 3.4449465788908817 3.1400676161272543 
1.2373183363595377 0.21728996886007446 1.8040767671882731 0.5468869123252857 0.8272727272727272 0.45170520231213873 0.6889650349650353 0.45163429121849413 0.5852725060827253 0.5453846153846154 0.5357955010224951 0.7653242009132419 0.8864230903383328 0.5357596619180695 0.11444504567590796 6.584448717948719 2.3024361935488553 7.41039406456559 3.972058049826 3.4178855648440685 2.445480115201354 3.4992702668710924 
4.696936242551273 2.0117653785287657 0.48622249473211454 0.8096188055908511 0.8272727272727272 0.7418448940269751 1.0284475524475525 0.7402841547599937 6.319405109489053 6.311923076923078 6.113640081799591 7.546821917808218 6.4005197070108135 6.113224047440528 1.1972397109844988 2.193179487179487 7.309307651937107 6.22923287079135 4.609335640787533 6.33753249383985 8.292609161776928 4.034991824976642 
2.0618115791910894 0.7122011945479607 1.6005137771022602 3.4654955527318934 3.6699604743083007 3.29247591522158 3.549419580419581 3.2919489484668483 4.090497566909976 3.7688461538461553 3.8229366053169733 4.213543378995435 4.998869898848972 3.8226767091541127 2.94533500970812 2.4512051282051286 6.692670233168954 4.284703044784887 5.92502679132547 3.683463681576998 5.335382021864058 5.820452171621589 
2.053595130451738 0.7215817448568069 2.6429136297166282 9.0 9.000000000000002 9.0 9.0 9.0 9.000000000000002 9.0 9.0 8.649020547945206 8.5860899895361 9.0 9.0 0.009999999999999787 8.873198073895281 3.036640787150496 9.0 5.269022932381975 8.208763778469493 8.797502635172364 
7.064259453333496 2.4180294859359845 1.4851976464356857 0.6839644218551462 0.47193675889328063 0.2654961464354527 0.2363216783216785 0.26545512923422704 0.3829428223844282 0.44500000000000006 0.39791206543967306 0.11057305936073059 0.5571764911056853 0.3991111716992707 0.1862688990037241 5.852384615384615 4.333745649697564 0.3189546116237665 5.1703073064693115 8.77021825822739 7.867791855745844 4.751216551278059 
1.5559522184716252 9.0 1.0840755581655088 0.9466963151207115 1.182608695652174 0.8154624277456646 1.085027972027972 0.8153331192807836 0.7777591240875914 0.7796153846153846 0.6571329243353785 0.8104794520547944 1.2093983257760728 0.6577015881671323 0.39115287901454626 5.620756410256412 6.5929593907278985 3.4328417176713337 3.243589017549782 2.356089522456198 3.8728022537675724 2.0577485446661714 
2.207516603502273 0.8937910255755774 0.5356510875447631 3.9595457433290977 4.025296442687746 3.6345809248554914 5.146244755244757 3.635442286081233 5.710228710462287 5.5757692307692315 5.074918200408998 6.352260273972602 6.983756539937216 5.075185740576647 3.3802842410160103 2.312525641025641 8.188506809326759 2.541059700944796 7.941325909146336 6.619391573823526 6.363862031776355 8.418459442301703 
6.223881076272529 2.954538220429833 0.67001404769307 1.5121410419313852 0.8272727272727272 1.4996724470134877 1.9211608391608395 1.4979900465564295 1.7773771289537714 1.9061538461538465 1.8227075664621681 2.0625114155251136 1.628011859086153 1.823809556267466 1.2621959448706117 3.914217948717949 5.333093545711128 4.023294011148309 2.1824505210531697 2.5349354960620403 4.68029714782991 1.848655612917136 
1.446783002888095 0.3195398029506351 1.1057620297765034 0.46406925031766205 0.8272727272727272 0.3477745664739884 0.5883776223776224 0.34916358966126176 0.2582639902676398 0.24423076923076925 0.17362167689161567 0.29529908675799077 0.5885333100802232 0.17483607116079336 0.19256421682528568 5.92451282051282 6.351161684930478 3.1204412430323067 2.6552095351323945 2.257805777690435 2.5761561233150108 2.089299583163644 
3.3708561923447187 1.0758765021185357 3.536354853938536 0.26416454891994906 0.47193675889328063 0.21786127167630054 0.2740419580419582 0.21927115106758704 0.43434549878345496 0.4673076923076922 0.36298159509202454 0.49439269406392694 0.5320910359260553 0.36295753527366925 0.15679536556641308 6.908282051282052 2.22411991477156 5.350794408719658 2.0497879182260714 3.904520566582516 2.9965962955702388 1.8497324401696091 
6.627582590999379 2.4916970953085915 2.2823178117839413 0.335559085133418 0.11660079051383399 0.35210500963391134 0.38720279720279727 0.35349333761438434 0.9975875912408758 0.9580769230769233 0.9420920245398774 1.397497716894977 1.0385036623648414 0.9426412650807715 0.24063755291721042 6.214141025641027 1.70882402165054 3.844145792471835 1.9589169128889115 0.010000000000000231 5.43567957107215 1.5438596591045206 
0.43577637367324407 0.12673369748328112 0.995155848791553 1.5121410419313852 2.2486166007905135 1.40007225433526 2.040608391608392 1.4012923422700272 3.3632043795620437 3.1219230769230775 3.3155255623721884 3.846143835616439 3.3808580397628187 3.3165257991956913 0.513053124104784 3.797846153846154 6.122909520964889 7.201736061556279 7.437927312847641 2.4046606098169345 6.404024979683864 7.640370990345688 
4.859074164341162 1.9054769513502472 0.5207448731677546 1.663497458703939 1.182608695652174 1.525655105973025 2.0720419580419582 1.5254117835928722 4.20642700729927 3.913846153846154 4.074803680981596 5.018127853881279 4.3748692012556685 4.075139390634585 1.5566451284336507 1.8786410256410249 6.377056934243015 5.703152231088858 5.651511495061484 7.51389324424423 8.774799866439954 5.328988213592698 
3.321612276233533 1.03899680432896 3.8149147351088706 0.4126651842439643 0.47193675889328063 0.37375722543352596 0.6009510489510491 0.3736988280622892 0.6837031630170318 0.6457692307692307 0.6920633946830266 0.7776392694063925 0.9240512731077783 0.6932424510939948 0.13104179266002483 5.789551282051281 3.0308297680403005 6.910010765008828 3.494734931198467 3.1483663134344146 4.34145888171385 3.126526513427401 
1.4623394791679374 3.112538996375517 2.0391084320701927 2.00619123252859 2.6039525691699605 1.3307851637764931 2.7007132867132873 1.3320163750200673 2.489358880778589 2.965769230769231 2.4680020449897753 2.867095890410959 2.8211388210673176 2.4678345034421647 0.3184705732565172 4.7663717948717945 6.191833064475169 8.922101500984756 7.084515943476751 4.215245060543303 2.145769345992063 7.328548738710681 
8.619578423367983 2.9432118025422422 8.6210302025401 0.2013373570520965 0.11660079051383399 0.2654961464354527 0.3620559440559442 0.2640118799165195 0.7208880778588809 0.6346153846153844 0.8152392638036807 0.8207420091324205 0.6731967213114756 0.8164099243405355 0.12760798293917308 5.860192307692307 4.441870817481988 2.113112840942918 1.7152843796606323 1.6584271439585192 5.076571567184018 1.4313312112210435 
1.7586246207089848 0.43223490734595904 2.043921897129434 0.6925317662007624 0.8272727272727272 0.6855491329479768 0.7203986013986018 0.683997431369401 0.6202700729927009 0.6011538461538464 0.4751267893660531 0.4882351598173513 0.9256191140565051 0.4763206325403856 0.28184326956743166 6.386282051282052 4.46648326267241 5.906604781458089 3.914927688043445 4.08755229701743 5.785803207186181 3.404536389334738 
0.010000000000000675 0.19237919240389978 0.972485981093187 0.9723983481575602 1.893280632411067 0.8154624277456646 1.5062377622377627 0.8167763685984908 1.3060036496350367 1.2592307692307692 1.1332903885480574 1.5699086757990866 1.8381025462155562 1.1338265966873422 0.32505204188814973 4.564858974358975 7.565129233306811 7.410320748331223 5.7340279755372325 8.81661492645614 5.156013668963055 5.534150725870206 
6.473277683674341 2.2872157843687777 1.383856091747556 0.9438405336721727 0.47193675889328063 1.0233236994219654 0.9781538461538463 1.0217177717129557 1.2644440389294405 1.3930769230769229 1.1847668711656443 1.4508630136986305 1.3865643529822116 1.18468679708268 0.291286246299774 4.842217948717948 1.4853117102039528 5.1728925660274285 2.614113621014713 3.1277636921588483 7.931864308579547 1.920722276788923 
8.334248546812738 2.6319647761498794 7.99657368705885 1.0066677255400254 0.47193675889328063 1.0839499036608864 1.2107622377622382 1.0852207416920854 1.169294403892944 1.4265384615384618 1.3116196319018405 1.2599794520547942 0.9789257063132195 1.3127564583191322 0.2675357290638826 4.528423076923078 2.362162683776848 2.645168753746347 1.6865610889120237 0.18134422760048974 4.419269363734143 1.5267650264715042 
4.93378907154434 1.8483859308795747 3.921380300989096 0.44693456162642947 0.47193675889328063 0.42139210019267825 0.6512447552447554 0.4198828062289291 3.073380778588808 2.7092307692307696 2.960705521472393 3.772253424657535 3.2366166724799443 2.9611171699270664 0.8930613998790464 2.6337564102564106 7.2950228670518555 5.065777547616818 3.3789373798200906 7.314933893667519 6.447493003512932 2.7040871822820596 
1.5926523561740664 0.4068835570983711 2.1413816251568853 0.7210895806861499 1.182608695652174 0.5209922928709056 1.1290349650349656 0.520910258468454 1.0500839416058396 0.9692307692307693 0.7380245398773007 1.325659817351598 1.9274694802929895 0.7385876900006815 0.26467422096317283 5.293948717948718 7.399408334683667 3.502895379609278 4.9554950380354725 3.396168553763359 3.1683399638294265 4.618416830366767 
6.569464910249693 2.7908834141610086 1.3725729155871829 1.6920552731893264 1.182608695652174 1.5689595375722543 2.122335664335665 1.5701525124418045 6.3172177615571785 5.430769230769232 6.532805725971372 7.031641552511417 5.870589466341124 6.5323611205780105 1.2041073304262024 2.5311410256410256 7.460917705216977 3.3701929954044836 5.395533744172738 6.041920212846368 6.504296381139413 5.049120810674844 
2.740983231985962 1.868064893562714 0.934599352884959 1.5406988564167723 1.5379446640316208 1.47368978805395 1.9337342657342664 1.4734548081554022 3.86082603406326 3.9807692307692317 3.9056666666666664 4.084235159817352 3.92019532612487 3.9060139049826184 0.5545449915650762 3.5190000000000006 5.975300077150601 6.139163876871137 5.377717925448591 2.5451824462215242 3.498899851490073 4.999829043192871 
4.857211769293575 2.08414798100975 0.9667408776353819 0.8438881829733162 0.8272727272727272 0.6205924855491329 0.8209860139860142 0.6219377107079789 0.24076520681265223 0.3669230769230769 0.13133742331288345 0.10852054794520538 0.6026438786187656 0.13255469974780187 0.3236212878377948 6.813474358974359 2.976408433842753 3.012299797340553 6.8698111897458976 5.843531647291802 6.455196131412379 5.1321980332031725 
8.171124651174125 2.605787350043392 8.486874273147027 0.39553049555273184 0.11660079051383399 0.4646965317919075 0.43120979020979044 0.46462353507786164 0.3206034063260341 0.3557692307692306 0.42916564417177905 0.34866438356164386 0.2545831880013951 0.43036262013496007 0.14391857911321895 5.888820512820514 2.6454884552224183 1.9319117677041575 2.006246571648324 2.981398104337047 2.254078566579624 1.2770218659415948 
4.821388052789998 1.539139843789882 5.086808179902587 0.5840120711562895 0.47193675889328063 0.6032707129094413 0.8021258741258744 0.6046187188954888 0.9866508515815087 0.9357692307692309 0.8740695296523517 1.1963515981735158 1.2093983257760728 0.8746234067207413 0.08869147276951969 5.989948717948719 1.7011489393605927 7.684156883693053 4.138922976991115 3.526497800486765 5.831744808405906 3.474126350525837 
3.4119932123664105 1.1322883046607788 4.1123144150057 0.6611181702668361 0.8272727272727272 0.6076011560693643 0.8964265734265736 0.6089484668486114 1.7522226277372261 1.7053846153846155 1.5781942740286299 2.0460913242009138 2.239469829089641 1.5793129302706013 0.16623834229875548 5.314025641025642 1.9394678543183774 6.793144687427368 3.601282001857216 3.168996114949132 4.407732975311751 2.690384555494334 
1.818276038556684 0.6954410332329366 1.7063064930279683 1.4835832274459975 1.893280632411067 1.395741811175337 1.5188111888111897 1.3955193449991974 1.733630170316302 1.7500000000000002 1.6131247443762784 1.6869018264840185 2.0952284618067667 1.613015472701247 1.1872244326320147 4.714320512820512 6.6025912928651405 3.5362542662463987 6.544764728780331 4.886406705869903 3.0967055809600144 3.349295151282849 
2.794828359391185 1.4204602787278575 0.5834751920043293 0.6439834815756034 0.8272727272727272 0.4300529865125241 0.7392587412587416 0.43142880077058915 0.7580729927007301 0.7796153846153846 0.48799591002044984 0.72837899543379 1.6891576560865016 0.4885761025151659 0.28928319062927715 5.966897435897437 3.6303776268087464 3.3660872862799174 4.868751754040389 5.119749058971141 5.742293346953044 4.192127841793834 
4.740209539245195 2.5377921282352336 0.46603699609658333 3.4140914866581955 2.6039525691699605 2.417726396917148 2.9773286713286717 2.4187831112538127 1.4864598540145988 1.9173076923076924 1.480756646216769 1.6171164383561647 1.4853383327520053 1.48126917047236 3.0575061272559445 3.3621025641025644 3.139020163152969 2.9940073968659178 2.4929297938299015 2.495877492403743 6.580851771037599 2.3571872828977307 
6.059004338236192 5.419071295114605 0.49797149009177044 1.6435069885641675 1.182608695652174 1.3177938342967246 1.8834405594405599 1.3161406325252851 1.4733357664233575 1.7500000000000002 1.4752413087934562 1.5268059360730593 1.3614788978025814 1.4751414354849697 2.0582674984880795 3.7848333333333337 4.088164758862041 2.564117656653309 2.582778355422983 3.8277363909842634 3.7508072994985096 2.1304613048894425 
6.301115694422443 2.0149962529991314 6.773901804322545 0.038557814485387476 0.08106719367588933 0.12259152215799618 0.09801398601398614 0.12401669609889227 0.010000000000000009 0.010000000000000009 0.010000000000000009 0.06747031963470329 0.010000000000000009 0.010000000000000009 0.010000000000000002 9.0 1.6714270201244563 6.154523627971081 0.00999999999999801 2.6335725839367505 0.009999999999999787 0.010000000000000009 
1.37026047696226 0.5233602532033284 1.8317153730123081 0.963831003811944 1.182608695652174 0.8284537572254334 1.393076923076923 0.8297656124578585 4.735765206812652 4.371153846153847 4.473746421267894 5.685194063926941 5.353201953261248 4.474667711812418 1.0472966865073052 2.9397435897435895 7.874415481393159 4.934468171864999 6.988104768738683 6.454788045532192 6.542100801767457 6.197664758163045 
4.524829029624303 6.397255255500536 0.7116272294955497 1.115187420584498 0.8272727272727272 0.7721579961464353 1.072454545454546 0.770592390431851 0.8488479318734796 1.0138461538461538 0.5413108384458079 0.8084269406392695 1.4618207185211023 0.5412746234067208 0.5070439570932934 6.264705128205129 4.8603910979328955 3.7396335003812595 7.108394748196714 8.303234569394265 8.129410579049106 6.423610036413291 
1.7441636709277253 1.0195932002654553 0.5027849551510126 1.769161372299873 2.2486166007905135 1.3177938342967246 2.914461538461539 1.3161406325252851 3.745990267639903 3.8134615384615387 3.161096114519428 5.2397990867579916 3.529802929891874 3.1608813305159833 0.6240796384123246 4.533256410256412 3.2959136300205323 8.844716215610081 6.65473118862031 5.4321315475200675 4.6023559270468954 6.4740593931916735 
1.131490476596679 0.603875113584154 1.9456340460810386 1.7034783989834812 2.2486166007905135 1.226854527938343 2.4869650349650354 1.2252159255097124 1.9359598540145984 1.9061538461538465 1.876022494887526 2.1179292237442926 2.1124747122427623 1.87712085065776 0.28785243657892223 4.531397435897437 5.931662994555925 8.9820741806972 6.999322136083517 3.7762026575561967 2.9574374213604155 7.336759546510792 
2.674101339247633 1.1904073306447494 0.03732805969118047 2.16611499364676 2.2486166007905135 1.9110645472061658 2.3423706293706297 1.9093161021030662 2.3646800486618007 2.4973076923076922 2.160981595092025 2.4258059360730595 2.952837460760377 2.1614477540726598 0.7522752013241238 4.141384615384615 5.1081462330431915 5.684126668270547 5.57633131196593 3.7789750419494785 4.5506670498180135 4.901703159811225 
4.7128213767806875 2.3720813109398122 1.4998450723686485 0.8410324015247774 0.8272727272727272 0.8544364161849711 1.059881118881119 0.8557441001765935 3.4321058394160584 3.5792307692307697 3.444216768916155 3.942611872146119 3.1754708754795953 3.4445954604321436 0.7823210363815769 3.9696153846153845 4.027677283137876 3.0752417845448754 3.017034457044767 1.5037715831960214 6.464253712893605 2.3927764235919797 
1.7604322394316432 0.48431440093930256 1.8076998054049076 0.9352731893265565 1.182608695652174 0.8804190751445085 0.9278601398601402 0.8817225878953283 0.5065279805352798 0.45615384615384613 0.44203476482617576 0.49849771689497735 0.7437495640041858 0.4432308636084793 0.45210300155966515 5.617410256410258 4.434717553817988 5.500029603774276 3.8672227818892964 3.723799156475337 5.84846368138251 3.385422705603334 
3.2150723242465977 1.9631370463014952 0.8516317777240427 0.9466963151207115 0.8272727272727272 0.7981406551059731 1.1604685314685317 0.796570878150586 1.0610206812652072 1.2703846153846154 0.7729550102249487 1.1635114155251143 1.7346250435995814 0.774128552927544 0.3714084731196487 6.052410256410257 2.0781194117206034 5.595597315272045 3.579686303477123 3.519186316155462 4.669121598392625 3.1990239082001777 
3.8872326074505557 1.2327391291030674 4.116196241666379 0.5069059720457434 0.47193675889328063 0.48634874759152225 0.5883776223776224 0.4877155241611815 2.6599720194647203 2.4861538461538464 2.469840490797546 2.9697214611872154 3.275812696198116 2.4696728239383816 0.23520068752586182 5.139282051282052 2.242405309122394 4.377704688079792 3.27242614739567 3.4790954634094717 5.500777015805575 2.89508941618954 
5.223994041018268 2.112069345040584 4.97169907999125 3.716804320203303 2.6039525691699605 3.3920761078998076 4.580440559440561 3.390089902070958 5.578987834549879 5.955000000000001 4.4167546012269945 7.232787671232879 8.841648064178584 4.417067002930952 1.7246156539453166 2.054871794871795 4.670927451829243 7.147042150718278 7.785587699674517 7.858076612598449 9.000000000000002 7.8586169537407455 
3.6004237701222257 1.305195160549288 0.6648382788121641 0.9010038119440913 0.8272727272727272 0.7201926782273602 1.1101748251748256 0.7200786643120884 3.4867895377128955 3.1888461538461543 2.8651063394683027 4.133495433789955 5.966227764213464 2.864911730625043 0.5204930451666296 3.9606923076923075 7.9538841096360855 4.580130811167884 5.866439710724032 4.647709845656149 5.941612435045085 5.804030556021369 
6.3821846553173875 2.1944199295523 6.435458277200134 1.9319409148665814 1.182608695652174 1.8894123314065512 2.4806783216783224 1.889110611655161 1.5630170316301706 1.4042307692307692 1.4973026584867077 1.8593127853881282 1.6421224276246946 1.4978140549383134 0.36797466339879686 4.634384615384615 5.124322610447498 5.428179694094336 6.521275928375118 3.9527654910734533 4.996177687212382 6.029598944733248 
5.9935466299460165 2.126993782224718 1.3204011652676542 1.823421219822109 1.182608695652174 1.8374470134874756 2.2480699300699305 1.8371536362176915 1.3431885644768855 1.1699999999999997 1.5009795501022496 1.426232876712329 1.1278705964422742 1.5008779224320086 0.3739838304102874 3.8774102564102573 2.3705335242347214 5.542956258996327 4.707344779150368 2.661024625478073 7.6407666090582325 4.272620678916225 
2.1013053094649106 0.734211526877329 1.784978180017732 5.059021601016518 5.091304347826086 4.734513487475915 5.655468531468533 4.732311767538931 6.327060827250609 6.412307692307693 5.788235173824132 6.949541095890412 7.938571677711893 5.788454093108854 4.782709361173887 1.3365641025641026 8.161046104136384 3.7004093149947614 8.873925307895057 4.790107118562078 6.344795090621304 9.0 
1.5719469053508979 2.125616989126551 1.771158877105714 1.046648665819568 1.5379446640316208 0.8414450867052023 1.6068251748251754 0.8413116069995183 0.9254051094890512 0.8800000000000001 0.6387484662576686 1.1635114155251143 1.624876177188699 0.638705609706223 0.3287720024190725 4.924384615384616 8.711064678325517 3.024543608479892 5.841344514168329 3.8090907469274837 3.6556503984405584 5.605867420884939 
3.795810921144027 1.1290941446730303 4.364322601816988 0.5840120711562895 0.47193675889328063 0.5859489402697495 0.6701048951048952 0.5844132284475838 2.540761557177616 2.218461538461539 2.482709611451943 2.7336826484018264 2.9026665504011167 2.48315384091064 0.2827017219976446 4.778641025641026 4.002586504207006 4.825996803118592 3.6315758505219886 3.095881271636105 4.826735021177061 3.2506308542749682 
3.681383178367313 2.306087028434325 0.7645753451472137 0.41552096569250313 0.47193675889328063 0.40407032755298655 0.5380839160839163 0.40256381441643924 0.8411922141119224 0.8576923076923078 0.5633721881390594 0.8925799086757993 1.4759312870596444 0.5639472428600639 0.1851242957634402 6.368807692307692 4.506858978854929 3.74824815791942 1.7893873075948985 5.793818989886774 4.290151761672105 1.7322505869247542 
9.0 2.932142386032978 6.0816944741902415 0.058548284625158764 0.010000000000000009 0.11393063583815027 0.1420209790209792 0.11391395087493983 0.2221727493917276 0.21076923076923082 0.2784130879345603 0.31377168949771694 0.22009068712940372 0.27839479244768583 0.11501734729604993 6.679256410256411 7.548387552391063 2.243285815062041 1.3707440273517708 3.648863237139272 3.175577661733591 1.1368727990321732 
2.6717459572756868 1.0666611669814694 3.4156559236358204 0.3669726810673442 0.47193675889328063 0.2265221579961465 0.39348951048951075 0.22793064697383209 0.33919586374695876 0.3111538461538459 0.3556278118609406 0.2870890410958904 0.6590861527729335 0.35621702678753986 0.15765381799662603 6.269538461538463 4.292087129392929 2.6700596153140417 2.9989846357317695 2.342580943598736 3.241809918927423 2.5398171849172315 
2.9588286762286593 2.1238363367195876 0.9252312112105194 0.5840120711562895 0.8272727272727272 0.3954094412331407 0.707825174825175 0.39534756782790165 0.6060523114355234 0.4673076923076922 0.5688875255623722 0.6380684931506846 1.002443320544123 0.5694622043487151 0.23148072699493907 6.07323076923077 6.582088169354037 3.087925493090413 5.543568841395352 3.9019656241024316 4.100862951455927 5.126275483314568 
2.234302226392562 6.937876012047576 1.1887813626262282 1.1894377382465056 1.5379446640316208 0.7591666666666668 1.40565034965035 0.759046395890191 1.158357664233577 1.526923076923077 0.7104478527607365 1.1080936073059362 1.5903836763167079 0.7116256560561652 0.6638546010121908 5.9126153846153855 4.882524904650078 4.036820856389074 3.7600622449840984 5.797732944324348 6.614676503728456 2.9144453860527513 
1.3830781369956506 0.5797904129868798 2.201420544175389 0.8181861499364675 1.182608695652174 0.6638969171483621 1.2107622377622382 0.6652351902392037 4.2982956204379565 3.8692307692307697 3.534300613496933 4.917554794520548 5.723212417160796 3.5340603912480395 0.6432517426870803 3.7822307692307686 8.364446656041327 4.917128882437133 7.569902664828206 6.344979879366903 5.355724973343252 5.795577462089453 
4.076320481105518 1.773047812547858 0.639062949785254 0.963831003811944 0.8272727272727272 0.9280539499036609 1.0221608391608394 0.9293498153796755 0.921030413625304 0.9357692307692309 0.6074948875255624 0.9849429223744293 1.692293337983955 0.6086797082680117 0.32619664512843366 6.26024358974359 3.57860887062642 5.490938390712735 2.812244245434334 3.893295127813638 2.8061046887370367 2.4517865570275257 
4.31295420479887 1.7844293021593747 0.7364709201238959 1.3522172808132145 1.182608695652174 1.3091329479768785 1.638258741258742 1.3089243859367476 2.086886861313869 1.9284615384615387 1.993683026584867 2.631057077625571 2.479349494244855 1.9941605889169107 0.5053270522328677 3.5282948717948712 7.000521480033953 5.973615819669796 4.520825742653196 1.3337591873138732 3.0057950749152003 4.101835876673933 
3.543730273820695 1.129791719842769 0.5462096560618099 0.369828462515883 0.47193675889328063 0.23951348747591517 0.3683426573426575 0.2409198908331996 0.9614963503649636 0.8242307692307693 1.105713701431493 0.8104794520547944 0.8252772933379839 1.1056390157453477 0.1656660406786135 5.979166666666666 4.600634134425855 2.9333015548097983 3.930884134845371 3.724424301975783 3.6828754383893223 3.39018766619553 
1.8760650613567966 0.8607663484608707 2.5121219500961463 2.294625158831004 2.6039525691699605 1.7291859344894025 3.807174825174825 1.7274666880719216 5.670856447688565 6.04423076923077 4.911296523517382 8.08868493150685 5.720076735263342 4.91218798991207 0.5433851099723082 3.8090000000000006 4.243362315195283 9.0 8.210192775604769 7.310503514686097 5.571982575533264 8.735935037012194 
4.503575815551845 3.066315462759712 0.738075408476977 1.160879923761118 0.8272727272727272 0.7201926782273602 1.1227482517482517 0.7200786643120884 2.541855231143553 2.1961538461538463 2.2988650306748473 2.8465707762557084 3.2993303104290197 2.299321791288937 0.7024849603717733 3.606371794871795 9.0 4.07080293101831 6.688853403963943 9.0 8.066185313397831 6.274119493088661 
1.3363539318311997 0.580341130226147 2.0926776399875644 0.5440311308767471 0.8272727272727272 0.43438342967244714 0.6260979020979022 0.4357585487237116 0.447469586374696 0.5007692307692309 0.3703353783231085 0.42871232876712306 0.6590861527729335 0.3709235907572762 0.11587579972626286 6.542064102564103 3.2635608752119207 6.697100420406219 3.4703986619579563 4.1384337047059 4.037407585582262 3.1284109611192292 
3.7296411206297764 1.7135887079483383 0.7524122882770845 1.5121410419313852 1.182608695652174 1.460698458574181 1.9148741258741264 1.4604655642960347 1.5247384428223845 1.560384615384615 1.5193640081799593 1.7300045662100458 1.5684339030345311 1.5198739008929176 0.5694248336887673 3.85026923076923 7.728762857426167 5.660445524569909 4.270097239027866 2.0856189626763006 2.658390805065741 3.710220725630645 
1.319482823753062 0.45615439277145287 2.0088301841168956 0.8781575603557814 1.182608695652174 0.746175337186898 1.2547692307692309 0.7475004013485311 5.133862530413626 4.828461538461539 4.793635991820041 6.060803652968037 5.850207534007674 4.794535478154181 0.7436906770219944 3.1698846153846154 8.213227966730917 4.670053172619365 4.922806352064981 6.506620761590906 5.218454502038011 4.442544019356538 
4.697976992724924 1.6700453315636326 1.0815911891026753 0.8895806861499365 0.8272727272727272 0.6725578034682081 1.053594405594406 0.6724514368277412 3.5469416058394163 3.1219230769230775 3.170288343558283 3.885141552511416 4.785643529822114 3.1712984799945465 0.5179176878759908 4.3060897435897445 5.958949760204318 4.1381438922846705 5.736123458179735 3.904520566582516 5.889170502542935 5.6368800457561745 
3.5547403151314265 1.3596978099954056 0.17288144668209648 1.6492185514612452 1.5379446640316208 1.2918111753371868 2.147482517482518 1.2916053941242576 4.996059610705597 5.107307692307693 3.6924069529652352 6.147009132420092 7.913486222532265 3.692768727421443 0.8956367571696853 3.137910256410257 8.743156523821156 5.33220874330755 8.476055554773897 7.916079242944173 8.825573572329803 8.971625601897323 
1.7489839875214779 0.6966526111593239 2.376982624615703 0.6868202033036848 0.8272727272727272 0.495009633911368 0.814699300699301 0.4949317707497191 0.8280681265206813 0.7573076923076922 0.9402535787321065 0.714011415525114 0.9804935472619463 0.9401901710858157 0.11787885539675974 6.2840384615384615 5.060769450295904 6.9265435758586555 4.591315333314572 7.133179634472645 4.098133126090339 3.876913584313537 
1.3146077308343802 0.5490420337944757 1.6688856840190223 1.0123792884371028 1.5379446640316208 0.9756888246628133 1.2170489510489513 0.9755337935463155 0.8827518248175181 0.7907692307692307 0.9273844580777095 0.9356826484018261 1.0087146843390309 0.928547474609774 0.40202660979724353 4.602410256410257 6.389037020197012 3.631968610212894 4.959597461800376 3.214604556242536 2.355892685435265 4.528555596147857 
8.47398295170666 2.8136831078666598 8.417260181698849 0.17277954256670897 0.08106719367588933 0.22219171483622357 0.3054755244755246 0.2207144003852946 0.5962092457420924 0.5565384615384616 0.7067709611451944 0.6195958904109591 0.4615381932333451 0.707949015063731 0.12760798293917308 6.020064102564101 3.6547074202434473 2.3798006434539367 2.053125090281487 0.9637274115281704 4.938919338691635 1.575895269865606 
3.4949793446338715 1.1303424370820356 4.241191060140247 0.7268011435832273 0.8272727272727272 0.6855491329479768 0.8587062937062938 0.6854406806871087 7.666811435523114 7.6726923076923095 7.277376278118609 9.0 7.792762469480293 7.2768809215459065 0.46583824044307226 4.024269230769232 5.171286286782577 5.144995738850675 3.284954772490641 3.8196366797176156 4.829496223845702 2.4215815525956454 
6.266058846467872 2.562482617795701 5.118069823943257 0.2555972045743327 0.11660079051383399 0.14857418111753373 0.2677552447552449 0.14999518381762722 1.8736204379562043 1.6050000000000002 1.861314928425358 2.0132511415525123 2.016836414370422 1.8624142866880238 0.29157239710984506 4.402012820512821 5.09394841792893 2.067510143166462 3.872773491947358 4.185509878913395 6.041115092575842 3.112285473013439 
8.591094734404894 3.128987084588289 9.0 0.8181861499364675 0.47193675889328063 0.9237235067437379 0.9215734265734269 0.9235768181088457 1.0369598540145983 1.0807692307692311 1.1424826175869123 1.1163036529680366 0.839387861876526 1.1436309726671667 0.29157239710984506 4.7172948717948735 5.644727977614231 2.6690331880328984 1.4023870801324403 2.839299814061768 3.5239964643817583 1.4012877308770335 
2.178978138214256 0.6790663739853997 2.4269287943164413 1.2579764930114357 1.5379446640316208 1.105602119460501 1.4307972027972031 1.103982982822283 2.5002956204379556 2.8430769230769233 1.6498936605316974 2.202082191780822 3.739893617021277 1.6497818826255877 0.7534198045644078 4.019435897435898 8.51762216519903 3.7338415178662423 5.209765202465034 4.554590346328855 3.5646666786886207 4.643022333085787 
1.2402762579057045 0.48354339680432856 2.1755416997708616 0.9409847522236339 1.182608695652174 0.8414450867052023 1.2107622377622382 0.8413116069995183 1.6330121654501213 1.4711538461538465 1.7822617586912064 1.5350159817351596 1.742464248343216 1.7821409583532137 0.128466435369386 6.171012820512821 3.7796394962718605 8.867554222615489 5.599971897834182 3.675717313419298 4.206860710718601 5.393409403971923 
3.607161258088495 1.0740224207463367 3.278239259847779 0.05283672172808124 0.11660079051383399 0.04464354527938341 0.06029370629370645 0.0460812329426874 0.08874452554744527 0.1103846153846153 0.011838445807770936 0.010000000000000009 0.2373369375653993 0.011838320496216914 0.06093484419263456 7.275615384615387 0.009999999999999787 4.306367992040418 1.8090962283441652 2.124242082508201 3.3683650412401533 1.3197988285461038 
3.4910902255639096 1.028092602991474 3.543756203438231 0.267020330368488 0.47193675889328063 0.21353082851637767 0.1986013986013987 0.21494140311446458 0.548087591240876 0.5899999999999999 0.3133435582822086 0.43281735159817347 0.8582019532612488 0.3133228818758095 0.17997358118216256 6.6896666666666675 2.8345389949138635 4.627603072920703 2.8875171863128557 4.961641607836616 5.636269439937827 1.6458890412763818 
4.13591712262829 1.8188491296135578 0.5950171566087485 1.6492185514612452 1.5379446640316208 1.3610982658959538 1.8834405594405599 1.3608813613742174 0.7766654501216546 0.891153846153846 0.5063803680981593 0.761219178082192 1.2188053714684337 0.5069593074773361 0.50017633765159 5.573538461538462 2.9296404394924007 5.809204164101143 5.085404421213569 4.192930084201297 6.6457191155486335 4.624797031837674 
1.189169946746933 0.4515467252029195 2.026531313689593 2.0261817026683615 2.6039525691699605 1.4390462427745665 2.8201608391608395 1.4373735752127146 2.471860097323601 2.4861538461538464 2.43858691206544 2.9040410958904115 2.7192291594000695 2.43964692250017 0.32905815322914345 4.434358974358975 6.422542124471249 8.718538976263972 7.66555491225108 4.2156799443696995 3.1023325773074735 8.094145994538007 
5.1417200009748845 1.751514768492521 0.719649671260953 1.9347966963151209 1.5379446640316208 1.9067341040462429 2.254356643356644 1.9049863541499439 1.6997262773722628 1.6384615384615386 1.671955010224949 2.0584063926940646 1.8992483432159053 1.6718417285801919 0.5101916160040743 3.697089743589745 7.104602553467302 5.824747205787009 5.322162337845061 2.061347009115509 3.9374917935613123 4.613947997269003 
7.406337602515202 2.9759244065546993 1.157053899386277 0.5354637865311307 0.47193675889328063 0.4473747591522158 0.6135244755244759 0.4458612939476642 1.7358175182481752 1.5715384615384618 1.684824130879346 1.8490502283105028 1.8647558423439137 1.6853227455524498 0.4186233567813605 4.285269230769231 6.602199928895679 0.00999999999999801 5.297558335912802 7.572738462003597 7.421679820042966 5.079756546007714 
7.344714236970058 2.3788184185001784 7.257059829355073 0.2898665819567979 0.11660079051383399 0.37375722543352596 0.33690909090909116 0.3751420773799968 0.7591666666666668 0.6792307692307691 0.7435398773006137 1.08962100456621 0.753156609696547 0.7447154249880715 0.08869147276951969 6.326423076923076 2.2106178578252234 4.41326306174793 2.1153128593672275 0.7951827485601128 4.483357505219368 1.5898401827851374 
0.5835628983317296 0.009999999999999787 1.1656456757285802 0.7639263024142311 1.182608695652174 0.7851493256262043 1.053594405594406 0.7864681329266336 1.3934975669099756 1.3149999999999997 1.4973026584867077 1.571961187214612 1.305036623648413 1.4978140549383134 0.24378521182799123 4.983499999999999 6.81516715560962 7.273219390064387 4.098967561977654 0.3146361203912258 3.3062588993977577 3.583343554607958 
1.7488744348716194 0.45657660932155775 2.09019327092473 0.30128970775095293 0.47193675889328063 0.21786127167630054 0.28032867132867156 0.21927115106758704 0.07999513381995138 0.06576923076923058 0.024707566462167763 0.02231506849315057 0.28750784792466 0.025319337468475256 0.13075564184995386 6.517153846153846 4.960558531671651 5.309187445716223 4.379994130530619 3.5157616060225854 3.5953066151196253 3.7528630848285944 
1.6928930307941652 0.4305276839042316 1.1134221677202438 0.5183290978398982 0.8272727272727272 0.4473747591522158 0.5003636363636365 0.448747792583079 0.2757627737226278 0.24423076923076925 0.3133435582822086 0.25424885844748846 0.3063219393093828 0.3133228818758095 0.2497943788394818 5.409205128205128 4.517599745572305 5.399696337042638 5.341146061382032 5.117574639839156 5.726071281274777 5.062204261792397 
3.3779223382605617 1.131847730869365 4.114902299446153 0.48977128335451076 0.47193675889328063 0.4690269749518303 0.6763916083916085 0.46751003371327665 1.30819099756691 1.2703846153846154 1.2730122699386501 1.5678561643835616 1.4837704918032786 1.2729261809010968 0.16165992933761977 5.267551282051283 1.443327053258101 6.714696316654365 3.568133743234748 1.1625236806699826 4.119035639473973 3.0205128704213884 
3.5986709277244975 1.1744548879473173 0.025837852775570713 1.9290851334180428 1.5379446640316208 1.5689595375722543 2.260643356643357 1.5701525124418045 3.129158150851582 2.7203846153846154 2.214296523517382 3.706573059360731 5.229342518311825 2.214146274964215 1.0990899831301526 3.2330897435897428 8.630248018632232 4.768406901023084 8.167503114125182 5.325639370531057 6.894300569433479 8.64755444026543 
1.488358233509219 0.6237376486803816 2.200695936532062 1.2979574332909782 1.5379446640316208 1.2398458574181117 1.4999510489510492 1.241091668004495 2.541855231143553 2.686923076923077 2.1720122699386506 2.34986301369863 3.4670892919427985 2.173090450548701 0.795483973644842 3.921653846153846 6.840344904311484 4.045728778864699 5.663955794899211 4.346172272528005 5.342149060222434 5.225666638717868 
8.394666833209442 2.699868211751493 8.65389633493385 0.33270330368487927 0.11660079051383399 0.3954094412331407 0.5192237762237765 0.3939043185101943 0.8871265206812653 0.7796153846153846 0.999083844580777 0.9459452054794519 0.8331164980816186 0.9990164269647602 0.18455199414329823 5.31848717948718 4.229077530310031 2.2089371592609695 2.4795431592424766 2.4907947876827263 4.368370148632087 1.9714408403804233 
2.182867257284216 0.6662163050691716 2.9396922173477495 0.7753494282083861 0.8272727272727272 0.3088005780346821 0.4752167832167836 0.3087526087654519 1.4744294403892944 1.4042307692307692 1.5818711656441722 1.0157305936073062 1.5010167422392746 1.5823767977642964 0.12903873698952797 5.893653846153844 4.273953932141328 7.045499166119583 1.8916443307913795 4.180535895148978 2.8810755248310578 2.0228324210047193 
2.8588071069082766 1.0649723007810503 0.08996562920999018 1.863402160101652 1.893280632411067 1.5776204238921 2.1977762237762244 1.5759255097126346 2.459829683698297 2.5530769230769232 2.5139631901840493 2.5304840182648407 2.6784652947331704 2.514405289346329 0.6160674157303372 3.9856025641025643 4.282063863286229 5.385033090169184 5.397458468169324 4.354924309534248 4.908446747876914 4.899253377811848 
3.6660458073871878 1.1377036908469034 4.081880893985975 0.009999999999999953 0.11660079051383399 0.010000000000000009 0.010000000000000009 0.009999999999999953 0.12592944038929454 0.14384615384615373 0.10927607361963199 0.11262557077625557 0.3267038716428323 0.11049485379319746 0.05807333609192476 7.7727051282051285 1.543211835241138 3.8095405298504765 2.0839438636726015 3.2052001934966965 3.705393882880175 1.6861623805188892 
1.5337130305504445 0.5501801827556276 2.30488416410469 0.6182814485387547 0.8272727272727272 0.499340077071291 0.8901398601398604 0.4978182693851341 2.271717761557178 2.04 1.9330143149284256 2.53458904109589 3.214666899197768 1.9341087860404875 0.514197727345068 3.703410256410256 7.8624353954391655 4.473748955100945 4.434181540835372 4.523985397046151 5.356478028616518 3.7909020075222184 
