5.130110961041379 1.6998350847443473 5.807414715719064 0.3399872326843282 0.40398406374501994 0.3969003868471954 0.3728902045209902 0.39690038684719536 0.4061443128614708 0.35092333058532565 0.5395384318269604 0.4486259853220985 0.3353142286416717 0.5394702626158598 0.03753182122691166 7.104808724399984 1.5044107989090767 6.869030133140864 1.9115922325809294 3.9527417332441885 3.1308277064367704 1.4059697460601972 
1.3657852851454253 0.3231139057579373 0.5943344481605348 1.152042770507501 1.4784860557768924 0.9794245647969052 1.0551237890204521 0.9765264345583493 2.480950151473423 2.359406430338005 1.937172653534183 1.73518075564012 2.3251874615857404 1.9369245623069 0.5657986410182794 4.640288094113606 8.487141984159255 4.322018206685353 4.370193421954342 5.129243999018502 1.872099435300738 3.595191109445948 
1.6017720000931481 0.31053528021183974 2.2953946488294323 0.434679221193744 0.7621513944223106 0.40994197292069645 0.35353606027987083 0.4084929078014185 0.03310841825025257 0.08411376751854904 0.04646002317497111 0.0576501766784453 0.10738706207744309 0.04761264160659129 0.11582543784094172 6.64046756257782 4.835166242233588 5.344558250627021 2.246795924661292 3.499780063437179 1.2155341406925118 1.6139566839876787 
0.010000000000000675 0.09495265760610794 0.9598026755852849 0.9339642515161186 1.836653386454183 0.7838007736943907 1.1228632938643701 0.7838007736943906 0.9409391352244563 0.8104286892003296 1.0690768636539207 0.9385675455286765 0.790477873386601 1.0695191812564364 0.30568028838485345 4.903144562277275 7.5892984370876055 7.2466081973946 4.262886854201264 7.796035086297525 3.3184919917204283 3.6868982686793395 
7.807662599259483 2.5631606007701757 8.4860635451505 0.3543345036706034 0.0458167330677291 0.4316779497098646 0.2954736275565123 0.4302288845905868 0.197343247957404 0.21010717230008236 0.4041154886056392 0.2115969013318838 0.09288260602335585 0.4052220648815654 0.12414234216990462 6.277640719591259 2.752524913151718 1.8893945459692851 1.2879749063094277 3.451270139278149 0.18561063759771912 0.6605620139774393 
0.9616403721211846 0.10503433211096525 1.42806856187291 1.174998404085541 1.836653386454183 0.9446470019342362 1.0696393972012914 0.9431979368149581 3.2427026530799594 2.618804616652927 3.853928157589803 3.1011524870888834 2.005398740012293 3.854590628218331 0.8405432736785021 3.3368133613842246 8.159551575157941 6.09620135812462 4.176159029008991 6.366904792455973 3.136840415938188 3.5594421583925318 
3.6676109028246744 6.296346470308153 0.3313010033444823 0.850750079795723 0.7621513944223106 0.6099129593810445 0.5277233584499459 0.6084638942617666 0.37560818874506596 0.44727122835943955 0.247858246427192 0.2115969013318838 0.389878610940381 0.2484062821833164 0.4169547325102881 6.924939246919411 4.161858398662738 2.861318409646426 2.9145300238376226 5.413604843556895 4.63668680668596 2.16289828570942 
3.2211778403930795 0.9985110013114697 3.5277224080267566 0.22233961059687202 0.40398406374501994 0.18388781431334622 0.1745102260495155 0.18388781431334617 0.28317451574405594 0.2842209398186315 0.3416125917342604 0.2983446588746943 0.21513444990780572 0.341569902162719 0.13704788337001944 7.336014340303121 2.338253975047616 5.232643438455739 1.3227225639983438 4.138605372575239 0.9872205517373054 1.067694339839534 
5.489507894185315 1.909654068480449 0.7641086956521739 1.6828917969996806 1.1203187250996016 1.635851063829787 1.4083369214208825 1.6358510638297872 1.6845350224915083 1.3885160758450128 2.270521436848204 1.5164786626800764 0.9230900430239705 2.2702304325437694 0.24287332121096122 5.218109140869865 5.161324445205332 5.9698401432291135 3.261323558748378 5.522868540066949 4.455746593717974 2.460716902568775 
1.9889074470810142 0.8842895717257107 1.6581321070234112 2.2826077242259815 2.552988047808765 2.2575 1.722841765339074 2.2546018697614443 1.52607729734692 1.3218136850783184 1.8000135187331012 1.2305776026094053 0.9735102950215119 1.7997830844490212 1.0691147478227583 5.063714739598987 8.09971956505715 1.9118707110017645 4.565164894658226 5.551444265103473 6.05660085835293 3.6861901791777454 
2.082381005053211 0.5926907478719938 2.4165434782608695 1.2209096712416214 1.4784860557768924 1.0750628626692458 1.0648008611410118 1.07216473243069 1.8421674469843017 1.862844187963726 1.556946697566628 1.3148817613481931 1.6282828826060234 1.5567475540679712 0.7350046256420073 4.336903095616332 8.525747418329328 3.651461359639846 3.8445051363729768 4.622632012588386 1.6004999836719538 3.0534069529565286 
3.714557029085067 1.1589354121941642 4.1084799331103685 0.46624321736354946 0.40398406374501994 0.453413926499033 0.416437029063509 0.45341392649903284 1.9626613421463326 1.6256801319043694 2.331288142139822 1.7718347377004626 1.4238391210817452 2.330989315139032 0.21562828978849652 5.499492937186037 2.3562313671500688 4.281080757774522 2.2984345711754557 3.8218438653006737 3.690692824199676 1.8108247029847344 
8.208928987262187 3.09824031224679 9.0 0.7790137248643474 0.40398406374501994 0.8924806576402321 0.6728794402583422 0.8910315925209544 0.7379151748829522 0.6918466611706515 1.0777578215527233 0.6685498776841533 0.350509373079287 1.0787776776519054 0.27212588126455484 5.061398823579925 5.701244742142042 2.610209101747696 0.8060719668601308 3.345467100686824 1.5565930899700593 0.7489009636897377 
2.1096484875299817 0.8122910210252852 0.522277591973245 3.935413341844877 3.9856573705179277 3.613824951644101 3.9243756727664163 3.613824951644101 4.264424860001836 3.6786314921681784 4.791471610660487 3.785360152215276 3.057317148125384 4.7914347322348085 3.367735030465435 2.5648413550298392 8.202175736694556 2.4850666900596927 6.024394915913344 6.160034352425268 4.622465196137542 5.73731495219869 
2.155966571967493 0.6136238336688584 2.749923076923077 0.8909224385572934 1.1203187250996016 0.3969003868471954 0.41159849300322915 0.39545132172791747 1.2339208666115857 1.040181368507832 1.6194495944380067 0.7882862190812724 0.8284657344806391 1.6198210607621006 0.1100896417520018 6.567130221974155 3.511700989868296 7.589235287315525 1.5928976314709011 5.344513111775949 2.2819686225156275 1.7301024998030898 
3.336057157161819 0.9496421023614809 3.5351354515050173 0.22520906479412717 0.40398406374501994 0.1795406189555126 0.11644779332615707 0.1795406189555125 0.3690057835307079 0.3657460840890354 0.2947354190807262 0.26169067681435176 0.35879763368162265 0.2946987641606593 0.16027785753022622 7.1090545704349335 2.9383910538542564 4.525450800878829 1.9912625181196262 4.925712790312886 3.8369682143144246 0.9227847802161546 
6.300152877069604 2.123960054463592 6.918645484949835 1.2323874880306416 0.7621513944223106 1.2793810444874274 1.166410118406889 1.2793810444874276 0.6256742862388691 0.4991508656224237 0.8485805330243338 0.591576515357434 0.38642516902274104 0.848472579814624 0.2093189140906626 5.400680520372674 1.7527382234681772 4.96350301251659 2.207608494112831 3.6144270055985896 3.8549668226623286 1.5176565117709797 
4.612918519898469 2.2566176188049747 3.1131103678929777 0.9770060644749441 0.7621513944223106 0.9272582205029013 1.0357696447793325 0.9272582205029016 4.545852382263839 3.648985985160759 5.5692854383932024 4.380376460994835 2.7181891518131533 5.568569773429454 1.3547573930519667 2.1255892834141936 7.412666818844353 5.9805225948713385 3.8165525687104758 5.945230708276773 7.4355720280440565 3.1362725621970506 
3.072331928370165 1.905918028952578 0.8387575250836119 0.9081391637408236 0.7621513944223106 0.7664119922630562 0.8567438105489773 0.7635138620245006 0.7560717892224367 0.8178400659521847 0.7287833140208574 0.696651263930416 0.7448924400737552 0.7298480947476829 0.3521402367052669 6.447474560989223 2.194712728950141 5.47203072727055 2.5436399119404065 3.851694569570415 2.792851329354315 2.0268876887412004 
7.018057017441724 2.331038024274724 7.25430602006689 0.24816469837216737 0.0458167330677291 0.34038684719535783 0.22289558665231424 0.3403868471953579 0.528288809327091 0.4250370981038747 0.7010042487446891 0.652666485458005 0.3125215119852489 0.7020726055612769 0.06879190991163428 6.731946245330814 2.3249793490123905 4.315852496341513 1.3750139698416106 1.823465700476567 2.592303473101426 0.882940392585954 
2.5554535081386955 1.1156424114340129 0.023167224080267168 2.1333961059687203 2.1948207171314738 1.8836411992263056 1.7663885898815928 1.8807430689877498 1.7398301661617557 1.6330915086562243 2.0396079567400545 1.4480578961674375 1.2815573140749845 2.0399253347064876 0.7338574664242192 4.463506504658451 5.173701270445904 5.558601602156408 4.137038893236726 4.045127133238335 2.664969749150945 3.237299710275738 
6.277334024171576 2.752459528204957 1.3605217391304358 1.6570667092243858 1.1203187250996016 1.5402127659574467 1.5970398277717976 1.540212765957447 4.722466721747912 3.582283594394066 6.168271533410584 4.189775754281055 2.5669283958205287 6.167478759011328 1.1866985676460269 2.791801124898029 7.486842265450195 3.2958576002743314 3.9927555283332357 5.7300627843473615 4.77407580735918 3.3420969565115586 
6.385043196795752 2.3565895307944835 6.205230769230768 1.0171784232365146 0.7621513944223106 1.0750628626692458 0.8809364908503767 1.0750628626692458 0.5588249334434958 0.4546826051112942 0.6905870992661259 0.5414827398749661 0.3822810387215734 0.6910781410916582 0.14909305515679333 5.888566828388647 3.954487791307325 5.314374947664746 3.062903228764437 4.948196947901823 3.7807536147786447 2.3102765898113278 
8.236144132920383 2.9082467442967763 8.62043143812709 0.1592116182572615 0.0458167330677291 0.23170696324951645 0.2422497308934337 0.2288088330109606 0.49940328651427546 0.39539159109645494 0.7687157203553493 0.4926107637945095 0.27729640442532266 0.769775360453141 0.10779532331642584 6.247919797346613 4.518648709699664 2.0665870240482924 1.0557759634138009 2.4662171361423084 3.2327276067100765 0.7702584740621217 
4.303450911673614 3.034145644165629 0.7250217391304354 1.1233482285349505 0.7621513944223106 0.6881624758220503 0.827712594187298 0.6867134107027724 1.8735288717525018 1.432984336356142 2.1698223252220936 1.6985267735797778 1.4341994468346648 2.1701229402677646 0.6839560404504419 3.9080726460864708 9.0 3.9809683915035414 5.024874016918012 7.932579290845281 6.460265381021287 4.21293221814683 
4.529545967910951 2.493621452975032 0.45255351170568536 3.3873475901691665 2.552988047808765 2.392263056092843 2.2550807319698603 2.392263056092843 1.0771137427705868 1.2476999175597694 1.3972170722286599 0.9666689317749392 0.6350729870928086 1.3976171472708545 3.044236131049223 3.654479841999055 3.237743490242795 2.927994114527465 1.676366707125874 3.0897629322473827 4.856723745754712 1.4284372345702139 
1.560739934331556 0.5074001570422593 1.8247441471571917 4.687210341525693 5.0601593625498005 4.535430367504836 3.0002152852529598 4.533981302385559 3.2261966400440647 2.596570486397362 3.727186172267285 1.9392212557760264 1.497742778119238 3.7272863027806378 3.053700194595974 4.11457515778627 8.004210661473603 2.609061992846513 7.300054881921622 6.019402119224977 6.464606952482871 3.908224081812512 
4.175853747991524 1.615295456633782 0.7003979933110371 0.7531886370890521 0.7621513944223106 0.6359961315280466 0.7212648008611409 0.6359961315280462 2.7632029743872213 2.1444765045342127 3.063960988798764 2.4022832291383533 2.4163583282114325 3.0647251544799174 0.33837432609181106 5.424225666566487 7.758662144136047 3.7937387105392197 5.808671416599953 5.193094149507338 6.194791553626338 4.374989026241226 
2.6170016067810824 1.6907108877064312 0.8064615384615386 1.0458729652090646 1.1203187250996016 0.9576885880077369 1.1083476856835308 0.9576885880077368 1.4757339575874415 1.1735861500412204 1.7722344534569334 1.5042606686599624 1.0439605101413645 1.7720075952626155 0.48578428557756725 3.7683457129363274 7.8473520369221115 5.887606773875831 3.774022270154468 1.6470530976838 0.01000000000000334 3.0043574018056143 
4.71780150431968 6.301359146458614 0.8556571906354509 0.8105777210341525 0.7621513944223106 0.3621228239845261 0.46482238966630773 0.36212282398452617 0.22787937207380904 0.30645507007419626 0.26695635380455796 0.20793150312584952 0.2786777811923785 0.2675019309989701 0.21677544900628448 6.409261946674681 4.581345131859588 2.9120779785236053 4.829227914082761 7.83760345685349 5.630240474467961 3.7296132894241065 
4.106507463381692 1.8553594638844566 0.6466923076923075 1.6140248962655601 1.1203187250996016 1.361977756286267 1.718003229278794 1.360528691166989 4.65231616634536 4.049200329760924 5.53282541521823 4.53065778744224 3.0158758451137064 5.532114443872295 2.4735244201997 1.284911768494268 8.492934936905705 5.7055032358136515 5.509162556183466 7.760214241173836 8.457653602972211 4.686108243198079 
8.097032869152134 2.7757769206351863 8.416339464882943 0.1305170762847112 0.010000000000000009 0.1882350096711799 0.1987029063509148 0.18533687943262406 0.40531901220967614 0.3435119538334709 0.6662804171494786 0.3728744223973909 0.18405347264904726 0.6673532440782697 0.10779532331642584 6.413893778712806 3.744744424708901 2.3273750633007246 1.3253857547663088 1.9489600850031183 3.0841205273708354 0.8730271395636466 
3.440521447034441 1.233036658508266 0.6516688963210702 0.862227896584743 0.7621513944223106 0.6881624758220503 0.8180355220667384 0.6867134107027724 2.5865886349031486 2.0925968672712285 2.704569331788335 2.4645949986409357 2.6090603872157345 2.7042224510813595 0.501557724822152 4.2759173071143355 7.9715050610969636 4.479028737534236 4.368556476523368 4.69196659755661 4.166611484144214 3.87875224850295 
6.352332685187341 2.737909625521038 1.2405652173913047 1.1032620491541654 0.7621513944223106 1.1185348162475823 0.938998923573735 1.1185348162475823 1.4427219315156525 1.2995795548227538 1.9805774430281966 1.3234343571622724 0.7814989244007376 1.9809024201853753 0.4903729224487192 4.142366150015027 3.753059770164138 3.9159775028211143 2.672114051546002 2.4998320648148775 5.446929052119131 2.1397227076978105 
5.258702524276367 2.0486197196628604 5.205973244147158 4.417481646983722 2.9111553784860558 4.0094197292069635 4.495322927879441 4.0065215989684075 5.04680987790324 4.701401483924156 5.227255697180379 4.894754009241642 4.196952980946527 5.22716271884655 2.2853903084824707 1.4987480142544327 6.343770844181937 6.812140701073016 7.413031034569229 6.669904619118048 8.216462088784393 6.919345981007202 
1.4587354749318866 0.6495573997811435 2.337851170568563 3.169269071177785 3.6274900398406373 2.5270261121856867 3.9195371367061353 2.5270261121856867 4.474876526209493 3.6786314921681784 5.255034762456547 5.194094862734439 2.5676190842040567 5.254938208032955 0.47804096085749825 4.336131123609977 3.446995204025101 8.943182262238466 6.78977710008919 4.629047384285679 2.8943108621711815 6.7602937689060525 
2.5234757119903133 1.3031578024107655 0.010000000000000231 2.2711299074369613 2.1948207171314738 2.0010154738878145 1.838966630785791 1.9981173436492587 3.280666483062517 2.9300824402308328 3.968516801853997 2.311870073389508 2.06410725261217 3.968585865087538 0.9351839091460109 3.9196522261817868 6.139179144048069 5.7079049950754985 4.333184659785234 4.433530330760278 4.64503120541187 3.557547540536916 
1.5221676990429174 0.3143276419436485 2.1305451505016735 0.6814522821576765 1.1203187250996016 0.4881914893617022 0.8325511302475781 0.48674242424242425 0.7478187827044893 0.6177328936521025 0.6957956740054075 0.793173416689318 0.8298471112476952 0.6962860453141091 0.24516763964653715 5.66006311450775 7.4263689690675045 3.4256242947202153 3.6415878329697264 3.7600984424349253 1.172632188109164 3.0359152285117625 
6.098394441468925 2.142452511423154 6.431406354515049 1.8981008617938073 1.1203187250996016 1.8619052224371373 1.8728363832077501 1.8604561573178595 1.134884788396218 0.9067765869744435 1.4128427964465042 1.1108412612122862 0.7041418254456052 1.4132408599382082 0.3486987590519029 4.975323944871409 5.1896051702368995 5.308316778780398 4.891140790552681 4.174527406526961 3.145935697634698 4.039105814282704 
4.641337412383858 2.029676685071797 0.9540484949832782 0.8048388126396426 0.7621513944223106 0.5881769825918762 0.5954628632938643 0.5881769825918761 0.13709630037638876 0.21751854905193735 0.12285245268443423 0.06864637129654805 0.2462154271665643 0.12399523686920733 0.3042463393626184 7.237587909492937 3.077870820166397 2.945881843955224 5.169285241896276 5.5823473331847575 4.721067986224153 3.401155448455266 
4.503377558624222 2.3241479413263386 1.4879949832775927 0.8019693584423873 0.7621513944223106 0.8229255319148937 0.7793272335844994 0.8229255319148938 2.5453236023134123 2.3519950535861502 3.2514696794129008 2.350967654253874 1.3796350645359556 3.251631050463439 0.7639703958911538 4.285180971190588 4.111431920696403 3.007431405934117 2.094622247248793 2.351064249840732 4.73084640205181 1.4537370810866046 
3.2279292899890546 1.0557531345802045 4.107183946488295 0.4490264921800192 0.40398406374501994 0.4360251450676982 0.4841765339074272 0.43312701482914245 0.9425897365280458 0.8178400659521847 1.2010274237157201 0.9373457461266651 0.6343822987092808 1.2008740988671471 0.14192331004561842 5.63265810828217 1.570612919410027 6.566372618995395 2.534420527601526 2.0969791026498195 2.198987585659454 1.8999865675232093 
1.004347216077126 0.12499116637290841 2.0091889632107027 0.31703159910628786 0.7621513944223106 0.30560928433268864 0.4067599569429493 0.3027111540941329 0.4655659597906914 0.3435119538334709 0.6350289687137892 0.4547349823321555 0.351200061462815 0.6355271627188466 0.06993906912942227 7.131827744622386 8.151129348655722 6.784395004525749 2.7187526961887887 3.6011307935950514 1.3841497106167502 2.041355679638621 
7.370440816896818 2.48491028543266 2.4698344481605363 0.1678199808490266 0.0458167330677291 0.2708317214700193 0.20354144241119476 0.2693826563507414 0.6124694758101534 0.49173948887056884 0.8312186172267285 0.7162000543625987 0.33600491702519975 0.832270211122554 0.091735094267394 6.226690567171868 1.054420214903427 3.8646085323401884 0.7896907359645695 0.010000000000000037 1.6884718517011326 0.6594520358398068 
7.076935938336864 2.9417021334358004 1.1446622073578596 0.49493775933609974 0.40398406374501994 0.41428916827853 0.4357911733046286 0.4113910380399742 1.2652822913797854 1.0179472382522672 1.5899343375820778 1.1047322642022293 0.8022195759065766 1.5903096035015443 0.3994605544390213 4.612883087888026 6.642588875335561 0.00999999999999801 3.9145674102402594 6.869873981076902 5.764467862633392 3.3638754930740795 
0.6609130125980958 0.15985461061037665 1.0361622073578602 2.463383338653048 3.2693227091633466 2.3835686653771764 2.3131431646932183 2.38067053513862 1.748083172679703 2.0258944765045346 2.273993820007725 1.4773810818157114 0.9610779041180085 2.2748596807415034 0.6079567422719878 4.162823408183417 7.231246929696286 7.747070302687135 4.8279695017678925 5.260182342493229 3.268295747422684 4.226730394650852 
1.789608841953287 0.6605965517529424 1.5156254180602011 1.5709830833067349 1.836653386454183 1.4836992263056095 1.166410118406889 1.4836992263056092 1.064734232993666 1.0031244847485574 1.2878370027037467 0.8738121772220714 0.7069045789797171 1.2882511585993819 0.8864296423900214 5.611428878107425 7.600884342580504 1.7826058767001456 3.9510933323901583 4.548480839405789 4.968921469624812 3.1281965143680672 
4.489194280790817 1.6061712595958668 1.0690802675585291 0.850750079795723 0.7621513944223106 0.6403433268858802 0.7744886975242196 0.638894261766602 2.6319801707518593 2.0481286067600992 2.9927771340285823 2.316757270997554 2.0889720344191764 2.9935504634397523 0.4989766165821291 4.634498304065948 6.010173720340213 4.0468196118618565 4.26455912938974 4.138605372575239 4.109996037308337 3.7599271751139423 
0.19689477912581843 0.163121298438766 1.0748862876254184 1.0343951484200449 1.836653386454183 0.9011750483558995 1.1518945102260496 0.9011750483558996 1.443547232167447 1.195820280296785 1.6680629586713018 1.3038855667300902 1.012879532882606 1.6684281668383107 0.2985105432736785 5.017396419217725 6.996172754963012 7.833211011735052 4.749993362219936 7.240791749114739 4.64616035273608 4.188129948036964 
1.180983978762547 0.2896585166189136 2.0450618729097 0.9655282476859242 1.4784860557768924 0.8837862669245647 0.9244833153928953 0.8823372018052869 1.0003607821536769 0.8771310799670242 1.4249961375048281 0.7882862190812724 0.668226029502151 1.424813980432544 0.10664816409863785 6.477581469237045 4.43367827734859 8.360056621754708 3.879606091636923 6.2594220193193 0.24031782545567815 3.2827896763645885 
4.272362841440979 1.5878477692481185 4.452693979933111 3.984194063198212 2.9111553784860558 3.431242746615087 4.103401506996771 3.4297936814958088 5.89274304599284 5.4351277823577915 5.800198918501351 5.928396303343301 5.567278733866011 5.799453527291451 2.1308106038855397 1.5222931604482421 6.530598914307318 7.868663846212119 7.547043534255774 8.276803446048008 9.000000000000004 7.663548047181841 
1.4783094450783594 0.41031945152155513 2.250501672240803 0.4777210341525695 0.7621513944223106 0.41428916827853 0.5567545748116254 0.41284010315925207 0.5959634627742589 0.4991508656224237 0.713157589803013 0.5463699374830117 0.4030016902274123 0.7142243820803296 0.09030114524515903 6.84272422824267 2.247276827856126 6.78367806146251 2.9723059539408805 2.094125577699288 1.0455523025059783 2.245629932071263 
3.1569605640034473 1.0118405895767375 3.9626555183946492 0.6240631982125759 0.7621513944223106 0.5577466150870407 0.6632023681377825 0.5548484848484847 0.6834453318645002 0.558441879637263 0.8451081498648126 0.646557488447948 0.5604786416717887 0.8450006436663233 0.15454206144128624 5.577848095831008 3.2597823621305837 6.984529660628336 3.498615033832655 4.2585141337943675 4.8534096983581545 2.6911713290062735 
5.93091662203386 1.9409128916659006 6.7469531772575255 0.053041812958825485 0.0458167330677291 0.13606866537717605 0.08257804090419796 0.1331705351386202 0.15772881667125704 0.14340478153338831 0.21313441483198148 0.22748029355803212 0.14468423478795323 0.21368692070030915 0.010000000000000002 9.0 1.8843087923036137 6.048632185878848 0.009999999999999787 3.327151922812847 3.5429156681437295 0.010000000000000231 
3.572671913932422 1.5435221947491082 4.005371237458196 1.6886307053941905 1.4784860557768924 1.296769825918762 1.4567222820236811 1.2953207607994843 2.4693959423482967 1.9295465787304205 2.1837118578601773 2.1994645284044583 2.460562384757222 2.1845893408856845 0.9363310683637988 3.372710059679704 8.41050827347281 4.017640029188112 5.432645030909561 6.767430411576273 5.855477136964694 5.071902196241888 
2.5532030249400384 0.9890864191858864 3.406832775919734 0.325639961698053 0.40398406374501994 0.19258220502901358 0.26644241119483314 0.19258220502901352 0.21137335903791454 0.18046166529266272 0.33466782541521833 0.17494291927154126 0.271080208973571 0.3352046858908342 0.13790825278336044 6.672890386844706 4.3713880031671986 2.6112128220362294 2.080217800403995 2.9756219342261363 1.251949141898276 1.5582664015650647 
1.9625820273385655 0.6361714893119372 2.632869565217392 9.0 9.0 9.0 6.890398277717976 9.0 6.746929220600386 5.953924154987634 8.498240633449207 5.152553683066051 3.763200676090965 8.497726570545828 9.0 0.17443003735348395 8.875333946799632 2.969684353654692 6.869257277885133 5.154581681557971 6.614190744257556 6.006771713886116 
3.8952237268006416 1.71151255502744 0.625852842809365 0.9253558889243536 0.7621513944223106 0.8968278529980659 0.7502960172228201 0.8968278529980658 0.650433305792711 0.5954987633965376 0.5725260718424102 0.5903547159554227 0.7262438537185002 0.5736109680741506 0.3068274476026414 6.663240736765275 3.6699276918211625 5.369687104993478 1.9311918361480753 4.130247175379711 0.7815689495789897 1.495686599667488 
6.001100295740867 2.334098197355341 1.0717759197324424 0.5465879348866902 0.40398406374501994 0.501233075435203 0.5470775026910657 0.501233075435203 0.8204452400624254 0.6844352844187964 1.1350521436848204 0.7369706441967928 0.5238721573448063 1.1349073120494335 0.5477308833381185 3.9648125885535186 5.985334565021485 2.1016455398405824 3.171192300249979 4.20081626404994 3.6766180028034032 2.525095634551481 
0.3905933446661862 0.010000000000000231 1.1400484949832772 1.499246728375359 2.1948207171314738 1.5402127659574467 1.321243272335845 1.5373146357188914 1.7769686954925186 1.5441549876339657 2.3069814600231746 1.5482454471323734 0.9963030116779349 2.3078430741503606 0.4946747695154241 4.339990983641751 6.839998169112209 7.339488171236944 4.460965663196008 4.142227932618821 2.331972911768254 3.8953636454592484 
1.165806301376243 0.4484120354514549 1.9602006688963223 1.734541972550271 2.1948207171314738 1.209825918762089 2.013153928955866 1.2083768536428112 2.2383117598457725 1.8257873042044517 2.7236674391657005 2.1114949714596363 1.4190043023970498 2.7244754119464467 0.24918269690879513 5.020484307243141 6.106730058184188 8.867186297535351 5.627821752680844 4.705647327106675 0.5838496073732458 5.319350770717627 
3.3397730712805354 1.0542136610059059 4.233672240802676 0.6871911905521866 0.7621513944223106 0.6533849129593811 0.6244940796555434 0.6519358478401032 5.740887726062609 5.071970321516901 6.871429123213596 5.361481380810003 3.4137123540258147 6.870545829042225 0.44678087217277573 4.341920913657637 5.2357777825333285 5.031397520605129 2.308432892548808 4.075402830585815 2.9659891343120126 1.4742142639705216 
3.646780849032438 1.2351956763258793 0.14742642140468298 0.5121544845196297 0.40398406374501994 0.5316634429400388 0.4744994617868675 0.5287653127014829 2.239137060497568 1.6256801319043694 2.7757531865585165 2.1347091600978527 1.392758143822987 2.7753971421215238 0.21505471017960254 5.328115151775364 5.264486031752827 4.952892255180686 2.577733127930813 3.6888615074996793 1.831054930065715 1.9850338579308022 
1.4759019514239817 8.900910469205517 1.4872173913043487 0.2510341525694224 0.40398406374501994 0.1795406189555126 0.2422497308934337 0.17809155383623465 0.2452106857614984 0.21751854905193735 0.2912630359212053 0.2629124762163634 0.2738429625076828 0.29122682801235844 0.1663004434236131 6.410419904684215 5.822511978048367 3.221976617607769 2.3967219565488342 2.243480287876025 1.8775306339301903 1.565079370823639 
1.9704325501245838 0.6265779405745411 1.588822742474917 3.4389977657197575 3.6274900398406373 3.2703965183752417 2.6953875134553282 3.2689474532559637 3.04215459469384 2.477988458367684 3.6091251448435684 2.512245175319381 2.1829056545789802 3.608661817713697 2.931814527706001 2.7088141342149323 6.731535282634385 4.1901365302029205 4.415311204655092 3.974011624896729 3.5121351120857724 3.8904261565021923 
5.813891495703607 1.9211437980837505 6.55944983277592 0.17642834344079172 0.0458167330677291 0.2621373307543521 0.19386437029063508 0.26068826563507413 0.01000000000000012 0.01000000000000012 0.07076670529161855 0.08208616471867347 0.009999999999999898 0.07191619464469634 0.01917727374230388 8.694299085483664 3.7694125703524586 6.024184427422469 0.1699899656676891 3.390617555755157 1.6010193914410902 0.21842710167171542 
1.382794751181799 0.22500062649837504 1.0932892976588637 0.4232014044047241 0.7621513944223106 0.3143036750483559 0.416437029063509 0.3143036750483558 0.15030111080510433 0.13599340478153343 0.16278485901892636 0.17983011687958683 0.23999923171481252 0.16392250257466534 0.17289660892589404 6.314695375896269 6.395779161643614 3.0516309457826694 1.8058721391766763 2.9125003432991385 0.5333202646148614 1.23799943374979 
3.1470165684744904 1.085265969443586 3.9782591973244155 0.8019693584423873 0.7621513944223106 0.7664119922630562 0.7648116254036599 0.7649629271437781 2.6303295694482696 2.188944765045342 3.3330706836616453 2.3790690405001365 1.5909857098955134 3.333800205973223 0.5201990621112068 4.000709286848998 4.239796058122365 5.753502573897368 3.0813790095691083 1.6607135894682579 2.9629404365366483 2.476428834482509 
3.348670330438023 1.0191812501566244 0.5722508361204017 0.5810213852537507 0.7621513944223106 0.5099274661508706 0.6196555435952638 0.5099274661508704 4.062226200312127 4.071434460016489 4.996342217072229 3.9344196792606687 2.521342962507683 4.9968576210092674 0.3185858295849682 4.845632647803873 4.090419106859648 4.43741019271333 2.7440757204714235 3.3946853466420848 1.4712521352062886 1.9849764452685108 
3.446958875718976 0.9966148204455654 3.2691989966555197 0.01000000000000012 0.0458167330677291 0.010000000000000009 0.009999999999999898 0.009999999999999953 0.022379509776921158 0.047056883759274526 0.010000000000000009 0.01000000000000012 0.0852850338045481 0.01000000000000012 0.04097329888027562 7.717368511442189 0.16142906736478224 4.211322197721568 1.1306414019320883 2.8130519631082866 1.3885759681276522 0.6909715874377604 
2.135241191812403 6.993615355057511 1.1764397993311042 1.152042770507501 1.4784860557768924 0.7272872340425535 1.0454467168998922 0.7258381689232754 0.8295235472321676 0.9883017312448477 0.6697528003089998 0.663662680076108 0.6813491087891826 0.6708251802265708 0.6452394168500973 6.302343823794599 4.95188034553846 3.9477380805225124 2.687586802962917 5.54824669813763 4.8932403702196545 1.824584604380563 
1.3219270311808682 0.4911605882402075 2.190678929765887 0.7790137248643474 1.1203187250996016 0.6316489361702127 0.8954520990312163 0.6316489361702127 3.1989617185348393 2.544690849134378 3.3365430668211666 2.9313223702092968 2.5020036877689003 3.33611483007209 0.6245905509299137 4.090644025589283 8.375152023131008 4.808571616551092 5.727984979940692 5.955713870860995 3.53409702754165 3.8727430565164553 
1.6962399576182392 0.45019557190948367 2.5002123745819405 2.262521544845196 2.552988047808765 1.6923646034816247 3.1550484391819156 1.6894664732430693 3.0520582025153775 2.729975267930751 3.237580146774817 3.6069774395216094 1.7235978795328828 3.2383219618949526 0.3217405174338852 5.003500923103346 3.408689036786579 8.999999999999996 5.956869655108659 5.936366566941081 2.077824432035129 5.754423925561515 
5.773592145402044 2.10471663478486 4.3096170568561885 0.5638046600702205 0.40398406374501994 0.4708027079303676 0.5664316469321851 0.46935364281108966 2.083155237308363 1.5515663643858202 2.7635998455001927 1.8353683066050563 1.2311370620774431 2.763824021627188 0.4668561584840655 3.970602378601177 7.485324554583044 3.1449410854629605 3.6984704249189804 6.171832969773918 3.6471585491147707 2.9237500239485525 
7.96352164497124 2.5899324217085864 7.994988294314382 0.9683977018831791 0.40398406374501994 1.0533268858800775 0.8954520990312163 1.0533268858800775 0.837776553750115 0.9215993404781535 1.2374874468906913 0.7540758358249525 0.411980639213276 1.2384867404737379 0.2480355376910071 4.86531793396591 2.473971528505971 2.5868726050393356 1.0328536802719643 1.3664160020170233 2.523114970810477 0.8381011033364061 
4.643116864215355 1.8469486814297529 0.5073478260869564 1.6283721672518352 1.1203187250996016 1.4967408123791102 1.5583315392895585 1.4952917472598326 3.129636463784082 2.5743363561417976 3.84698339127076 2.991190540907856 1.9080116779348497 3.847068099897013 1.5400236067247266 2.114395689322055 6.4212382270348405 5.577206274647406 4.19703555095446 6.826059218538604 7.225273984646613 3.5410509689052 
1.1826587569568963 0.12042906785395102 1.7927073578595318 0.5064155761251199 0.7621513944223106 0.4186363636363636 0.493853606027987 0.41718729851708575 0.3970660056917288 0.3361005770816159 0.5048146002317498 0.45962217994020127 0.371230024585126 0.5047509011328526 0.09460299231186398 6.9998205315357875 2.415251081293796 7.246679891700921 2.856767552689602 3.7762684171546015 0.39224459792809796 2.2403288295863604 
0.3618604312693572 0.24257315412695357 1.3306622073578596 1.0114395148420046 1.836653386454183 0.844661508704062 1.1325403659849302 0.8417633784655061 1.5145230882217942 1.2402885408079145 1.6975782155272303 1.4065167164990493 1.171737861094038 1.6985182801235839 0.2643825565444859 5.190318148641106 6.2190834147721725 8.046250642975906 4.663107394303598 6.480458895274628 3.462339715088122 4.10069046336723 
4.714504284749553 1.788561330014284 3.91335618729097 0.40598467922119386 0.40398406374501994 0.3882059961315282 0.46482238966630773 0.3853078658929722 2.2746249885247405 1.773907666941468 2.7948512939358827 2.2495583038869267 1.406571911493546 2.7950714469618942 0.8749580502121417 2.8983332617749347 7.323741787754929 4.95393182262238 2.38343460298889 6.677918774298264 4.712751816181349 1.675043756665681 
2.8275002910835294 2.070266220042936 0.9124732441471575 0.5437184806894351 0.7621513944223106 0.3621228239845261 0.5083692142088266 0.36067375886524816 0.41274671807582886 0.2842209398186315 0.5360660486674392 0.3838706170154934 0.42234096496619555 0.5365769824922761 0.21190002233068556 6.469089777167147 6.622815881643803 3.0198345209281143 4.1108931903150925 4.136703022608218 2.17936865090131 3.396945186553899 
5.7896072118855235 5.440324066726253 0.4845384615384618 1.6082859878710503 1.1203187250996016 1.288075435203095 1.4131754574811624 1.2851773049645392 1.0672101349490497 1.136529266281946 1.3920084974893778 0.9129097580864366 0.5805086047940996 1.3918305870236867 2.042766133920311 4.093345927611523 4.170900535237457 2.507614549398493 1.7480692911629383 4.081433684736583 1.8014543329615584 1.267260753964284 
6.750092506345621 2.371139433478402 1.473324414715719 0.6441493775933611 0.40398406374501994 0.23170696324951645 0.14547900968783634 0.2302578981302385 0.24438538510970353 0.26939818631492174 0.37460023174971047 0.06986817069855955 0.2261854640442531 0.3757106076210095 0.16658723322806007 6.239814091279893 4.412344820370886 0.31211980684804175 3.813016228221363 7.761489220407052 6.246083070828565 3.1303207828728477 
5.478412488647742 2.201196570130228 5.351693979933112 8.4002840727737 5.418326693227092 7.504564796905224 9.0 7.504564796905223 9.0 8.999999999999998 9.000000000000002 9.000000000000002 8.999999999999998 8.999999999999998 6.198350400357292 0.009999999999999343 7.904148625288603 6.965709905218368 9.0 9.000000000000002 7.111907593295957 9.0 
3.3968725403441775 1.2887768663386598 0.15893478260869598 1.6140248962655601 1.4784860557768924 1.2619922630560931 1.616393972012917 1.2605431979368151 3.725503534379878 3.3673536685902725 3.485855542680571 3.6631802120141352 3.4668953595574683 3.4859867404737384 0.8775391584521646 3.421730282083208 8.747482838399186 5.214468931802678 6.451129597836986 7.125517436219522 7.280088441500375 6.130553413786277 
5.157954148522459 1.9671214905649341 4.3485484949832784 4.85650813916374 3.2693227091633466 4.352848162475822 5.109817007534984 4.351399097356545 3.9838226383916275 5.16090684253916 3.881707222865971 3.8366757270997565 3.8067140442532263 3.8812088053553038 3.1122053147031616 1.587910780988365 5.380900868126145 6.765180930430997 5.550685115465935 6.769049432824801 6.432127029701977 4.677209280542919 
5.94714103579163 2.9198303442399736 0.6568528428093656 1.4762910947973191 0.7621513944223106 1.4706576402321088 1.4422066738428416 1.4677595099935525 1.2966437161479851 1.2402885408079145 1.7201487060641174 1.2317994020114162 0.6979256299938538 1.7210858650875385 1.2449168979487673 4.227669056717186 5.394859532862058 3.9345104810057876 1.4285923882796308 3.1188446014240725 2.8049162685134963 1.0669288376756498 
1.3096802156346783 0.43344910327199226 1.8203896321070236 0.9253558889243536 1.1203187250996016 0.7968423597678916 1.0357696447793325 0.7968423597678918 3.529081979252731 2.8782028029678486 4.223736964078796 3.3882753465615667 2.3390012292563 4.224351828012358 1.029537754809073 3.2159997423897635 7.893375015752768 4.825527319996649 5.263688036313728 6.037474443911675 4.814888837392738 4.158581564511013 
7.363270672752253 2.39250432283879 8.194622073578596 0.3342483242898181 0.0458167330677291 0.44037234042553197 0.2761194833153928 0.4403723404255319 0.5291141099788856 0.4250370981038747 0.7270471224410969 0.6123471051916282 0.29801705593116157 0.7281121266735324 0.07194659776055125 6.773632733673953 0.009999999999999787 3.9178415547855323 0.9051298774209577 0.261251860005988 3.831751553676577 0.6974974933848781 
2.6193567636168877 1.8086871308880408 0.9218561872909707 1.5049856367698693 1.4784860557768924 1.4445744680851065 1.4518837459634015 1.4431254029658285 2.8688414578169468 2.618804616652927 3.6872537659327915 2.4352718129926614 1.7077120467117397 3.6873590370751796 0.5356857115513446 3.8173659353398306 6.026248629806376 6.0035723143544075 3.9785378244923795 3.1264742390577624 1.529499199925647 3.3070560949597354 
9.0 2.9613585826100763 8.903215719063546 0.4576348547717842 0.0458167330677291 0.5707882011605417 0.4261141011840689 0.5707882011605416 0.8476801615716516 0.8104286892003296 1.2548493626882964 0.8017260125033979 0.42786647203441897 1.2546891091658083 0.23226209844642232 4.889635052166074 3.9521577844831066 1.9377165084314534 0.446997135293568 3.129449190601933 0.3513976934748104 0.35403581000389583 
3.328363644831521 1.558654093540384 3.3333762541806036 0.3858984998404086 0.40398406374501994 0.26648452611218576 0.3099892357373518 0.2664845261121857 0.38468649591480775 0.328689200329761 0.4596736191579761 0.3814270182114706 0.3332421634910878 0.46019438722966033 0.13475356493444351 6.0738401099137 3.003524363885382 6.164060019059992 2.1817084171243124 3.8884665896776145 3.5581535112839386 1.447096349814904 
2.6708038562745973 1.3509190313499788 0.5701772575250836 0.6039770188317906 0.7621513944223106 0.3969003868471954 0.5325618945102262 0.39690038684719536 0.5274635086752963 0.49173948887056884 0.4596736191579761 0.43762979070399577 0.7248624769514443 0.46019438722966033 0.2698315628289788 6.358697780258469 3.7208244463942206 3.2918427191202078 3.5723633790660863 5.0434358728465005 3.9514298785695647 2.7328720593838947 
1.2772837249377087 0.4917238102795851 2.081764214046823 0.5035461219278647 0.7621513944223106 0.4012475822050292 0.44546824542518826 0.40124758220502893 0.2930781235655928 0.30645507007419626 0.3485573580533027 0.25924707801032887 0.271080208973571 0.34909243048403726 0.09603694133409896 6.955818127173586 3.3601864176659264 6.549165985477714 2.4564241996207095 4.312771583385673 2.110863282741507 1.9766898843444591 
2.6734730340218427 9.0 0.031098662207357908 8.124816469837215 7.567330677290837 7.739313346228241 7.403283100107644 7.739313346228241 6.945826677682915 6.242967848309976 8.83332560834299 5.414018755096494 3.6437115857406273 8.833347064881565 7.407743005710275 0.8004993345068905 7.273464943254365 2.4166344746737245 7.5944543864554115 5.360197380121066 4.919645480396296 7.419371994456709 
5.992046026127658 8.608992486196152 5.790515050167224 4.153491860836258 2.552988047808765 3.674685686653772 4.185656620021529 3.6717875564152163 5.0897255117965665 5.52406430338005 5.29843955195056 4.509887197608046 3.945542409342348 5.298916065911429 2.233768143682011 2.5374363488042593 3.6665502507365177 7.230548672778088 4.863955383338817 5.191009659649858 6.1577329384457755 4.077935911545757 
1.0815440234729765 0.5157921654289845 1.9344882943143813 1.6685445260134055 2.1948207171314738 1.1967843326885883 1.8776749192680298 1.193886202450032 1.4163123106582207 1.2402885408079145 1.7704982618771727 1.2647879858657247 0.9113483405039949 1.7714289392378988 0.2683976138067439 4.8684058219913275 5.98334657754761 8.783590736361926 5.27263992391723 4.0430628811464615 0.9449452759188954 4.96834889102238 
1.4729710895838677 1.3162245537243238 1.6291020066889632 0.3858984998404086 0.7621513944223106 0.2621373307543521 0.45514531754574794 0.2621373307543519 0.4630900578353072 0.35833470733718076 0.3537659327925843 0.5084941560206581 0.6516495082974799 0.35430033470648814 0.18264746227709194 6.092367438066207 7.319487922085021 2.8795287634526474 3.686147069028049 2.593209115323748 1.3500776901087228 3.009543678965934 
