2.1013053094649106 0.7532064055899688 1.8448369679335266 5.051495862507956 5.091304347826086 4.720082165297246 5.64608695652174 4.717875322164948 6.327060827250609 6.412307692307693 5.796750968794616 6.291521828665568 5.635146003464489 5.796968728755948 4.782709361173887 1.3365641025641026 8.022383306772813 3.6156201445383793 7.519003459336015 4.858717221999004 5.481366786544357 7.279249819609972 
1.6928930307941652 0.44281627235236165 1.1450424453310135 0.502132399745385 0.8272727272727272 0.41843885935234415 0.47652173913043494 0.4198211984536082 0.2757627737226278 0.24423076923076925 0.33637568835406906 0.25252265238879734 0.22023385300668175 0.3363535010197143 0.2497943788394818 5.409205128205128 4.5073388460991035 5.275865118762098 4.526237764491009 5.11930884401533 4.946974615672928 4.095176297960747 
0.010000000000000675 0.19940871637753999 0.998179980202178 0.9570687460216423 1.893280632411067 0.7877718704688255 1.485217391304348 0.7890947164948453 1.3060036496350367 1.2592307692307692 1.1541484805221298 1.4392174629324546 1.3069982677555063 1.1546818490822566 0.32505204188814973 4.564858974358975 7.447467666555446 7.240294335593575 4.8590645370580425 8.062925677935313 4.454615471959374 4.476788839547307 
3.283268848783222 1.148497424573823 0.0959169691333952 1.6924061107574795 1.5379446640316208 1.7132769453842438 1.6365217391304347 1.7115544458762888 4.898722627737226 4.605384615384617 5.331023862941056 3.571935749588138 3.245821578817125 5.33066213460231 0.6870328166279402 4.787935897435899 4.85208266348718 5.490939459614509 3.052870531757197 2.2219790345902792 3.2340135814490027 2.1306041976396757 
1.2373183363595377 0.22486960078807217 1.864738638749737 0.5307447485677914 0.8272727272727272 0.42278395360077337 0.6656521739130438 0.42271746134020627 0.5852725060827253 0.5453846153846154 0.5582378135835205 0.713500823723229 0.6318027715911906 0.5582005438477224 0.11444504567590796 6.584448717948719 2.370241821265992 7.240365967347394 3.366425801076458 3.766732774031185 2.113525815906855 2.831399027588779 
7.406337602515202 3.0444233257642797 1.1905088640249564 0.519299809038829 0.47193675889328063 0.41843885935234415 0.5900000000000002 0.4169249355670104 1.7358175182481752 1.5715384615384618 1.7042198653885379 1.6909967051070842 1.3259081910418216 1.7047158395649213 0.4186233567813605 4.285269230769231 6.518473800751781 0.00999999999999801 4.489312771334591 7.073075496166124 6.411472852677053 4.109368949669972 
6.084420553003253 2.0244869392082547 6.8240839907610145 0.20170273711012104 0.11660079051383399 0.2663605606573224 0.2747826086956524 0.2663192654639176 0.07233941605839411 0.05461538461538462 0.09984499286151349 0.14144357495881388 0.05004454342984421 0.10106118286879673 0.03918738262724003 8.216628205128206 3.699063000926313 6.018937117041027 0.5143290429673595 3.3545619615193063 3.08058354711354 0.531601718184768 
4.13591712262829 1.8617962032290918 0.6048388277289498 1.6351814131126672 1.5379446640316208 1.335253745770904 1.8634782608695653 1.3350402706185567 0.7766654501216546 0.891153846153846 0.5289006730573119 0.7097981878088964 0.8676206384558279 0.5294765465669611 0.50017633765159 5.573538461538462 2.975342210690628 5.675964279738331 4.309588278623751 4.383496560700803 5.741275069560211 3.741491934507524 
0.408333434883807 0.11450783063129277 1.1857087320394748 1.5207320178230426 2.2486166007905135 1.5438182696955052 1.7436956521739133 1.5421230670103094 2.413895377128955 2.3634615384615394 2.4614848052212928 2.363025123558484 1.6384780994803267 2.462540448674371 0.513625425724926 4.022410256410257 6.712188991112531 7.3330932726707765 5.069331263903198 4.15785813101336 3.665369279558191 4.713906255296688 
6.038134558438235 2.131265047668342 6.878719200887902 0.11872692552514325 0.11660079051383399 0.17511358144030942 0.25586956521739146 0.17508698453608246 0.3435705596107055 0.30000000000000004 0.3492106873342854 0.4820860790774302 0.2602783964365257 0.34918762746431 0.025452143743832964 8.155282051282052 4.401912473954748 5.898882297634319 1.6120350109278778 3.394835998720037 0.4119379992182326 1.1371621137353087 
5.966541901756011 1.9754039078022472 6.822142364339923 0.33904201145767027 0.11660079051383399 0.4054035766070567 0.4639130434782611 0.4053398840206186 0.1631143552311436 0.14384615384615373 0.208025698551907 0.21364497528830317 0.09453848057411562 0.20862338545207337 0.08840532195944871 6.668102564102563 3.4848960173222805 5.994295793726046 1.1113277461633224 3.4460977968756383 1.4579849394230786 0.903135735628121 
1.8760650613567966 0.8825559539512131 2.602556678765336 2.2818204964990447 2.6039525691699605 1.7045867568873851 3.7926086956521736 1.702865657216495 5.670856447688565 6.04423076923077 4.922137466857026 7.319003294892915 4.061172976985896 4.9230258327668235 0.5433851099723082 3.8090000000000006 4.2427660582247 8.793449837852478 6.9567277510104475 6.864394555826357 4.813888096738181 7.0657287757207135 
2.6717459572756868 1.0929975748418017 3.544083690794013 0.3504869509866328 0.47193675889328063 0.19683905268245538 0.3693478260869567 0.19825708762886607 0.33919586374695876 0.3111538461538459 0.37854782786049357 0.28214373970345985 0.47051224944320735 0.3791339225016994 0.15765381799662603 6.269538461538463 4.289773718386956 2.608943292192219 2.5420944378469716 2.9110284454945057 2.801316403749669 2.0555921151396874 
1.5628540354126814 0.5534782445360893 2.4804499505054447 2.516441756842775 2.9592885375494076 2.0478492025132913 4.3284782608695656 2.0489690721649487 4.685456204379562 4.438076923076924 4.2308810932082395 6.097133443163098 3.19576589952982 4.23059415363698 0.3659716077283 4.39123076923077 3.6456995527099876 8.999999999999996 6.2995446664364945 6.336268258119464 4.160781757288372 6.281214714983755 
6.301115694422443 2.062274869350341 7.043541710411853 0.021444939528962592 0.08106719367588933 0.09255679072015471 0.07304347826086965 0.09399162371134023 0.010000000000000009 0.010000000000000009 0.033836426677544496 0.08405271828665595 0.010000000000000009 0.03383480625424873 0.010000000000000002 9.0 1.7614705971566629 6.01334984024286 0.009999999999999787 3.1425933446733563 0.010000000000000675 0.010000000000000009 
1.131490476596679 0.6199917561317685 2.0122483126856046 1.6895448758752385 2.2486166007905135 1.200555824069599 2.4686956521739134 1.1989159149484534 1.9359598540145984 1.9061538461538465 1.8949112788088929 1.9335193574958816 1.5016592427616926 1.8960054384772258 0.28785243657892223 4.531397435897437 5.871567848318054 8.775935874042851 5.930948369400033 4.051873822590385 2.555703686063139 5.934365462936508 
1.3543753427328458 0.8858581762476416 2.233755526892042 0.9427625716104393 1.182608695652174 0.8572933784436927 1.2267391304347828 0.857156894329897 3.3358625304136256 2.965769230769231 3.6001325718947585 3.085039126853377 2.210225191784212 3.5998885112168586 0.2503666804596238 5.402141025641026 4.896782941847632 7.735305570384774 3.919338105498026 6.985065261273659 2.6506641806867295 3.2616627602338055 
3.4910902255639096 1.0535772961781844 3.677570507244203 0.2503437301082115 0.47193675889328063 0.18380376993716774 0.17391304347826098 0.18522390463917526 0.548087591240876 0.5899999999999999 0.33637568835406906 0.4135873146622735 0.6117804998762685 0.3363535010197143 0.17997358118216256 6.6896666666666675 2.883592319771524 4.521511119256115 2.447665679230912 4.995220685357655 4.86941270482455 1.3327682000222767 
3.738733990567993 1.6470954660811783 4.166806431292558 1.7095735200509228 1.5379446640316208 1.3004929917834704 1.9202173913043477 1.3002851159793813 3.331487834549879 2.9434615384615386 2.331301244136243 3.349777594728171 3.9966567681267025 2.3323657375934737 0.9542976732342363 3.0906923076923074 8.253310272737238 4.014143406930511 6.10079869461417 6.963587216729983 6.484283125381212 6.052151411400652 
1.7489839875214779 0.714818071393986 2.461734829168791 0.6709452577975812 0.8272727272727272 0.4662348960850653 0.7917391304347828 0.4661614046391753 0.8280681265206813 0.7573076923076922 0.9616234958188866 0.6672178747940691 0.6985436773075974 0.9615588035350102 0.11787885539675974 6.2840384615384615 5.031366229487541 6.767632207995028 3.891024657950057 6.7232840194689105 3.540923334549194 3.1367587180443297 
3.4904329096647624 7.341440088992036 0.18987011428742795 1.9613621896880968 1.893280632411067 1.4395360077332047 1.831956521739131 1.4378576030927834 0.9779014598540148 1.683076923076923 0.6352478074648177 0.4950453047775951 0.6162298935906955 0.6364276002719238 1.7228987490848906 5.52223076923077 3.180153809898246 3.1756220966829467 5.8886800032737945 5.26292839665381 5.787251233695177 5.013736906589443 
1.227951584796676 0.44621230778221177 2.2251260761316254 0.834035646085296 1.182608695652174 0.6661092315128083 1.1700000000000004 0.6645554123711341 1.367249391727494 1.2592307692307692 1.5300305935141751 1.1744789950576606 1.0222370700321703 1.5305384092454108 0.11158353757519815 6.313038461538461 3.6370783352505134 8.679519533397606 4.60679196942975 5.025501916335648 1.6117085635678317 4.106822108795771 
3.816297266667479 1.3389568480456813 0.1529792122866489 0.5364672183322725 0.47193675889328063 0.5357564040599323 0.6404347826086959 0.5342235824742269 3.026352798053529 2.4861538461538464 2.9565490516010606 3.2516577429983524 2.276966097500619 2.9563487423521413 0.23462838590571986 4.97420512820513 5.166159279109434 4.948579635546558 3.0702222068156093 3.6733151764640777 3.2646191898760106 2.541015632188361 
5.0420270896040735 1.8694513549162677 5.926890782013977 0.3247358370464672 0.47193675889328063 0.34891735137747715 0.4513043478260873 0.34886275773195874 0.5415255474452554 0.5230769230769232 0.5068978176626554 0.5931651565074136 0.5261296708735465 0.5068640380693403 0.0575010344717828 6.654346153846156 3.1000876613755635 6.884033807956783 2.711914402987416 4.197569802495928 3.831685648138378 2.129972929388805 
8.165811347656014 2.73397690464662 8.611243243243242 0.36479312539783587 0.11660079051383399 0.41843885935234415 0.5521739130434785 0.4183730670103093 0.8783771289537712 0.891153846153846 1.073471344075056 0.8504983525535423 0.4627258104429598 1.073399048266485 0.20315179679791198 5.166423076923078 1.0271778030290664 2.8713304064444642 1.1787449686267966 1.7394692484066625 4.497637670936244 1.109125096248372 
0.37826123249777677 0.3469392499958257 1.384024297327294 1.0343220878421389 1.893280632411067 0.8486031899468343 1.4978260869565223 0.847019974226804 2.066107055961071 1.9061538461538465 1.8179012849275953 2.1482722405271835 1.9210146003464494 1.819000679809653 0.2838463252379285 4.841474358974358 6.102893362048246 8.03923910185414 5.283910907099326 6.656881605824313 4.569698160435135 4.947453740248044 
7.064259453333496 2.4742083382031286 1.532450850406455 0.6680840229153406 0.47193675889328063 0.235944900918318 0.21173913043478276 0.23590850515463924 0.3829428223844282 0.44500000000000006 0.4207199673669185 0.12293039538715012 0.3982096015837665 0.42191434398368455 0.1862688990037241 5.852384615384615 4.329964114134783 0.31185621060851076 4.381513079087167 8.026004205592859 6.796780118390525 3.8437138554071013 
2.674101339247633 1.2194764413203547 0.023699253082160254 2.1530649267982174 2.2486166007905135 1.8870807153214115 2.323695652173913 1.885330219072165 2.3646800486618007 2.4973076923076922 2.1791148276565373 2.2112170510708404 2.0978780004949273 2.179578518014955 0.7522752013241238 4.141384615384615 5.077073365361506 5.553760507716948 4.725473069265783 4.054080026561638 3.9317771892751177 3.965396252730064 
4.821388052789998 1.5759100604411205 5.285506854246032 0.5679408020369192 0.47193675889328063 0.5748622522957952 0.779130434782609 0.576219394329897 0.9866508515815087 0.9357692307692309 0.8956149296349175 1.1022775947281713 0.8609465478841875 0.8961658735554041 0.08869147276951969 5.989948717948719 1.790145060093658 7.5078389361210505 3.507784090073846 3.8531640590226566 5.038244912232046 2.811067836336606 
1.7604322394316432 0.4977907685372247 1.8685140234574198 0.9198726925525142 1.182608695652174 0.8529482841952634 0.9052173913043481 0.8542606314432991 0.5065279805352798 0.45615384615384613 0.4647256781562309 0.4728294892915983 0.5305790645879737 0.46591706322229776 0.45210300155966515 5.617410256410258 4.427377578567412 5.37389317386835 3.277615441980135 4.0101722416435495 5.052685014082866 2.739342702315288 
1.4462900159637346 0.4721797831132184 1.3783612202657713 1.3748090388287713 1.893280632411067 1.2744224262928951 1.5482608695652176 1.2727706185567014 2.9629197080291974 3.1776923076923085 2.5935019375892314 2.5463056013179575 2.640704033655037 2.5939374575118967 0.766010440207531 3.7602948717948723 9.0 5.213832019951713 4.358903753619947 4.856316352971462 4.460830542383747 3.8407316571185057 
2.740983231985962 1.9120988053695762 0.9587002429732734 1.5264544875875241 1.5379446640316208 1.448226196230063 1.913913043478261 1.4479945231958764 3.86082603406326 3.9807692307692317 3.9191739751172747 3.7070819604612844 2.784196980945311 3.9195193745751182 0.5545449915650762 3.5190000000000006 5.913667078101921 5.998342987817026 4.557219326750516 3.0722543710016192 3.023365151665879 4.044740141503268 
3.3708561923447187 1.1024164134372967 3.6698579356270806 0.2474824952259707 0.47193675889328063 0.18814886418559695 0.24956521739130455 0.18956829896907224 0.43434549878345496 0.4673076923076922 0.3858821129920459 0.46912685337726523 0.3804120267260581 0.3858565601631543 0.15679536556641308 6.908282051282052 2.2946855553559313 5.228086738962414 1.7379900272432138 4.1539864593383165 2.5895252320934583 1.497594517111629 
1.818276038556684 0.7135797380328253 1.762857185709572 1.4692297899427118 1.893280632411067 1.3700144997583374 1.4978260869565223 1.369795425257732 1.733630170316302 1.7500000000000002 1.6327105853559045 1.5447425864909394 1.489423410047018 1.6326002719238608 1.1872244326320147 4.714320512820512 6.518851372319351 3.4552366477295386 5.54587369589548 4.935350365824023 2.6759896893127975 2.7101302198094888 
7.406556707814919 2.577515360726629 1.785185889552149 0.2675111394016551 0.11660079051383399 0.35326244562590636 0.3567391304347828 0.3517590206185568 1.0468029197080295 0.9023076923076925 1.0331327758515196 1.3540568369028005 0.6929819351645635 1.0336743711760703 0.07753159117675144 6.431269230769232 4.025033120926966 4.020733528282189 1.2086567847603273 1.4739461116310626 4.067289211711237 1.1858133047937742 
2.255993651064453 0.7177638037834142 2.860631190569037 0.9141502227880332 1.182608695652174 0.4010584823586274 0.5584782608695654 0.40099548969072174 1.6942579075425794 1.6050000000000002 1.7353905771976343 1.2115053542009886 1.368177431328879 1.7358844323589393 0.1298971894197409 6.167666666666667 3.4461739554483275 7.582622487111863 2.0247891422062434 5.442820538113787 3.625364280467573 2.2510458263316178 
4.857211769293575 2.132953684069925 0.9921932987371389 0.8283131763208149 0.8272727272727272 0.5922426292895118 0.79804347826087 0.5935969716494846 0.24076520681265223 0.3669230769230769 0.15485213134815434 0.1210790774299837 0.43046770601336337 0.1560645819170633 0.3236212878377948 6.813474358974359 3.0204620130150426 2.9433203190361965 5.8212342066233145 5.697009842723337 5.576720239835768 4.151772761831892 
9.0 2.9996744611223356 6.32222749497555 0.04147358370464688 0.010000000000000009 0.08386660222329623 0.11717391304347846 0.08385470360824748 0.2221727493917276 0.21076923076923082 0.3015378339791964 0.3062108731466229 0.1590546894333088 0.3015180149558121 0.11501734729604993 6.679256410256411 7.431315993942801 2.191974853190761 1.16274342390434 3.950539846067602 2.7441115586008964 0.9211813004547286 
1.5467497958835503 0.5145833194196316 2.3410303866574673 0.502132399745385 0.8272727272727272 0.41843885935234415 0.747608695652174 0.4183730670103093 0.8488479318734796 0.7907692307692307 0.7782663675300839 0.8449443986820426 0.6829707993071022 0.7794364377974166 0.11015278352484324 6.433128205128206 2.20541085582422 6.777768101160927 3.4890733552460365 1.9689144614170537 2.6361924614718317 2.837428727778128 
7.344714236970058 2.4341313676055636 7.547016228214895 0.2732336091661363 0.11660079051383399 0.3445722571290478 0.3126086956521741 0.3459664948453609 0.7591666666666668 0.6792307692307691 0.7654313685498676 1.0060090609555188 0.5372531551596141 0.7666023113528209 0.08869147276951969 6.326423076923076 2.2816593362748234 4.31209568695569 1.7934989572726092 1.6796421877744283 3.873641890269206 1.2874474931839206 
1.3830781369956506 0.5953751899220276 2.2787904730479647 0.8025620623806493 1.182608695652174 0.6356935717738037 1.1889130434782613 0.6370409149484536 4.2982956204379565 3.8692307692307697 3.548792575973894 4.45871705107084 4.0633976738431095 3.5485520054384767 0.6432517426870803 3.7822307692307686 8.218615640917353 4.804384915101629 6.414311102652925 6.0960515786611875 4.627106260067264 4.688176632106037 
3.4949793446338715 1.158085126809477 4.404332063473017 0.7110025461489498 0.8272727272727272 0.6574190430159497 0.8358695652173914 0.6573147551546393 7.666811435523114 7.6726923076923095 7.281943707933918 8.140988467874793 5.531697599604059 7.281449354180831 0.46583824044307226 4.024269230769232 5.137988244929194 5.027016405982327 2.784351752930224 4.086437684806694 4.1726021346870565 1.959987626938891 
2.0811476218910325 0.9882645926902978 1.7247258001619818 2.301849140674729 2.6039525691699605 2.260758820686322 2.2669565217391305 2.2589481314432995 2.081418491484185 2.028846153846154 1.926081990617989 1.8816824546952227 1.6017706013363031 1.9259517335146152 1.0867854982971004 4.719525641025642 7.948337327133026 1.9102113495294937 5.179941941797178 5.663981671506626 6.645188407937854 4.475983428330679 
3.4968417396814564 1.0455844172106925 3.629353451120376 0.010000000000000064 0.11660079051383399 0.010000000000000009 0.010000000000000009 0.010000000000000009 0.08218248175182485 0.09923076923076923 0.01000000000000012 0.021107907742998533 0.30699703043801063 0.010000000000000009 0.05950409014227967 7.840371794871796 1.1594746850653674 3.655483215540663 2.1991988361342685 3.081317110844318 3.955783802142526 1.5466157619723289 
6.6821945869536075 2.459667302522832 6.455552509223983 1.0400445576066202 0.8272727272727272 1.0788931851135817 1.1700000000000004 1.0801691365979385 0.7996326034063259 0.7238461538461538 0.7544299408525393 0.8375391268533774 0.649600346448899 0.7549904826648539 0.1688136995893943 5.514051282051282 3.8806749249266757 5.309746938320199 3.5852451392693627 5.019251005083762 4.824439262807469 2.910960595069178 
1.8725593765613393 0.7647078957474163 1.5764610492845788 1.592262889879058 1.893280632411067 1.4873320444659257 1.5419565217391304 1.4885422036082474 1.4700547445255479 1.5492307692307692 1.3851784621660208 1.3410976112026363 1.172404107894086 1.385696125084976 0.9045074322818858 5.2471025641025655 7.458836765978892 1.781059297387312 4.528086157212856 4.59204772433638 5.775010797030894 3.841297621757217 
6.627582590999379 2.549502759087039 2.363089420163781 0.3190133672819861 0.11660079051383399 0.32284678588690185 0.3630434782608696 0.3242445231958764 0.9975875912408758 0.9580769230769233 0.9634570671017745 1.283706754530478 0.7397005691660482 0.9640033990482664 0.24063755291721042 6.214141025641027 1.7975496580576378 3.75605419790762 1.6610093815667089 1.0548106159942452 4.696163099978798 1.2502679699947215 
4.471038678544011 1.6913940276827013 4.6322034976152615 3.998561425843411 2.9592885375494076 3.4339342677622042 5.368695652173914 3.433382731958763 7.868047445255476 8.21923076923077 6.150630226392004 9.000000000000002 9.000000000000002 6.15021278042148 2.146115797179871 1.3083076923076926 6.4085794983912026 7.8618072476355145 8.345297512035367 8.576754908730454 9.0 9.0 
1.5952816197706587 0.5310569056484065 2.4182639709631943 1.6637937619350736 1.893280632411067 0.9833011116481394 2.361521739130435 0.9845924613402063 1.4700547445255479 1.526923076923077 1.3558413216398129 1.655821663920923 1.3692897797574863 1.3569721278042146 0.1862688990037241 5.196538461538461 5.756618282191698 8.730234815104023 6.004728706132049 5.878827005295486 2.7123993424311754 5.885692504007323 
2.234302226392562 7.093867229893308 1.2235704472508027 1.1745225970719289 1.5379446640316208 0.7312856452392462 1.3843478260869566 0.7311694587628866 1.158357664233577 1.526923076923077 0.7324270854578833 1.0226709225700168 1.1312472160356353 0.7336002719238612 0.6638546010121908 5.9126153846153855 4.859403356658368 3.9443024469534578 3.1868352498671992 5.660564218296253 5.714463544822501 2.358513804074636 
3.681383178367313 2.35979384068255 0.7815268320484745 0.3991279439847231 0.47193675889328063 0.3749879168680522 0.5143478260869568 0.3734809922680413 0.8411922141119224 0.8576923076923078 0.5857413828268409 0.8282825370675455 1.05004578074734 0.5863133922501698 0.1851242957634402 6.368807692307692 4.496976604189171 3.6623598639076356 1.5173937317959734 5.65744957739566 3.7067699594345145 1.402599529290983 
3.5547403151314265 1.3925053846025413 0.16495257521672624 1.6351814131126672 1.5379446640316208 1.2657322377960367 2.1282608695652177 1.2655299613402065 4.996059610705597 5.107307692307693 3.7064797063022636 5.567656507413509 5.617348428606782 3.7068395649218213 0.8956367571696853 3.137910256410257 8.5839790611343 5.209928089368379 7.181951278865709 7.346298717390414 7.624016832113958 7.256306483871438 
2.053595130451738 0.7402977184312021 2.7388480667126616 9.0 9.000000000000002 9.0 9.000000000000002 9.0 9.000000000000002 9.0 9.0 7.824413097199341 6.094545904479091 9.000000000000002 9.0 0.009999999999999787 8.709437702557974 2.967102061305308 7.625806626811661 5.239828143307742 7.091277797707153 7.115511896056602 
7.7371866050864595 2.825819962266041 8.391677655457897 0.09869828134945907 0.08106719367588933 0.17945867568873852 0.11717391304347846 0.17943137886597949 0.5557433090024331 0.5007692307692309 0.5857413828268409 0.7264600494233939 0.33258104429596635 0.5869245411284838 0.07724544036668046 6.534256410256411 0.4353972994603126 3.568450634646183 0.8470808082935051 0.8352716914037972 2.628572676729159 0.6421825014406989 
1.3146077308343802 0.5639477902259027 1.7238628550859407 0.9971260343730108 1.5379446640316208 0.9485403576607059 1.195217391304348 0.9483891752577319 0.8827518248175181 0.7907692307692307 0.9487884968386703 0.8671602141680395 0.7185659490225197 0.9499469748470424 0.40202660979724353 4.602410256410257 6.312823153616235 3.5487519023449607 4.203011918757452 3.604966112256608 2.036149092476644 3.663671796684698 
4.416481458914709 2.449816923513599 0.5414123646398896 1.5665117759388922 1.182608695652174 0.9181246979217013 1.8445652173913047 0.9194265463917525 2.6009136253041367 2.9434615384615386 1.8179012849275953 2.459293657331137 3.017790150952735 1.8177783820530249 0.8266744119425788 4.2889871794871794 7.866194534988716 1.1251273276335994 9.0 9.0 7.165352764974412 8.417818297602388 
3.069531628910201 4.646507730452641 0.9276342202357735 1.068656906429026 1.182608695652174 0.6009328177863704 1.2456521739130437 0.5993894974226804 1.2010109489051095 1.2034615384615386 0.9524556394044464 1.1763303130148273 1.5094456817619406 0.9536138681169273 0.5233545532673394 5.016589743589744 6.529612161995048 2.53179589332526 4.519263876975252 4.791730813185543 3.8095670435830256 3.7894465537029594 
1.5719469053508979 2.175338457749654 1.8304365719770819 1.0314608529598983 1.5379446640316208 0.8138424359594008 1.5860869565217395 0.8137129510309279 0.9254051094890512 0.8800000000000001 0.6609178054252499 1.072656507413509 1.1557188814649844 0.6608735554044864 0.3287720024190725 4.924384615384616 8.553018192593697 2.9552828219245733 4.9499768847858725 4.07804545793565 3.158750704645688 4.534778447144512 
1.5442300849368165 9.0 1.5469051804301528 0.276094844048377 0.47193675889328063 0.18380376993716774 0.33782608695652183 0.18377577319587635 0.3840364963503651 0.3669230769230769 0.3327085457882931 0.41543863261944014 0.47496164315763456 0.33268660774982983 0.18598274819365312 6.01671794871795 5.713742933074493 3.2191742030070998 2.8780733004179258 2.128539807572473 3.301801210031141 2.063341477115891 
0.3962826433994229 0.010000000000000009 1.3321397246302902 1.251775938892425 1.893280632411067 1.1223441275978734 1.4978260869565223 1.1236130798969075 2.4642043795620436 1.9953846153846155 2.4816540893330616 2.446334431630972 1.933250433061124 2.481486063902107 0.2952923576407678 4.8463076923076915 8.156819761025336 7.364074006199054 5.099369877991558 5.002185368482594 2.6950639933841183 4.700453711191931 
2.9588286762286593 2.1735184829612813 0.9489381768005516 0.5679408020369192 0.8272727272727272 0.3662977283711938 0.6845652173913047 0.3662403350515464 0.6060523114355234 0.4673076923076922 0.5912420966755049 0.5987191103789127 0.7141165553080925 0.5918137321549966 0.23148072699493907 6.07323076923077 6.499070817418409 3.017208473104226 4.697718604251085 4.151953290972651 3.5432810865561146 4.146983830273564 
3.0336531360816954 1.1370709849231129 0.013182109967903255 2.6623647358370457 2.6039525691699605 2.4953939101014986 2.3489130434782615 2.494993556701031 4.85060097323601 4.393461538461539 4.955141749949011 3.4386408566721576 2.9755209106656775 4.954805574439156 1.388388452111914 4.274858974358976 5.393897862947726 5.638894847135127 3.751850508371815 2.8894206242466383 3.1500965804210486 3.080162254173185 
1.5411626107407912 1.41993634481492 1.694522722500524 0.41057288351368565 0.8272727272727272 0.2663605606573224 0.6152173913043478 0.2677673969072165 0.6727664233576645 0.578846153846154 0.398717111972262 0.7875535420098849 1.0834162336055435 0.3993018354860638 0.20229334436769905 5.710358974358975 7.182706092897255 2.8770251308733634 4.24683757807543 2.5023183450943973 2.8798223187540772 3.706336823295254 
6.223881076272529 3.022564865677124 0.6829892911779711 1.497842138765118 0.8272727272727272 1.4742967617206382 1.9013043478260871 1.4726127577319588 1.7773771289537714 1.9061538461538465 1.8417377116051399 1.8835337726523884 1.157943578322198 1.842835486063902 1.2621959448706117 3.914217948717949 5.294093111920501 3.931086388373185 1.8503740906181534 3.0641000680882597 4.043738792239803 1.4967238022828422 
1.5262634503600978 0.7536754712570755 2.4319092899781025 3.185970719287078 3.6699604743083007 2.5301546640889323 5.129130434782609 2.5311968427835057 5.989115571776156 5.5757692307692315 5.574888843565165 7.887357907742998 4.169070774560753 5.5751216859279396 0.4970286787408091 4.018692307692309 3.3826790035022567 8.935388158052 7.541435982021147 4.678154567567372 4.115257269783085 7.972600037772948 
4.503575815551845 3.1368104995575443 0.7539125896151426 1.1459102482495225 0.8272727272727272 0.6921797970033834 1.1006521739130437 0.6920699097938144 2.541855231143553 2.1961538461538463 2.3166326738731393 2.5907372322899507 2.3437070032170255 2.3170870156356216 0.7024849603717733 3.606371794871795 8.831770890450112 3.9775037648502405 5.667937265118157 8.208859581798539 6.968132681391629 5.075122302018917 
2.8588071069082766 1.09127141318685 0.07855019947805753 1.8497740292807128 1.893280632411067 1.5525084581923636 2.1786956521739134 1.5508118556701032 2.459829683698297 2.5530769230769232 2.5311605139710385 2.3056342668863268 1.9032170254887406 2.531600271923861 0.6160674157303372 3.9856025641025643 4.280103691017566 5.261538767997578 4.573942369694834 4.512408086864259 4.240791755469609 3.963415376494574 
6.3821846553173875 2.2456607825622363 6.690866844647086 1.9184436664544873 1.182608695652174 1.8653552440792653 2.4623913043478267 1.8650563788659795 1.5630170316301706 1.4042307692307692 1.517195594533959 1.700253294892916 1.1679547141796585 1.5177042828008158 0.36797466339879686 4.634384615384615 5.092679656820999 5.30369405512219 5.525975346420299 4.192378734328272 4.316565026864461 4.87740473227214 
8.506136654439992 2.8012596839363537 9.0 0.11300445576066204 0.08106719367588933 0.1577332044465926 0.2684782608695653 0.15770940721649496 0.5141836982968371 0.4673076923076922 0.600409953089945 0.6172322899505767 0.3514909675822816 0.6003698164513935 0.12131266511761149 6.144987179487181 3.821920593773405 2.1948759392205766 1.6300046027802608 1.5871979154887559 4.108644723924592 1.0315879407449025 
1.4003326793482902 0.278268036331458 1.6907473377928421 0.5107161043921069 0.8272727272727272 0.4271290478492026 0.6845652173913047 0.42850998711340205 0.572148418491484 0.5453846153846154 0.5472363858861923 0.6301915156507416 0.47941103687206155 0.5484221617946974 0.12818028455931502 6.583333333333332 2.604399121752947 6.901619403520236 3.6201395792617816 3.7618661476240076 1.9488445167261021 2.9516665133149638 
1.189169946746933 0.464299479905832 2.0965472598014228 2.012864417568428 2.6039525691699605 1.4134654422426294 2.802826086956522 1.4117912371134023 2.471860097323601 2.4861538461538464 2.455984091372629 2.6425741350906096 1.9321380846325171 2.457040108769544 0.32905815322914345 4.434358974358975 6.345147475039721 8.518455534927451 6.495342139337303 4.401600410935504 2.6808497298481386 6.546782737763746 
2.0921028868768357 0.6120176397909605 2.5461416444191136 0.7939783577339274 1.182608695652174 0.25332527791203485 0.4702173913043478 0.2532860824742268 1.1856995133819954 1.1253846153846154 1.271497042626963 0.7301626853377268 0.9977654046028216 1.2720224337185586 0.12703568131903112 6.019320512820514 5.273641318677215 6.674582559779445 2.288493170522976 5.920571845143718 4.565461433648754 1.347722727206691 
1.0059979161843025 0.20948424690698442 1.4853664096949335 1.1974124761298537 1.893280632411067 0.9485403576607059 1.4158695652173914 0.9483891752577319 4.356260340632604 3.9807692307692317 4.095196818274526 4.716050247116968 3.263619153674834 4.096141400407886 0.8587233026705288 3.0561153846153846 8.007049705889902 6.0908912137558495 4.767000292416597 6.535518757954656 4.3092885163603425 4.331814820554295 
4.9372399800148665 6.402032896164827 0.8898264390916988 0.834035646085296 0.8272727272727272 0.3662977283711938 0.6278260869565219 0.36768846649484543 0.3610693430656935 0.5007692307692309 0.30703854782786066 0.3321293245469523 0.4827480821578819 0.3076295037389529 0.23634529076614574 6.015602564102565 4.495801937090071 2.9095459471088354 5.460252930423524 8.107352569670168 6.304086733971007 4.525374726993613 
6.593347387918745 2.227179595278246 7.197793142754296 1.2546371737746658 0.8272727272727272 1.2831126147897534 1.5419565217391304 1.2843556701030931 0.8882201946472021 0.7907692307692307 0.92128492759535 0.9134431630971993 0.6562744370205394 0.9212229775662812 0.22890536970430023 5.0441025641025625 1.7201265105079315 4.959181135112306 2.6773235637319193 3.5937620567947506 4.883812155778698 2.009400693472545 
1.6759671463911001 0.4148599585928241 2.387737288898221 0.459213876511776 0.8272727272727272 0.41409376510391505 0.48282608695652207 0.41402867268041244 0.10296228710462296 0.1661538461538461 0.07417499490108104 0.10441721581548613 0.20688567186340034 0.07539292997960556 0.13562020562116053 6.238307692307693 4.744873314495975 5.33990390667952 2.7189222223502423 3.471231218587373 2.772183261135411 2.1189366189339314 
2.6406330047160047 1.4068775566426797 0.009999999999999787 2.290404201145767 2.2486166007905135 2.004398260029 2.4182608695652172 2.0026288659793816 4.406569343065693 4.44923076923077 4.216212522945136 3.520098846787479 3.3581687701064107 4.216537729435757 0.9531530699939523 3.6175256410256416 6.024484333183223 5.702933635052549 4.933687812306687 4.469192444368523 5.515888431350679 4.329659801353047 
7.70601887620185 2.4955602073698104 8.525326274109847 0.35907065563335455 0.11660079051383399 0.44450942484291933 0.38195652173913053 0.4458875644329897 0.7602603406326034 0.6792307692307691 0.7929349377931879 0.944915568369028 0.5138938381588719 0.7941040108769544 0.09183913168030049 6.366576923076924 0.009999999999999787 3.9144320056094273 1.2947025912639738 0.009999999999999953 4.865239212766322 1.076516825910304 
1.6915236226709407 0.4863455662598297 2.3542981672016077 0.7710884786760026 1.182608695652174 0.6139681005316578 0.6152173913043478 0.612422680412371 0.09202554744525537 0.15500000000000003 0.16218641647970633 0.010000000000000231 0.10454961643157645 0.16278721957851794 0.484724193907757 6.69301282051282 4.225607528098538 4.505071631753818 1.9297621115497776 2.9137970151839228 4.098694287772777 1.4971156239557963 
6.647959383872972 2.8407550131067065 1.2902868884422714 1.1258816040738384 0.8272727272727272 1.1223441275978734 1.2456521739130437 1.1236130798969075 1.9709574209245748 1.9953846153846155 2.1167734040383444 2.0223826194398677 1.2925377381836185 2.11724133242692 0.5093331635738614 3.832051282051283 3.6830162093046583 3.912569580010036 3.170410449999741 2.4025200595712124 6.15743184908072 2.7169653312154662 
1.5736449714236969 0.5682256691099132 2.296966253712091 1.766798217695735 2.2486166007905135 1.135379410343161 2.5128260869565215 1.136646262886598 1.85502798053528 2.0176923076923083 1.7317234346318582 1.9631404448105438 1.5795236327641677 1.7328286879673689 0.21631473406117704 5.11697435897436 5.956311689038944 8.575366963339519 6.239581735007788 5.286374721211057 1.8335314731692014 6.141094931161228 
0.7016606548786877 0.1577369225118126 1.6214420613732483 1.2460534691279441 1.893280632411067 1.2092460125664573 1.5986956521739129 1.2090528350515464 1.6166070559610708 1.4711538461538465 1.6895512951254337 1.5854715815485994 1.15015713932195 1.6906594153636978 0.3453687494031894 4.348474358974359 6.261746111003521 7.66077273053234 5.265321612566286 2.7841717171474145 4.5494359468277645 4.801696077909123 
8.47398295170666 2.878599231128847 8.756002279749225 0.15592297899427116 0.08106719367588933 0.19249395843402617 0.2810869565217392 0.19101643041237115 0.5962092457420924 0.5565384615384616 0.7287599428921071 0.5820572487644153 0.33035634743875286 0.7299333786539766 0.12760798293917308 6.020064102564101 3.674856468205543 2.32535317880847 1.7408170858699599 1.8137664115562377 4.26711095268097 1.2761717361511304 
1.562525377463107 0.680313600921644 2.470256411794703 2.3647963080840224 2.9592885375494076 1.8653552440792653 3.8052173913043488 1.8636082474226807 4.968717761557179 4.828461538461539 4.537087497450541 6.369277182866557 3.398213313536254 4.536779741672332 0.37856224337142313 4.388628205128207 3.752132782367858 8.78320649705585 6.881168671137409 6.833183258468326 4.44667048004333 7.072280904807335 
4.076320481105518 1.8149834496518786 0.6507367189609137 0.9484850413749206 0.8272727272727272 0.9007443209279846 0.9997826086956526 0.9020489690721648 0.921030413625304 0.9357692307692309 0.6297470936161534 0.9115918451400329 1.2035498638950757 0.6309272603670972 0.32619664512843366 6.26024358974359 3.601439774511703 5.365010836394351 2.383898809157248 4.145053496199808 2.4249975029667974 1.9844111778863618 
1.319482823753062 0.4690088992035797 2.0781018088010312 0.8626479949077022 1.182608695652174 0.7182503624939585 1.23304347826087 0.7195844072164949 5.133862530413626 4.828461538461539 4.8047889047521934 5.48990115321252 4.153497896560259 4.805685248130523 0.7436906770219944 3.1698846153846154 8.07272618244859 4.562985904719408 4.171844624282416 6.224681921965561 4.508545661542976 3.594123449735348 
4.827468224857118 2.3597563154291814 3.2384932657407686 0.9999872692552514 0.8272727272727272 0.9311599806669888 1.3717391304347828 0.9324597293814435 6.083171532846716 5.531153846153846 5.906765245767898 6.65438014827018 4.411562731997032 5.9063643779741675 1.3717917051277972 1.889423076923077 7.274141340843387 5.975313378963051 4.385267012904869 6.084847523199328 7.748408575927395 3.8504836632009183 
2.794828359391185 1.454609678927421 0.5928115307316193 0.6280267345639721 0.8272727272727272 0.4010584823586274 0.7160869565217395 0.40244362113402066 0.7580729927007301 0.7796153846153846 0.5105649602284318 0.6801771004942341 1.2013251670378624 0.511142080217539 0.28928319062927715 5.966897435897437 3.6513841024217113 3.28897934710724 4.1260527037212 5.121039200071214 4.960985624725553 3.3916387163009643 
4.93378907154434 1.891985269564056 4.071073461919189 0.43060152768936993 0.47193675889328063 0.3923682938617691 0.6278260869565219 0.3908585695876289 3.073380778588808 2.7092307692307696 2.9767183357128295 3.4256816309719937 2.2992130660727543 2.9771278042148195 0.8930613998790464 2.6337564102564106 7.186880356338709 4.94961829597699 2.8639683673578826 6.867920156290224 5.5700670430806065 2.1884196622711234 
5.454766697944213 1.8896211786018404 5.795237723850375 0.41629535327816686 0.47193675889328063 0.41409376510391505 0.5521739130434785 0.41402867268041244 0.7810401459854017 0.7461538461538462 0.6957556598001226 0.8116206754530477 0.7219029943083398 0.6969313392250169 0.06723016201419614 6.495217948717949 2.951345439951841 6.601625618511111 3.5073679784755942 5.37849455173625 4.342739687554324 2.538381719831281 
5.1417200009748845 1.79297488855125 0.7347120616732155 1.9213049013367283 1.5379446640316208 1.8827356210729822 2.235434782608696 1.8809858247422682 1.6997262773722628 1.6384615384615386 1.6913848664083213 1.8798311367380565 1.350379856471171 1.691270564242012 0.5101916160040743 3.697089743589745 7.00317081251852 5.691150211548727 4.5101558548676035 2.6872285191164407 3.4021773074445756 3.732719482607496 
1.05069539732638 0.22942891907234575 2.089967303596604 0.3419032463399109 0.8272727272727272 0.3098115031416143 0.5521739130434785 0.30831507731958774 0.6760474452554746 0.5565384615384616 0.6957556598001226 0.7060955518945635 0.5995446671615939 0.6963201903467027 0.08983607600980362 6.711602564102565 7.998785083799793 6.778484418699154 3.219918800758217 3.579551507685793 2.9070810033551693 2.605078475716354 
1.2402762579057045 0.49700273821648633 2.251823439421664 0.9255951623169956 1.182608695652174 0.8138424359594008 1.1889130434782613 0.8137129510309279 1.6330121654501213 1.4711538461538465 1.801399143381603 1.407745057660626 1.239145013610493 1.8012773623385452 0.128466435369386 6.171012820512821 3.7953857030526317 8.664047074571922 4.745500002582483 3.9719097433577852 3.634831422625635 4.362986411424864 
6.280355467274345 2.4371896757550964 1.1146775654677987 0.57080203691916 0.47193675889328063 0.5053407443209279 0.7350000000000004 0.5067090850515463 1.1463272506082725 1.0696153846153844 1.2238241892718746 1.1337500000000003 0.877631774313289 1.2237416723317471 0.5665633255880576 3.6610256410256414 5.873518634750492 2.0998206018979637 3.7001973077013215 4.22047539078571 4.741127508463285 3.1553049438974905 
1.8644524804718436 0.5065716778254554 2.7075123736388993 1.0114322087842138 1.182608695652174 0.41843885935234415 0.6845652173913047 0.4183730670103093 0.7263564476885647 0.6569230769230772 0.7434285131552113 0.3913714991762769 0.7964303390249942 0.7446009517335146 0.23148072699493907 5.324807692307692 6.785878375382949 5.718227014493678 2.7345237284546364 5.367679826386968 2.975866837288897 1.954480355646814 
3.321612276233533 1.0647222964286311 3.9601310855805862 0.39626670910248246 0.47193675889328063 0.3445722571290478 0.5773913043478264 0.3445183634020619 0.6837031630170318 0.6457692307692307 0.7140913726290027 0.7246087314662273 0.6584991338777534 0.715265805574439 0.13104179266002483 5.789551282051281 3.0729654371052364 6.751479247508026 2.962065337230632 3.552255140904202 3.751083953572265 2.5300010896042076 
3.7296411206297764 1.7542113018215817 0.7688523262441129 1.497842138765118 1.182608695652174 1.4351909134847753 1.8950000000000005 1.4349613402061858 1.5247384428223845 1.560384615384615 1.539198449928615 1.5836202635914336 1.1156743380351402 1.539705642420122 0.5694248336887673 3.85026923076923 7.605334534195401 5.530623451232241 3.618907317447219 2.70654361859026 2.297416922147831 3.0019720625481248 
