5.928185504247894 8.574099537648475 5.789922716681663 4.4728819326301466 4.237086092715232 4.427142032332563 4.206296891747053 4.424562247450452 5.111500821617675 5.535488907148727 5.29915427688743 4.517198100407056 3.9621854659621722 5.299630606860156 3.259157427937916 2.4023644639518826 3.037184176704966 7.162553075711731 5.004017506567134 5.191009659649858 5.956730297330627 4.211184811154283 
5.403647243476554 2.1923051436867067 5.351020658869127 9.0 9.0 9.000000000000002 9.000000000000002 9.0 9.0 9.000000000000002 9.0 9.0 9.0 9.0 9.0 0.010000000000000231 7.627290908482135 6.888751989050945 9.000000000000002 9.000000000000002 6.632651623671852 9.000000000000002 
4.073434462339701 1.6087814967876648 0.698866242185157 0.8481286151752297 1.2602649006622513 0.7989607390300231 0.7567577706323687 0.8005387723686741 2.797934088004382 2.1670090386195566 3.065107163545086 2.413025780189959 2.4380366031089675 3.0658710341720834 0.5145662416851442 5.134877265707553 7.469702006114411 3.6094391906933048 5.916741879744776 5.193094149507338 5.982981998942999 4.500196177520773 
1.5271202906046932 0.39196042869948755 1.7950066325235898 1.001071793126914 1.8556291390728479 1.0532967667436488 0.7133976420150054 1.0548258610736965 0.38588278254518904 0.3054806902218571 0.4179262405869858 0.3149525101763908 0.33699670725170383 0.41903082566445715 0.6516089246119735 5.67597252702593 3.9525473969963647 5.247909662046844 2.983971234252035 4.00404446905693 4.475016909355888 2.344583247036212 
1.6700935785161795 0.42759860067428823 2.5451065817703658 0.805304525348758 1.2602649006622513 0.3006697459584296 0.3135209003215434 0.3023436598037329 0.6066523644330838 0.5197041906327035 0.8119656304305848 0.2929959294436908 0.4788100160808636 0.8118624107085396 0.17486650036954915 6.0493684467203135 5.608735908391991 6.360754685090981 2.420283204359176 5.245368298069196 2.534114707803126 1.580235508296951 
1.3432058667903277 2.0637197771228544 1.7584012157704105 1.1203674719292276 2.450993377483444 1.006581986143187 1.2337191854233656 1.0063902251298826 0.7002127076866901 0.5861873459326213 0.6036628692797835 0.7101709633649933 0.723885442989509 0.6035864598751527 0.4726228750923874 4.994945135332847 8.506602715169869 2.745268408511901 4.5060459436194815 4.067550577530453 2.798043492767369 3.8803355024977844 
4.239711059981808 1.8909700022670402 0.5139207442268217 0.8878938414426677 1.2602649006622513 0.954676674364896 0.6941264737406216 0.954494900904368 0.840553222567099 0.7560887428101893 0.7407955203707278 0.7406662143826324 0.803741480970978 0.740701460840466 0.437739283074649 6.391708932780624 2.8286787306542225 5.131948156881499 2.905474262753634 4.462389384515296 4.674896181626322 1.9252728507874444 
8.109236330342863 2.687481276115165 8.65079676794242 0.1384722694794147 0.010000000000000009 0.22281177829099313 0.22680064308681674 0.22277082932461045 0.3916277159028668 0.31286770747740356 0.5463796099633133 0.4100976933514249 0.22616203384638933 0.5463105733959716 0.17154425351071692 6.194415589693573 3.2842185580392664 1.9584423566852713 1.4844229159061744 1.7369694902739419 3.6391217767235426 0.88383020454489 
3.215808526703169 0.9458292273550697 3.5341268715251353 0.2852977203130317 0.6649006622516557 0.25395496535796774 0.1545337620578779 0.2556378680007697 0.41706956362972447 0.39412489728841404 0.2964162965823517 0.2759185888738128 0.3872509380503867 0.29637943239590714 0.2566768292682927 6.729665122327889 2.2484524149867484 4.365912902241753 2.228604893225455 4.925712790312886 4.312739480254177 1.1414491495936443 
6.329526221603913 2.347067551575176 6.2047149745080405 1.1295440626063287 1.2602649006622513 1.3232043879907622 0.9157449088960343 1.324681547046373 0.6058316596677015 0.4827691043549712 0.6921915427688742 0.5552550881953868 0.4106570181484033 0.6926822832872129 0.2404808758314856 5.5744029911403725 3.349074055472708 5.181534764075884 3.2639557938749437 4.948196947901823 4.272918000523162 2.491379124657228 
5.686814525478445 2.3544158210327306 5.645782407086997 7.797866621299761 7.809271523178806 7.795796766743648 7.752191854233656 7.796028477968058 6.354047836406793 6.902087099424817 6.634027804595481 6.091972862957938 5.241258901906731 6.633175236501704 6.737549889135256 0.3782809070958302 6.661705776754416 6.374689337037982 8.340535392363668 7.092206074031052 7.051806992225521 7.647370202225223 
2.9464842658485972 1.8982247822912912 0.8372513092024825 1.0133072473630484 1.2602649006622513 0.954676674364896 0.8916559485530546 0.9527650567635175 0.8019800985941213 0.8447329498767463 0.7303803823131877 0.7101709633649933 0.7720744314266021 0.7314447519145376 0.5344997228381376 6.103441437047875 1.4429105528984225 5.34452571956237 2.7622766980663176 3.851694569570415 3.5731045862123567 2.2156620577099924 
2.418632231675198 1.1111559412066891 0.021510485154681902 2.3194419870704324 3.641721854304635 2.2886431870669743 1.797400857449089 2.286474889359246 1.7802601789300714 1.657304847986853 2.040951921220313 1.4603541383989147 1.3069722030783368 2.041269064933393 1.0872385439763488 4.2255010972933436 4.669708882896386 5.43402621012623 4.30171715977337 4.045127133238335 3.482515419054855 3.3933061048655 
3.320780316407154 1.094907477698766 0.010000000000000231 2.0655563116706364 2.450993377483444 1.8785912240184754 1.734769560557342 1.8799615162593806 2.353932809932445 1.805045193097781 2.091291755165089 2.221515603799186 2.3065495060877557 2.091023875410258 1.590558943089431 3.33293139884581 8.420537779803894 4.508261301519511 6.299545866688797 5.196736947316526 5.274829949979268 5.984093217460462 
2.5988587463808184 0.9833932816558959 0.0742409509308608 1.9952024498128615 3.0463576158940393 1.888972286374134 1.6865916398713827 1.8868808928227823 1.8516614935183497 1.6942399342645853 2.374236339061595 1.5225644504748983 1.1864997319856037 2.3745105862668123 0.8895648558758317 4.0724160773795015 3.789980296860633 5.13165167492518 4.163803764016798 4.473965386442273 3.756130617990025 3.3916117333708895 
5.131864376549485 1.7789883590576596 5.569927272936998 0.4627118067369853 0.6649006622516557 0.5290531177829101 0.44360128617363354 0.5289532422551473 0.591879678656199 0.49754313886606416 0.6366441397953272 0.5381777476255087 0.455403935982847 0.6377205740395137 0.09305617147080564 6.538582865967651 2.3232411535479818 6.5182977846301 3.1930770628497473 5.2843259968619085 3.8463998375349435 2.172688327934586 
1.5253565079874676 0.33891452424381674 2.031645615613538 0.7410683906090508 1.2602649006622513 0.8197228637413394 0.55441050375134 0.817837213777179 0.47123607814497015 0.4015119145439606 0.44917165475960596 0.30885345997286295 0.4168527452331725 0.4502722182894653 0.4045168144863267 6.431532959440787 3.986375987410594 5.658944834238884 3.0207523658219486 4.27488648617011 4.427096755681382 2.3578030685875717 
5.705093727147876 2.0962167041387008 4.308751413015896 0.6462436202790066 0.6649006622516557 0.6017205542725172 0.602588424437299 0.6016066961708679 2.1216733613291945 1.5760476581758422 2.764804016219347 1.8470339213025784 1.2567179722796538 2.765027994079413 0.7006120657797488 3.7589388766967424 7.173626588163175 2.9386858247656455 3.8780002795178348 6.171832969773918 4.178281496066494 3.088244757967641 
1.2205962509140846 0.36643781340798576 1.3238026276328245 1.4874310990132695 3.0463576158940393 1.5567782909930716 1.20481243301179 1.5547508177794882 2.2291856855943037 2.107912900575185 2.433255454720989 1.6811397557666217 1.6429182938969298 2.4335221056696055 1.1071720251293422 3.851009103470699 9.0 5.082287429198033 3.9680895896240678 4.795745859587276 3.9509627166719747 3.286672417506855 
4.118758330806594 2.3372511610784446 0.519209345514108 1.6923749574685267 1.8556291390728479 1.1311547344110853 1.4312486602357988 1.1326688474119684 1.9575324082526935 1.95278553820871 1.6989882216644139 1.6238086838534604 1.8762906807565662 1.698770834674046 1.195211566888396 4.370548240266602 7.748457926714621 0.8515269727675197 8.192113798471983 8.672816043438035 6.3456666138759035 7.201750499142553 
1.0848384373457947 9.0 2.1483577871594353 1.1264851990472948 2.450993377483444 1.04810623556582 1.1518167202572347 1.0496363286511448 1.2361329194814683 1.0515694330320464 1.5809499903456268 0.9919470827679784 0.8615682670954898 1.5819048844842012 0.24172671840354767 5.759639518816551 4.924268446903258 7.674873896231318 4.196789591233193 6.088655753130777 2.0313530287365626 3.378671203824137 
1.6365282608307918 0.6579565643309211 1.5142441230073596 1.71990472949983 3.0463576158940393 1.8111143187066974 1.199994640943194 1.8124975947662112 1.1089236808471794 1.029408381265407 1.289326124734505 0.8870434192673 0.7342116547974578 1.2897400090095887 1.3081679600886917 5.3120759164431455 7.2987993190182925 1.5302482912712598 4.122068419312187 4.548480839405789 5.114596186252931 3.2871565236481723 
6.702325729335733 2.361558413737018 1.4719353127090686 0.7318917999319497 0.6649006622516557 0.31624133949191685 0.18344051446945348 0.31618241293053684 0.29314314405696573 0.2980936729663106 0.3762656883568257 0.08440841248303943 0.25507542690864526 0.37737563549777986 0.2658130081300813 5.906878810046331 3.8450183252073975 0.00999999999999801 3.9886671284315742 7.761489220407052 6.019316049696868 3.289223284482259 
1.334333505746101 0.4474557563076762 2.3832857521858504 2.7079176590677103 4.832450331125828 2.480692840646651 3.329458735262594 2.481947277275351 3.521795691071754 2.9426458504519317 3.983375168951534 4.020735413839892 1.9864369400413509 3.982863762146856 0.526609386548411 4.471021702023897 3.0896983745553905 9.0 5.7343348388605015 6.180474495687937 3.685286217874002 5.374175337801454 
4.434635763164309 2.4835434263097356 0.45097601910166807 3.656165362368152 4.237086092715232 2.895935334872979 2.2839978563772783 2.8971098710794685 1.121234252327917 1.273179950698439 1.3986850743386756 0.9797489823609229 0.6626165862623477 1.3990848831971165 4.4327411308204 3.4597106396813793 2.5727067477457295 2.7143972248101633 1.9243726460882957 3.0897629322473827 5.035117199942346 1.63341270597397 
1.3340128179975146 0.5738534701322577 2.3734862850947014 2.5457978904389247 4.832450331125828 2.262690531177829 2.9295819935691325 2.260527227246488 3.7343582253058245 3.2011914543960565 4.273263178219733 4.200047489823609 2.111728309977793 4.272714460389985 0.5448817442719882 4.468464195724621 3.207183841880373 8.775674339799988 6.263691211984627 6.645416922734056 3.938424769603908 6.050825387094369 
1.318619806065362 0.408695037260582 2.2492560038757015 0.5544777135079958 1.2602649006622513 0.534243648960739 0.5929528403001072 0.5341427746776987 0.6427633741099145 0.5270912078882498 0.7147576752268779 0.5601343283582088 0.4313094417643004 0.7158240556020335 0.15534830007390985 6.477568072827767 1.499847242719496 6.70056006727733 3.1764264856345736 2.094125577699288 2.3353472534864137 2.4284825652199133 
2.8044730411828693 4.526362335509553 0.8905002653009442 1.1601326981966653 1.8556291390728479 0.7522459584295613 0.9735584137191855 0.7503732922840101 0.9070303085630821 0.8004108463434677 0.8796640278045956 0.7784803256445048 0.9428011333180184 0.8807091833451316 0.7550138580931264 5.08555392993579 6.273082189134683 2.307068077072117 4.114038953142433 4.735315891485956 3.3743051371343844 3.2428049533167087 
6.24283363356936 2.1153820379656527 6.9182613560338675 1.3589588295338548 1.2602649006622513 1.5671593533487296 1.199994640943194 1.5685895709062923 0.6723087456636848 0.5270912078882498 0.8501544699748987 0.6052672998643147 0.4147875028715826 0.850046335027994 0.32768985587583155 5.112590425099569 0.9641700084736371 4.818789090519335 2.4376245757286323 3.6144270055985896 4.325489392615581 1.720216661005576 
3.228689484604729 1.0150861995453435 0.5706954345168067 0.6645968016332088 1.2602649006622513 0.6484353348729794 0.6555841371918545 0.6500423321146814 4.089723388716451 4.087633525061627 4.9971152732187685 3.9426675712347348 2.542675549429512 4.997630478151747 0.48591186252771623 4.587205559619607 3.4963129373646202 4.274892941651753 2.9559249915882493 3.3946853466420848 2.636905877035484 2.1748854250374876 
1.146410485074405 0.43173083362624576 1.8190645834775188 1.0316604287172506 1.8556291390728479 0.9910103926096996 1.069914255091104 0.9925514720030788 3.55954811027935 2.898323746918653 4.2246592006178805 3.3974124830393486 2.3609342216096176 4.225273827144603 1.515393107908352 3.0446639031130625 7.615621086737595 4.676144209285262 5.390213699158174 6.037474443911675 5.005482052326914 4.28964724498165 
7.777164166681528 2.6204306545508236 8.277068943640852 0.40765226267437904 0.06953642384105962 0.534243648960739 0.44360128617363354 0.5341427746776987 0.664922402775242 0.5935743631881675 0.9942305464375362 0.5637937584803259 0.29500344589937966 0.9941038676877533 0.29031457871396904 5.23279322116557 0.1992641328171887 2.6583991953103734 1.0737157213232518 1.8794433601444334 3.983553380358633 0.9501527459053745 
1.2210772825369638 0.22412819803536976 1.0918300574434223 0.4963593058863559 1.2602649006622513 0.41486143187066976 0.4532368703108253 0.41651337309986525 0.19958280080335966 0.16512736236647496 0.16449121452017768 0.19419131614654006 0.2688437093192434 0.16562841881716972 0.27494918699186993 5.977758270340567 5.993446401021987 2.8422180082282793 2.0494925341075945 2.9125003432991385 1.9724906667117459 1.4481303901182205 
0.48386959649467 0.1592465313236393 1.0346924239278392 2.671211296359306 5.427814569536424 2.885554272517321 2.3418113612004294 2.883271117952665 1.7884672265838968 2.0488167625308136 2.275292527514965 1.4896295793758485 0.9875480511524619 2.2761580539288238 0.9049302475979306 3.940887181988134 6.898413292021128 7.696554139287159 4.9692502431317 5.260182342493229 3.9099014399422023 4.355951166875161 
1.6286179630323234 0.40071103965657384 2.6015701778669813 1.0989554270159916 1.8556291390728479 0.534243648960739 0.544774919614148 0.5341427746776987 0.5508444403870735 0.43844700082169286 0.6817764047113343 0.26128086838534603 0.5015276820583505 0.6828470300534141 0.3314273835920178 5.388435747378688 6.555959594398641 5.604206853053455 2.4896844485932164 5.274207114058607 2.6361100073491874 1.673239745830814 
0.009999999999999787 0.16249996360255636 1.0734236510023765 1.1478972439605308 3.0463576158940393 1.115583140877598 1.1855412647374064 1.1171002501443141 1.4856271681577509 1.221470829909614 1.6694786638347172 1.3164165535956585 1.0391791101922045 1.66984361928052 0.4568422025129343 4.749789888645047 6.643784264789587 7.785609906916541 4.8939146707628876 7.240791749114739 4.885957622956506 4.318395701989114 
4.002615917860178 1.8478713735147236 0.6451506447966411 1.7657876828853354 1.8556291390728479 1.6657794457274826 1.7492229367631296 1.6654608427939193 4.676527295964945 4.065472473294989 5.5334948831820805 4.537934871099051 3.0355800597289226 5.532783962931977 3.6063322246858833 1.2167776152158014 8.265055928584488 5.585899092250738 5.627375522807734 7.760214241173836 7.585955532086403 4.802892852112968 
7.3358443766683905 2.474867606899291 2.4686292592336274 0.22412044913235796 0.06953642384105962 0.3629561200923787 0.24125401929260454 0.36288820473350003 0.6591774694175646 0.5197041906327035 0.832795906545665 0.7296879240162821 0.36453327207289987 0.8338470944076194 0.15742470436067996 5.8944566365927 0.2077618006351365 3.6827072941486847 1.0677228788601187 0.010000000000000037 2.79078068196175 0.8852452840348948 
3.0504405443487252 0.9569357720313723 3.805763951369185 0.4412997618237495 0.6649006622516557 0.44600461893764426 0.46287245444801733 0.44592072349432366 0.5188369545371557 0.4310599835661463 0.6540027032245607 0.4808466757123473 0.4161643311126426 0.6550769032756291 0.18566380266075388 5.8451333008209385 2.457490412426627 6.6733578477850415 2.6967780344544607 3.5755907333995167 3.3225216160379523 2.165519833149693 
1.3448627534913582 0.46215229522278367 2.206895344545182 1.9064954066008846 3.641721854304635 1.39068129330254 1.9419346195069667 1.3921454685395418 1.3978117582618226 1.339663105998357 1.617402973547017 1.2968995929443692 0.9861712229114021 1.6183531758800438 0.3094174981522543 5.184200601479315 5.640249057983891 8.56061374073494 5.679760475274333 5.198133353143382 1.6246356236220265 5.254321828891447 
2.857172727867254 1.7001767667839007 0.7802173737513556 1.7382579108540321 2.450993377483444 1.8059237875288678 1.5998713826366566 1.8055782182028095 1.1655523096585725 1.1032785538208714 1.3414018150222051 1.1383242876526458 0.8533072976491307 1.3423875410258064 0.7612430709534369 3.81556937332358 7.897086073099934 5.674139534500245 3.8633456910590276 2.4724503679491425 1.3804556050444239 3.327560766981202 
1.0195784805084385 0.3911751174597491 2.163497704570098 1.0071895202449812 1.8556291390728479 1.006581986143187 0.9301982851018222 1.0063902251298826 1.2312086908891726 0.9776992604765821 1.683365514578104 0.9309565807327 0.7755165020292518 1.6831501383615421 0.18192627494456765 6.219990652686338 3.2549282316368027 8.652374906215734 4.319944373058316 3.9682438616988467 3.2195864703799346 3.7333906691409773 
5.701085130290544 2.0197984413574788 6.611522481371263 0.14458999659748206 0.06953642384105962 0.24357390300230958 0.21716505894962496 0.2435289590148162 0.2635977725031954 0.20206244864420708 0.3085672909828153 0.32105156037991867 0.16971207596293736 0.3085288628611881 0.03242516629711753 8.169906526863368 3.924437945413289 5.79113872651271 1.4680681611288335 3.4283002753146534 0.3658937268558473 0.9741346193675597 
5.957688777117854 1.951046312107037 6.769973123860937 0.040588635590336875 0.010000000000000009 0.14495381062355667 0.07744908896034303 0.1466576871271888 0.013282819061530171 0.010000000000000009 0.010000000000000009 0.058792401628222635 0.014818898843709183 0.01000000000000012 0.010000000000000005 9.0 1.009807347081746 5.9095832680622316 0.010000000000001563 3.1922874528104384 0.009999999999999787 0.01000000000000012 
4.906688129083657 2.0499207367674495 4.964589821671628 3.9804048996257233 4.237086092715232 4.0638048498845265 3.51253483386924 4.0612949778718495 4.192311484389265 3.9472801972062452 4.170847653987256 4.317149253731344 3.8926556397886514 4.170890662204775 2.4983628972653364 2.1751117613590187 4.204096887934209 6.912989388980041 6.005083886990182 7.08233004441503 6.885182274937853 5.438431118327851 
0.17846796392411424 0.24162941994954235 1.3292467760167952 1.1234263354882614 3.0463576158940393 1.04810623556582 1.1662700964630228 1.0461766403694437 1.5562077779806467 1.2657929334428926 1.6989882216644139 1.4188805970149256 1.1975143579140823 1.699927923289787 0.4074237804878049 4.913470291798749 5.802052062648255 8.00585894021717 4.809970990532735 6.480458895274628 4.0473589329978426 4.233323357386067 
1.639948930149048 0.7753979904451507 2.500671961150715 2.4570908472269477 4.237086092715232 2.070640877598152 2.9199464094319403 2.068514527612084 4.261250684681396 4.006376335250617 4.6377930102336355 4.825810040705562 2.5220231258136154 4.638354462964154 0.7840835181079086 3.898871007071447 3.748765450223172 8.786273569738395 6.33246017639275 6.6746200185043865 4.26357553023576 6.045220927535271 
8.000469735613938 2.6486270676347687 8.65328552148938 0.3556515821708064 0.06953642384105962 0.4719572748267899 0.40024115755627016 0.4701385414662306 0.6714880408983023 0.5197041906327035 0.943890712492759 0.5808710990502037 0.3762363121219082 0.9437705129030182 0.2633213229859572 5.3822246606518735 3.7335530040204707 1.920715027743654 1.9140513687243406 3.085978470078948 3.3431022462173052 1.366614363707159 
3.0227545020540907 1.0809027605900958 3.977332399012621 0.9001292956788022 1.2602649006622513 0.954676674364896 0.8001178992497322 0.954494900904368 2.6658006207777984 2.2113311421528348 3.334164896698204 2.3898493894165536 1.6153817290757333 3.334894137331874 0.777854305247598 3.787436804031538 3.658115942028984 5.635522759689671 3.2818059148215504 1.6607135894682579 3.69359285776567 2.6530333369232943 
3.38652130486739 1.0574743086045628 4.073201259602741 0.010000000000000009 0.06953642384105962 0.010000000000000009 0.010000000000000009 0.010000000000000009 0.10027752419207614 0.09864420706655708 0.10373624251786062 0.08562822252374502 0.15387855119074967 0.10488126649076523 0.07976718403547674 7.793953100869707 0.8732658017889934 3.5388764850893324 1.6090389305423507 3.617907901282926 2.8360852639033967 1.1693038721863689 
3.013026973680299 1.0404218359702408 0.09093633930837264 1.8269649540660091 2.450993377483444 2.081021939953811 1.272261521972133 2.0788935924571863 3.6818331203213437 3.053451109285128 5.024888974705541 2.3569145183175033 2.0174155754651966 5.02424351631379 0.9925545084996305 4.860858733642203 4.421354700293356 5.369022541203243 2.7794230216745657 2.330907435296554 2.8646845811230905 1.8238898531153953 
1.0149819561120328 0.28852371969392854 2.04377828915496 1.0744845185437226 2.450993377483444 1.0948210161662817 0.9591050375133976 1.0946122763132575 1.0449087091473435 0.9038290879211178 1.426458775825449 0.8016567164179107 0.695660464047783 1.4262764656670313 0.17901930894308946 6.1319393643826725 3.8681264246142435 8.330284320919457 4.053002007068223 6.2594220193193 1.7649326517393362 3.437564577862095 
1.363409194951278 0.3130927427657477 2.129277343299422 0.7716570261993875 1.8556291390728479 0.6224826789838338 0.8675669882100752 0.6223648258610737 0.7937730509402959 0.6452834839769929 0.6973991117976442 0.8065359565807326 0.8567493682517804 0.6978891820580474 0.37959996304508503 5.358111029830123 7.109766730283336 3.228867539513061 3.8230439473993005 3.7600984424349253 2.4253685136315832 3.1973734539007674 
1.8211909560585253 0.6240759937022022 1.5874549565137155 3.7112249064307594 6.023178807947019 3.944422632794457 2.7224169346195075 3.9436655762940154 3.07533229870367 2.4994248151191463 3.610166055223016 2.52280868385346 2.2053526303698603 3.6097026835703705 4.269951034737621 2.564583434934569 6.357132690985233 4.019251374815525 4.5705661176292764 3.974011624896729 4.082633157285037 4.028751273745517 
3.128902146836225 0.8868186970547187 0.5060396913281195 0.2547090847226947 0.6649006622516557 0.2020496535796767 0.22198285101822074 0.2020126996344045 0.15526474347270414 0.17251437962202143 0.10373624251786062 0.11856309362279527 0.20964009495367175 0.10488126649076523 0.1885707686622321 6.702628627164108 0.009999999999999787 5.185314909018956 1.7761428491618005 1.6895928809888818 2.332691688301982 1.302246866378918 
2.0106639675150566 0.6111744519064981 2.748769580363117 0.9949540660088464 1.8556291390728479 0.5134815242494226 0.44841907824222943 0.5133846449874929 1.2771681577505936 1.0663434675431391 1.6208746862328636 0.8016567164179107 0.8553725400107204 1.6212458974193962 0.18400267923133776 6.216702430301554 2.8694536435354374 7.533377882577977 1.8437301492166007 5.344513111775949 3.2112038429302787 1.926911363881134 
1.3978296799662306 0.3771143066910976 1.558834290723695 1.475195644777135 2.450993377483444 1.5048729792147806 1.0121007502679529 1.5028554935539735 1.7605632645608909 1.4209202958093674 2.077404904421703 1.515245590230665 1.1686009648518263 2.077717356329236 1.0756106799704361 5.121359018125661 7.683648738097626 2.5788308502832074 7.131294536402678 4.0907430569156205 4.074574476793122 3.0210843405933376 
1.963362524598545 0.8090354885472837 0.5207129674487283 4.240408302143586 6.6185430463576145 4.354474595842956 3.9461361200428735 4.355368481816433 4.290796056235166 3.6961216105176664 4.792284224753813 3.793850746268656 3.0768849069607165 4.792247248857712 4.901177937915743 2.4283048849874023 7.950109667931273 2.256480843275156 6.125160164984227 6.160034352425268 4.8691723713314135 5.825641553513881 
4.017741690001843 1.716200855651898 0.7218872124945213 1.4476658727458318 1.8556291390728479 1.5671593533487296 1.2578081457663453 1.5668597267654418 1.571801168522914 1.2805669679539853 1.8829889940142883 1.582335142469471 1.099071138678306 1.8833264688847415 0.7288511640798228 3.623025684792327 6.684975957018822 5.726690961257827 3.4879080078966513 2.2244770259714244 2.301060867453071 2.8400845021415497 
1.459882759317721 0.38055471783661865 2.2620108658038633 0.8420108880571623 1.8556291390728479 0.7678175519630484 0.4917792068595927 0.7659418895516643 0.07483567646521827 0.10603122432210355 0.1315099440046339 0.01000000000000012 0.07333409908875088 0.13207284896067972 0.6989509423503327 6.732953344712673 3.7298251442965187 4.348902249997938 1.7572427211006847 2.978212368223782 3.630311219342061 1.282026125245429 
5.882327156200022 2.9080228492750666 0.6553130551133881 1.6189622320517185 1.2602649006622513 1.7955427251732101 1.474608788853162 1.7934693092168559 1.339541719919664 1.2657929334428926 1.7215543541224174 1.2444477611940297 0.725262271230569 1.7224911512967371 1.8272690317812272 4.002267333170772 4.909264390374564 3.754974771001489 1.6849889033589687 3.1188446014240725 3.581651186813459 1.2816909748399021 
4.392411876267085 1.9477554840547993 0.47119714167070414 0.8664817965294317 1.2602649006622513 0.8871997690531177 0.7904823151125402 0.8853011352703484 4.747928610553224 4.183664749383731 5.773043058505503 4.5037801899592935 2.820794854123593 5.772301306390371 1.7330002771618624 2.3110249532634324 7.013814862606014 5.985112046434548 3.5561503433495094 5.950168723084785 6.344198854203181 2.793852365645738 
1.01669229077116 0.11998096933671354 1.7913772002676085 0.5850663490983329 1.2602649006622513 0.539434180138568 0.5303215434083601 0.5393323071002503 0.44497352565272996 0.3645768282662285 0.5064549140760765 0.47352781546811396 0.3996423922199249 0.5063910161529054 0.16157751293422026 6.626268796228564 1.6817945825381253 7.179230185754687 3.06480065189489 3.7762684171546015 1.8725550299216858 2.423324972868185 
3.032909614092664 1.007775325861111 3.9617258403119022 0.710479755018714 1.2602649006622513 0.7055311778290994 0.6989442658092178 0.7036675004810466 0.7297580792404602 0.5861873459326213 0.8466827572890517 0.6601587516960652 0.5882678612451184 0.8465750691807709 0.24837121212121213 5.280289766723564 2.5965789426239434 6.9082086174343935 3.6849127483093778 4.2585141337943675 5.032769584335022 2.8619623758357013 
1.8400580852670307 0.8807418838900749 1.6567771126029482 2.4785028921401837 4.237086092715232 2.735028868360277 1.7540407288317257 2.7327746776986723 1.5676976446960018 1.3470501232539034 1.801403745896891 1.2432279511533244 0.9999395053220002 1.8011731771671275 1.5727018662232077 4.793632853775504 7.839130589317032 1.6638875330821428 4.715345194580394 5.551444265103473 5.885090027528308 3.8300443222016956 
8.077862378939482 2.7645539649295032 8.416231746141602 0.1843552228649199 0.010000000000000009 0.2643360277136259 0.23643622722400864 0.26255724456417173 0.4531805733065549 0.37196384552177497 0.6678895539679474 0.38692130257801916 0.2130821655563212 0.6689619666645213 0.18068043237250556 6.071655287328294 3.1218830019857675 2.0934528275441266 1.585277237033111 1.9489600850031183 3.779434802221483 1.0930385354619037 
3.2079516768628 1.552369972733115 3.332330438092603 0.45659407961891796 0.6649006622516557 0.35776558891454974 0.3472454448017149 0.3594285164517992 0.4326629541719921 0.35718981101068215 0.4613226491600694 0.395459972862958 0.3617796155907803 0.4618431044468757 0.2197168329637842 5.749774851662197 2.3190038968431184 6.059973740405148 2.4126015733635775 3.8884665896776145 4.115231819662008 1.6515666862733729 
3.4574467452631072 1.537299476084799 4.00444944286802 1.8453181354202108 2.450993377483444 1.5879214780600461 1.4890621650589495 1.5876178564556473 2.5057631915282093 1.95278553820871 2.1850279976829503 2.210537313432836 2.482095106822881 2.185905141901023 1.3804268292682926 3.1929992684711044 8.175772530475474 3.8409174780895228 5.553449170513653 6.767430411576273 5.742617355645437 5.178242686836721 
0.23458831992675488 0.02774429444075821 0.9810286755715509 1.6189622320517185 3.641721854304635 1.6761605080831408 1.5661468381564847 1.6775697517798729 2.5295636297243016 2.070977814297453 3.131069704576173 2.3044626865671645 1.4949092579830003 3.131825085269322 0.7400637472283814 3.8879102657888325 5.750371423493868 6.968283273833574 5.737032999557219 3.02184499087162 4.899887342139306 5.287483099571691 
1.3659746969399702 0.4251117817484493 2.323503818026623 1.7963763184756725 3.0463576158940393 1.209012702078522 1.8263076098606648 1.2105118337502405 1.1089236808471794 1.0146343467543142 1.2615524232477315 1.0944111261872458 0.8560609541312505 1.2625484265396745 0.2658130081300813 5.262387222628627 5.419819091698153 8.720862238125473 5.466012509959858 5.752465990873871 2.402824204980006 5.0358596228884815 
3.7868465110195526 1.7046081659224246 0.624307333840866 1.0316604287172506 1.2602649006622513 1.110392609699769 0.7856645230439443 1.1119107177217624 0.6969298886251599 0.6231224322103536 0.5741533114500866 0.6040474898236092 0.7534872501722949 0.5752377887894974 0.4688853473762011 6.30767658294725 3.0408425732042454 5.238718721400954 2.170568431877834 4.130247175379711 2.1483458726224134 1.6988415129197147 
4.513845637065177 1.4663596940950865 5.079902069347361 0.6248315753657706 0.6649006622516557 0.7211027713625866 0.6170418006430869 0.7226957860304022 0.7461721745481104 0.6231224322103536 0.8258524811739717 0.7296879240162821 0.5414557010490848 0.8263260184053026 0.12420223577235774 6.042061285865238 1.0414594231229861 7.455996091978665 3.1934557805860937 3.857138528518591 4.46223100288807 2.405934390714706 
5.937432000998804 2.324667483355968 1.0703127090686797 0.6278904389248045 0.6649006622516557 0.6380542725173208 0.5833172561629156 0.6396632672695785 0.8659950702939566 0.7117666392769105 1.1365707665572504 0.7504246947082769 0.5517819128570334 1.1364257674239013 0.8177212675535847 3.753458506055435 5.548858608726559 1.8600844676763764 3.3685777875892278 4.20081626404994 4.199150079097172 2.700382641437531 
3.215167151205998 7.211995890208671 0.18125735345006566 2.114498128615175 3.0463576158940393 1.7540184757505775 1.4216130760986068 1.751953049836444 0.7396065364250507 1.118052588331964 0.5793608804788569 0.3295902306648577 0.39000459453250624 0.5804446875603321 2.4958712121212123 5.582440868080958 2.57580943844765 2.97326303292137 5.360392521867389 5.176195615225823 5.1254344116291515 4.290019634321125 
4.4079117841154325 2.3147576034259347 1.4866085888296778 0.9001292956788022 1.2602649006622513 1.0221535796766743 0.8145712754555199 1.0236886665383877 2.5812680299433994 2.373845521774857 3.2525796485808067 2.361793758480326 1.404727008193583 3.2527408456142597 1.1308430339985218 4.0567056815410885 3.519073720648117 2.7965227267105845 2.3284644707702267 2.351064249840732 4.945947800315676 1.6580276413132629 
1.5835613343559194 0.6070048231812195 1.6934343783883552 1.5883735964613819 3.0463576158940393 1.6709699769053117 1.1662700964630228 1.6706503752164712 1.3067135293043641 1.1623746918652427 1.5236667310291563 1.021222523744912 0.9304096791484799 1.5234719093892783 1.7184654471544716 4.788517841176949 6.261203977716135 3.262592362044373 5.0483924976401005 4.869694655113807 2.370585483667189 2.3195959223574443 
8.192134113352477 3.0857088662092367 9.0 0.8756583872065328 0.6649006622516557 1.1052020785219399 0.7085798499464095 1.1049913411583607 0.7839245937557057 0.7191536565324571 1.07928750724078 0.6821153324287652 0.3789899686040279 1.080306969560461 0.41863636363636375 4.791440705518981 5.241136523439006 2.3858581569639448 1.0835493792841842 3.345467100686824 2.697359978432897 0.9722726726701851 
1.5411771035844026 0.44840934852735925 2.4990127921194096 2.4570908472269477 4.237086092715232 2.060259815242494 3.1801071811361203 2.0581354627669812 3.0851807558882607 2.750583401807724 3.2386927978374205 3.615758480325644 1.7475572402174744 3.239434326533238 0.4904799519586106 4.73663699910591 2.757872550307396 8.991883806445767 6.059921565053981 5.936366566941081 3.0665915213882657 5.84228735698841 
6.296121247792819 2.726840327535393 1.239133158004015 1.221309969377339 1.2602649006622513 1.375109699769053 0.9735584137191855 1.3765768712718878 1.4848064633923683 1.3248890714872639 1.9819328055609193 1.335933514246947 0.8085603798146872 1.9822575455306 0.7346650960827792 3.921523205722183 3.1308900667846276 3.7358146245743633 2.886400217105443 2.4998320648148775 5.453208742684178 2.3254424349872007 
3.4485743842188814 1.6440457110292566 0.737856714420837 1.6189622320517185 1.8556291390728479 1.748827944572748 1.4697909967845662 1.748493361554743 1.1499589191163047 1.0367953985209533 1.4351380575400658 1.0468385345997289 0.6991025346504327 1.4355331745929596 0.8218740761271249 3.9394257498171177 7.460509706049762 5.410085292153454 3.2945929209667852 2.7842940981813022 2.0353803693099417 2.5692271160744617 
4.7031048566893165 2.220370671564029 4.1110510531293984 1.664845185437224 1.8556291390728479 1.686541570438799 1.5854180064308683 1.684489128343275 2.766747306919847 2.6471651602300743 3.184881251206796 2.6911424694708277 1.8935010337698137 3.185629705901281 2.982580376940133 1.2613512964317648 6.818854745365898 6.044000775008453 5.837983219166752 7.482936614597755 9.0 5.36397186989984 
4.770823419599168 1.7378717062913496 4.66153222829723 0.738009527050017 0.6649006622516557 0.7989607390300231 0.742304394426581 0.7970790840869733 2.3884024100785104 1.827206244864421 2.8550685460513607 2.355694708276798 1.4955976721035302 2.855280906107214 1.1383180894308942 2.8360444607006423 6.64804467590267 5.385106687333561 3.759931368066228 6.2761991270071755 6.708779158740637 2.9124769897354756 
1.0921073596470894 0.4578891770642022 1.655947528087296 1.0836611092208233 2.450993377483444 1.1674884526558893 0.9350160771704179 1.1672657302289782 0.6682052218367721 0.5270912078882498 0.8761923151187486 0.5747720488466757 0.45333869362125745 0.8772379174979082 0.5789347745750185 4.678545070308056 6.033781380146961 3.359356660538051 3.8262069719269007 3.624910168182811 1.8040422480323564 3.1352216731424036 
3.401486733134762 2.2475387008816488 0.7500412369944875 0.44435862538278315 0.6649006622516557 0.48233833718244806 0.41469453376205795 0.48051760631133356 0.6370184407522369 0.5714133114215284 0.5324927592199268 0.549156037991859 0.6584861015391683 0.5330040543149496 0.26415188470066525 6.4143611314313596 4.029373723481247 3.4769117562186196 1.3819318189830945 5.54533245989028 3.2832840406998978 1.2011803996454227 
9.0 2.9493825745679625 8.90319785682977 0.53306566859476 0.06953642384105962 0.7211027713625866 0.46287245444801733 0.7226957860304022 0.8930783275515793 0.8373459326211997 1.2563448542189612 0.8150746268656717 0.4560923501033768 1.2561844391530985 0.3609123244641538 4.62885637649354 3.346550224976368 1.6906079693954084 0.7366341804025467 3.129449190601933 1.8436197677087787 0.5880972106008768 
5.908623551584116 1.9525047472665515 6.817622384478743 0.046706362708404114 0.010000000000000009 0.13976327944572753 0.08226688102893892 0.13800846642293635 0.01000000000000012 0.010000000000000009 0.01173585634292329 0.05391316146540037 0.009999999999999953 0.012314177231482093 0.012906966001478205 8.867375030480371 1.6689438859741967 5.918255365284573 0.4476384142118004 3.4962789299872363 0.4952085531712713 0.22602305582940518 
0.20781089291978105 0.009999999999999787 1.138597884513346 1.643433140523988 3.641721854304635 1.8785912240184754 1.3541639871382638 1.8765018279776797 1.8171918933722848 1.5686606409202963 2.3082737980305077 1.5603785617367705 1.022657171299487 2.309135079477444 0.7408943089430895 4.108586523612129 6.474618158310217 7.275179158868493 4.614674543428594 4.142227932618821 3.2466260429882885 4.033555096224743 
3.5331290539295246 1.230224083460377 0.14579261540591126 0.5911840762164001 0.6649006622516557 0.6743879907621246 0.5110503751339766 0.6725303059457379 2.2767865619864898 1.6499178307313067 2.7769550106198104 2.1458873812754407 1.417806876483651 2.7765988802368233 0.3359954730229121 5.043903113061857 4.768045654620708 4.8078192581355275 2.795215388740422 3.6888615074996793 2.8917841439088052 2.1749412834384083 
1.158917307269279 0.4892081372204409 2.1894222206842464 0.8756583872065328 1.8556291390728479 0.7937702078521938 0.9301982851018222 0.7953492399461228 3.231266204126347 2.5659079704190635 3.3376366093840506 2.941203527815468 2.523399954054675 3.337208314563356 0.9290165373244643 3.8725652279931726 8.137475139274152 4.658614713617887 5.838787791181737 5.955713870860995 4.098190609946847 4.011546886261775 
5.047951082336013 1.692978080419631 5.806825501188089 0.40765226267437904 0.6649006622516557 0.5134815242494226 0.40987674169346205 0.5151144891283433 0.45400127807193746 0.37935086277732144 0.5411720409345434 0.46254952510176395 0.36384485795236987 0.5411036746251366 0.07893662232076867 6.725646183857597 0.6951852481436553 6.788800509526833 2.151632545060501 3.9527417332441885 3.812521384707643 1.611553451746792 
4.7291340122829215 1.7588881308976858 5.696490760606271 0.36482817284790725 0.6649006622516557 0.45119515011547356 0.3665166130760988 0.45111025591687504 0.41214533503742945 0.3498027937551357 0.4578509364742226 0.3942401628222525 0.33424305076958416 0.45779329429178184 0.07893662232076867 6.694956108266279 2.487429062259344 6.810517812827218 2.46910690978571 4.179384470272546 3.3938899303695758 1.823349888573157 
6.276238607380455 2.436593032905369 2.2704622580570746 0.35871044572984 0.06953642384105962 0.42005196304849884 0.2990675241157556 0.42170290552241685 0.7543792222019353 0.6378964667214463 0.8900791658621355 0.8492293080054274 0.46641856191132536 0.8905444365789305 0.34471637102734665 6.262372185645779 1.049632929225809 3.573861355934998 1.5126414507590287 1.2388371276329921 4.159336598056469 1.0708813697631456 
2.4163339694769954 0.9851134872286567 3.4058005167601006 0.3923579448792105 0.6649006622516557 0.269526558891455 0.3038853161843517 0.2712064652684242 0.26031495344166544 0.20944946589975344 0.3363409924695887 0.1893120759837178 0.299822344743089 0.3368775339468434 0.2242849223946785 6.316810534016096 3.8006544790515706 2.3868958438110646 2.3145478130079944 2.9756219342261363 2.4815553137461803 1.7597271699238652 
2.6964547178673133 2.0619060821167916 0.9109806330311212 0.6248315753657706 1.2602649006622513 0.4719572748267899 0.544774919614148 0.471868385607081 0.46056691619499757 0.31286770747740356 0.5377003282486966 0.39789959294436894 0.4505850371391378 0.538210953085784 0.3314273835920178 6.1239014874420885 6.23936937076157 2.809345571321387 4.276456849298846 4.136703022608218 3.1385237433870676 3.548629698360493 
5.746248654883145 1.9133887683729092 6.5589994117239945 0.23329703980945904 0.06953642384105962 0.35257505773672065 0.23161843515541275 0.35250913988839716 0.060062990688333096 0.03954806902218577 0.07249082834524034 0.09660651289009492 0.03960180718278572 0.07363987386575721 0.05235864745011087 8.230190603917746 3.1486031890754456 5.915364666210458 0.46900752185021233 3.390617555755157 2.7288308254755167 0.45615966762491 
1.7808377476947221 0.6874431315944363 2.623450469467323 3.411456277645458 5.427814569536424 3.513608545034642 2.5682475884244376 3.5112045410813932 2.416306372101516 1.908463434675432 2.903672523653215 1.9665753052917232 1.64085305153534 2.9044571722762083 3.3679610125646713 2.529874420872958 7.713147454174101 4.893613724245398 6.422100876648202 5.252411040500294 5.003334403977457 5.522926259454713 
5.923482083935292 2.5086920838680284 5.111218884813252 0.27306226607689676 0.06953642384105962 0.17609699769053128 0.20752947481243306 0.17779488166249768 1.4117637392733249 1.0663434675431391 1.7580073373238077 1.2151723202170965 0.8959889731219848 1.7589394426925797 0.41863636363636375 4.481617085263758 4.6545890543265775 1.7777366043087142 2.9882509072125547 4.347823393416311 4.622348785604848 2.155670135120581 
