2.5988587463808184 1.067563938475357 0.09083450214459932 1.8497740292807128 1.893280632411067 1.5525084581923636 1.6708807733619766 1.5508118556701032 1.8070090023883891 1.6641006600660073 2.3908262711864405 1.5225644504748983 1.1365212700369913 2.3910977018872765 0.6016321780441923 4.48567878570789 4.361533570635413 5.13165167492518 3.738535711637301 4.473965386442273 4.018051556400793 3.0061824560626853 
3.219603331728111 1.1329127244149142 4.287165404738488 0.7110025461489498 0.8272727272727272 0.6574190430159497 0.6424865735767992 0.6573147551546393 5.738792026455998 5.0687293729372955 6.877168721109398 5.367405698778834 3.3964919852034523 6.876287071511106 0.45114434205911436 4.52754141667413 5.2357777825333285 4.88898119367791 1.9665417809899228 4.075402830585815 3.946670528786023 1.1747520253220598 
1.3058991920380976 0.5529399552956307 2.329819411384707 0.6022756206238067 0.8272727272727272 0.4705799903334945 0.6666272824919443 0.46905766752577327 1.6649660113907776 1.322896039603961 1.843669106317411 1.5250040705563093 1.3734648581997533 1.8445878803440747 0.4995870930714536 4.180162084713889 7.8815967243752985 4.2103710559077925 2.9305272464875927 4.599844288515349 4.423127185919236 2.1869180131922614 
1.5112462470496606 1.022199659103668 0.5081393494619588 1.7553532781667724 2.2486166007905135 1.291802803286612 2.2212889366272823 1.2901481958762888 2.778186661767408 2.5022772277227734 3.000317796610169 3.1327137042062416 1.51272117755857 2.9999338811143916 0.6096581959633963 5.078598549297037 3.391994217247915 8.62928637386738 4.793151442897319 5.276028512963201 3.741307638581362 4.170238014077649 
0.19605234213827494 0.010000000000000231 1.3069097988092673 1.251775938892425 1.893280632411067 1.1223441275978734 1.1494414607948444 1.1236130798969075 1.8103123277604263 1.2932260726072613 2.344075500770416 1.6152700135685207 1.155227342786683 2.343775837719861 0.28030481777891153 5.417524850004479 8.312177710248928 7.307236270395503 4.2587967964770375 4.932229350838213 2.3999807297249243 3.6799449289477177 
4.20374058418202 3.068253447237618 0.7459863700116984 1.1459102482495225 0.8272727272727272 0.6921797970033834 0.845268528464017 0.6920699097938144 1.8689463531140917 1.42674092409241 2.1882395993836674 1.710415196743555 1.4108770036991367 2.1885370394145585 0.6881985141727514 4.075102982000537 9.0 3.8030048479252017 4.821773574358129 7.932579290845281 6.873037340365442 4.022447651511798 
5.131864376549485 1.8484094430325493 5.636447589726876 0.41629535327816686 0.47193675889328063 0.41409376510391505 0.4252201933404941 0.41402867268041244 0.5393578908690062 0.4624669966996702 0.6575847457627119 0.5381777476255087 0.40074907521578296 0.6586557966362819 0.05184995057870741 7.202724545535955 3.007436210204941 6.5182977846301 2.6824487327944695 5.2843259968619085 4.124770849922213 1.7034901058037097 
1.8400580852670307 0.9668155995794934 1.6877475600458598 2.301849140674729 2.6039525691699605 2.260758820686322 1.7384747583243825 2.2589481314432995 1.5212713577071468 1.3154785478547861 1.8194279661016948 1.2432279511533244 0.948767725030826 1.8191956605469248 1.0731607307974367 5.280263723470942 8.09971956505715 1.6638875330821428 4.338576611316151 5.551444265103473 6.534978647020524 3.474745761211209 
2.418632231675198 1.1929580003470208 0.03762499490766835 2.1530649267982174 2.2486166007905135 1.8870807153214115 1.781928034371643 1.885330219072165 1.7351616755465737 1.6270132013201326 2.0583763482280433 1.4603541383989147 1.2577643341553637 2.058690460906406 0.7380744826706629 4.654336885466106 5.173701270445904 5.43402621012623 3.8885764401877854 4.045127133238335 3.6945745076981185 3.0079932710611352 
1.3275990630257848 9.0 1.095746011977163 0.9313176320814769 1.182608695652174 0.7877718704688255 0.8162996777658432 0.7876465850515465 0.536880396839978 0.484719471947195 0.6420011556240371 0.5003636363636363 0.4873512638717632 0.642497111310823 0.37633038931224694 6.255985045222533 6.63350398634205 3.1580454121973105 1.9318436799443273 2.9856801037326184 3.0817009857082285 0.9058161494532735 
1.3432058667903277 2.1278622125600917 1.7902948896273574 1.0314608529598983 1.5379446640316208 0.8138424359594008 1.2170354457572503 0.8137129510309279 0.6483676281462429 0.5514768976897693 0.6246860554699537 0.7101709633649933 0.6709479038224413 0.6246071382719219 0.3138421069413003 5.502055162532463 8.715931553329956 2.745268408511901 4.110872754653267 4.067550577530453 2.8853688806094953 3.5284931382531326 
1.4447035392179597 0.4059831797258544 2.3309181327730797 0.459213876511776 0.8272727272727272 0.41409376510391505 0.3721106337271751 0.41402867268041244 0.027342458203196696 0.07675742574257449 0.07060285053929127 0.07221031207598383 0.07997456843403195 0.07174926177943242 0.1203577463890572 6.924579564789112 4.835166242233588 5.212739489978482 1.9017556058799734 3.499780063437179 2.480709329148289 1.32005500464828 
3.128902146836225 0.9727797544321632 0.5265560127337374 0.22173138128580533 0.47193675889328063 0.14035282745287575 0.20312567132116 0.14033182989690723 0.10001561638802114 0.1360973597359738 0.1260111710323577 0.11856309362279527 0.15341322441430327 0.12715046860957757 0.11777795491502728 7.383458404226741 0.8718460104479497 5.185314909018956 1.1409172480277476 1.6895928809888818 2.3352143975882713 0.7732286732480413 
1.935516138429617 0.6817840513589928 2.4531901272791816 1.2431922342457034 1.5379446640316208 1.0788931851135817 1.0818474758324381 1.0772728737113404 1.8375647620797355 1.856955445544555 1.5770165639445297 1.3273948439620082 1.6055587237977806 1.5768153806650402 0.7392210566591207 4.52230858780335 8.525747418329328 3.4623470801144336 3.5810963053386367 4.622632012588386 2.8031083574299425 2.8167831466643056 
1.7492500044589505 0.6141964134439719 2.7316375191326165 0.7453373647358372 0.8272727272727272 0.2967762203963268 0.35279806659505897 0.29528189432989704 0.969616020576888 0.8036716171617164 1.3709668721109396 0.5637937584803259 0.6217578606658445 1.3719463345743992 0.11319165896119633 6.729757320676996 6.349414163462613 7.170891630733209 1.5439577427028013 5.033499129933659 1.5604723268541596 0.5666564699632564 
1.0921073596470894 0.5518021780621984 1.6869104389880518 0.9971260343730108 1.5379446640316208 0.9485403576607059 0.917690655209452 0.9483891752577319 0.6161602057688773 0.49213696369636994 0.8965331278890599 0.5747720488466757 0.39867062268803943 0.8975735010912823 0.3872228422025955 5.153468254678967 6.433016518412312 3.359356660538051 3.371252545534407 3.624910168182811 1.7102273303411097 2.7321723183850555 
1.0075526899364453 0.43664811129142556 2.1731731334423574 0.834035646085296 1.182608695652174 0.6661092315128083 0.8983780880773361 0.6645554123711341 0.9820034907220283 0.8036716171617164 1.4454218027734975 0.7772605156037993 0.5878098027127003 1.4458146103479264 0.0962796926314447 7.005487149637326 3.7062458715858115 8.66838493185697 3.7710623078371093 4.954045662162131 1.2659221594489027 3.1372775023241406 
3.320780316407154 1.1770107678332675 0.026009940230580675 1.9155824315722467 1.5379446640316208 1.5438182696955052 1.7191621911922663 1.5450193298969075 2.3124177843101235 1.7753630363036306 2.1085901386748835 2.221515603799186 2.2637353575832306 2.108320708691745 1.0854864011733574 3.670967583057222 8.636476183003179 4.508261301519511 6.062083031481916 5.196736947316526 5.813508752091907 5.7768288990216465 
7.328522006408997 2.441062922930893 8.28483701630128 0.35907065563335455 0.11660079051383399 0.44450942484291933 0.29486036519871106 0.4458875644329897 0.5236670953518281 0.41796204620462074 0.7493547765793528 0.6260040705563092 0.27119220098643637 0.7504140454487097 0.07650129133054875 7.063450792513659 0.009999999999999787 3.73774175729044 0.49154004118489425 0.261251860005988 4.6717243687985635 0.367128536013104 
2.7694646286288416 1.11235932923033 0.02742258201563219 2.6623647358370457 2.6039525691699605 2.4953939101014986 1.8012406015037596 2.494993556701031 3.612276318206871 2.8879867986798686 4.67988251155624 2.269088195386703 1.8043973489519112 4.679282963153164 1.3752829767560504 4.798843467359185 5.496567537170587 5.522118411397571 2.9245273149389366 2.955404406385139 2.876309726545119 2.1987579574129 
2.536431531322644 1.4229358114659567 0.5897063325321397 0.6280267345639721 0.8272727272727272 0.4010584823586274 0.5507518796992482 0.40244362113402066 0.5220154326658093 0.484719471947195 0.4827022342064714 0.45157123473541394 0.6993534217016029 0.48321864167415585 0.2742853043395084 6.630736097429929 3.7208244463942206 3.090558706890153 3.2950500550462927 5.0434358728465005 4.771951898995147 2.4834936916198154 
2.8044730411828693 4.544849730038684 0.9145093029616995 1.068656906429026 1.182608695652174 0.6009328177863704 0.9563157894736841 0.5993894974226804 0.8564771265846041 0.7665841584158419 0.8999961479198769 0.7784803256445048 0.8912638717632553 0.9010360765181668 0.5087596849791155 5.601881436375035 6.653939642525104 2.307068077072117 3.6843948615856768 4.735315891485956 3.5666446895771147 2.8471491212537074 
0.9134308357263041 0.6066173489696565 1.9666658324943112 1.6895448758752385 2.2486166007905135 1.200555824069599 1.8929752953813104 1.1989159149484534 1.4114357890869005 1.233886138613862 1.7899922958397534 1.2773826322930801 0.88641414919852 1.7909179612273718 0.2728520868539362 5.076585922808277 5.98334657754761 8.768151110158385 5.0821985431272 4.0430628811464615 2.254098089066118 4.807923480455089 
0.009999999999999787 0.2618891984853595 1.0990944962083957 1.0572119669000637 1.893280632411067 0.9050894151764137 1.1687540279269601 0.9063933634020621 1.4386882234062097 1.1893811881188123 1.6878332049306626 1.3164165535956585 0.9882583230579531 1.688194890229811 0.3029496540509518 5.231960687740666 6.996172754963012 7.785609906916541 4.532848488651339 7.240791749114739 5.353770867804019 3.9966584620833148 
1.01669229077116 0.2201584657623734 1.8235704516752311 0.5307447485677914 0.8272727272727272 0.42278395360077337 0.5121267454350161 0.42271746134020627 0.3915340804703289 0.32895214521452176 0.527721494607088 0.47352781546811396 0.3446308569667077 0.5276550263191678 0.09914612760258905 7.299330616996509 2.415251081293796 7.179230185754687 2.54289241159794 3.7762684171546015 1.7912254348697312 1.9713514321129755 
4.239711059981808 1.9583150535329723 0.5345086627829159 0.814007001909612 0.8272727272727272 0.7703914934751088 0.6762835660580021 0.7702690077319588 0.7895847878008453 0.7220792079207927 0.7614753466872112 0.7406662143826324 0.7513147348951912 0.7613788676338428 0.2897640531836878 7.0409093758395285 3.474057485121066 5.131948156881499 2.3695557507686527 4.462389384515296 5.104246965615391 1.439071317898092 
1.0848384373457947 8.93555042509977 2.183794106863299 1.0371833227243794 1.5379446640316208 0.8486031899468343 1.134957035445757 0.849916237113402 1.1876354951313617 1.0187788778877893 1.599526194144838 0.9919470827679784 0.8095114056720099 1.6004763127487482 0.15446832254567483 6.34454061072804 5.4087113165509875 7.674873896231318 3.7744221280382426 6.088655753130777 1.9789617455587374 2.9923526052503435 
0.23458831992675488 0.1296317707217003 1.0058601383950143 1.497842138765118 2.2486166007905135 1.3743595940067665 1.5501772287862514 1.3755879510309277 2.4891456917141284 2.042392739273928 3.1457646379044677 2.3044626865671645 1.4469035141800246 3.146516240852484 0.49844051908299597 4.282403510342975 6.171371715399192 6.968283273833574 5.450105928456936 3.02184499087162 5.370239048183051 5.032345145867459 
0.17846796392411424 0.33955167028996613 1.3572417024099823 1.0343220878421389 1.893280632411067 0.8486031899468343 1.1494414607948444 0.847019974226804 1.5097097189050157 1.233886138613862 1.7172688751926035 1.4188805970149256 1.1476063501849567 1.7182038772628063 0.26883907789433414 5.412292021133697 6.2190834147721725 8.00585894021717 4.441523270605282 6.480458895274628 4.362351420604257 3.9057396299083624 
2.385975529277472 1.3762502424038299 0.02433569811496472 2.290404201145767 2.2486166007905135 2.004398260029 1.854350161117078 2.0026288659793816 3.276988792945067 2.9250742574257433 3.982083975346686 2.3227598371777476 2.0427265721331693 3.9821511105405056 0.9392982176449958 4.0871787409331075 6.139179144048069 5.588382128634915 4.094743849361407 4.433530330760278 5.352825235855755 3.340984240116871 
6.551228351793391 2.9119191851148747 0.663843866214274 1.1344653087205603 0.8272727272727272 0.9659207346544225 1.0770193340494094 0.9657667525773198 0.7218666176740767 0.751749174917492 0.998692218798151 0.7309077340569876 0.4055987977805179 0.9991423802798819 1.2365475241526642 5.149443001701443 4.4184797924676795 3.0358577859492613 3.182161864614649 3.7417023134985223 4.942425698468582 1.4622736287573601 
7.036322019488587 2.521221164150771 1.746398354158543 0.2675111394016551 0.11660079051383399 0.35326244562590636 0.27554779806659513 0.3517590206185568 0.740034907220283 0.5663118811881191 0.9761825885978429 0.8955820895522388 0.382735819975339 0.9766356400051351 0.062169116474827035 7.133490194322559 4.101598864374014 3.8477365630848617 0.40634030586343073 1.6310045495577634 3.836428756257317 0.46704174598255777 
5.721448802325789 5.420240852444963 0.5032735833134487 1.629458943348186 1.182608695652174 1.291802803286612 1.4294736842105262 1.2901481958762888 1.062109130993937 1.1300412541254132 1.4125231124807391 0.9260773405698779 0.554554562268804 1.4123430478880468 2.0463154035009405 4.268315124921645 4.170900535237457 2.2797917370907506 1.3775476164671119 4.081433684736583 2.971402475262626 0.9595635264951969 
5.403647243476554 2.254063729242578 5.415552270597752 8.402001909611712 5.446640316205533 7.50528757854036 9.0 7.505528350515465 9.0 9.0 9.0 9.0 8.999999999999998 9.000000000000002 6.199779676689094 0.009999999999999787 7.904148625288603 6.888751989050945 9.000000000000002 9.000000000000002 7.418770994028528 9.0 
1.459882759317721 0.4759014258448413 2.298479691783015 0.7710884786760026 1.182608695652174 0.6139681005316578 0.47350161117078404 0.612422680412371 0.01908414477310294 0.06933993399339955 0.1537153312788906 0.01000000000000012 0.01623535758323047 0.15427397612016946 0.470062812868667 7.4168680039401815 4.305998178623315 4.348902249997938 1.1203551483968113 2.978212368223782 3.8693036509387424 0.7516182876621365 
1.8131737623438626 0.7242855364014005 2.671521763168769 9.0 9.000000000000002 9.0 6.894930182599355 9.0 6.7454804335844205 5.95141089108911 8.499593605546995 5.158818181818182 3.747057644882861 8.499080754910773 9.0 0.18147577684248217 8.875333946799632 2.7574982892100692 6.760391598738215 5.154581681557971 7.001945887552895 5.887666696179556 
6.125675709419086 2.2894082284617827 1.398783834903711 0.9284563971992363 0.47193675889328063 0.9963363943934269 0.7342212674543501 0.9947293814432993 0.9043753444791476 0.8926815181518155 1.138944530046225 0.8809443690637722 0.5656396424167696 1.138799589164206 0.2762918088193094 5.4130970717292035 1.6118903797546604 4.917184039772774 1.403832020398502 3.5602505070697115 6.751594557409537 0.8045299039355442 
4.224478391923947 6.398105330842954 0.7192508162279503 1.100130490133673 0.8272727272727272 0.7443209279845335 0.8066433941997854 0.7427545103092784 0.5905594341355871 0.6404867986798681 0.5329160246533128 0.49914382632293086 0.5988948828606657 0.5328488894594942 0.49242100564359276 6.953158860929526 4.930119364372826 3.4682025987517378 5.173689983856892 7.41378416951999 6.930200791638048 4.132947164549117 
0.37879091087449 0.012936199312084007 1.1782024361712655 0.7481985996180778 1.182608695652174 0.7573562107298213 0.7921589688506984 0.758683956185567 1.0018234429542532 0.8407590759075909 1.4333012326656394 0.9529131614654005 0.5296131319358814 1.4336955963538323 0.2287089882983133 5.56605668487508 6.851968846374246 7.0405507506863785 2.6493456621812026 1.465662004551809 2.5694758001319036 2.0334962149718887 
3.138629675210016 1.1348579564591696 4.156888440117095 0.6451941438574158 0.8272727272727272 0.5792073465442243 0.6714554242749732 0.5805637886597939 1.2726961234613265 1.1003712871287132 1.5094876733436053 1.2346892808683854 0.9425323674475956 1.5104493516497621 0.15102860058030163 5.9239016745768796 2.058396641628682 6.555209788191842 2.231880928884758 3.5909511974949297 3.5653444456482513 1.3734441985036963 
7.3358443766683905 2.5313877542688594 2.506975155243356 0.1931190324633993 0.11660079051383399 0.2750507491541807 0.22243823845327604 0.2750080541237113 0.6070760609957744 0.484719471947195 0.8532453775038519 0.7296879240162821 0.3092971639950678 0.8542913082552316 0.0962796926314447 6.4930724455986395 1.054420214903427 3.6827072941486847 0.37020278711061394 0.010000000000000037 2.8767825425192504 0.32756919297002973 
4.017741690001843 1.7867859599701974 0.7443644479621949 1.3376129853596435 1.182608695652174 1.2831126147897534 1.2411761546723952 1.282907538659794 1.5254005144221934 1.2487211221122116 1.9008089368258858 1.582335142469471 1.0485334463625153 1.9011432789831813 0.49070114466090625 3.990572669472553 7.0342010314793795 5.726690961257827 3.0032054624173607 2.2244770259714244 2.297819382194139 2.416752224534065 
0.9994820482636841 0.5407547281504848 1.9926165852863638 1.7553532781667724 2.2486166007905135 1.2135911068148866 2.028163265306122 1.2133972293814432 2.2339638067242333 1.8198679867986802 2.7405912942989206 2.122710990502035 1.3956350184956843 2.7413949159070485 0.25364697254726914 5.235180890122682 6.106730058184188 8.854575600425434 5.455527617265712 4.705647327106675 1.9516897201707826 5.1728922484395055 
6.702325729335733 2.4201792053236995 1.5012265243529828 0.6680840229153406 0.47193675889328063 0.235944900918318 0.16450053705692813 0.23590850515463924 0.23875528201359542 0.2621947194719474 0.39785824345146403 0.08440841248303943 0.1991391800246608 0.3989626396199769 0.171093645378312 6.506758305722218 4.412344820370886 0.00999999999999801 3.5479985397046327 7.761489220407052 6.693665144258836 2.8967574925848867 
1.175753414070071 0.2723861110260575 1.6547859183946643 0.5107161043921069 0.8272727272727272 0.4271290478492026 0.5266111707841031 0.42850998711340205 0.38162410435421634 0.32895214521452176 0.5173324345146378 0.4186363636363637 0.24971485819975325 0.5184214918474773 0.1129050154640819 7.29812304110325 2.6538737067868867 6.828714392896309 2.79411147301591 3.7717149198931157 1.6188367307010614 2.0812937713046176 
3.3224906510662837 1.3077083397123823 0.6719534764617898 0.885537873965627 0.8272727272727272 0.6921797970033834 0.8356122448979592 0.6920699097938144 2.5824646334741868 2.0868976897689775 2.7215446841294293 2.4752360922659435 2.5893595869297164 2.7211965592502247 0.5058932500079711 4.458709590758485 7.9715050610969636 4.317919885562581 4.1319229123765755 4.69196659755661 4.952160979375969 3.6749701624684583 
7.722326561673235 2.6253828347469312 1.9281059437690238 0.304707192870783 0.11660079051383399 0.35326244562590636 0.2852040816326531 0.3532071520618557 1.1876354951313617 0.9520214521452148 1.6635920647149458 1.054157394843962 0.5774175400739825 1.6645339581461034 0.15360839205433155 6.3042880809528095 4.570785284417718 1.697056451945354 1.251096362381423 3.3693881396338297 3.428090696517361 0.8868523396343351 
3.013026973680299 1.1235352378619472 0.10768156343298818 1.6924061107574795 1.5379446640316208 1.7132769453842438 1.2556605800214822 1.7115544458762888 3.648612897299283 3.0289191419141925 5.034842064714945 2.3569145183175033 1.9727520036991368 5.034196944408781 0.6727197653285719 5.354328378257368 4.944420048459082 5.369022541203243 2.2324202684433594 2.330907435296554 2.964154206379175 1.3307209039798131 
1.0014061747552025 0.4773328230094822 2.1068836096771757 0.9255951623169956 1.182608695652174 0.7443209279845335 1.0673630504833511 0.7427545103092784 2.575032151387103 2.153655115511552 3.0816987673343603 2.4764559023066486 1.7517432182490755 3.0824585954551287 0.7008108280457865 3.7397994089728677 8.493298332465447 4.604617937323251 3.872581927703971 6.40047924559733 5.303259937287456 3.049224135641241 
1.9894985761083461 6.938549516723313 1.2015895057237809 1.1745225970719289 1.5379446640316208 0.7312856452392462 1.0625349087003224 0.7311694587628866 0.8242697042072387 0.9816914191419146 0.6922149460708785 0.6772360922659433 0.6557059186189889 0.6932815509051228 0.6495016420623028 6.5719674039580935 4.95188034553846 3.768650001236715 2.3650677383105077 5.54824669813763 5.56069405072332 1.5390641241312144 
4.073434462339701 1.6813580534207009 0.7211343386080187 0.7768109484404839 0.8272727272727272 0.640038666022233 0.739049409237379 0.6413853092783505 2.7591925408781925 2.138820132013202 3.079967257318952 2.413025780189959 2.396063501849569 3.0807273077416872 0.3427931001498582 5.656222351571597 7.758662144136047 3.6094391906933048 5.645617402613703 5.193094149507338 6.65070981300891 4.190952941697286 
5.882327156200022 2.956512712167142 0.6771854830730919 1.497842138765118 0.8272727272727272 1.4742967617206382 1.4584425349087002 1.4726127577319588 1.2916902443505418 1.233886138613862 1.7397785053929122 1.2444477611940297 0.6723335388409373 1.740710617537553 1.2488731945285851 4.4083939285394464 5.394859532862058 3.754974771001489 1.0417477339752548 3.1188446014240725 3.811776131366053 0.7512601044756302 
5.4149782105932776 1.9690872347591786 0.7854356998609062 1.7038510502864417 1.182608695652174 1.6394103431609472 1.424645542427497 1.6405960051546393 1.6798309755649459 1.3822359735973604 2.2886671802773493 1.5286635006784262 0.8981920468557336 2.2883746308897166 0.24734081561075158 5.4412738425718645 5.161324445205332 5.859181335487971 2.9681183295590046 5.522868540066949 5.1943042242083886 2.2005090752135996 
1.3515437482535768 0.7866430692917732 1.8122693173948208 0.5221610439210693 0.8272727272727272 0.44885451909134855 0.5990332975295382 0.44878382731958766 0.5344029028109496 0.41796204620462074 0.7476232665639445 0.6101465400271373 0.3674938347718866 0.748105661830787 0.14500908714089852 6.854540162980212 2.8084023245141614 6.450032814187601 2.6719943869896827 4.52350743664724 1.715310102063035 1.7517851387843644 
1.5411771035844026 0.5424980964920343 2.5376347139855793 2.2818204964990447 2.6039525691699605 1.695896568390527 3.1676047261009663 1.6941768685567014 3.048233510931472 2.724801980198021 3.2531182588597845 3.615758480325644 1.7011675400739827 3.2538560790858897 0.32616777731722096 5.217469777021582 3.408689036786579 8.991883806445767 5.801387508770331 5.936366566941081 3.202855350919914 5.625277612997476 
4.623520847081766 1.8507216999908145 3.9638797162262045 0.43060152768936993 0.47193675889328063 0.3923682938617691 0.4831578947368421 0.3908585695876289 2.270300385816645 1.767945544554456 2.8115832049306624 2.260549525101764 1.383164303329223 2.8118006162536906 0.8791030832509646 3.0220968030805055 7.323741787754929 4.8088940052271845 2.045375541193449 6.677918774298264 5.409539511952935 1.38357282305547 
3.401486733134762 2.308273309041918 0.772774243861559 0.3991279439847231 0.47193675889328063 0.3749879168680522 0.3962513426423201 0.3734809922680413 0.5847786147345215 0.5366419141914194 0.5536941448382128 0.549156037991859 0.6051302404438963 0.5542014379252792 0.1699470713898543 7.06586594430017 4.582542199585791 3.4769117562186196 0.7120415043324009 5.54533245989028 3.4590365020243246 0.6652165434503523 
1.3448627534913582 0.555986262081918 2.2428634615048852 1.766798217695735 2.2486166007905135 1.135379410343161 1.926772287862513 1.136646262886598 1.3503242697042073 1.3080610561056112 1.635887904468413 1.2968995929443692 0.9349113748458693 1.6368333547310305 0.2011912125753276 5.710563266768157 6.069706463509456 8.56061374073494 5.387797178663716 5.198133353143382 1.4981268125050606 4.99690490946921 
1.6365282608307918 0.748160507057779 1.5439196983011985 1.592262889879058 1.893280632411067 1.4873320444659257 1.1832384532760472 1.4885422036082474 1.0596316369649093 0.9965264026402645 1.3086325115562403 0.8870434192673 0.6813401664611589 1.3090428809860057 0.890568823135542 5.851447120981466 7.600884342580504 1.5302482912712598 3.6931303941086213 4.548480839405789 5.624075032055768 2.894548696268095 
0.8345950975321195 0.22461781846759998 2.0420590477631575 0.3419032463399109 0.8272727272727272 0.3098115031416143 0.4252201933404941 0.30831507731958774 0.46007808194010646 0.3363696369636967 0.6575847457627119 0.4686485753052918 0.3245391491985202 0.6580787007318011 0.0744947868507477 7.436994268827797 8.151129348655722 6.701301272168131 2.397825985271554 3.6011307935950514 2.6219205479826693 1.7644608437735179 
4.171992497071955 1.654528532206539 4.508217684065951 3.998561425843411 2.9592885375494076 3.4339342677622042 4.11392051557465 3.433382731958763 5.890744993569723 5.432186468646866 5.8088270416024645 5.933397557666215 5.5566969790382235 5.808082552317369 2.1343149571150724 1.5870941165935353 6.530598914307318 7.822262488766505 7.4728078741864294 8.276803446048008 9.0 7.61036863074948 
5.937432000998804 2.38397219755657 1.0959552922416163 0.57080203691916 0.47193675889328063 0.5053407443209279 0.5652363050483352 0.5067090850515463 0.8151855594341355 0.6775742574257428 1.1562596302003083 0.7504246947082769 0.4977435265104808 1.1561124662986262 0.5520428530433951 4.134274200770127 5.985334565021485 1.8600844676763764 2.873382009845585 4.20081626404994 4.5418039954264655 2.2674495329585196 
3.0227545020540907 1.1632656848035767 4.029384438999692 0.8254519414385741 0.8272727272727272 0.7703914934751088 0.7825026852846403 0.7702690077319588 2.626233694653684 2.183325082508251 3.3483513097072417 2.3898493894165536 1.5681465782983972 3.3490769033252015 0.5245250773204094 4.171709053461091 4.239796058122365 5.635522759689671 2.778979903825862 1.6607135894682579 3.9441173225257105 2.2168462083314893 
1.0195784805084385 0.48632493340273775 2.1990715661682976 0.9255951623169956 1.182608695652174 0.8138424359594008 0.9128625134264231 0.8137129510309279 1.1826805070733049 0.9446039603960401 1.7016852850539288 0.9309565807327 0.7229092170160296 1.7014680960328668 0.11319165896119633 6.851722485895945 3.867572123901172 8.652374906215734 3.9084064526801576 3.9682438616988467 3.383731101824261 3.371449710035858 
1.2037066961551952 0.41827851434520347 0.6140874833408021 1.1745225970719289 1.5379446640316208 0.9833011116481394 1.0721911922663803 0.9816961984536082 2.4767582215689883 2.3539273927392745 1.9562172573189525 1.7470094979647217 2.304611590628853 1.9559673899088454 0.5701013933616045 4.838693471836662 8.487141984159255 4.155596014477819 4.13364349398484 5.129243999018502 3.03056593810581 3.380125702775687 
3.5544013412524293 6.256984251405942 0.3486154678833948 0.8740929344366648 0.8272727272727272 0.6139681005316578 0.5459237379162191 0.6138708118556702 0.3700624655520852 0.44021452145214557 0.27145801232665645 0.2259063772048847 0.3633369297163994 0.2720015406342279 0.4213334183592132 7.2212407092325614 4.161858398662738 2.645465169965945 2.603606130958834 5.413604843556895 5.345837015758076 1.8908398114126346 
1.4612189582701642 0.4333265358196312 1.1254114894632399 0.502132399745385 0.8272727272727272 0.41843885935234415 0.3672824919441461 0.4198211984536082 0.1578238103986772 0.12867986798679887 0.31820878274268105 0.16979511533242875 0.08828837854500604 0.31816921299268197 0.23472850173771645 6.026948150801469 4.593102047027661 5.146475772741137 3.6913001762622155 5.041816851597973 4.7572851474775595 3.1266315020585242 
5.631228649056782 1.9323113383753332 6.632621648518569 0.33904201145767027 0.11660079051383399 0.4054035766070567 0.3576262083780881 0.4053398840206186 0.07276318206871213 0.061922442244224496 0.19700308166409863 0.14417910447761195 0.010000000000000009 0.1975561689562204 0.07306156936517554 7.389898808990778 3.551161472414228 5.889867217967005 0.3099682842099867 3.476263779802305 1.1050039708126844 0.20863247598388623 
1.939310943454557 0.668938179368628 2.9715250222607623 0.7596435391470402 0.8272727272727272 0.2793958434026099 0.34796992481203026 0.2793524484536083 1.0629349623369464 0.9000990099009905 1.512950693374422 0.6223446404341928 0.6162153205918619 1.5133348311721653 0.1137649459554252 6.551438613772723 4.353560244530519 6.810332511604518 0.7978159457409006 4.344119882310302 2.185057500523306 0.8800070609588739 
3.0504405443487252 1.0415969258091191 3.8562573402317457 0.39626670910248246 0.47193675889328063 0.3445722571290478 0.44453276047261014 0.3445183634020619 0.46585890134117225 0.3957095709570959 0.6748998459167951 0.4808466757123473 0.361258477188656 0.6759686737707024 0.11577145043522623 6.438731530402078 3.1313754722858276 6.6733578477850415 2.1425079432082015 3.5755907333995167 3.5054244772464545 1.6958289654256498 
1.264744264302828 0.394715514865734 2.268029413305243 0.46207511139401675 0.8272727272727272 0.37933301111648143 0.5072986036519871 0.3792735180412371 0.407224875987507 0.3586221122112212 0.6281490755007705 0.4527910447761194 0.23932259556103563 0.6286468096032866 0.09083346618627047 7.0799543297215015 3.2040545842339165 6.626921361376549 2.752948370572769 3.8888511072241396 2.1971615894610936 2.16865067068042 
5.701085130290544 2.084755136409566 6.687505397871115 0.11872692552514325 0.11660079051383399 0.17511358144030942 0.19829752953813107 0.17508698453608246 0.20902535366525798 0.16576732673267347 0.33032935285053944 0.32105156037991867 0.11322980887792833 0.3302882269867763 0.010000000000000005 9.0 4.485665218600869 5.79113872651271 0.8057521947212614 3.4283002753146534 0.009999999999999787 0.4225673336579754 
4.605027853579941 1.6758526797105449 5.374742619029606 0.6881126670910249 0.47193675889328063 0.6965248912518125 0.7100805585392053 0.6978624355670103 0.9217178026823445 0.7443316831683169 1.2203255007704161 0.9577924016282224 0.5711821824907519 1.221324303504943 0.14386251315244078 5.95731127429032 2.2241050168703236 7.278403400143464 2.429567444540151 4.295609958151272 4.571761615547492 1.8056917083536237 
5.928185504247894 8.51754575053329 5.858441630244373 4.167374283895607 2.6039525691699605 3.677259545674239 4.195998925886143 3.6752206829896914 5.087211096821606 5.521196369636965 5.30842064714946 4.517198100407056 3.9299614673242913 5.308894594941583 2.237219972579154 2.6457356496820994 3.6665502507365177 7.162553075711731 4.652633152127413 5.191009659649858 6.619674172466859 3.8820796405330027 
2.539157377185628 8.899747144738052 0.04562996502295924 8.127323360916614 7.578656126482214 7.739922667955534 7.40671321160043 7.740125644329898 6.944505787249678 6.240693069306933 8.833775038520802 5.419857530529171 3.627200215782984 8.833796379509566 7.408555304020662 0.834371809796723 7.273464943254365 2.1857328364484836 7.522641081074917 5.360197380121066 5.58280765383349 7.356476448713976 
3.5331290539295246 1.3098187329679416 0.16303619338055197 0.5364672183322725 0.47193675889328063 0.5357564040599323 0.4928141783029001 0.5342235824742269 2.2347896380672427 1.6195957095709577 2.7925365947611707 2.1458873812754407 1.3693079531442662 2.792179355501348 0.21953639639065145 5.555993552431272 5.264486031752827 4.8078192581355275 2.2496013279561016 3.6888615074996793 2.996192216786386 1.7058978927796713 
3.3290647499123054 1.0766111026057141 3.313750574705955 0.03575111394016556 0.11660079051383399 0.014345094248429169 0.029312567132116052 0.015792525773195898 0.01660665074407497 0.03966996699669978 0.03424114021571656 0.024637720488466908 0.05780440813810095 0.034238027988188424 0.04554379364218984 8.047625145518047 0.16142906736478224 4.041153979338603 0.7285735880483966 2.8130519631082866 2.625627425219867 0.36034295453539333 
9.0 2.9971056676566965 9.0 0.4821037555697008 0.11660079051383399 0.5748622522957952 0.44453276047261014 0.576219394329897 0.8424379937534447 0.8036716171617164 1.275733821263482 0.8150746268656717 0.4014418927250306 1.2755713185261262 0.2367350062175175 5.098724814184652 3.9521577844831066 1.6906079693954084 0.010000000000001563 3.129449190601933 1.7570171991412513 0.010000000000000231 
5.825672320616405 2.245860722414445 1.276668800595949 1.2889719923615532 0.8272727272727272 1.2961478975350413 1.1735821697099893 1.2944925902061857 1.0538508175638435 0.8778465346534656 1.286122881355932 1.0700149253731344 0.7374583847102341 1.2865361407112594 0.17768644581194404 5.966569356138623 3.847328853602689 5.389405675700189 4.005735138927712 5.073084199460177 4.921073329076763 3.132820111558723 
1.1309105772260573 0.8666545005460466 2.18154434402044 0.9427625716104393 1.182608695652174 0.8572933784436927 0.9418313641245971 0.857156894329897 2.4684999081388943 1.9385478547854789 3.4002966101694914 2.03610447761194 1.3277389025893955 3.3998613429195013 0.23530178873194532 6.019300170144176 4.989972750683017 7.691365705051574 3.0903680400668545 6.78752651282363 2.3535029194677106 2.3646763690291737 
4.906688129083657 2.1143189932331063 5.025610817857496 3.7067154678548686 2.6039525691699605 3.373102948284196 3.5007465091299683 3.3711130798969076 4.162279992651111 3.926435643564358 4.182939137134052 4.317149253731344 3.859986898890259 4.182980485299781 1.712089085865511 2.395364914480165 4.743847075691755 6.912989388980041 5.741727711956741 7.08233004441503 7.717321184574945 5.193666873256894 
5.923482083935292 2.564585157741103 5.173571964825086 0.23889879057924884 0.11660079051383399 0.11862735621072984 0.1886412459720731 0.12005798969072168 1.3643634025353666 1.0336138613861392 1.7761402157164867 1.2151723202170965 0.8441522811344018 1.7770676595198354 0.2765784523164239 4.936507119190472 5.159742605709993 1.7777366043087142 2.4596113104439645 4.347823393416311 5.042123674774138 1.685302359555536 
2.9464842658485972 1.9654353368647748 0.8607765950636392 0.9313176320814769 0.8272727272727272 0.7703914934751088 0.874237379162191 0.76882087628866 0.7507707146794049 0.8110891089108916 0.7510862865947611 0.7101709633649933 0.7194451294697901 0.7521453331621516 0.3565519880113511 6.723316915912959 2.194712728950141 5.34452571956237 2.213766193021385 3.851694569570415 3.8016720539988453 1.7494171499402364 
2.7264924703182487 1.1159011196505306 0.010000000000000231 1.8898313176320813 1.893280632411067 1.721967133881102 1.5694897959183676 1.7216913659793818 2.044022597832078 2.049810231023103 2.456623651771957 1.6396662143826326 1.497479192355117 2.4574637309025547 0.7208758728437968 4.769056595325513 4.985847142269491 5.482945732918896 3.1877992892468647 3.0973925698810723 3.630124962264131 2.1041975961751294 
0.48386959649467 0.25869608173346825 1.0600114068219786 2.4821069382558876 3.314624505928854 2.386766553890769 2.3275080558539205 2.3849355670103094 1.7434199889766677 2.020140264026403 2.2921302003081667 1.4896295793758485 0.9362970098643648 2.292991398125561 0.6122379874374263 4.340769678517059 7.231246929696286 7.696554139287159 4.614808649968344 5.260182342493229 4.199844570294956 4.036794878037983 
1.1133261990118974 0.5830910519815877 2.1153071403213706 0.5278835136855509 0.8272727272727272 0.4054035766070567 0.4638453276047261 0.4067880154639175 0.28747933125114833 0.299282178217822 0.3718855932203392 0.2734789687924015 0.24417231812577056 0.37241622801386576 0.10057934508816121 7.253442733052746 3.3601864176659264 6.458111947497304 2.1220943829966874 4.312771583385673 3.2305245417261412 1.697221900039842 
8.591123120552195 2.934124192412506 6.147666955717087 0.04147358370464688 0.010000000000000009 0.08386660222329623 0.09207841031149311 0.08385470360824748 0.11735807459121816 0.10642739273927415 0.2853100924499229 0.20516960651289018 0.05018341553637473 0.28527474643728323 0.09971941459681792 7.4019745679233475 7.572838755852302 1.9554404768775377 0.36087840188925746 3.948248949279522 2.45132381635596 0.22512880162911175 
6.296121247792819 2.778689141329088 1.2663094275055724 1.1258816040738384 0.8272727272727272 1.1223441275978734 0.9563157894736841 1.1236130798969075 1.4378623920632008 1.2932260726072613 1.9995050077041605 1.335933514246947 0.756164457459926 1.9998266786493768 0.49471415362050836 4.319435837736188 3.753059770164138 3.7358146245743633 2.3488044402106016 2.4998320648148775 6.024394132874437 1.8667420425871004 
1.334333505746101 0.5415621829613075 2.4208563264213434 2.516441756842775 2.9592885375494076 2.0478492025132913 3.3172771213748655 2.0489690721649487 3.4875757854124556 2.9176567656765693 3.995936055469953 4.020735413839892 1.9415752157829842 3.995424316343561 0.3511057615661768 4.924833885555656 3.7150314936477704 9.0 5.447170506597001 6.180474495687937 3.9342969347429806 5.124995196777193 
3.221420562303434 1.0228786551945868 3.535378374760661 0.010000000000000064 0.11660079051383399 0.010000000000000009 0.010000000000000009 0.010000000000000009 0.011651662686018804 0.03225247524752506 0.01000000000000012 0.01731886024423346 0.14232814426633777 0.010000000000000009 0.04411057615661769 8.659061072803798 1.181394898718617 3.4697961892669547 1.3871425556309802 3.1349538628469293 3.7197046767232544 0.7968687635574838 
6.21953032383874 2.792911356746992 1.3873780604910757 1.6780999363462763 1.182608695652174 1.5438182696955052 1.6129430719656286 1.5450193298969075 4.719716149182436 3.5778135313531374 6.175907164869029 4.197607869742198 2.547097718865598 6.175115547567082 1.1906845646143547 2.9109998209008685 7.486842265450195 3.0947094542786218 3.7369212296143353 5.7300627843473615 5.460896783063196 3.1169605560228435 
8.000469735613938 2.701925880563807 8.747817281335298 0.31615213239974543 0.11660079051383399 0.3662977283711938 0.3817669172932331 0.3647922036082475 0.6194635311409151 0.484719471947195 0.9640620184899845 0.5808710990502037 0.32107506165228106 0.9639395301065604 0.16937378439562542 5.928731978149908 4.309439748336152 1.920715027743654 1.2909526715989674 3.085978470078948 3.529755587275308 0.8420197441232462 
1.5835613343559194 0.6981533625238583 1.7247378467877579 1.4692297899427118 1.893280632411067 1.3700144997583374 1.1494414607948444 1.369795425257732 1.2586569906301672 1.1300412541254132 1.5423863636363633 1.021222523744912 0.8787931565967939 1.5421896263961994 1.1737725982846032 5.27462836930241 6.642973647104701 3.262592362044373 4.7009102317648495 4.869694655113807 2.3800137111373134 1.8604937358891491 
1.318619806065362 0.503520050624126 2.2856089555192143 0.502132399745385 0.8272727272727272 0.41843885935234415 0.5748925886143931 0.4183730670103093 0.5905594341355871 0.49213696369636994 0.7355026964560866 0.5601343283582088 0.3765004623921083 0.7365637437411733 0.09484647514587254 7.135502820811321 2.247276827856126 6.70056006727733 2.6643339969310986 2.094125577699288 2.3383538956565078 1.9768634733719952 
4.434635763164309 2.5399027322739016 0.4709921025217221 3.4034245703373642 2.6039525691699605 2.395456742387627 2.2695703544575725 2.396520618556701 1.0720191071100496 1.241303630363037 1.4177176425269642 0.9797489823609229 0.6092871454993831 1.4181140069328535 3.047274495424545 3.8106438613772724 3.237743490242795 2.7143972248101633 1.3021815443764382 3.0897629322473827 5.530112313516438 1.1271534596485013 
1.5158427714460672 0.4593669534686715 2.1127957771479458 0.28467854869509873 0.47193675889328063 0.18814886418559695 0.19829752953813107 0.18956829896907224 0.010000000000000009 0.01000000000000012 0.046361710323574834 0.031956580732700135 0.07997456843403195 0.04693413788676337 0.11548480693811182 7.226473538103341 5.028599561062484 5.054974028972126 2.8850741841455285 3.849144611103983 2.830810645354359 2.1588006330514857 
4.519778360414026 2.3082366065505173 3.1562148556396843 0.9999872692552514 0.8272727272727272 0.9311599806669888 1.0528786251342641 0.9324597293814435 4.542988241778431 3.644570957095711 5.5785362095531585 4.387898236092266 2.6988247533908756 5.577821286429581 1.3586576539234132 2.216241156980389 7.412666818844353 5.8702252883608566 3.55171556184294 5.945230708276773 7.689831663838889 2.9029461020850853 
