5.42354982543506 1.6707836889536876 5.58146165587984 0.2852977203130317 0.052606635071090035 0.34221724524076147 0.274978563772776 0.343832804627729 0.4277387255796973 0.35718981101068215 0.4856246379609964 0.4137571234735413 0.36453327207289987 0.48614196537743737 0.07673419679103034 6.5908290660814455 1.0561459327408347 6.55087373958067 1.5067948941168012 1.1663454512301366 3.762365597090221 1.3355384733279763 
1.0551918184524611 0.36327787056237115 2.129824215410918 0.9398945219462403 1.3308056872037914 0.8657110862262037 0.9639228295819935 0.8672289606269828 3.8582846448785832 3.2011914543960565 4.526698204286542 3.620637720488467 2.5791614978175974 4.527273955853015 0.901179586313551 3.270820531577664 8.07272618244859 4.408828665418959 3.797840525855129 6.076067862923469 3.9932117989134577 3.075732476161283 
9.0 2.7645539649295032 8.926171999023081 0.1843552228649199 0.009999999999999953 0.25664613661814106 0.23643622722400864 0.25492256017913795 0.4531805733065549 0.37196384552177497 0.6678895539679474 0.38692130257801916 0.2130821655563212 0.6689619666645213 0.15285289000579935 6.071655287328294 3.674856468205543 2.0934528275441266 1.585277237033111 1.9489600850031183 3.779434802221483 1.0930385354619037 
0.7567133075320038 0.12452455579520061 2.1419001709610463 0.3831813542021094 0.9047393364928906 0.39255319148936174 0.44360128617363354 0.39080425452509815 0.5130920211794779 0.37196384552177497 0.6366441397953272 0.4686485753052918 0.3796783827245577 0.6371420297316429 0.10697312971196597 6.751221246850363 7.998785083799793 6.701301272168131 2.931459500740651 3.6011307935950514 2.575203979949001 2.229738374742144 
3.471000365368482 1.0499764560537264 4.497315301013556 0.7777747533174549 0.9047393364928906 0.7952407614781632 0.6604019292604502 0.7950942339988806 5.759036881504474 5.084880854560395 6.871840123575979 5.367405698778834 3.432106593154147 6.870956947036489 0.56368528900058 4.110413313825897 5.137988244929194 4.88898119367791 2.5350346784722273 4.075402830585815 3.6957525041505983 1.677950470975172 
1.0497782077999407 0.4578891770642022 1.7693020515325446 1.0836611092208233 1.7568720379146918 1.132491601343785 0.9350160771704179 1.1322821421907072 0.6682052218367721 0.5270912078882498 0.8761923151187486 0.5747720488466757 0.45333869362125745 0.8772379174979082 0.48617630001933115 4.678545070308056 6.312823153616235 3.359356660538051 3.8262069719269007 3.624910168182811 1.8040422480323564 3.1352216731424036 
7.745988795366586 2.3216197278303166 7.695741909879109 0.3097686287853011 0.052606635071090035 0.43282194848824174 0.26052518756698834 0.4344206008583692 0.5754655833485488 0.45322103533278557 0.7026066808264143 0.666257801899593 0.34112719197488317 0.7036746251367526 0.10558283394548616 6.372710314557425 2.2816593362748234 4.149221652416955 1.6332248529322158 1.823465700476567 3.431039847535529 1.1026834193543045 
6.482488565319766 1.9330776430263534 7.15852656001954 0.1017659067710105 0.052606635071090035 0.19624300111982074 0.12080921757770641 0.19453069602537787 0.2069691436918023 0.17251437962202143 0.2148310484649546 0.2417639077340571 0.1738425606861168 0.21538322929403442 0.03433017591339649 8.519554173778754 1.8492350104181003 5.9406397529866695 0.31443542188841533 3.327151922812847 4.104437587082516 0.25337505281383876 
6.215579312024682 1.864475096869195 6.958010807180367 0.3801224906430758 0.052606635071090035 0.5032922732362822 0.3761521972132906 0.5032002239223736 0.1281814862150814 0.09864420706655708 0.17490635257771758 0.14417910447761195 0.06713837200398198 0.1754636720509687 0.10523526000386622 6.708474355848168 3.4848960173222805 5.889867217967005 1.0123569464430453 3.476263779802305 1.2921100705201543 0.773956729932813 
4.554878210506374 1.5814451864901007 4.729228538283063 4.292408982647159 3.4611374407582938 4.011707726763718 4.124394426580922 4.010961000186602 5.910046558334856 5.44684470008217 5.8008167599922755 5.933397557666215 5.578581820966383 5.800071433168156 2.604639474192925 1.4414728115093887 6.4085794983912026 7.822262488766505 7.596246138775724 8.276803446048008 7.970144625929993 7.699728143355398 
2.696610733714037 8.963520423125479 0.04738057149835173 8.706349098332767 8.999999999999998 8.999999999999998 7.4101286173633465 9.0 6.957265838962937 6.252029580936731 8.833357791079358 5.419857530529171 3.661348495290604 8.83337923933329 8.999999999999998 0.7582532715597825 7.137544338176444 2.1857328364484836 7.642051480097554 5.360197380121066 5.079689901720207 7.462162364237368 
3.677994938969931 2.2475387008816488 0.8102516180241799 0.44435862538278315 0.4786729857819905 0.468057110862262 0.41469453376205795 0.46629408471729816 0.6370184407522369 0.5714133114215284 0.5324927592199268 0.549156037991859 0.6584861015391683 0.5330040543149496 0.22271525227140926 6.4143611314313596 4.496976604189171 3.4769117562186196 1.3819318189830945 5.54533245989028 3.2832840406998978 1.2011803996454227 
1.307563398197515 0.408695037260582 2.3974164122603496 0.5544777135079958 0.9047393364928906 0.5183930571108621 0.5929528403001072 0.5182981899608137 0.6427633741099145 0.5270912078882498 0.7147576752268779 0.5601343283582088 0.4313094417643004 0.7158240556020335 0.13165087956698243 6.477568072827767 2.20541085582422 6.70056006727733 3.1764264856345736 2.094125577699288 2.3353472534864137 2.4284825652199133 
1.6603604969011334 0.40071103965657384 2.770398766638174 1.0989554270159916 1.3308056872037914 0.5183930571108621 0.544774919614148 0.5182981899608137 0.5508444403870735 0.43844700082169286 0.6817764047113343 0.26128086838534603 0.5015276820583505 0.6828470300534141 0.2790222308138411 5.388435747378688 6.785878375382949 5.604206853053455 2.4896844485932164 5.274207114058607 2.6361100073491874 1.673239745830814 
1.1960065225039918 0.36643781340798576 1.4176721821956293 1.4874310990132695 2.1829383886255918 1.5100111982082867 1.20481243301179 1.5080537413696589 2.2291856855943037 2.107912900575185 2.433255454720989 1.6811397557666217 1.6429182938969298 2.4335221056696055 0.9282903537599072 3.851009103470699 9.0 5.082287429198033 3.9680895896240678 4.795745859587276 3.9509627166719747 3.286672417506855 
3.906583128095484 1.1542732678456655 4.3647542434973765 0.5422422592718613 0.4786729857819905 0.5636954087346024 0.4532368703108253 0.5652696398581826 2.001850465583349 1.6499178307313067 2.3325757868314345 1.7836037991858888 1.4487855119074966 2.3322768517922645 0.28354069205490046 5.206122084044543 2.312326538040651 4.113273215213251 2.5253749380983717 3.8218438653006737 4.209120446574265 2.005448275576396 
8.65778681425749 2.6204306545508236 8.778845341311518 0.40765226267437904 0.052606635071090035 0.5183930571108621 0.44360128617363354 0.5182981899608137 0.664922402775242 0.5935743631881675 0.9942305464375362 0.5637937584803259 0.29500344589937966 0.9941038676877533 0.2446124105934661 5.23279322116557 1.0271778030290664 2.6583991953103734 1.0737157213232518 1.8794433601444334 3.983553380358633 0.9501527459053745 
4.806884827735528 1.599694323870691 1.146457198681159 0.952129976182375 0.9047393364928906 0.7801399776035834 0.809753483386924 0.7799962679604403 2.667442030308563 2.070977814297453 2.993937053485229 2.32763907734057 2.111728309977793 2.9947100843040086 0.6269437463754107 4.387354710233278 5.897892977056846 3.8710845171450003 4.424919078140784 4.138605372575239 4.5061478120601395 3.9017851284515395 
6.548181818181819 2.5086920838680284 5.427273659787522 0.27306226607689676 0.052606635071090035 0.17107502799552066 0.20752947481243306 0.17272252285874234 1.4117637392733249 1.0663434675431391 1.7580073373238077 1.2151723202170965 0.8959889731219848 1.7589394426925797 0.3520127585540306 4.481617085263758 5.063375907938055 1.7777366043087142 2.9882509072125547 4.347823393416311 4.622348785604848 2.155670135120581 
5.188939754797152 1.7588881308976858 6.0468799609231905 0.36482817284790725 0.4786729857819905 0.43785554311310193 0.3665166130760988 0.4377757044224668 0.41214533503742945 0.3498027937551357 0.4578509364742226 0.3942401628222525 0.33424305076958416 0.45779329429178184 0.06769727430891165 6.694956108266279 3.1000876613755635 6.810517812827218 2.46910690978571 4.179384470272546 3.3938899303695758 1.823349888573157 
6.531271888278438 1.9525047472665515 7.2337817193796585 0.046706362708404114 0.009999999999999953 0.13583986562150058 0.08226688102893892 0.1341388318716179 0.01000000000000012 0.010000000000000009 0.01173585634292329 0.05391316146540037 0.009999999999999953 0.012314177231482093 0.012433017591339652 8.867375030480371 2.3586000312659685 5.918255365284573 0.4476384142118004 3.4962789299872363 0.4952085531712713 0.22602305582940518 
8.155537565292702 2.474867606899291 2.6296589937721344 0.22412044913235796 0.052606635071090035 0.3522844344904814 0.24125401929260454 0.3522205635379735 0.6591774694175646 0.5197041906327035 0.832795906545665 0.7296879240162821 0.36453327207289987 0.8338470944076194 0.13338874927508215 5.8944566365927 1.0348760677678204 3.6827072941486847 1.0677228788601187 0.010000000000000037 2.79078068196175 0.8852452840348948 
5.072577539310942 6.275830100893714 0.9204721577726214 0.9093058863559033 0.9047393364928906 0.45798992161254193 0.5014147909967845 0.4595838775891026 0.2767290487493156 0.33502875924404285 0.2686425950955783 0.22224694708276804 0.3073949000689179 0.26918784992599265 0.28493098782138027 6.067270990815249 4.495801937090071 2.6979424762344486 4.970466040843234 7.83760345685349 5.583063480595835 3.8722918927651246 
4.362117175025034 1.8478713735147236 0.6992077176700451 1.7657876828853354 1.3308056872037914 1.615716685330347 1.7492229367631296 1.6154170554207874 4.676527295964945 4.065472473294989 5.5334948831820805 4.537934871099051 3.0355800597289226 5.532783962931977 3.019990334428764 1.2167776152158014 8.334194492989656 5.585899092250738 5.627375522807734 7.760214241173836 7.585955532086403 4.802892852112968 
1.32544656147663 0.4474557563076762 2.539308889974357 2.7079176590677103 3.4611374407582938 2.4059910414333703 3.329458735262594 2.4072214965478635 3.521795691071754 2.9426458504519317 3.983375168951534 4.020735413839892 1.9864369400413509 3.982863762146856 0.4423819833752175 4.471021702023897 3.6456995527099876 9.0 5.7343348388605015 6.180474495687937 3.685286217874002 5.374175337801454 
0.4489890795420708 0.6665762900813843 1.1311975821223599 2.270500170125893 3.4611374407582938 2.149277715565509 1.7877652733118976 2.1505560738943834 1.5365108636114662 1.391372226787182 1.938536396987836 1.2090732700135687 0.9421127191974885 1.9382881781324408 1.336689735163348 3.665772575794522 8.711094822215635 3.4140575814789464 8.194862346507014 7.912280811941857 4.5577953554212245 6.0183902756261025 
0.846433259357493 0.5137397645189399 2.0628026621077056 1.8239060905069753 2.609004739336492 1.4244400895856661 1.9082100750267952 1.4224986004851652 1.458543910900128 1.2657929334428926 1.7718941880671948 1.2773826322930801 0.9379822344743087 1.7728245060814722 0.34749429731297116 4.608761684142081 5.871567848318054 8.768151110158385 5.398862441969766 4.0430628811464615 2.264078922783723 5.077492751041778 
3.5861460391350235 1.094907477698766 0.026796556356087464 2.0655563116706364 1.7568720379146918 1.8220940649496078 1.734769560557342 1.8234334763948499 2.353932809932445 1.805045193097781 2.091291755165089 2.221515603799186 2.3065495060877557 2.091023875410258 1.3328664218055286 3.33293139884581 8.475049663890836 4.508261301519511 6.299545866688797 5.196736947316526 5.274829949979268 5.984093217460462 
1.3374294974153553 0.46215229522278367 2.3525707046037367 1.9064954066008846 2.609004739336492 1.3489361702127658 1.9419346195069667 1.350363873857063 1.3978117582618226 1.339663105998357 1.617402973547017 1.2968995929443692 0.9861712229114021 1.6183531758800438 0.26060081190798373 5.184200601479315 5.956311689038944 8.56061374073494 5.679760475274333 5.198133353143382 1.6246356236220265 5.254321828891447 
1.0415057241061998 9.0 2.2905990963487617 1.1264851990472948 1.7568720379146918 1.0167189249720043 1.1518167202572347 1.0182086210113828 1.2361329194814683 1.0515694330320464 1.5809499903456268 0.9919470827679784 0.8615682670954898 1.5819048844842012 0.20394625942393194 5.759639518816551 5.307685688352959 7.674873896231318 4.196789591233193 6.088655753130777 2.0313530287365626 3.378671203824137 
6.295080313404963 2.0197984413574788 7.0155911588716595 0.14458999659748206 0.052606635071090035 0.23651175811870107 0.21716505894962496 0.23646949057660016 0.2635977725031954 0.20206244864420708 0.3085672909828153 0.32105156037991867 0.16971207596293736 0.3085288628611881 0.028768992847477286 8.169906526863368 4.401912473954748 5.79113872651271 1.4680681611288335 3.4283002753146534 0.3658937268558473 0.9741346193675597 
8.663687041597877 2.552800398500009 9.000000000000002 0.4229465804695475 0.052606635071090035 0.5385274356103023 0.3327920685959272 0.5384288113454003 0.2463629724301627 0.2389975349219392 0.4057752461865224 0.2259063772048847 0.12221150164637407 0.4068813951991762 0.17266460467813646 5.942683898236204 2.7012042764378252 1.6406507597556228 1.5491332614831475 3.451270139278149 1.7261789971653139 0.8863252131193717 
3.731583601721292 1.6440457110292566 0.7973523018683601 1.6189622320517185 1.3308056872037914 1.6962541993281075 1.4697909967845662 1.695939540959134 1.1499589191163047 1.0367953985209533 1.4351380575400658 1.0468385345997289 0.6991025346504327 1.4355331745929596 0.6895070558670017 3.9394257498171177 7.605334534195401 5.410085292153454 3.2945929209667852 2.7842940981813022 2.0353803693099417 2.5692271160744617 
5.956577579907439 2.1923051436867067 5.681143179875445 9.0 6.443601895734598 8.728185890257558 9.000000000000002 8.72823661130808 9.0 9.000000000000002 9.0 9.0 9.0 9.0 7.534280688188673 0.010000000000000231 7.756426089817327 6.888751989050945 9.000000000000002 9.000000000000002 6.632651623671852 9.000000000000002 
2.9098096700857923 1.0326435151194975 0.010000000000000231 2.038026539639333 2.1829383886255918 2.028471444568869 1.5854180064308683 2.028094793804814 2.0872037611831296 2.0783648315529994 2.4401988800926824 1.6396662143826326 1.5451634887816832 2.441043181671922 0.8907523680649526 4.329628139478177 4.892734535595371 5.482945732918896 3.657581680770022 3.0973925698810723 3.4280003452159997 2.5476285343849154 
2.630978307937969 1.6838909075026565 0.8683808767859325 1.1601326981966653 1.3308056872037914 1.1475923852183647 1.1421811361200431 1.149057660011196 1.5176346540076686 1.199309778142975 1.773630044410118 1.5164654002713704 1.0701577456160503 1.773403050389343 0.6109553450608931 3.5674912622937507 7.7006923312046025 5.774165134513435 3.950993653354132 1.6470530976838 1.6017793660481843 3.16666995286106 
6.6771352404665905 2.1337994563261877 6.824406826230311 2.0686151752296698 1.3308056872037914 2.19458006718925 1.9033922829581995 2.194172420227654 1.1786835859046927 0.9333771569433033 1.4143077814249856 1.1236865671641794 0.731457998315338 1.4147055795096213 0.44481500096655713 4.709965861984883 5.092679656820999 5.175271582748646 5.030282313011881 4.174527406526961 3.82322363234852 4.173405912664552 
1.707562315624239 0.42759860067428823 2.710622786665039 0.805304525348758 0.9047393364928906 0.2918812989921612 0.3135209003215434 0.2935062511662624 0.6066523644330838 0.5197041906327035 0.8119656304305848 0.2929959294436908 0.4788100160808636 0.8118624107085396 0.14798685482312005 6.0493684467203135 5.927763083291139 6.360754685090981 2.420283204359176 5.245368298069196 2.534114707803126 1.580235508296951 
0.009999999999999787 0.24162941994954235 1.423435706435463 1.1234263354882614 2.1829383886255918 1.0167189249720043 1.1662700964630228 1.014853517447285 1.5562077779806467 1.2657929334428926 1.6989882216644139 1.4188805970149256 1.1975143579140823 1.699927923289787 0.3426282621302919 4.913470291798749 6.102893362048246 8.00585894021717 4.809970990532735 6.480458895274628 4.0473589329978426 4.233323357386067 
3.53736271617635 1.2835878519892758 0.18274105507388017 1.7657876828853354 1.7568720379146918 1.4999440089585665 1.6480493033226156 1.4996659824594145 3.7548758444403876 3.3858668857847176 3.486920254875458 3.671869742198101 3.4851144804349494 3.487051290301821 1.0857413493137444 3.239399739900838 8.5839790611343 5.078247862543183 6.537443995636919 7.125517436219522 6.751788116562005 6.208234360890421 
0.9535497577742289 0.34055993826993536 2.279456282818416 0.9093058863559033 1.3308056872037914 0.8053079507278836 0.9157449088960343 0.8034819929091249 1.0317774329012233 0.8373459326211997 1.426458775825449 0.7772605156037993 0.6412757485259208 1.4268550099749016 0.13338874927508215 6.35955742501829 3.6370783352505134 8.66838493185697 4.193701335014056 4.954045662162131 1.4282237836029505 3.5142767817939307 
0.0509974559527997 0.465349633841718 1.4524179997557698 1.1815447431099013 2.1829383886255918 1.142558790593505 1.1662700964630228 1.1440250046650497 0.9447827277706776 0.7930238290879214 1.0601930874686234 0.8724056987788331 0.6970372922888428 1.0600579187849926 0.35931181132804946 4.895202389661058 7.540056605402479 7.083948297042603 4.01872886462785 6.516340453695138 3.606307149708079 3.492436147033726 
6.318255433164634 5.418288924985909 0.5275095860300403 1.7596699557672681 1.3308056872037914 1.5301455767077266 1.4457020364415862 1.5281843627542453 1.1113857951433266 1.1623746918652427 1.3934775053099053 0.9260773405698779 0.6082318707404857 1.3932994401184113 2.4979342741156 3.8751227342924492 4.09303795548566 2.2797917370907506 1.9936471092775516 4.081433684736583 2.8708155772491972 1.4765995551210784 
6.245567065414491 2.0651221186223876 1.3997229209915747 1.9523783599863895 1.3308056872037914 2.1341769316909294 1.7251339764201499 2.1337805560738943 1.0137219280628083 0.7782497945768282 1.4177794941108326 0.8663066485753055 0.50565816678153 1.4175983010489737 0.452114053740576 3.9660968869381463 2.4359392740228802 5.291307208403069 3.631716722235753 3.2127275960731083 5.84569647772912 2.9582064006229967 
5.159316963923244 2.220370671564029 4.36843192086946 1.664845185437224 1.3308056872037914 1.6358510638297874 1.5854180064308683 1.6338701250233254 2.766747306919847 2.6471651602300743 3.184881251206796 2.6911424694708277 1.8935010337698137 3.185629705901281 2.4979342741156 1.2613512964317648 7.0240421297257685 6.044000775008453 5.837983219166752 7.482936614597755 9.0 5.36397186989984 
3.4666816422636604 0.9458292273550697 3.757663023568203 0.2852977203130317 0.4786729857819905 0.246578947368421 0.1545337620578779 0.24821235305094236 0.41706956362972447 0.39412489728841404 0.2964162965823517 0.2759185888738128 0.3872509380503867 0.29637943239590714 0.21645892132225017 6.729665122327889 2.883592319771524 4.365912902241753 2.228604893225455 4.925712790312886 4.312739480254177 1.1414491495936443 
4.983709166689222 2.0214812511569185 1.024654719746001 0.903188159237836 0.9047393364928906 0.7197368421052631 0.6314951768488748 0.7212819555887292 0.18645152455723957 0.24638455217748567 0.12456651863294066 0.08318860244233384 0.2750394364040126 0.1257088615741041 0.39094104001546487 6.851329350564905 3.0204620130150426 2.73289028683557 5.299007740619022 5.5823473331847575 4.939020934503271 3.552725981094717 
3.3677768004546795 0.8868186970547187 0.5519359506655266 0.2547090847226947 0.4786729857819905 0.19624300111982074 0.22198285101822074 0.19620824780742685 0.15526474347270414 0.17251437962202143 0.10373624251786062 0.11856309362279527 0.20964009495367175 0.10488126649076523 0.1594567948965784 6.702628627164108 0.8557183589566497 5.185314909018956 1.7761428491618005 1.6895928809888818 2.332691688301982 1.302246866378918 
1.2930865517334702 0.45904844603715 2.443799059714251 0.6615379380741749 0.9047393364928906 0.5787961926091826 0.6844908896034299 0.5770125023325249 1.710500273872558 1.3544371405094497 1.8257057346978183 1.5250040705563093 1.4219373612068305 1.8266291267134305 0.6224252851343514 3.795109322929367 7.734296200718183 4.2103710559077925 3.421104149682705 4.599844288515349 4.098766515649495 2.625029658594779 
2.958714647216432 1.0290348229940323 0.02827860544633065 2.863919700578428 3.0350710900473934 2.924451287793953 1.816672025723473 2.9239074454189216 3.6457221106445137 2.9130977814297454 4.6690384244062555 2.269088195386703 1.85013094417643 4.668438766973421 1.684263676783298 4.356664634641959 5.393897862947726 5.522118411397571 3.4155891742345315 2.955404406385139 2.790380747446023 2.636108241444158 
3.2784826382310754 0.9569357720313723 4.045235437782393 0.4412997618237495 0.4786729857819905 0.43282194848824174 0.46287245444801733 0.4327430490763202 0.5188369545371557 0.4310599835661463 0.6540027032245607 0.4808466757123473 0.4161643311126426 0.6550769032756291 0.15702377730523875 5.8451333008209385 3.0729654371052364 6.6733578477850415 2.6967780344544607 3.5755907333995167 3.3225216160379523 2.165519833149693 
1.5448498606186902 0.39196042869948755 1.9165189278300168 1.001071793126914 1.3308056872037914 1.0217525195968644 0.7133976420150054 1.0232412763575294 0.38588278254518904 0.3054806902218571 0.4179262405869858 0.3149525101763908 0.33699670725170383 0.41903082566445715 0.5470017398028223 5.67597252702593 4.427377578567412 5.247909662046844 2.983971234252035 4.00404446905693 4.475016909355888 2.344583247036212 
1.543511664727057 0.5621298951961609 2.7185270484796686 0.5147124872405578 0.9047393364928906 0.4479227323628219 0.5399571275455521 0.44951856689680914 0.546740916560161 0.41628594905505356 0.5498513226491603 0.4576702849389418 0.44507772417489844 0.550360383551065 0.19838507635801275 6.018313013086241 7.130790002356613 6.732802480027047 3.7982533769496865 5.097936175625087 1.7357094366751067 3.1234914089489427 
6.553534601748357 8.574099537648475 6.14579301502015 4.4728819326301466 3.0350710900473934 4.293589025755879 4.206296891747053 4.291112147788767 5.111500821617675 5.535488907148727 5.29915427688743 4.517198100407056 3.9621854659621722 5.299630606860156 2.729418519234487 2.4023644639518826 3.59812553519638 7.162553075711731 5.004017506567134 5.191009659649858 5.956730297330627 4.211184811154283 
3.6609633548945837 1.0574743086045628 4.328361704725852 0.010000000000000009 0.052606635071090035 0.009999999999999953 0.010000000000000009 0.010000000000000009 0.10027752419207614 0.09864420706655708 0.10373624251786062 0.08562822252374502 0.15387855119074967 0.10488126649076523 0.06839242219215155 7.793953100869707 1.6377739563816407 3.5388764850893324 1.6090389305423507 3.617907901282926 2.8360852639033967 1.1693038721863689 
6.346479201060921 1.9133887683729092 6.959986872634023 0.23329703980945904 0.052606635071090035 0.34221724524076147 0.23161843515541275 0.34215525284568027 0.060062990688333096 0.03954806902218577 0.07249082834524034 0.09660651289009492 0.03960180718278572 0.07363987386575721 0.04545254204523487 8.230190603917746 3.699063000926313 5.915364666210458 0.46900752185021233 3.390617555755157 2.7288308254755167 0.45615966762491 
2.9985563885355475 4.526362335509553 0.9589505434118943 1.1601326981966653 1.3308056872037914 0.7298040313549833 0.9735584137191855 0.7279921627169249 0.9070303085630821 0.8004108463434677 0.8796640278045956 0.7784803256445048 0.9428011333180184 0.8807091833451316 0.6335476512661898 5.08555392993579 6.529612161995048 2.307068077072117 4.114038953142433 4.735315891485956 3.3743051371343844 3.2428049533167087 
5.647271847681941 1.7789883590576596 5.912891745023813 0.4627118067369853 0.4786729857819905 0.5133594624860022 0.44360128617363354 0.5132655346146671 0.591879678656199 0.49754313886606416 0.6366441397953272 0.5381777476255087 0.455403935982847 0.6377205740395137 0.07951478832398995 6.538582865967651 2.951345439951841 6.5182977846301 3.1930770628497473 5.2843259968619085 3.8463998375349435 2.172688327934586 
1.2138288586971235 3.068955559761482 2.1619352790328503 2.148145627764546 3.0350710900473934 1.5452463605823068 2.072015005359057 1.5466374323567829 1.8738205221836775 1.9675595727198028 2.3308399304885112 1.7226132971506107 1.249145416953825 2.3305412188686527 0.3846847090663058 4.839667967162482 6.122569035958196 8.707520550091107 5.464548026352783 4.369963508989936 1.6433485596129307 5.071813813614786 
0.3691231156458894 0.053079930865655545 1.6650645988521187 1.3497822388567542 2.1829383886255918 1.4345072788353863 1.2433547695605573 1.4342414629595073 1.2188981194084354 0.9776992604765821 1.5774782776597798 1.0480583446404341 0.7204433723868595 1.5784336186369776 0.41735665957858115 4.4290055271072095 6.261746111003521 7.614243336164041 4.793052222645899 2.856927438943404 4.029417870622296 4.108647406529862 
1.6090832634171424 0.6070048231812195 1.808988032726829 1.5883735964613819 2.1829383886255918 1.6207502799552067 1.1662700964630228 1.6204497107669344 1.3067135293043641 1.1623746918652427 1.5236667310291563 1.021222523744912 0.9304096791484799 1.5234719093892783 1.439919195824473 4.788517841176949 6.518851372319351 3.262592362044373 5.0483924976401005 4.869694655113807 2.370585483667189 2.3195959223574443 
1.833596037781807 0.6874431315944363 2.7935626450116025 3.411456277645458 3.887203791469194 3.4076763717805147 2.5682475884244376 3.405364806866953 2.416306372101516 1.908463434675432 2.903672523653215 1.9665753052917232 1.64085305153534 2.9044571722762083 2.8204828919389135 2.529874420872958 7.834205832736401 4.893613724245398 6.422100876648202 5.252411040500294 5.003334403977457 5.522926259454713 
6.9116236569325284 2.1153820379656527 7.3403245817560165 1.3589588295338548 0.9047393364928906 1.5200783874580064 1.199994640943194 1.5214741556260498 0.6723087456636848 0.5270912078882498 0.8501544699748987 0.6052672998643147 0.4147875028715826 0.850046335027994 0.2758940653392616 5.112590425099569 1.7201265105079315 4.818789090519335 2.4376245757286323 3.6144270055985896 4.325489392615581 1.720216661005576 
0.9639511894773873 0.11998096933671354 1.9126765783367934 0.5850663490983329 0.9047393364928906 0.5234266517357222 0.5303215434083601 0.5233308453069604 0.44497352565272996 0.3645768282662285 0.5064549140760765 0.47352781546811396 0.3996423922199249 0.5063910161529054 0.13686448869128168 6.626268796228564 2.370241821265992 7.179230185754687 3.06480065189489 3.7762684171546015 1.8725550299216858 2.423324972868185 
4.116558228910119 1.7046081659224246 0.6771416534375381 1.0316604287172506 0.9047393364928906 1.0771220604703244 0.7856645230439443 1.0786004851651425 0.6969298886251599 0.6231224322103536 0.5741533114500866 0.6040474898236092 0.7534872501722949 0.5752377887894974 0.3940692054900445 6.30767658294725 3.601439774511703 5.238718721400954 2.170568431877834 4.130247175379711 2.1483458726224134 1.6988415129197147 
7.434554115131668 2.361558413737018 1.5744949322261577 0.7318917999319497 0.4786729857819905 0.3069820828667412 0.18344051446945348 0.30692666542265357 0.29314314405696573 0.2980936729663106 0.3762656883568257 0.08440841248303943 0.25507542690864526 0.37737563549777986 0.224105548037889 5.906878810046331 4.329964114134783 0.00999999999999801 3.9886671284315742 7.761489220407052 6.019316049696868 3.289223284482259 
1.9131578662480715 0.5057931626882524 2.6061657711564297 0.8664817965294317 1.3308056872037914 0.32711646136618133 0.38096998928188636 0.3270572868072401 0.8955404418477272 0.7487017255546428 1.181703031473257 0.4845061058344642 0.626130637874263 1.1821307677456723 0.15215774212255948 6.070924571242788 5.273641318677215 6.5937895027578755 2.0837364193837846 5.7915248784946165 4.043607547240318 1.1542407234046081 
5.299645051286909 1.6826755448697277 0.7626064843082188 2.071674038788704 1.7568720379146918 2.21471444568869 1.729951768488746 2.212625489830192 1.2812716815775063 1.0885045193097782 1.579214134002703 1.242008141112619 0.8443579140822421 1.5790121629448484 0.6175592499516721 3.788898236202554 7.00317081251852 5.576189308181284 4.105749423291067 2.7662217734946055 3.013584200673704 3.1942826223831258 
0.043394070204876733 0.009999999999999787 1.2216025766271827 1.643433140523988 2.609004739336492 1.8220940649496078 1.3541639871382638 1.8200783728307521 1.8171918933722848 1.5686606409202963 2.3082737980305077 1.5603785617367705 1.022657171299487 2.309135079477444 0.6217301372511115 4.108586523612129 6.712188991112531 7.275179158868493 4.614674543428594 4.142227932618821 3.2466260429882885 4.033555096224743 
1.4510544940323156 0.3093157696603388 2.444951764562218 0.5085947601224906 0.9047393364928906 0.5133594624860022 0.39060557341907837 0.5132655346146671 0.08304272411904345 0.11341824157765001 0.04818883954431352 0.07221031207598383 0.13666819817750198 0.04934101293519533 0.16258496037115797 6.286120458424776 4.744873314495975 5.212739489978482 2.4754849715772327 3.499780063437179 2.455759537481737 1.8139098188174672 
4.950680059000243 2.247501305108328 3.3107977775064117 1.086719972779857 0.9047393364928906 1.1123572228443446 1.069914255091104 1.1138290725881697 4.570656381230601 3.666573541495481 5.569947866383472 4.387898236092266 2.738873573780535 5.5692322543278205 1.6641043881693407 2.0125274323335773 7.274141340843387 5.8702252883608566 3.9920837150487447 5.945230708276773 6.861930082193438 3.2950139387110937 
2.693508552328886 1.3454778568353354 0.618189034070094 0.689067710105478 0.9047393364928906 0.49825867861142215 0.5688638799571277 0.4998451203582759 0.5746448785831663 0.5197041906327035 0.4613226491600694 0.45157123473541394 0.7521104219312351 0.4618431044468757 0.3492321670210709 6.019409087214502 3.6513841024217113 3.090558706890153 3.7561636954788824 5.0434358728465005 4.393822203972831 2.902534194371495 
1.4698500636011795 0.33717562078439567 1.1802149835144715 0.5544777135079958 0.9047393364928906 0.5183930571108621 0.38578778135048236 0.5199757417428624 0.21271407704947987 0.16512736236647496 0.2964162965823517 0.16979511533242875 0.14492916762386088 0.29637943239590714 0.3012669630775179 5.471372023083802 4.5073388460991035 5.146475772741137 4.120386132371763 5.041816851597973 4.381416235294954 3.5043153669629774 
1.3450328831632783 0.6971660326578659 1.9008201856148488 0.5758897584212316 0.9047393364928906 0.5536282194848824 0.6170418006430869 0.5535267773838404 0.5869554500639037 0.45322103533278557 0.7269086696273411 0.6101465400271373 0.42236005819741174 0.727394941759444 0.19247631935047363 6.222548158985614 2.756036058528026 6.450032814187601 3.183467709814204 4.52350743664724 1.8083415440764314 2.2178777742798683 
1.4725264553844486 0.3975510968109597 1.2920822444742952 1.6128445049336508 2.1829383886255918 1.6459182530795067 1.0121007502679529 1.6456129874976675 1.4281778345809752 1.1254396055875104 1.773630044410118 1.0285413839891453 0.9042499425683437 1.773403050389343 1.5900711386042916 4.899586686174105 8.2979056701067 2.849667117380797 6.066161468014645 3.438621535774022 4.1206989244920065 3.788187760444713 
2.559445654821511 1.1111559412066891 0.03898229332030745 2.3194419870704324 2.609004739336492 2.21974804031355 1.797400857449089 2.217658145176339 1.7802601789300714 1.657304847986853 2.040951921220313 1.4603541383989147 1.3069722030783368 2.041269064933393 0.9116068045621496 4.2255010972933436 5.077073365361506 5.43402621012623 4.30171715977337 4.045127133238335 3.482515419054855 3.3933061048655 
3.852021231968388 6.270837765155374 0.36525265600195445 0.952129976182375 0.9047393364928906 0.7449048152295631 0.5640460878885316 0.7447676805374138 0.4236352017527846 0.4753820870994251 0.24954817532342155 0.2259063772048847 0.4182295734742323 0.2500958877662657 0.5275375990721052 6.555389335934326 4.084165023647803 2.645465169965945 3.120607067172692 5.413604843556895 4.879246721782594 2.347990609492408 
5.23638488186419 1.7378717062913496 4.95120655757724 0.738009527050017 0.4786729857819905 0.7751063829787234 0.742304394426581 0.773286060832245 2.3884024100785104 1.827206244864421 2.8550685460513607 2.355694708276798 1.4955976721035302 2.855280906107214 0.9543583993814033 2.8360444607006423 6.8693007156173485 5.385106687333561 3.759931368066228 6.2761991270071755 6.708779158740637 2.9124769897354756 
3.2391275135998274 0.9124908954395039 3.8284720356575908 0.6951854372235454 0.9047393364928906 0.6945688689809629 0.679673097534834 0.6944411270759471 0.41706956362972447 0.3498027937551357 0.45611508013129953 0.38326187245590226 0.384497281568267 0.4566362056760408 0.17509762226947614 5.5787872876534195 2.9871308340780383 7.260429181541607 3.673287901741345 4.757800049074894 5.696356930211203 2.769237430306444 
8.84483010365639 2.579463584877798 8.48002033215289 1.077543382102756 0.4786729857819905 1.2583314669652856 0.9301982851018222 1.259776077626423 0.8832298703669895 0.9481511914543962 1.2389862907897276 0.7675020352781545 0.4402588253311892 1.239985198532724 0.3228165474579548 4.6058388198000495 2.4278634377165567 2.3617319377684716 1.3026514056438376 1.3664160020170233 3.3820278726330892 1.0590580082348167 
6.587111153211184 1.951046312107037 7.183337159604349 0.040588635590336875 0.009999999999999953 0.1408734602463606 0.07744908896034303 0.14252659078186236 0.013282819061530171 0.010000000000000009 0.010000000000000009 0.058792401628222635 0.014818898843709183 0.01000000000000012 0.009999999999999998 9.0 1.7614705971566629 5.9095832680622316 0.010000000000001563 3.1922874528104384 0.009999999999999787 0.01000000000000012 
4.379331240358333 1.716200855651898 0.7804459640981807 1.4476658727458318 1.3308056872037914 1.5200783874580064 1.2578081457663453 1.519796603844001 1.571801168522914 1.2805669679539853 1.8829889940142883 1.582335142469471 1.099071138678306 1.8833264688847415 0.611650492944133 3.623025684792327 6.902757751743542 5.726690961257827 3.4879080078966513 2.2244770259714244 2.301060867453071 2.8400845021415497 
2.041320536415058 0.8090354885472837 0.5674700207595564 4.240408302143586 4.7393364928909945 4.223118701007839 3.9461361200428735 4.224010076506812 4.290796056235166 3.6961216105176664 4.792284224753813 3.793850746268656 3.0768849069607165 4.792247248857712 4.103725884399768 2.4283048849874023 8.04887624509719 2.256480843275156 6.125160164984227 6.160034352425268 4.8691723713314135 5.825641553513881 
2.8756248477631328 2.0619060821167916 0.9806323726950787 0.6248315753657706 0.9047393364928906 0.45798992161254193 0.544774919614148 0.4579063258070536 0.46056691619499757 0.31286770747740356 0.5377003282486966 0.39789959294436894 0.4505850371391378 0.538210953085784 0.2790222308138411 6.1239014874420885 6.499070817418409 2.809345571321387 4.276456849298846 4.136703022608218 3.1385237433870676 3.548629698360493 
2.6337155268072205 1.8013884272768679 0.9905675906704121 1.6495508676420552 1.7568720379146918 1.7113549832026878 1.4842443729903538 1.7110375069975743 2.902984297973343 2.639778142974528 3.688279590654566 2.4459606512890093 1.7317237154452867 3.6883847094407614 0.6714332109027643 3.6138917337234826 5.913667078101921 5.894055025600014 4.148583537050488 3.1264742390577624 2.6781671210231215 3.4611740619848064 
8.147204254512976 2.3828366087566013 8.691404444987182 0.4015345355563116 0.052606635071090035 0.5485946248600224 0.3135209003215434 0.5501716738197425 0.5762862881139311 0.45322103533278557 0.7286445259702644 0.6260040705563092 0.32667049544375526 0.729709118990926 0.10940614730330563 6.412168983174837 0.009999999999999787 3.73774175729044 1.1792528141172056 0.261251860005988 4.3090440853288525 0.9222607843787025 
1.1449725973639344 0.1731951547723285 1.7355991574062775 0.5636543041850969 0.9047393364928906 0.5284602463605823 0.544774919614148 0.5300410524351558 0.4351250684681395 0.3645768282662285 0.4960397760185363 0.4186363636363637 0.3053296577073281 0.49713430722697727 0.15354803788903923 6.6251727221003005 2.604399121752947 6.828714392896309 3.2957144455937346 3.7717149198931157 1.7267389054873323 2.526197527898134 
3.595574237462447 0.9926113397794931 3.476073696422031 0.055882953385505196 0.052606635071090035 0.050268756998880115 0.04854233654876744 0.0519387945512223 0.07237356216907087 0.0764831552999179 0.01173585634292329 0.024637720488466908 0.11463894632054505 0.011735632923611572 0.07186816160835105 7.305469397707878 0.15859538803633466 4.041153979338603 1.397127664979255 2.8130519631082866 2.5783394665523067 0.9159115461406548 
4.4942944328669245 2.3372511610784446 0.5658781902552215 1.6923749574685267 1.3308056872037914 1.0972564389697648 1.4312486602357988 1.0987311065497294 1.9575324082526935 1.95278553820871 1.6989882216644139 1.6238086838534604 1.8762906807565662 1.698770834674046 1.0019760293833364 4.370548240266602 7.866194534988716 0.8515269727675197 8.192113798471983 8.672816043438035 6.3456666138759035 7.201750499142553 
0.9672358521204893 0.3911751174597491 2.306627182806204 1.0071895202449812 1.3308056872037914 0.9764501679731242 0.9301982851018222 0.9762698264601605 1.2312086908891726 0.9776992604765821 1.683365514578104 0.9309565807327 0.7755165020292518 1.6831501383615421 0.1538956118306592 6.219990652686338 3.7953857030526317 8.652374906215734 4.319944373058316 3.9682438616988467 3.2195864703799346 3.7333906691409773 
1.6732558391296113 0.7753979904451507 2.663581450726585 2.4570908472269477 3.0350710900473934 2.0083370660694286 2.9199464094319403 2.006286620638179 4.261250684681396 4.006376335250617 4.6377930102336355 4.825810040705562 2.5220231258136154 4.638354462964154 0.6578778271795864 3.898871007071447 4.2427660582247 8.786273569738395 6.33246017639275 6.6746200185043865 4.26357553023576 6.045220927535271 
7.814662575441826 2.4645089776894067 1.8317127854438886 0.30365090166723374 0.052606635071090035 0.4428891377379619 0.2942497320471598 0.4411308079865648 0.7913109366441485 0.6009613804437143 0.9560417068932227 0.8955820895522388 0.43750516884906965 0.9564984876761694 0.09202745022230814 6.475741282613999 4.025033120926966 3.8477365630848617 1.1009395125939427 1.6310045495577634 3.602503772463506 1.0157491280538826 
1.4033660586213426 0.5053818091817228 1.946599035291245 5.041830554610412 6.017535545023696 5.290240761478164 3.025937834941051 5.289255458107857 3.2583494613839696 2.617617091207888 3.7282042865418035 1.950717774762551 1.5224458228041966 3.7283042666838266 3.7231324183259225 3.8952174266439084 7.85461567358329 2.3846722291386655 7.357621456917101 6.019402119224977 6.1741147033544665 4.0460673780311005 
2.013948347722537 0.5772377876177974 3.1170335816339 0.8297754338210276 0.9047393364928906 0.3573180291153415 0.3665166130760988 0.3572532188841202 1.1122064999087091 0.9333771569433033 1.4941571731994596 0.6223446404341928 0.6695007274676468 1.4945446939957523 0.1545907597138991 5.947433552792003 4.272279569089624 6.810332511604518 1.460773374859631 4.344119882310302 2.20568048479715 1.4021589261600405 
3.5880925058864914 1.2280738264944269 0.7044772255464653 0.9643654304185095 0.9047393364928906 0.8355095184770437 0.8531136120042873 0.8353554767680537 2.622303268212525 2.1152999178307317 2.7057849005599532 2.4752360922659435 2.6301041427368097 2.70543793036875 0.6300719118499903 4.047937088514996 7.822522090339981 4.317919885562581 4.525394681531376 4.69196659755661 4.546253245297323 4.017393398891532 
1.4683293864515958 0.38055471783661865 2.4109195261936756 0.8420108880571623 1.3308056872037914 0.7449048152295631 0.4917792068595927 0.7430901287553647 0.07483567646521827 0.10603122432210355 0.1315099440046339 0.01000000000000012 0.07333409908875088 0.13207284896067972 0.5866251691474967 6.732953344712673 4.225607528098538 4.348902249997938 1.7572427211006847 2.978212368223782 3.630311219342061 1.282026125245429 
1.1258120652791686 0.4892081372204409 2.334072536329223 0.8756583872065328 1.3308056872037914 0.7700727883538631 0.9301982851018222 0.771608509050196 3.231266204126347 2.5659079704190635 3.3376366093840506 2.941203527815468 2.523399954054675 3.337208314563356 0.7791811328049488 3.8725652279931726 8.218615640917353 4.658614713617887 5.838787791181737 5.955713870860995 4.098190609946847 4.011546886261775 
