2.1913189962784934 0.5988180695469347 2.447647157190636 0.8664817965294317 1.8556291390728479 0.3370034642032333 0.38096998928188636 0.3369405426207427 0.8955404418477272 0.7487017255546428 1.2012788906009244 0.47756789788158627 0.626130637874263 1.2017030427525999 0.1798498706577975 6.070924571242788 5.273641318677215 6.674582559779445 2.0837364193837846 5.7915248784946165 4.565461433648754 1.1542407234046081 
3.6629962912605247 1.0228786551945868 3.4887909698996666 0.02835318135420195 0.06953642384105962 0.04633371824480376 0.029271168274383697 0.04632672695786033 0.06744933357677585 0.06909613804437154 0.01000000000000012 0.01000000000000012 0.1986254690251933 0.010000000000000009 0.08184358832224688 7.8604482646509 1.1594746850653674 3.655483215540663 2.002466518880201 3.1349538628469293 3.955783802142526 1.3243667931437282 
5.5031524285541025 1.7422107841636307 5.2575535117056855 0.2852977203130317 0.06953642384105962 0.35257505773672065 0.274978563772776 0.3542389840292476 0.4277387255796973 0.35718981101068215 0.506943374422188 0.40676127104834325 0.36453327207289987 0.5074566696623443 0.0897339246119734 6.5908290660814455 1.0561459327408347 6.6331077743161515 1.5067948941168012 1.1663454512301366 4.247833394126295 1.3355384733279763 
8.49557249277083 2.6253828347469312 1.8962826086956528 0.3434161279346716 0.06953642384105962 0.45638568129330265 0.3038853161843517 0.45629978833942664 1.2361329194814683 0.9850862777321284 1.6635920647149458 1.0476833242802825 0.630949536717972 1.6645339581461034 0.2404808758314856 5.723103714541171 4.48543969518014 1.9422665593651125 1.8774165229753343 3.3693881396338297 3.6772077240220638 1.4085640227990093 
1.0534590857733779 0.20511044428794567 1.42806856187291 1.2977815583531815 3.0463576158940393 1.1674884526558893 1.1036387995712753 1.1672657302289782 3.2747635566916196 2.639778142974528 3.8678043143297374 3.1059587180879955 2.028430201393675 3.868463217357812 1.2417230229120475 3.1590209704950016 8.007049705889902 6.0908912137558495 4.339512539701568 6.366904792455973 4.3092885163603425 3.7067275924345733 
1.6553289032727543 0.7866430692917732 1.7815100334448162 0.5758897584212316 1.2602649006622513 0.5705773672055428 0.6170418006430869 0.570469501635559 0.5869554500639037 0.45322103533278557 0.7476232665639445 0.6033107007061382 0.42236005819741174 0.748105661830787 0.22802245011086475 6.222548158985614 2.756036058528026 6.5356527732404786 3.183467709814204 4.52350743664724 2.0410046162456874 2.2178777742798683 
4.270088282042934 1.7754081876358738 0.625852842809365 1.0316604287172506 1.2602649006622513 1.110392609699769 0.7856645230439443 1.1119107177217624 0.6969298886251599 0.6231224322103536 0.5952503852080123 0.5972066811515482 0.7534872501722949 0.5963294389523687 0.4688853473762011 6.30767658294725 3.601439774511703 5.365010836394351 2.170568431877834 4.130247175379711 2.4249975029667974 1.6988415129197147 
1.245359607294918 0.4543387121467284 2.0155133779264225 2.169557672677782 4.237086092715232 1.7228752886836025 2.16355305466238 1.720815855301135 1.8606892459375572 1.6499178307313067 2.319834360554699 1.738658337859859 1.2043984991193812 2.320692001540634 0.47303815594974136 4.513403234983338 6.345147475039721 8.518455534927451 5.912536975092721 4.370287313239642 2.6808497298481386 5.601332834881159 
3.7785727417223605 1.0766111026057141 3.2691989966555197 0.055882953385505196 0.06953642384105962 0.051524249422632784 0.04854233654876744 0.0532461035212623 0.07237356216907087 0.0764831552999179 0.03424114021571656 0.01732482346550801 0.11463894632054505 0.034238027988188424 0.08391999260901702 7.305469397707878 0.15859538803633466 4.207656589882312 1.397127664979255 2.8130519631082866 2.9106221481318473 0.9159115461406548 
7.400408152843472 2.4201792053236995 1.473324414715719 0.7318917999319497 0.6649006622516557 0.31624133949191685 0.18344051446945348 0.31618241293053684 0.29314314405696573 0.2980936729663106 0.39785824345146403 0.07714421510048897 0.25507542690864526 0.3989626396199769 0.2658130081300813 5.906878810046331 4.329964114134783 0.31185621060851076 3.9886671284315742 7.761489220407052 6.796780118390525 3.289223284482259 
4.683615542235584 1.654528532206539 4.452693979933111 4.292408982647159 4.832450331125828 4.136472286374134 4.124394426580922 4.135678275928419 5.910046558334856 5.44684470008217 5.8088270416024645 5.930898967952201 5.578581820966383 5.808082552317369 3.11007160014782 1.4414728115093887 6.4085794983912026 7.8618072476355145 7.596246138775724 8.276803446048008 9.0 7.699728143355398 
1.4184373503897048 0.8666545005460466 2.14739297658863 1.0255427015991834 1.8556291390728479 1.058487297921478 0.9591050375133976 1.0582855493553973 2.509046010589739 1.9675595727198028 3.4002966101694914 2.0304304725692557 1.3765020292518568 3.3998613429195013 0.3588359201773837 5.464430220271479 4.896782941847632 7.735305570384774 3.5680255012110926 6.78752651282363 2.6506641806867295 2.7913573570712558 
3.712119152032784 1.1323621870438985 0.5328528428093646 0.3954168084382442 0.6649006622516557 0.28509815242494224 0.2846141479099679 0.28677506253607854 0.7272959649443128 0.5492522596548891 1.0644895993836672 0.4934383487235199 0.37279424151925866 1.0643542174861986 0.2359127864005913 6.031465902625376 4.587446947018182 2.866137104292328 3.0330550033601806 4.0045099376658815 3.1822649899867477 2.3478788926905647 
1.3995571854433582 0.5830910519815877 2.081764214046823 0.582007485539299 1.2602649006622513 0.5186720554272519 0.4821436227224009 0.5203040215508947 0.34156472521453385 0.33502875924404285 0.3718855932203392 0.2663688212927756 0.299822344743089 0.37241622801386576 0.16365391722099037 6.584617979354631 3.2974946626192 6.543460634407147 2.6780144398261925 4.312771583385673 3.4884746443109345 2.166823195837855 
6.88203572135302 2.792911356746992 1.3605217391304358 1.8116706362708408 1.8556291390728479 1.8785912240184754 1.6287781350482315 1.8799615162593806 4.746287201022459 3.600090386195564 6.175907164869029 4.193695002715916 2.5881108813844858 6.175115547567082 1.7429670177383594 2.643135414126636 7.346928748591281 3.2929907253213067 4.162319775633604 5.7300627843473615 5.6191281585962765 3.495266306013736 
5.050659721557286 1.5415766149198287 5.080625418060201 0.6248315753657706 0.6649006622516557 0.7211027713625866 0.6170418006430869 0.7226957860304022 0.7461721745481104 0.6231224322103536 0.8463193374422188 0.7229494839760999 0.5414557010490848 0.8467890614969827 0.12420223577235774 6.042061285865238 1.790145060093658 7.5078389361210505 3.1934557805860937 3.857138528518591 5.038244912232046 2.405934390714706 
8.910993508110076 2.7400597691294903 8.65086120401338 0.1384722694794147 0.010000000000000009 0.22281177829099313 0.22680064308681674 0.22277082932461045 0.3916277159028668 0.31286770747740356 0.5675462249614792 0.40309885931558953 0.22616203384638933 0.5674746437283348 0.17154425351071692 6.194415589693573 3.821920593773405 2.1948759392205766 1.4844229159061744 1.7369694902739419 4.108644723924592 0.88383020454489 
1.1849316021626866 0.6066173489696565 1.9344882943143813 1.8239060905069753 3.641721854304635 1.4685392609699768 1.9082100750267952 1.4665287665961129 1.458543910900128 1.2657929334428926 1.7899922958397534 1.271090439978273 0.9379822344743087 1.7909179612273718 0.4132377124907613 4.608761684142081 5.871567848318054 8.775935874042851 5.398862441969766 4.0430628811464615 2.555703686063139 5.077492751041778 
1.5152484089443812 0.3223749043142783 1.0932892976588637 0.4963593058863559 1.2602649006622513 0.41486143187066976 0.4532368703108253 0.41651337309986525 0.19958280080335966 0.16512736236647496 0.18661402157164875 0.187016567083107 0.2688437093192434 0.18774553858004872 0.27494918699186993 5.977758270340567 6.276282616354901 3.0489771559245575 2.0494925341075945 2.9125003432991385 2.226390772130899 1.4481303901182205 
3.9164151617865777 1.6112012411076073 4.005371237458196 1.8453181354202108 2.450993377483444 1.5879214780600461 1.4890621650589495 1.5876178564556473 2.5057631915282093 1.95278553820871 2.202091679506933 2.2050054318305277 2.482095106822881 2.2029644370265755 1.3804268292682926 3.1929992684711044 8.253310272737238 4.014143406930511 5.553449170513653 6.767430411576273 6.484283125381212 5.178242686836721 
8.560017554274625 2.6078757463486335 8.4860635451505 0.4229465804695475 0.06953642384105962 0.5550057736720555 0.3327920685959272 0.5549009043679046 0.2463629724301627 0.2389975349219392 0.4272939137134052 0.21875746876697455 0.12221150164637407 0.42839453074849143 0.20435144124168514 5.942683898236204 2.7012042764378252 1.887754794706101 1.5491332614831475 3.451270139278149 1.9482121694445533 0.8863252131193717 
7.758786967706518 2.97789191340825 1.1446622073578596 0.572830894862198 0.6649006622516557 0.534243648960739 0.4725080385852091 0.5324129305368482 1.3083549388351288 1.0441824157764996 1.609915254237288 1.1111651276480177 0.8292128034305841 1.6102869431249194 0.6030210643015522 4.3668946598390646 6.518473800751781 0.00999999999999801 4.086779403115521 6.869873981076902 6.411472852677053 3.5164552594298595 
6.502194348161909 1.999642058850547 6.7469531772575255 0.1017659067710105 0.06953642384105962 0.2020496535796767 0.12080921757770641 0.20028285549355407 0.2069691436918023 0.17251437962202143 0.23682781201849 0.23462791960890828 0.1738425606861168 0.23737578636538725 0.03906966001478197 8.519554173778754 1.8492350104181003 6.0433635450945395 0.31443542188841533 3.327151922812847 4.634161449022842 0.25337505281383876 
3.531007296194872 1.0784645784214664 3.5277224080267566 0.28223885675399785 0.6649006622516557 0.2591454965357968 0.21234726688102906 0.2608274004233212 0.3317162680299436 0.31286770747740356 0.36495955315870565 0.30543454644215107 0.24406080098016691 0.3649139812556169 0.2230390798226164 6.944495651467124 2.2946855553559313 5.228086738962414 1.5827042319831683 4.138605372575239 2.5895252320934583 1.2824357535188515 
2.7659876034904283 1.3762502424038299 0.010000000000000231 2.4662674379040492 3.641721854304635 2.42878752886836 1.869667738478028 2.4265922647681357 3.3125159758992146 2.9500328677074776 3.982083975346686 2.317319391634981 2.086945401638717 3.9821511105405056 1.3787657058388767 3.71071161505324 6.024484333183223 5.702933635052549 4.4912206883696175 4.433530330760278 5.515888431350679 3.7048842652041722 
1.843843620138264 0.4870956857221598 1.7963361204013384 1.001071793126914 1.8556291390728479 1.0532967667436488 0.7133976420150054 1.0548258610736965 0.38588278254518904 0.3054806902218571 0.43941448382126336 0.3078761542639872 0.33699670725170383 0.44051354474258575 0.6516089246119735 5.67597252702593 4.427377578567412 5.37389317386835 2.983971234252035 4.00404446905693 5.052685014082866 2.344583247036212 
1.514731930268038 0.46204623534094735 1.3252190635451515 1.4874310990132695 3.0463576158940393 1.5567782909930716 1.20481243301179 1.5547508177794882 2.2291856855943037 2.107912900575185 2.4496976117103233 1.6751765344921241 1.6429182938969298 2.449961484144306 1.1071720251293422 3.851009103470699 9.0 5.213832019951713 3.9680895896240678 4.795745859587276 4.460830542383747 3.286672417506855 
3.7715141998123283 1.3077083397123823 0.6516688963210702 0.9643654304185095 1.2602649006622513 0.8612471131639723 0.8531136120042873 0.8610833172984413 2.622303268212525 2.1152999178307317 2.7215446841294293 2.469919880499729 2.6301041427368097 2.7211965592502247 0.7508610495195862 4.047937088514996 7.822522090339981 4.4751295586559685 4.525394681531376 4.69196659755661 5.133137655361188 4.017393398891532 
1.646376606216128 2.1278622125600917 1.7597374581939795 1.1203674719292276 2.450993377483444 1.006581986143187 1.2337191854233656 1.0063902251298826 0.7002127076866901 0.5861873459326213 0.6246860554699537 0.7034166214014124 0.723885442989509 0.6246071382719219 0.4726228750923874 4.994945135332847 8.553018192593697 2.9552828219245733 4.5060459436194815 4.067550577530453 3.158750704645688 3.8803355024977844 
0.9320292103129768 1.9159053247190674 0.6433745819397996 1.4323715549506635 3.0463576158940393 1.2972517321016166 1.3734351554126474 1.2970040407927652 2.318642505020997 2.1965571076417425 2.221138289676425 2.047521727322108 2.1172356229420326 2.222008601874438 1.1819225794530672 4.988003332520524 5.5933605316147945 5.871841310566278 3.8998066192209553 4.676403755805133 6.4377288151602565 3.2679412337312668 
8.080610569588337 2.5313877542688594 2.4698344481605363 0.22412044913235796 0.06953642384105962 0.3629561200923787 0.24125401929260454 0.36288820473350003 0.6591774694175646 0.5197041906327035 0.8532453775038519 0.7229494839760999 0.36453327207289987 0.8542913082552316 0.15742470436067996 5.8944566365927 1.0348760677678204 3.8612454283961313 1.0677228788601187 0.010000000000000037 3.150548257050727 0.8852452840348948 
6.685831210861947 2.1966426814456463 6.431406354515049 2.0686151752296698 1.8556291390728479 2.262690531177829 1.9033922829581995 2.2622570713873387 1.1786835859046927 0.9333771569433033 1.4333012326656394 1.1172691472026075 0.731457998315338 1.4336955963538323 0.5295163525498892 4.709965861984883 5.092679656820999 5.30369405512219 5.030282313011881 4.174527406526961 4.316565026864461 4.173405912664552 
1.3767747371646335 0.5518021780621984 1.6573026755852847 1.0836611092208233 2.450993377483444 1.1674884526558893 0.9350160771704179 1.1672657302289782 0.6682052218367721 0.5270912078882498 0.8965331278890599 0.5679073872895166 0.45333869362125745 0.8975735010912823 0.5789347745750185 4.678545070308056 6.312823153616235 3.5487519023449607 3.8262069719269007 3.624910168182811 2.036149092476644 3.1352216731424036 
1.8267998238189165 1.022199659103668 0.48935953177257563 1.89425995236475 3.641721854304635 1.577540415704388 2.235819935691319 1.5755089474696942 2.81681029760818 2.5289728841413313 3.000317796610169 3.12793318848452 1.5603085994333412 2.9999338811143916 0.9011927198817442 4.61058847435585 3.3287072455381823 8.641733783256178 5.13317813403947 5.276028512963201 3.976420907352531 4.480813312401104 
1.6296197424947492 9.0 1.0715685618729096 1.0133072473630484 1.8556291390728479 0.9754387990762123 0.8338424437299037 0.9752530305945737 0.5894175643600513 0.5197041906327035 0.6420011556240371 0.4934383487235199 0.5414557010490848 0.642497111310823 0.5631541019955654 5.679260749410714 6.509558916517528 3.354200058962732 2.5031411187186006 2.9856801037326184 3.3463049083533543 1.4263083748249896 
1.6173390273016857 8.802889269930699 1.4872173913043487 0.3128274923443348 0.6649006622516557 0.25395496535796774 0.279796355841372 0.2539080238599192 0.2939638488223483 0.24638455217748567 0.3147457627118645 0.2700312330255298 0.30257600122520867 0.31470663756579775 0.2653977272727273 6.068367064943512 5.713742933074493 3.2191742030070998 2.62033394064278 2.243480287876025 3.301801210031141 1.7663557001665195 
1.77561104834128 0.49258270818661587 1.2066103678929774 1.6128445049336508 3.0463576158940393 1.696922632794457 1.0121007502679529 1.6965980373292282 1.4281778345809752 1.1254396055875104 1.7917238058551614 1.0220464421510052 0.9042499425683437 1.7914950571318524 1.897866777531412 4.899586686174105 8.2979056701067 3.0561761471837308 6.066161468014645 3.438621535774022 4.652526620785566 3.788187760444713 
6.9070562438959 2.178566704430632 6.918645484949835 1.3589588295338548 1.2602649006622513 1.5671593533487296 1.199994640943194 1.5685895709062923 0.6723087456636848 0.5270912078882498 0.8705604776579353 0.598427485062466 0.4147875028715826 0.8704499935806905 0.32768985587583155 5.112590425099569 1.7201265105079315 4.959181135112306 2.4376245757286323 3.6144270055985896 4.883812155778698 1.720216661005576 
1.9044437848292768 0.6981533625238583 1.6947826086956526 1.5883735964613819 3.0463576158940393 1.6709699769053117 1.1662700964630228 1.6706503752164712 1.3067135293043641 1.1623746918652427 1.5423863636363633 1.0147216186854973 0.9304096791484799 1.5421896263961994 1.7184654471544716 4.788517841176949 6.518851372319351 3.4552366477295386 5.0483924976401005 4.869694655113807 2.6759896893127975 2.3195959223574443 
6.600899161863181 2.017277605968748 6.770384615384616 0.040588635590336875 0.010000000000000009 0.14495381062355667 0.07744908896034303 0.1466576871271888 0.013282819061530171 0.010000000000000009 0.03250963020030828 0.05150733297121146 0.014818898843709183 0.032506740274746426 0.010000000000000005 9.0 1.7614705971566629 6.01334984024286 0.010000000000001563 3.1922874528104384 0.010000000000000675 0.01000000000000012 
6.569221803047423 8.51754575053329 5.790515050167224 4.4728819326301466 4.237086092715232 4.427142032332563 4.206296891747053 4.424562247450452 5.111500821617675 5.535488907148727 5.30842064714946 4.513545627376427 3.9621854659621722 5.308894594941583 3.259157427937916 2.4023644639518826 3.59812553519638 7.224248822737302 5.004017506567134 5.191009659649858 6.726097242612149 4.211184811154283 
1.84194986499167 0.43503320166978 2.032931438127091 0.7410683906090508 1.2602649006622513 0.8197228637413394 0.55441050375134 0.817837213777179 0.47123607814497015 0.4015119145439606 0.47058166409861324 0.3017721347093971 0.4168527452331725 0.47167672358454216 0.4045168144863267 6.431532959440787 4.458023804135041 5.7711270646916795 3.0207523658219486 4.27488648617011 4.9985651203147965 2.3578030685875717 
1.6365061248460009 0.6656166038968336 2.3747090301003353 2.5457978904389247 4.832450331125828 2.262690531177829 2.9295819935691325 2.260527227246488 3.7343582253058245 3.2011914543960565 4.285098228043143 4.196136610537752 2.111728309977793 4.284549364488381 0.5448817442719882 4.468464195724621 3.752132782367858 8.78320649705585 6.263691211984627 6.645416922734056 4.44667048004333 6.050825387094369 
2.363019462903031 0.7022456903150747 2.749923076923077 0.9949540660088464 1.8556291390728479 0.5134815242494226 0.44841907824222943 0.5133846449874929 1.2771681577505936 1.0663434675431391 1.6393509244992295 0.794976914720261 0.8553725400107204 1.6397188342534341 0.18400267923133776 6.216702430301554 3.4461739554483275 7.582622487111863 1.8437301492166007 5.344513111775949 3.625364280467573 1.926911363881134 
4.577794800104687 1.6813580534207009 0.7003979933110371 0.8481286151752297 1.2602649006622513 0.7989607390300231 0.7567577706323687 0.8005387723686741 2.797934088004382 2.1670090386195566 3.079967257318952 2.407658881042912 2.4380366031089675 3.0807273077416872 0.5145662416851442 5.134877265707553 7.6136620848801035 3.790437439742476 5.916741879744776 5.193094149507338 6.755745296584242 4.500196177520773 
1.8318498375431673 0.6993645447400925 2.3665183946488297 0.7349506634909831 1.2602649006622513 0.5913394919168591 0.6266773847802787 0.591227631325765 0.6271699835676466 0.5049301561216105 0.9086536979969183 0.4360605649103748 0.4409472394517191 0.9085383232764156 0.16656088322246862 6.331059497683492 5.031366229487541 6.767632207995028 3.5422564411594184 6.542588835686902 3.540923334549194 2.6845188555758988 
5.765121890499627 2.10492315543444 5.205973244147158 4.754297380061246 4.832450331125828 4.826812933025404 4.514635584137192 4.824156243986915 5.0688241738177835 4.7155299917830735 5.237428736517719 4.89809885931559 4.212768205835056 5.23733470278598 3.333907982261641 1.419185970901406 6.22524752613858 6.806205907428506 7.466771809487444 6.669904619118048 8.373145106267103 6.975672931147324 
5.654652840281633 2.0252603978484744 4.3485484949832784 5.222303504593399 5.427814569536424 5.236864896073902 5.126495176848875 5.2358591495093325 4.011756436005113 5.173525061626952 3.89550847457627 3.84088267246062 3.8238142277356606 3.8950096289639236 4.531162694013305 1.5035836787775345 5.280395654497048 6.759287108674695 5.6674919710943135 6.769049432824801 6.945621118168455 4.794234799970176 
1.6368504439635636 0.5415621829613075 2.3845066889632114 2.7079176590677103 4.832450331125828 2.480692840646651 3.329458735262594 2.481947277275351 3.521795691071754 2.9426458504519317 3.995936055469953 4.01667843563281 1.9864369400413509 3.995424316343561 0.526609386548411 4.471021702023897 3.6456995527099876 8.999999999999996 5.7343348388605015 6.180474495687937 4.160781757288372 5.374175337801454 
0.3958095712288632 0.33955167028996613 1.3306622073578596 1.1234263354882614 3.0463576158940393 1.04810623556582 1.1662700964630228 1.0461766403694437 1.5562077779806467 1.2657929334428926 1.7172688751926035 1.4127036936447588 1.1975143579140823 1.7182038772628063 0.4074237804878049 4.913470291798749 6.102893362048246 8.03923910185414 4.809970990532735 6.480458895274628 4.569698160435135 4.233323357386067 
2.282334016354201 0.6817840513589928 2.4165434782608695 1.3467233752977203 2.450993377483444 1.3232043879907622 1.0988210075026796 1.3212218587646718 1.8820275698375024 1.886302382908792 1.5770165639445297 1.3211434003259102 1.6525560915843482 1.5768153806650402 1.088899667405765 4.105663659270097 8.366392957223955 3.6482842242814897 4.019089702986086 4.622632012588386 3.0801680046142357 3.2143916467147724 
1.5985162488749305 0.7373699745858728 2.337851170568563 3.4236917318815925 6.023178807947019 3.0568418013856813 3.941318327974277 3.0579853761785643 4.5000757714077055 3.6961216105176664 5.265132896764253 5.1971958174904955 2.588799295505016 5.265035306201052 0.7168080192165558 4.104932943184591 3.3826790035022567 8.935388158052 6.864623611880268 4.629047384285679 4.115257269783085 6.820926541128519 
8.10540154605284 2.764081549751473 8.066163879598662 0.12317795168424639 0.010000000000000009 0.24876443418013855 0.11117363344051462 0.2487184914373678 0.42281449698740203 0.33502875924404285 0.5536941448382128 0.4751262900597504 0.21445899379738098 0.5547785338297598 0.10759100147819663 6.5769454604568 0.4353972994603126 3.568450634646183 0.7718565552807988 1.033423806725962 2.628572676729159 0.5507465598515415 
5.168416859763688 1.8507216999908145 3.91335618729097 0.47800612453215374 0.6649006622516557 0.5031004618937645 0.5014147909967845 0.5012757360015393 2.312076866897937 1.7976581758422352 2.8115832049306624 2.2550583921781646 1.431575158894249 2.8118006162536906 1.2915567257945308 2.7439742339266857 7.186880356338709 4.94961829597699 2.607496547159233 6.677918774298264 5.5700670430806065 1.873343157397666 
8.07274861640399 2.441062922930893 8.194622073578596 0.4015345355563116 0.06953642384105962 0.5653868360277137 0.3135209003215434 0.567009813353858 0.5762862881139311 0.45322103533278557 0.7493547765793528 0.6191811515480716 0.32667049544375526 0.7504140454487097 0.12877032520325205 6.412168983174837 0.009999999999999787 3.9144320056094273 1.1792528141172056 0.261251860005988 4.865239212766322 0.9222607843787025 
6.548218336876104 2.018709003133389 6.818025083612042 0.046706362708404114 0.010000000000000009 0.13976327944572753 0.08226688102893892 0.13800846642293635 0.01000000000000012 0.010000000000000009 0.03424114021571656 0.04662411732753946 0.009999999999999953 0.03481512389266905 0.012906966001478205 8.867375030480371 2.3586000312659685 6.02173075544011 0.4476384142118004 3.4962789299872363 0.5579831206584531 0.22602305582940518 
1.6199788072029975 0.503520050624126 2.250501672240803 0.5544777135079958 1.2602649006622513 0.534243648960739 0.5929528403001072 0.5341427746776987 0.6427633741099145 0.5270912078882498 0.7355026964560866 0.5532577403585008 0.4313094417643004 0.7365637437411733 0.15534830007390985 6.477568072827767 2.20541085582422 6.777768101160927 3.1764264856345736 2.094125577699288 2.6361924614718317 2.4284825652199133 
1.5588047773160474 0.626473396817621 2.1899531772575256 1.389547465124192 2.450993377483444 1.4841108545034642 1.1518167202572347 1.4855570521454684 1.913214350922038 1.7828841413311425 2.068765408320493 1.4090412819120044 1.5327720346121452 2.069655283091539 1.149945953436807 4.0095744940258475 6.748226099617107 3.9530057050429086 4.3692768280620005 4.4674488259169465 4.615380734760813 3.617372770427564 
2.200959931570246 0.7369111934433594 1.7735785953177259 5.418070772371554 8.404635761589402 5.672869515011548 4.336377277599143 5.670050028862805 4.7536735439109 4.250147904683649 5.47464560862866 4.144862846279197 3.496129106363427 5.474521119527538 6.936469419807835 1.4692400227586768 8.022383306772813 3.6156201445383793 6.844206987475757 4.797992251569609 5.481366786544357 6.22785927908075 
4.517998046687987 1.7867859599701974 0.723414715719064 1.4476658727458318 1.8556291390728479 1.5671593533487296 1.2578081457663453 1.5668597267654418 1.571801168522914 1.2805669679539853 1.9008089368258858 1.5762914177077676 1.099071138678306 1.9011432789831813 0.7288511640798228 3.623025684792327 6.902757751743542 5.836598487685556 3.4879080078966513 2.2244770259714244 2.597470224009501 2.8400845021415497 
5.28181262248096 1.8286818539044887 5.6971003344481606 0.36482817284790725 0.6649006622516557 0.45119515011547356 0.3665166130760988 0.45111025591687504 0.41214533503742945 0.3498027937551357 0.4792392141756546 0.3872284084736557 0.33424305076958416 0.479178970342791 0.07893662232076867 6.694956108266279 3.1000876613755635 6.884033807956783 2.46910690978571 4.179384470272546 3.831685648138378 1.823349888573157 
0.434488085435059 0.5591243250967064 1.3580334448160536 1.1815447431099013 3.0463576158940393 1.1778695150115472 1.1662700964630228 1.1793746392149318 0.9447827277706776 0.7930238290879214 1.0800731895223419 0.8657835415535038 0.6970372922888428 1.079935806907177 0.42735726164079824 4.895202389661058 7.540056605402479 7.14828334780842 4.01872886462785 6.516340453695138 4.071584656459479 3.492436147033726 
1.8425811167072013 0.6541103728426061 2.55376254180602 0.5147124872405578 1.2602649006622513 0.4615762124711316 0.5399571275455521 0.46321916490282855 0.546740916560161 0.41628594905505356 0.571009244992296 0.4507102118413906 0.44507772417489844 0.5715143150596994 0.23508222468588322 6.018313013086241 7.130790002356613 6.808927914073767 3.7982533769496865 5.097936175625087 1.9589756235297893 3.1234914089489427 
1.279389813414018 0.4773328230094822 2.07341806020067 1.0071895202449812 1.8556291390728479 0.9235334872979213 1.084367631296892 0.9216278622282086 2.614916925324083 2.1817830731306493 3.0816987673343603 2.4711406844106465 1.7978114710161575 3.0824585954551287 1.0332520325203252 3.395407624156711 8.334551088359028 4.752201182441851 4.287015434772272 6.40047924559733 5.468539170261491 3.4318856404351035 
4.739969104476657 6.398105330842954 0.6985317725752513 1.1937801973460362 1.2602649006622513 0.9235334872979213 0.8242068595927119 0.9216278622282086 0.6427633741099145 0.6748315529991783 0.5329160246533128 0.49221754481260205 0.6522903744543993 0.5328488894594942 0.7313428492239468 6.3120608794602955 4.838049586892558 3.6539431328334757 5.482958909612865 7.41378416951999 7.0227403859197475 4.445920431292303 
2.1162574286498526 0.7771004215275019 2.6246270903010047 3.411456277645458 5.427814569536424 3.513608545034642 2.5682475884244376 3.5112045410813932 2.416306372101516 1.908463434675432 2.9189368258859782 1.960844649646931 1.64085305153534 2.919717550391578 3.3679610125646713 2.529874420872958 7.834205832736401 5.031493390596243 6.422100876648202 5.252411040500294 5.649354358654356 5.522926259454713 
0.009999999999999787 0.19525582534676533 0.9598026755852849 1.0408370193943517 3.0463576158940393 0.9754387990762123 1.1566345123258308 0.9769828747354241 0.9858179660398031 0.8373459326211997 1.090462249614792 0.9451357957631723 0.8175097633815758 1.0909006290923093 0.467224223946785 4.6416439079899225 7.447467666555446 7.240294335593575 4.4233034325187734 7.796035086297525 4.454615471959374 3.830733242479724 
9.0 3.130904600059198 9.0 0.8756583872065328 0.6649006622516557 1.1052020785219399 0.7085798499464095 1.1049913411583607 0.7839245937557057 0.7191536565324571 1.0991197996918336 0.6753381314502989 0.3789899686040279 1.1001341635640007 0.41863636363636375 4.791440705518981 5.594744960695876 2.6079404476387005 1.0835493792841842 3.345467100686824 3.045041113124145 0.9722726726701851 
3.563660225843721 0.9727797544321632 0.5076070234113712 0.2547090847226947 0.6649006622516557 0.2020496535796767 0.22198285101822074 0.2020126996344045 0.15526474347270414 0.17251437962202143 0.1260111710323577 0.11132672460619242 0.20964009495367175 0.12715046860957757 0.1885707686622321 6.702628627164108 0.8557183589566497 5.313400157765152 1.7761428491618005 1.6895928809888818 2.6331933286507683 1.302246866378918 
2.868537314004482 1.7550750073996964 0.8064615384615386 1.1601326981966653 1.8556291390728479 1.1830600461893763 1.1421811361200431 1.184564171637483 1.5176346540076686 1.199309778142975 1.7917238058551614 1.510368006518197 1.0701577456160503 1.7914950571318524 0.7280206023651147 3.5674912622937507 7.7006923312046025 5.882478626008936 3.950993653354132 1.6470530976838 1.8077181537830809 3.16666995286106 
5.172032210498095 6.261884034007982 0.8556571906354509 0.9093058863559033 1.2602649006622513 0.4719572748267899 0.5014147909967845 0.47359822974793153 0.2767290487493156 0.33502875924404285 0.29050462249614795 0.21509505703422072 0.3073949000689179 0.29104570548208997 0.3384871581670363 6.067270990815249 4.495801937090071 2.9095459471088354 4.970466040843234 7.83760345685349 6.304086733971007 3.8722918927651246 
0.41468973617521065 0.010000000000000231 1.2807926421404683 1.355899965974821 3.0463576158940393 1.375109699769053 1.1662700964630228 1.3765768712718878 1.8549443125798795 1.3248890714872639 2.344075500770416 1.609253123302553 1.2050869132399111 2.343775837719861 0.4240350147819661 4.918219946354549 8.156819761025336 7.364074006199054 4.642013737957997 4.932229350838213 2.6950639933841183 4.022048265634967 
2.1595842509431433 0.7149080498484344 1.588822742474917 3.7112249064307594 6.023178807947019 3.944422632794457 2.7224169346195075 3.9436655762940154 3.07533229870367 2.4994248151191463 3.6236614021571643 2.5175312330255304 2.2053526303698603 3.623197457953524 4.269951034737621 2.564583434934569 6.6057557614546605 4.186489406627732 4.5705661176292764 3.974011624896729 4.609536039172775 4.028751273745517 
2.286408459245358 0.668938179368628 2.930117056856188 0.8297754338210276 1.2602649006622513 0.3681466512702078 0.3665166130760988 0.36807773715605163 1.1122064999087091 0.9333771569433033 1.512950693374422 0.6155187398153179 0.6695007274676468 1.5133348311721653 0.1827568366592757 5.947433552792003 4.272279569089624 6.883854728572224 1.460773374859631 4.344119882310302 2.4897498645974965 1.4021589261600405 
1.285989263167302 0.43664811129142556 2.1390986622073584 0.9093058863559033 1.8556291390728479 0.8301039260969978 0.9157449088960343 0.828216278622282 1.0317774329012233 0.8373459326211997 1.4454218027734975 0.7705608365019014 0.6412757485259208 1.4458146103479264 0.15742470436067996 6.35955742501829 3.6370783352505134 8.679519533397606 4.193701335014056 4.954045662162131 1.6117085635678317 3.5142767817939307 
2.798583146619686 1.069252253079805 3.406832775919734 0.3923579448792105 0.6649006622516557 0.269526558891455 0.3038853161843517 0.2712064652684242 0.26031495344166544 0.20944946589975344 0.3580335130970723 0.1821333514394352 0.299822344743089 0.35856592630632933 0.2242849223946785 6.316810534016096 4.289773718386956 2.608943292192219 2.3145478130079944 2.9756219342261363 2.801316403749669 1.7597271699238652 
6.2786738543442056 2.12923855598763 1.3082675585284282 1.9523783599863895 1.8556291390728479 2.20040415704388 1.7251339764201499 2.199982682316721 1.0137219280628083 0.7782497945768282 1.436764252696456 0.8596795219989137 0.50565816678153 1.4365810758762358 0.5382372505543237 3.9660968869381463 2.4359392740228802 5.415833565731496 3.631716722235753 3.2127275960731083 6.600698259914529 2.9582064006229967 
3.9762119152032778 1.1316648397072784 4.356998327759198 0.6248315753657706 0.6649006622516557 0.7003406466512703 0.5158681672025724 0.6984779680584954 1.912393646156655 1.4726294165981928 2.361390600924499 1.6373316132536668 1.2849429512213801 2.3616658107587623 0.4057626570583888 4.851724782573357 4.010475639377387 4.715346645100116 2.8022842446862235 3.5365116080131647 4.170217282082356 2.251355575898664 
1.4965977900764091 0.41827851434520347 0.5943344481605348 1.2733106498809117 2.450993377483444 1.209012702078522 1.0891854233654878 1.2070521454685395 2.5172530582435644 2.381232539030403 1.9562172573189525 1.7410999456816951 2.34716593919902 1.9559673899088454 0.8438839615668886 4.392835080874585 8.328509943277933 4.318256017784435 4.526976193795175 5.129243999018502 3.2974560808536326 3.7415087567415313 
1.2958023580178342 0.2201584657623734 1.7927073578595318 0.5850663490983329 1.2602649006622513 0.539434180138568 0.5303215434083601 0.5393323071002503 0.44497352565272996 0.3645768282662285 0.527721494607088 0.46658066268332443 0.3996423922199249 0.5276550263191678 0.16157751293422026 6.626268796228564 2.370241821265992 7.240365967347394 3.06480065189489 3.7762684171546015 2.113525815906855 2.423324972868185 
0.42731477048583866 0.11221643855190533 1.1400484949832772 1.643433140523988 3.641721854304635 1.8785912240184754 1.3541639871382638 1.8765018279776797 1.8171918933722848 1.5686606409202963 2.3250288906009238 1.554316947311244 1.022657171299487 2.3258858646809606 0.7408943089430895 4.108586523612129 6.712188991112531 7.3330932726707765 4.614674543428594 4.142227932618821 3.665369279558191 4.033555096224743 
1.1002864857618881 0.22461781846759998 2.0091889632107027 0.3831813542021094 1.2602649006622513 0.4044803695150116 0.44360128617363354 0.40267461997306153 0.5130920211794779 0.37196384552177497 0.6575847457627119 0.46169744703965243 0.3796783827245577 0.6580787007318011 0.12586335920177383 6.751221246850363 7.998785083799793 6.778484418699154 2.931459500740651 3.6011307935950514 2.9070810033551693 2.229738374742144 
4.920277549040259 2.014047786725456 0.47277090301003355 0.8664817965294317 1.2602649006622513 0.8871997690531177 0.7904823151125402 0.8853011352703484 4.747928610553224 4.183664749383731 5.781122881355933 4.500116784356329 2.820794854123593 5.780381948902297 1.7330002771618624 2.3110249532634324 7.20066171855495 6.086342597388107 3.5561503433495094 5.950168723084785 7.163695111743492 2.793852365645738 
3.4794168150800786 1.0415969258091191 3.8067224080267574 0.4412997618237495 0.6649006622516557 0.44600461893764426 0.46287245444801733 0.44592072349432366 0.5188369545371557 0.4310599835661463 0.6748998459167951 0.4739054861488321 0.4161643311126426 0.6759686737707024 0.18566380266075388 5.8451333008209385 3.0729654371052364 6.751479247508026 2.6967780344544607 3.5755907333995167 3.751083953572265 2.165519833149693 
5.47245064057144 2.1143189932331063 4.965334448160537 3.9804048996257233 4.237086092715232 4.0638048498845265 3.51253483386924 4.0612949778718495 4.192311484389265 3.9472801972062452 4.182939137134052 4.313333785985878 3.8926556397886514 4.182980485299781 2.4983628972653364 2.1751117613590187 4.655262995793094 6.983064707616549 6.005083886990182 7.08233004441503 7.7746690551769 5.438431118327851 
1.5621331954524846 0.394715514865734 2.2330836120401343 0.5116536236815244 1.2602649006622513 0.48752886836027726 0.5255037513397642 0.48743698287473536 0.46056691619499757 0.39412489728841404 0.6281490755007705 0.4458269961977188 0.29500344589937966 0.6286468096032866 0.14953436807095347 6.427148662927742 3.1442845109792534 6.706601953738158 3.2578784307152855 3.8888511072241396 2.5013127863172615 2.60793698791288 
6.006030499754239 2.254063729242578 5.351693979933112 9.0 9.0 9.000000000000002 9.000000000000002 9.0 9.0 9.000000000000002 9.0 9.000000000000002 9.0 9.000000000000002 9.0 0.010000000000000231 7.756426089817327 6.959641124116555 9.000000000000002 9.000000000000002 7.489466880899054 9.000000000000002 
3.8402632502856555 1.140271573940823 4.0741103678929775 0.010000000000000009 0.06953642384105962 0.010000000000000009 0.010000000000000009 0.010000000000000009 0.10027752419207614 0.09864420706655708 0.1260111710323577 0.07836501901140691 0.15387855119074967 0.12715046860957757 0.07976718403547674 7.793953100869707 1.6377739563816407 3.7222440101033456 1.6090389305423507 3.617907901282926 3.201714185660701 1.1693038721863689 
4.626458568720198 2.396322585913021 0.5207742474916395 1.6923749574685267 1.8556291390728479 1.1311547344110853 1.4312486602357988 1.1326688474119684 1.9575324082526935 1.95278553820871 1.7172688751926035 1.6177987506789793 1.8762906807565662 1.717049685453845 1.195211566888396 4.370548240266602 7.866194534988716 1.1251273276335994 8.192113798471983 8.672816043438035 7.165352764974412 7.201750499142553 
5.057029625232193 2.3082366065505173 3.1131103678929777 1.086719972779857 1.2602649006622513 1.1467263279445725 1.069914255091104 1.148237444679623 4.570656381230601 3.666573541495481 5.5785362095531585 4.384140412819121 2.738873573780535 5.577821286429581 1.9863216001478197 2.0125274323335773 7.274141340843387 5.975313378963051 3.9920837150487447 5.945230708276773 7.748408575927395 3.2950139387110937 
1.9613138257466947 0.748160507057779 1.5156254180602011 1.71990472949983 3.0463576158940393 1.8111143187066974 1.199994640943194 1.8124975947662112 1.1089236808471794 1.029408381265407 1.3086325115562403 0.8804331884845196 0.7342116547974578 1.3090428809860057 1.3081679600886917 5.3120759164431455 7.458836765978892 1.781059297387312 4.122068419312187 4.548480839405789 5.775010797030894 3.2871565236481723 
2.994558111032383 1.067563938475357 0.07588795986622099 1.9952024498128615 3.0463576158940393 1.888972286374134 1.6865916398713827 1.8868808928227823 1.8516614935183497 1.6942399342645853 2.3908262711864405 1.516472026072787 1.1864997319856037 2.3910977018872765 0.8895648558758317 4.0724160773795015 4.280103691017566 5.261538767997578 4.163803764016798 4.473965386442273 4.240791755469609 3.3916117333708895 
5.624123211857752 1.76399371281015 5.807414715719064 0.40765226267437904 0.6649006622516557 0.5134815242494226 0.40987674169346205 0.5151144891283433 0.45400127807193746 0.37935086277732144 0.5623516949152544 0.4555934274850626 0.36384485795236987 0.5622807805880085 0.07893662232076867 6.725646183857597 1.4764460160389747 6.863045704086751 2.151632545060501 3.9527417332441885 4.304478160254265 1.611553451746792 
2.8711197073862005 1.870394235381774 0.9218561872909707 1.6495508676420552 2.450993377483444 1.7643995381062356 1.4842443729903538 1.7640619588223976 2.902984297973343 2.639778142974528 3.7015793528505383 2.4406205866376967 1.7317237154452867 3.701682500962896 0.8002794715447155 3.6138917337234826 5.913667078101921 5.998342987817026 4.148583537050488 3.1264742390577624 3.023365151665879 3.4611740619848064 
6.519984169235974 2.956512712167142 0.6568528428093656 1.6189622320517185 1.2602649006622513 1.7955427251732101 1.474608788853162 1.7934693092168559 1.339541719919664 1.2657929334428926 1.7397785053929122 1.238128734383487 0.725262271230569 1.740710617537553 1.8272690317812272 4.002267333170772 5.294093111920501 3.931086388373185 1.6849889033589687 3.1188446014240725 4.043738792239803 1.2816909748399021 
5.326574107764095 1.808055053737102 4.662332775919733 0.738009527050017 0.6649006622516557 0.7989607390300231 0.742304394426581 0.7970790840869733 2.3884024100785104 1.827206244864421 2.8704545454545447 2.350281097229767 1.4955976721035302 2.87066439851072 1.1383180894308942 2.8360444607006423 6.8693007156173485 5.5064835501940195 3.759931368066228 6.2761991270071755 7.575443527358341 2.9124769897354756 
0.7237161441876196 0.25869608173346825 1.0361622073578602 2.671211296359306 5.427814569536424 2.885554272517321 2.3418113612004294 2.883271117952665 1.7884672265838968 2.0488167625308136 2.2921302003081667 1.4835103204780016 0.9875480511524619 2.292991398125561 0.9049302475979306 3.940887181988134 7.096116346734921 7.740319793152352 4.9692502431317 5.260182342493229 4.414456902814664 4.355951166875161 
