0.5642018775155915 0.7650403367311975 1.0672025516137573 2.3468308125219837 3.4611374407582938 2.149277715565509 2.16970703125 2.1505560738943834 1.985357353809805 1.9995029585798814 1.9749596694865237 1.8120829892650703 1.5148164173569048 1.9747019867549662 1.336689735163348 3.1814877205426013 9.0 3.4140575814789464 9.0 8.603588194396844 4.5577953554212245 7.0343612740136665 
1.3340128179975146 0.6730102266205917 2.385160339447534 2.631424551530074 3.4611374407582938 2.19458006718925 3.5568359375 2.1924948684456056 4.829447135262848 4.606071005917159 4.353781231556167 6.362760115606937 3.4030609469650144 4.353211592682446 0.4576752368064953 4.057054260129445 3.87638398970126 8.775674339799988 6.878861272875851 7.225896510022425 3.938424769603908 7.072280904807335 
6.329526221603913 2.4329770530653025 6.209639480926226 1.167347871966233 0.9047393364928906 1.2834994400895856 1.1103385416666667 1.2849393543571566 0.7810265800354401 0.6908994082840235 0.7050757426716505 0.8173183319570603 0.656826554580294 0.7055740607173299 0.20290353759907212 5.263399237521058 4.0091941572968715 5.181534764075884 3.5840445408247845 5.380200326083763 4.272918000523162 2.910960595069178 
0.7909815637243538 0.2073107744900109 1.4400131841053811 1.3412662680267324 2.1829383886255918 1.132491601343785 1.3386002604166665 1.1322821421907072 4.2347158889545184 3.7975029585798814 3.927538855006885 4.705437654830718 3.26858326121894 3.928204052193298 1.0409043108447709 2.6287290539941486 8.272578253071302 5.9898186974911205 4.765402850302992 6.923019579714261 3.8167806873001444 4.331814820554295 
4.826409296020831 1.7735485589011235 0.719649671260953 2.1412908899050302 1.7568720379146918 2.21471444568869 2.0994726562499997 2.212625489830192 1.6550691080921442 1.5633017751479286 1.6088510722014555 1.86219240297275 1.3569996291259736 1.6086414005638967 0.6175592499516721 3.315791736856106 7.235367254247752 5.576189308181284 4.508644663352268 3.007341584982521 3.013584200673704 3.732719482607496 
0.48386959649467 0.2615007163175913 1.0487250567089248 2.7610728104115374 3.887203791469194 2.7986114221724527 2.8427864583333333 2.7964135099832057 2.3113975191966927 2.9463786982248514 2.3180759394058628 2.2389409578860446 1.588167882309309 2.3189521998557465 0.7590218441909917 3.481579483996808 7.331398888160308 7.696554139287159 5.457087293383815 5.719478829036143 3.9099014399422023 5.0908169368078005 
0.9134308357263041 0.6133456160124853 1.9456340460810386 1.8851565247977489 2.609004739336492 1.4244400895856661 2.316028645833333 1.4224986004851652 1.884465445953928 1.8186390532544374 1.8051701750934486 1.9160136251032205 1.5081481023612313 1.806113697462461 0.34749429731297116 4.210089103643942 6.0661913222502974 8.768151110158385 5.928960063388608 4.395883314891158 2.264078922783723 5.934365462936508 
1.963362524598545 0.9064352568628178 0.5356510875447631 4.38325712275765 4.7393364928909945 4.223118701007839 4.791790364583333 4.224010076506812 5.549496751329002 5.3188875739644965 4.882604760967932 5.7447440132122205 4.961223884287303 4.882555242279194 4.103725884399768 1.8316725773561489 8.315793571965829 2.256480843275156 6.726703049583913 6.698051698475339 4.8691723713314135 6.809020276323628 
1.5159496673622632 0.7071387550524135 2.376982624615703 0.7594301793879703 0.9047393364928906 0.5737625979843224 0.7591666666666668 0.573657398768427 0.8086391021854697 0.7228165680473372 0.9049321266968324 0.6465751445086705 0.7057275312152307 0.9048147662448364 0.14103537599072108 6.088751219079705 5.198092225800854 6.6900720180725415 3.889721376080928 7.114072815581515 3.136436085214968 3.1367587180443297 
4.4079117841154325 2.4009084847508992 1.4998450723686485 0.9301864227928243 0.9047393364928906 0.9915509518477043 0.9874283854166666 0.9930453442806496 3.3373089190785588 3.4144970414201183 3.313820578398583 3.565912469033857 2.261667696872296 3.313976788407316 0.9481020684322443 3.607912935543931 4.168314955352841 2.7965227267105845 2.55652976553959 2.5558652480880526 4.945947800315676 1.9366960052688418 
1.3448627534913582 0.5621435442651248 2.2188628853040404 1.9705346465001756 2.609004739336492 1.3489361702127658 2.356998697916666 1.350363873857063 1.8058759598346135 1.9250295857988164 1.6477611646665355 1.945708092485549 1.5859451106440847 1.6487253294865907 0.26060081190798373 4.837771078996366 6.15374893926829 8.56061374073494 6.237489787225168 5.652001669588039 1.6246356236220265 6.141094931161228 
1.158917307269279 0.5889972585885861 2.201420544175389 0.9048892015476608 1.3308056872037914 0.7700727883538631 1.1278971354166667 0.771608509050196 4.178428824571766 3.691112426035502 3.4004839661617154 4.447466969446738 4.067669674867105 3.4000393416825117 0.7791811328049488 3.4070547034311547 8.491168878131573 4.658614713617887 6.4121604792274205 6.4758568511863395 4.098190609946847 4.688176632106037 
3.128902146836225 0.9836373657678639 0.5210036616117995 0.2629722124516355 0.4786729857819905 0.19624300111982074 0.2675260416666666 0.19620824780742685 0.19797755463673972 0.2440591715976329 0.10550659059610468 0.15290462427745677 0.33230189145753486 0.10667300504884925 0.1594567948965784 6.494054437450129 0.8837990106266043 5.185314909018956 1.9498767556232082 1.8365270365546755 2.332691688301982 1.5207555315573593 
3.277915054012757 1.3774423539806206 0.17288144668209648 1.8250756243404853 1.7568720379146918 1.4999440089585665 1.9999739583333334 1.4996659824594145 4.855997637330184 4.872047337278107 3.5525870548888445 5.559153592072668 5.620275683026334 3.5527119533145357 1.0857413493137444 2.716405266424329 8.868663574473013 5.078247862543183 7.179542875185802 7.7479971798161 6.751788116562005 7.256306483871438 
5.957688777117854 2.0399143928227867 6.773901804322545 0.04162152655645446 0.009999999999999953 0.1408734602463606 0.09194010416666665 0.14252659078186236 0.014248080330774071 0.010000000000000009 0.009999999999999898 0.061965317919075114 0.017779700828285172 0.010000000000000009 0.009999999999999998 9.0 1.819625224200113 5.9095832680622316 0.009999999999999787 3.4706803448849897 0.009999999999999787 0.010000000000000009 
8.192134113352477 3.1661001564751396 9.0 0.9048892015476608 0.4786729857819905 1.0720884658454648 0.8586653645833333 1.0718902780369475 1.0114849379799171 1.0313491124260357 1.0994825890222308 1.0103323699421962 0.6057028062801335 1.1005186545144579 0.3520127585540306 4.409353222803442 5.780176997550674 2.3858581569639448 1.1891534800684322 3.637260455733885 2.697359978432897 1.1349853266633416 
1.7808377476947221 0.7857512871009162 2.6346841571959887 3.5263137530777344 3.887203791469194 3.4076763717805147 3.1178710937499994 3.405364806866953 3.123842882457178 2.7442366863905323 2.9583238245130827 2.9645995045417006 2.642873037458277 2.9591161235328824 2.8204828919389135 1.9424634276088302 8.093995390638563 4.893613724245398 7.052853555828942 5.711027677950668 5.003334403977457 6.455118234163209 
4.7031048566893165 2.3072266949065074 4.119664006816585 1.720724586704186 1.3308056872037914 1.6358510638297874 1.92388671875 1.6338701250233254 3.577325457767277 3.808142011834319 3.244843596301396 4.0670066061106525 3.0507516380269504 3.245598321421546 2.4979342741156 0.5587733841652627 7.256931568340054 6.044000775008453 6.4112767621765405 8.13668410513019 9.0 6.269285921829374 
2.539157377185628 9.0 0.045246986078966156 9.000000000000002 8.999999999999998 8.999999999999998 9.0 9.0 9.0 8.999999999999998 9.0 8.218664327002477 5.9047904561750535 9.0 8.999999999999998 0.009999999999999787 7.374202426182716 2.1857328364484836 8.3928096187052 5.828243382849756 5.079689901720207 8.722263737487712 
3.215808526703169 1.0422070426198644 3.543756203438231 0.29459373900809005 0.4786729857819905 0.246578947368421 0.18558593749999996 0.24821235305094236 0.5367619610159484 0.5632307692307689 0.3018256934880974 0.3923162675474814 0.61903943627148 0.30178742377549017 0.21645892132225017 6.523545527085736 2.979005105976743 4.365912902241753 2.446847089873014 5.355749209271355 4.312739480254177 1.3327682000222767 
9.0 3.030792325699494 8.903368394993494 0.5507281041153709 0.052606635071090035 0.699602463605823 0.5601692708333335 0.7011513342041428 1.1527336089781453 1.2015739644970407 1.2798839268148727 1.2126259289843107 0.7301780195326986 1.279717395580617 0.30369998066885756 4.232008156751486 4.0068318354515835 1.6906079693954084 0.8081125405983993 3.402344865404765 1.8436197677087787 0.6858488501043601 
3.7868465110195526 1.7953173266284352 0.639062949785254 1.0661589869855785 0.9047393364928906 1.0771220604703244 0.9523111979166667 1.0786004851651425 0.8989108092144125 0.8930414201183431 0.5848081841432222 0.8915545004128818 1.2102966992211646 0.58591174349223 0.3940692054900445 6.063245411827292 3.720687474687086 5.238718721400954 2.3831016332694883 4.490694666131354 2.1483458726224134 1.9844111778863618 
3.0504405443487252 1.053230612977941 3.8149147351088706 0.45586352444600764 0.4786729857819905 0.43282194848824174 0.5601692708333335 0.4327430490763202 0.6684524512699352 0.6164260355029584 0.6661656502065707 0.704108175061932 0.6657176412411918 0.6672585404235786 0.15702377730523875 5.5587086621154365 3.174666038263487 6.6733578477850415 2.961074007989108 3.8875157656113823 3.3225216160379523 2.5300010896042076 
0.19605234213827494 0.010000000000000231 1.2929695901988554 1.4013471684839955 2.1829383886255918 1.333835386338186 1.4146875 1.335265907818623 2.3974211458948615 1.9037514792899404 2.3711351564036987 2.430099091659785 1.9393658054147607 2.3708255196380557 0.35653121979508995 4.547642521500134 8.427321170276372 7.307236270395503 5.09766082327744 5.362835851587823 2.3874747182663745 4.700453711191931 
1.334333505746101 0.5475567996498922 2.394942542632446 2.7990186422792824 3.4611374407582938 2.4059910414333703 4.042623697916666 2.4072214965478635 4.554383933845244 4.233704142011835 4.05841825693488 6.089942196531792 3.200788725429596 4.057887351649072 0.4423819833752175 4.0598439577976775 3.766416824169255 9.0 6.297432582579452 6.720279986486618 3.685286217874002 6.281214714983755 
0.8345950975321195 0.22703814029916103 2.020216875654887 0.3957826239887442 0.9047393364928906 0.39255319148936174 0.5367578125000001 0.39080425452509815 0.6610183106910812 0.5313136094674556 0.6484792445406256 0.6855491329479768 0.6068141921127457 0.6489849845911743 0.10697312971196597 6.547058693146556 8.2640392181443 6.701301272168131 3.2188408820787178 3.9152901215225078 2.575203979949001 2.605078475716354 
6.551228351793391 2.9446451647530463 0.6568158370467607 1.2716989096025326 0.9047393364928906 1.1526259798432248 1.32689453125 1.152412763575294 0.9976786769049029 1.1271005917159762 0.9969014361597481 1.084568538398018 0.736846334528372 0.9973614844928199 1.516037889039242 4.282222714779679 4.47962129467127 3.0358577859492613 4.010699562416034 4.068159120063454 4.538018593618488 2.274511590967424 
4.550617832236432 1.9291961760613683 0.5207448731677546 1.8408863876187127 1.3308056872037914 1.7717581187010079 1.9297395833333328 1.7714293711513345 4.089219137625516 3.733668639053254 3.9204642927405073 4.53840627580512 3.111877858820621 3.920540948134548 1.8886371544558282 1.3665901232378754 6.510156120421978 5.453260477042434 4.787556476332039 7.422341756347862 6.712958474429992 4.31089589679269 
6.21953032383874 2.8242952425777528 1.3725729155871829 1.872507914175167 1.3308056872037914 1.8220940649496078 1.9765624999999996 1.8234334763948499 6.138917897223864 5.180579881656805 6.285136730277395 6.359048307184146 4.172139943132649 6.284313815487509 1.4604260583800501 2.066007181487721 7.590539092785098 3.0947094542786218 4.5707797911075225 6.2304653548241795 4.976570786184953 4.084597112790986 
3.032909614092664 1.1036903567550609 3.9706018630465065 0.7341329581428069 0.9047393364928906 0.684501679731243 0.8469596354166666 0.6826982646016048 0.9413916125221502 0.8398461538461538 0.8624847530985638 0.9769260941370768 0.9435640993942394 0.8623729591502193 0.20950744248985115 4.942584005674262 3.3048538118840547 6.9082086174343935 4.046410657706472 4.630182675453629 5.032769584335022 3.3442065260027998 
3.38652130486739 1.1530180503775633 4.081880893985975 0.009999999999999898 0.052606635071090035 0.009999999999999953 0.010000000000000009 0.010000000000000009 0.12682220909627895 0.13766863905325433 0.10550659059610468 0.10279521056977714 0.24227963901594762 0.10667300504884925 0.06839242219215155 7.684458285308982 1.6918214451023132 3.5388764850893324 1.7663349726596902 3.9335349242565196 2.8360852639033967 1.365332934618905 
3.401486733134762 2.334191758425505 0.7645753451472137 0.4590256771016531 0.4786729857819905 0.468057110862262 0.5016406250000001 0.46629408471729816 0.8213833431777913 0.818568047337278 0.5423608105449538 0.8080388109000827 1.0569254543206825 0.5428804668546324 0.22271525227140926 6.179615657416439 4.64595909432798 3.4769117562186196 1.51688753585716 6.029574450896487 3.2832840406998978 1.402599529290983 
1.363409194951278 0.41419757979612815 2.1413816251568853 0.7973760112557158 1.3308056872037914 0.6039641657334827 1.0518098958333333 0.603853330845307 1.0242291789722389 0.9249585798816568 0.710381664371434 1.1996345995045414 1.377004574112993 0.7108792866041568 0.31934080804175524 5.02747052043621 7.529227088195022 3.228867539513061 4.1981297004034275 4.088164579273608 2.4253685136315832 3.7363329491469606 
3.3290647499123054 1.0886396571584283 3.278239259847779 0.05743228983468163 0.052606635071090035 0.050268756998880115 0.05682291666666672 0.0519387945512223 0.09071352628470186 0.10575147928994066 0.011768640566594435 0.010000000000000009 0.1789306465570526 0.01176840862894235 0.07186816160835105 7.151626030676481 0.1635292472662062 4.041153979338603 1.533578183753491 3.0582685735549004 2.5783394665523067 1.0690939819948961 
7.3358443766683905 2.559822344980203 2.480135698412151 0.23135068589518115 0.052606635071090035 0.3522844344904814 0.29093750000000007 0.3522205635379735 0.8500578854105141 0.7440946745562128 0.8483356285658075 1.0827126341866224 0.5823637037952776 0.8494046292046421 0.13338874927508215 5.612509974288501 1.068905348980735 3.6827072941486847 1.171770140827169 0.010000000000000009 2.79078068196175 1.033242298919597 
1.2037066961551952 0.4228828170479457 0.6075942749893488 1.3159690467815688 1.7568720379146918 1.1727603583426651 1.3210416666666667 1.1708658331778317 3.2544713526284705 3.425136094674556 1.9749596694865237 2.6305367464905034 3.7831549017183828 1.9747019867549662 0.7079284747728591 3.974558914797412 8.604712035447728 4.155596014477819 4.971307137871218 5.577085736528236 2.920859383202216 4.372477203058641 
7.328522006408997 2.4684788882420703 8.195892546662522 0.4147555399226168 0.052606635071090035 0.5485946248600224 0.37873046874999994 0.5501716738197425 0.7427938570584762 0.6483431952662718 0.7422171945701357 0.9249607762180014 0.5212374830016071 0.7433001114681003 0.10940614730330563 6.177224487986526 0.010000000000000675 3.73774175729044 1.2942711769489463 0.2832318768911389 4.3090440853288525 1.076516825910304 
0.009999999999999787 0.26472984298813884 1.087388050249289 1.1863207879001056 2.1829383886255918 1.0821556550951845 1.4380989583333332 1.0836331405112896 1.9195121086828117 1.75480473372781 1.7008203816643714 1.975402559867878 1.6715218197552235 1.701188118811881 0.38398956118306593 4.363921003635075 7.09306445391603 7.785609906916541 5.374341027542867 7.873355920917344 4.885957622956506 5.046911141566222 
6.276238607380455 2.52183371110313 2.2823178117839413 0.37048540274358066 0.052606635071090035 0.40765397536394166 0.3611718749999999 0.4092573241276358 0.9732522150029534 0.9143195266272189 0.9067007672634271 1.2645912469033853 0.7468488070218815 0.9071726444167595 0.29014459694567946 6.013827910275736 1.8569022294652004 3.573861355934998 1.6604549582423545 1.346338265391056 4.159336598056469 1.2502679699947215 
1.935516138429617 0.6893600001651459 2.4269287943164413 1.3918607105170593 1.7568720379146918 1.2834994400895856 1.3327473958333333 1.2815842507930584 2.432467808623745 2.712319526627218 1.587627385402321 1.9921056977704377 2.661766596612684 1.5874204970165886 0.9129971003286295 3.6613157194786776 8.643852890976069 3.4623470801144336 4.413460303181047 5.026154316937751 2.7284628857210462 3.7562287829847407 
5.131864376549485 1.8691418432688858 5.575970096836965 0.47799859303552583 0.4786729857819905 0.5133594624860022 0.5367578125000001 0.5132655346146671 0.762972238629652 0.7121775147928991 0.6484792445406256 0.7913356729975225 0.7290666337000866 0.6495744541341552 0.07951478832398995 6.315115258444897 3.0490078542361783 6.5182977846301 3.5061935318596262 5.745734618736597 3.8463998375349435 2.538381719831281 
3.228689484604729 1.110946612664165 0.5855454995566918 0.6867006683081254 0.9047393364928906 0.6291321388577829 0.7942838541666668 0.6306941593580891 5.289301831069109 5.882757396449704 5.091304347826087 5.971164327002477 4.098788478180245 5.091816930037374 0.40831973709646235 4.186575937583121 4.147010713390294 4.274892941651753 3.2457130215733763 3.6907844126085725 2.636905877035484 2.540950328576202 
1.3432058667903277 2.151746101539567 1.771158877105714 1.1578614139992967 1.7568720379146918 0.9764501679731242 1.4966276041666666 0.9762698264601605 0.9031588895451863 0.8398461538461538 0.6148750737753292 1.053018166804294 1.1625071084188403 0.6147957510982883 0.39719737096462404 4.631333451547124 8.836674702512973 2.745268408511901 4.948317997539521 4.422513244092793 2.798043492767369 4.534778447144512 
2.5988587463808184 1.0794904649252102 0.08996562920999018 2.062237073513894 2.1829383886255918 1.832161254199328 2.046796875 1.8301436835230454 2.393173065564088 2.4357041420118337 2.4188884517017506 2.2890503715937243 1.909358387934232 2.4191620221624803 0.7461616083510536 3.625049649791648 4.421885281865347 5.13165167492518 4.57240975811248 4.864482036016099 3.756130617990025 3.963415376494574 
4.623520847081766 1.8714801763751439 3.921380300989096 0.4938093563137531 0.4786729857819905 0.4881914893617022 0.6069921875 0.4864247061018847 2.988966331955109 2.584650887573964 2.848668109384222 3.4118724194880263 2.305011744344171 2.8488853189954746 1.0826131838391648 2.176000975263765 7.425176563614977 4.8088940052271845 2.8630099799328956 7.261241688780958 4.933129899086601 2.1884196622711234 
7.777164166681528 2.7042979261883238 8.278342544935347 0.42107984523390773 0.052606635071090035 0.5183930571108621 0.5367578125000001 0.5182981899608137 0.8574920259893679 0.8504852071005914 1.0128192012590989 0.8303096614368293 0.47011373470144635 1.0126876926103203 0.2446124105934661 4.890775334692793 1.060951476345684 2.6583991953103734 1.1783524938910013 2.042986016588165 3.983553380358633 1.109125096248372 
1.236256502636727 3.1494720099417455 2.0391084320701927 2.2203447062961663 3.0350710900473934 1.5452463605823068 2.5150260416666663 1.5466374323567829 2.4218476077968107 2.829349112426035 2.3746724375368875 2.593418662262593 2.010494498701941 2.3743623368959406 0.3846847090663058 4.461958950261548 6.325526580972404 8.707520550091107 6.001107080479901 4.751381865629989 1.6433485596129307 5.927726262367009 
1.3131681143393914 1.4045744412929224 1.6407295013068959 0.4716742877242349 0.9047393364928906 0.34221724524076147 0.5952864583333333 0.343832804627729 0.657832250443001 0.5525917159763313 0.36195947275231166 0.7672089182493809 1.090267029299048 0.3625027867025111 0.24356968876860624 5.4738221473534905 7.420863700796513 2.6642917741922183 4.245414811129944 2.8191934323008985 2.5510679319248295 3.706336823295254 
4.906688129083657 2.138050150488624 4.97169907999125 4.114474147027787 3.0350710900473934 3.9412374020156777 4.265032552083333 3.9388262735584996 5.422054341405788 5.680615384615384 4.24943143812709 6.540926919900909 6.278216095932748 4.249464953117828 2.092663058186739 1.5554925082010822 4.809501118589807 6.912989388980041 6.594814974566114 7.701031668315039 6.885182274937853 6.35633563683734 
4.002615917860178 1.937510249328065 0.6598695406864943 1.8250756243404853 1.3308056872037914 1.615716685330347 2.1228841145833326 1.6154170554207874 6.048646190194921 5.85084023668639 5.637814282903796 6.876845582163501 4.8945407343305725 5.637076257294603 3.019990334428764 0.5101529390903456 8.610585331044728 5.585899092250738 6.179951773421466 8.438218534875297 7.585955532086403 5.613332905562793 
1.0968642279177878 0.46400778659928754 2.0088301841168956 0.9712944073162153 1.3308056872037914 0.8657110862262037 1.1688671874999998 0.8672289606269828 4.989812167749557 4.606071005917159 4.612002754278969 5.481205615194054 4.157691927308692 4.612578191593993 0.901179586313551 2.7506786949197624 8.340435406260248 4.408828665418959 4.170447040623717 6.606739651981474 3.9932117989134577 3.594123449735348 
6.702325729335733 2.447359657488719 1.4851976464356857 0.756268026732325 0.4786729857819905 0.3069820828667412 0.2207031250000001 0.30692666542265357 0.37639692852923834 0.42492307692307685 0.3831831595514461 0.10093930635838166 0.4056533564099394 0.38431315979280056 0.224105548037889 5.626059934391347 4.473401236234597 0.00999999999999801 4.380045086935928 8.439605051850258 6.019316049696868 3.8437138554071013 
1.318619806065362 0.5090856525921614 2.261148917061038 0.5728631727048892 0.9047393364928906 0.5183930571108621 0.7181966145833332 0.5182981899608137 0.8288174837566453 0.7547337278106506 0.7280680700373796 0.8247419488026422 0.6901681295586599 0.7291528424365613 0.13165087956698243 6.248561042645625 2.2783057703805145 6.70056006727733 3.487905052123825 2.276449065324468 2.3353472534864137 2.837428727778128 
1.2210772825369638 0.3258976677359824 1.1057620297765034 0.5127822722476258 0.9047393364928906 0.4026203807390817 0.5484635416666666 0.4042246687814891 0.25532663910218556 0.2334201183431951 0.16740901042691325 0.26797068538398006 0.42788107306218315 0.16856730706183187 0.23175217475352794 5.703374412625233 6.484343961543656 2.8422180082282793 2.250115606764231 3.1664168976018647 1.9724906667117459 1.6913067986459853 
6.036791755102527 2.2213022323511327 6.435458277200134 2.1381287372493842 1.3308056872037914 2.19458006718925 2.31017578125 2.194172420227654 1.5223165977554642 1.3398816568047334 1.4408302183749755 1.6821696944673825 1.1747323525775744 1.4412320503573532 0.44481500096655713 4.320481425658303 5.261441462074023 5.175271582748646 5.524123033875769 4.538848620753813 3.82322363234852 4.87740473227214 
4.7291340122829215 1.849191779068664 5.702310615219869 0.37680970805487146 0.4786729857819905 0.43785554311310193 0.4431119791666668 0.4377757044224668 0.5303898405197875 0.499396449704142 0.46630926618138857 0.5723389760528488 0.5334627271603414 0.46624942626712984 0.06769727430891165 6.485685344445431 3.2026888102447426 6.810517812827218 2.711007076607478 4.544130590182235 3.3938899303695758 2.129972929388805 
5.657578492398976 2.1531379664837687 1.3204011652676542 2.017966936334857 1.3308056872037914 2.1341769316909294 2.0936197916666663 2.1337805560738943 1.3088505611340815 1.1164615384615377 1.4443674995081643 1.2905739058629233 0.8101977994807765 1.4441793980722575 0.452114053740576 3.50907793244082 2.5164884958824345 5.291307208403069 3.987981785704001 3.4929086328962704 5.84569647772912 3.4567246497527813 
1.4612189582701642 0.4381005404378828 1.1134221677202438 0.5728631727048892 0.9047393364928906 0.5183930571108621 0.4665234374999999 0.5199757417428624 0.2723189604252807 0.2334201183431951 0.3018256934880974 0.2308526011560692 0.22783162319198902 0.30178742377549017 0.3012669630775179 5.1510142743150995 4.6566653970029535 5.146475772741137 4.524721172530411 5.482010286816619 4.381416235294954 4.095176297960747 
1.8211909560585253 0.7228575498222631 1.6005137771022602 3.8362047133309884 4.3132701421800945 3.825464725643897 3.3051627604166662 3.8247527523791756 3.9766450088600123 3.595360946745562 3.6781605351170565 3.810891824938068 3.5542094202002725 3.6776794964264625 3.5754134931374444 1.980323610249136 6.824756706717327 4.019251374815525 5.019184963872265 4.320791316183742 4.082633157285037 4.708290144651014 
2.4163339694769954 1.0811978192567642 3.4156559236358204 0.40526908195568045 0.4786729857819905 0.26167973124300115 0.36702473958333337 0.2633103190893824 0.3339161252215006 0.2972544378698222 0.34250442651977164 0.26054706853839793 0.47789343552973174 0.34305029178414526 0.18934815387589407 6.073208617785267 4.43187638618349 2.3868958438110646 2.541244138489814 3.235060491965414 2.4815553137461803 2.0555921151396874 
1.01669229077116 0.222528497879948 1.8040767671882731 0.6044846992613437 0.9047393364928906 0.5234266517357222 0.642109375 0.5233308453069604 0.5728706438275255 0.5206745562130176 0.5158312020460358 0.6929727497935589 0.6390443812584992 0.5157648678775161 0.13686448869128168 6.410762035641459 2.448609670016009 7.179230185754687 3.3652986840707317 4.105749135829065 1.8725550299216858 2.831399027588779 
2.9464842658485972 1.9874874799245288 0.8516317777240427 1.0471860710517058 0.9047393364928906 0.9261142217245241 1.0810742187499998 0.9242657212166451 1.0348493797991734 1.2122130177514792 0.7439858351367301 1.053018166804294 1.2403041167016937 0.7450685200970425 0.4489858882659966 5.840468126606969 2.2250126564579293 5.34452571956237 3.0330157170786816 4.187773719411286 3.5731045862123567 2.588621965452283 
1.6700935785161795 0.5278479920399985 2.556478289405506 0.8321596904678157 0.9047393364928906 0.2918812989921612 0.37873046874999994 0.2935062511662624 0.7820886001181335 0.7440946745562128 0.827111941766673 0.41829892650701916 0.7668537520089009 0.827004786571372 0.14798685482312005 5.781485947335757 6.124252425218417 6.360754685090981 2.657380626558277 5.703368822279453 2.534114707803126 1.8457498414020548 
4.392411876267085 2.036648149753727 0.48622249473211454 0.8954027435807244 0.9047393364928906 0.8606774916013439 0.9581640624999999 0.8588412017167383 6.141041937389252 6.021065088757396 5.881886681093842 6.824880264244425 4.5477883545555695 5.881116648088649 1.4520842837811712 1.7037450128557499 7.43941551271914 5.985112046434548 3.9049820091131053 6.469826602755555 6.344198854203181 3.2645796549102415 
5.937432000998804 2.4107443303565894 1.0842825889207468 0.6487548364403799 0.4786729857819905 0.6190649496080626 0.7064908854166669 0.6206288486657958 1.1176869462492616 1.0207100591715972 1.1578477277198505 1.1142630057803469 0.884660650265793 1.1576972001835943 0.6860313164508023 3.277134497739162 6.068206881255911 1.8600844676763764 3.6989581073177877 4.567437280285153 4.199150079097172 3.1553049438974905 
0.20781089291978105 0.11336916985603485 1.152447465082271 1.6985895181146675 2.609004739336492 1.8220940649496078 1.64294921875 1.8200783728307521 2.3485682220909636 2.2548402366863907 2.3516801101711584 2.346583402146986 1.6448485597725306 2.352551963805652 0.6217301372511115 3.6645039453852304 6.934723872249332 7.275179158868493 5.067632296417212 4.503723524054799 3.2466260429882885 4.713906255296688 
1.5158427714460672 0.46443462518217604 2.09019327092473 0.3325395708758354 0.4786729857819905 0.2516125419932811 0.2616731770833334 0.2532450083970891 0.0822173656231544 0.06319526627218919 0.024149124532756194 0.021135425268373087 0.2144949932006428 0.024736738574519745 0.15667620336361882 6.3386284245057185 5.098202855296909 5.054974028972126 3.71076242477319 4.185000685461365 2.7518950489975387 3.0364523697680843 
3.098490258678604 1.0905140352832863 3.536354853938536 0.2914315863524445 0.4786729857819905 0.2516125419932811 0.25582031250000004 0.2532450083970891 0.42631187241583013 0.4462011834319525 0.3495789887861498 0.44799339388934767 0.3878711830881445 0.34953445675693395 0.1883054320510342 6.7578801312173065 2.3705446857341252 5.097037406524912 1.7374097531478334 4.499784055189432 2.294026019321418 1.497594517111629 
1.9894985761083461 7.01668524550908 1.1887813626262282 1.3159690467815688 1.7568720379146918 0.880811870100784 1.3093359375 0.8806493748833738 1.12936916715889 1.45691124260355 0.6838520558725163 1.0029087530966143 1.1380566201013724 0.6849426267130024 0.8042064566015852 5.690621508999027 5.020419615822263 3.768650001236715 3.1857684409321223 6.03274363255354 5.06098496441962 2.358513804074636 
4.434635763164309 2.568433349434997 0.46603699609658333 3.77928596552937 3.0350710900473934 2.8086786114221725 2.7725520833333333 2.809833924239597 1.4479751919669228 1.8292781065088755 1.4249124532756245 1.4631729975227084 1.0635937693163553 1.4253163726968716 3.7116624782524643 2.956717794130685 3.2825092814024828 2.7143972248101633 2.112687786273943 3.359186773533358 5.035117199942346 1.9079188801774358 
5.908623551584116 2.0413619323647567 6.821467120338067 0.04794583186774526 0.009999999999999953 0.13583986562150058 0.09779296874999999 0.1341388318716179 0.010000000000000231 0.010000000000000009 0.011768640566594435 0.05454170107349299 0.010000000000000009 0.012357878171923131 0.012433017591339652 8.855334249490202 2.4365813340147744 5.918255365284573 0.49068851706994465 3.801265606486423 0.4952085531712713 0.2625508360896286 
0.9994820482636841 0.5467402388826277 1.9713058597303306 1.9578860358775938 2.609004739336492 1.4395408734602464 2.4799088541666663 1.4392741183056543 2.9422374483165985 2.659124260355029 2.7761538461538455 3.2021552436003304 2.3250166893311905 2.776970034751819 0.3242068432244346 4.367109229541625 6.191286016663135 8.854575600425434 6.305869848806648 5.116431977751883 2.0082848058693834 6.333609979806003 
5.047951082336013 1.7837741266911915 5.81245097700554 0.42107984523390773 0.4786729857819905 0.49825867861142215 0.4957877604166667 0.4998451203582759 0.5845528647371532 0.5419526627218935 0.5512040133779263 0.6762696118909992 0.5812523179626652 0.5511330404563634 0.06769727430891165 6.519161716464226 1.5251368826059295 6.788800509526833 2.362303040051792 4.29766069172844 3.812521384707643 1.882363399952542 
1.8507476768865816 0.6054583813286762 2.4579834076018745 0.8954027435807244 1.3308056872037914 0.32711646136618133 0.4606705729166666 0.3270572868072401 1.155919669226226 1.073905325443787 1.2038323824513082 0.7096758876961191 1.0046903201879098 1.2042652940790766 0.15215774212255948 5.804999113396579 5.448411650691405 6.5937895027578755 2.28772803267929 6.297304276299684 4.043607547240318 1.347722727206691 
3.013026973680299 1.1360929726560727 0.10663160500650593 1.8883186774533944 1.7568720379146918 2.0184042553191492 1.543450520833333 2.016351931330472 4.761477849970467 4.393289940828403 5.119602596891598 3.5584888521882743 3.2508010878971443 5.11893252901449 0.832359945872801 4.4850735880840515 5.012855851381845 5.369022541203243 3.051848709340783 2.5339450749600965 2.8646845811230905 2.1306041976396757 
1.5835613343559194 0.705913913901516 1.7063064930279683 1.6416707703130495 2.1829383886255918 1.6207502799552067 1.4146875 1.6204497107669344 1.6879917306556411 1.6696923076923076 1.5522545740704308 1.5262737407101568 1.4959228582024973 1.5520523244377409 1.439919195824473 4.406164996896888 6.734966803918924 3.262592362044373 5.544014701311957 5.294830495196875 2.370585483667189 2.7101302198094888 
2.7694646286288416 1.1247910293091565 0.02723531037341509 2.9602884277171997 3.0350710900473934 2.924451287793953 2.2048242187500002 2.9239074454189216 4.714748966331955 4.1911479289940825 4.75703128073972 3.4248637489677947 2.9807343305723824 4.756408760081305 1.684263676783298 3.9351046192038313 5.5726611106825334 5.522118411397571 3.7505939623937934 3.2130742942196027 2.790380747446023 3.080162254173185 
4.171992497071955 1.6730744681290286 4.459867295358504 4.437013717903622 3.4611374407582938 4.011707726763718 5.008346354166666 4.010961000186602 7.644862374483168 7.8403431952662705 5.910184930159354 9.0 9.0 5.9094111861517264 2.604639474192925 0.7552478056565306 6.621033538408135 7.822262488766505 8.342498446562033 9.000000000000002 7.970144625929993 9.0 
4.513845637065177 1.5588487517082217 5.086808179902587 0.6455926837847343 0.4786729857819905 0.699602463605823 0.7474609375000001 0.7011513342041428 0.962632014176019 0.8930414201183431 0.8412610662994293 1.0827126341866224 0.8679898627766103 0.8417415251458918 0.10558283394548616 5.773515382569378 1.8492517743148653 7.455996091978665 3.506609503723981 4.19369392681231 4.46223100288807 2.811067836336606 
1.6365282608307918 0.756485006874172 1.5274319205038749 1.7776433345058036 2.1829383886255918 1.7566573348264276 1.455657552083333 1.758008956894943 1.4320448907265213 1.4781893491124256 1.3134880975801688 1.3221242774566473 1.1791778959080232 1.3139066290735029 1.0965161415039628 4.977255962408017 7.7061628271393054 1.5302482912712598 4.526568944545888 4.94551625033049 5.114596186252931 3.841297621757217 
6.125675709419086 2.315113929590316 1.383856091747556 1.0440239183960605 0.4786729857819905 1.1878611422172454 0.9113411458333331 1.185963799216272 1.2323851151801537 1.3292426035502953 1.140161322053905 1.31284475639967 0.9935764618617879 1.1400131138941707 0.3516651846124106 4.543258710878624 1.634107104973868 4.917184039772774 2.2153132225422745 3.8708335454999463 6.068316026563838 1.5549963921994028 
1.0195784805084385 0.49169661988927027 2.1755416997708616 1.040861765740415 1.3308056872037914 0.9764501679731242 1.1278971354166667 0.9762698264601605 1.590285883047844 1.4037159763313607 1.7149695061971273 1.3889368290668866 1.2458610458647548 1.714745918300439 0.1538956118306592 5.967598634630732 3.9210730506644076 8.652374906215734 4.743909780453391 4.31451897748749 3.2195864703799346 4.362986411424864 
5.825672320616405 2.271075322755779 1.2630536460672221 1.4424551530073866 0.9047393364928906 1.5351791713325866 1.4439518229166666 1.533217018100392 1.424610750147667 1.3079644970414197 1.2904957702144402 1.6005099091659785 1.2692001483496105 1.2909173168972523 0.2320997486951479 5.091235038567249 3.900549025091129 5.389405675700189 4.842171975363437 5.516012965012095 4.519957550888219 4.101946105754563 
4.239711059981808 1.9802868986131927 0.5288708303107765 0.9175378121702427 0.9047393364928906 0.9261142217245241 0.8411067708333333 0.9259432729986937 1.0847643236857651 1.084544378698225 0.7545976785362973 1.0994157720891826 1.2914278650018547 0.7545000327847354 0.3680011598685482 6.154906906640661 3.5221007309405827 5.131948156881499 3.190299499265727 4.8518933422116906 4.674896181626322 2.249130253708287 
5.705093727147876 2.1840002518465305 4.317016074245513 0.6677277523742526 0.4786729857819905 0.5838297872340426 0.7299023437500001 0.5837227094607205 2.74257767277023 2.265479289940828 2.8168325791855198 2.7827208918249378 2.022719742860675 2.8170539636745127 0.5880154649139764 3.2831124213139473 7.589000332684039 2.9386858247656455 4.258492038196007 6.710882482545216 4.178281496066494 3.608751458858967 
0.4940247085332423 0.156127260941906 1.570597832970626 1.3950228631727049 2.1829383886255918 1.4345072788353863 1.5083333333333329 1.4342414629595073 1.5743555818074428 1.4037159763313607 1.6070824316348613 1.5671036333608586 1.1569501792557793 1.608051931020916 0.41735665957858115 4.014013210390991 6.469324796050223 7.614243336164041 5.263556829814888 3.105982364058323 4.029417870622296 4.801696077909123 
1.8597269338470044 0.7451088307302314 1.784978180017732 5.600685895181146 6.017535545023696 5.501651735722285 5.265872395833333 5.498949430863967 6.148476077968104 6.116816568047337 5.56883730080661 6.284812138728324 5.6380578563481265 5.568697790308831 5.8071857722791425 0.7855359517687743 8.288420980308965 3.4285481370940474 7.51648187059946 5.216855421509779 4.854590758887977 7.279249819609972 
1.146410485074405 0.5319493540755791 1.8317153730123081 1.0661589869855785 1.3308056872037914 0.961349384098544 1.297630208333333 0.9628494122037695 4.603236857649144 4.169869822485207 4.304259295691521 5.14157514450867 3.805382618370627 4.3048750901580215 1.2699555383723178 2.5039897154003015 8.00271007309406 4.676144209285262 5.919460551413383 6.564770003231461 5.005482052326914 5.01330154917505 
2.483892188512553 1.8913745659775985 0.934599352884959 1.7049138234259587 1.7568720379146918 1.7113549832026878 1.8009765624999998 1.7110375069975743 3.7536207914943884 3.7975029585798814 3.7577493606138104 3.6939698596201485 2.7895759673630858 3.7578473542718496 0.6714332109027643 3.1248967107013037 6.109688385952056 5.894055025600014 4.555692330911578 3.3991096591298566 2.6781671210231215 4.044740141503268 
1.939310943454557 0.6763692606859313 2.9396922173477495 0.8574569117129793 0.9047393364928906 0.3573180291153415 0.4431119791666668 0.3572532188841202 1.436292971057295 1.3398816568047334 1.5221876844383235 0.919393063583815 1.0747076276424776 1.5225788472887016 0.1545907597138991 5.670296568844756 4.413801373165418 6.810332511604518 1.6034846656955803 4.7232773866295865 2.20568048479715 1.6375619258391163 
7.722326561673235 2.654877441569541 1.9074886294287658 0.3546746394653534 0.052606635071090035 0.4428891377379619 0.36702473958333337 0.44280835976861366 1.5966580035440052 1.4143550295857983 1.6760594137320477 1.5763831544178364 1.0124700210161948 1.6770198675496686 0.20290353759907212 5.425600230516891 4.634039121714144 1.697056451945354 2.061112630954968 3.663274155168869 3.2571083266455156 1.6450500733666833 
1.264744264302828 0.3990540892032155 2.243758333621196 0.528593035525853 0.9047393364928906 0.47309070548712207 0.6362565104166666 0.47300429184549353 0.5930490253987009 0.5632307692307689 0.6184123549085185 0.6614223781998347 0.47011373470144635 0.6189220378991539 0.12678484438430315 6.193564145757603 3.248353141694473 6.626921361376549 3.5773693528384367 4.228180785538724 2.2159188083997803 3.047227465774322 
0.17846796392411424 0.34326814223961755 1.342760486833166 1.161023566654942 2.1829383886255918 1.0167189249720043 1.4146875 1.014853517447285 2.010845835794448 1.8186390532544374 1.7308872712964782 2.1312985136251035 1.927140561256027 1.7318405350468815 0.3426282621302919 4.542461654401985 6.305197609496444 8.00585894021717 5.2821398819009815 7.046507623309603 4.0473589329978426 4.947453740248044 
3.01585971545948 1.00911777334638 3.610523622001911 0.7183221948645795 0.9047393364928906 0.6945688689809629 0.8235481770833333 0.6944411270759471 0.5367619610159484 0.499396449704142 0.46454062561479437 0.5556358381502888 0.6145938929410308 0.4650704871811683 0.17509762226947614 5.268181576380887 3.085981442016548 7.260429181541607 4.033642285286474 5.173147124489576 5.696356930211203 3.235802529818835 
2.7264924703182487 1.128372761765568 0.009999999999999787 2.1065072106929295 2.1829383886255918 2.028471444568869 1.92388671875 2.028094793804814 2.6979728292971057 2.988934911242603 2.4860967932323432 2.467217175887696 2.4883904067251823 2.486951019605271 0.8907523680649526 3.9056135295682237 5.054857500337507 5.482945732918896 4.0163910572810995 3.3674838671771723 3.4280003452159997 2.9767213325133053 
5.928185504247894 8.613488384094861 5.795577970453786 4.623580724586704 3.0350710900473934 4.293589025755879 5.1078450520833325 4.291112147788767 6.611516834022446 7.968011834319525 5.399047806413535 6.845295210569777 6.390466065026581 5.399520031473344 2.729418519234487 1.8033770724355005 3.7172631916452943 7.162553075711731 5.495274581703688 5.644254781093018 5.956730297330627 4.921571741962354 
1.7492500044589505 0.6210101523052214 2.7023832141582327 0.8416461484347522 0.9047393364928906 0.3774524076147816 0.4489648437499999 0.3757062884866581 1.3162847017129362 1.2015739644970407 1.3771591579775722 0.8303096614368293 1.0835987143033752 1.3781588092584087 0.1538956118306592 5.846844578420074 6.437335924090183 7.170891630733209 2.3567829327359853 5.472964914170445 1.6773709888658939 1.2947832656164495 
