1.2565060079640462 0.5551230119232973 1.6752301621073373 1.0921002470878927 1.7568720379146918 1.020800681431005 1.0145323289391084 1.0221192052980133 0.861740106320142 0.6844908896034297 0.8925516427306708 0.7855010101010098 0.7718844584813792 0.893614844928201 0.48617630001933115 4.493952029833039 6.522097765713296 2.2137640683825204 4.128306814838286 4.1224889364666355 2.138898426278005 3.688719519627873 
5.0197849474885325 1.759354027365352 5.314662290953817 0.2638651606071303 0.052606635071090035 0.21930721181147073 0.24138104205900823 0.2226300851466413 0.5505682220909631 0.46287245444801706 0.4946075152469014 0.5457676767676765 0.6192709567048295 0.4951334338731884 0.07673419679103034 6.487920162725658 1.0908814439451513 6.058998599370209 1.6252846683113393 1.3255120469585528 4.462740855588268 1.570300281338528 
1.6179440770323454 0.43527169177015756 1.112834401030586 0.5431168372749735 0.9047393364928906 0.39798409994321393 0.37118016321406155 0.40123935666982014 0.2723189604252807 0.21234726688102878 0.3018256934880974 0.18253535353535333 0.24187787866824573 0.30178742377549017 0.3012669630775179 5.320644969912706 4.6566653970029535 4.366938233219759 4.4457738836203955 5.734427487758405 5.197336671771457 4.123182197171013 
7.748888352001489 2.652781015235554 1.9168108980898033 0.3241581362513236 0.052606635071090035 0.32140829074389554 0.27524168236032653 0.3229914853358561 1.5966580035440052 1.2818971061093247 1.6760594137320477 1.499252525252525 1.0771114620344782 1.6770198675496686 0.20290353759907212 5.583129502500215 4.634039121714144 0.2109754244106945 2.0252455695629514 3.8317952631686785 3.8631778246200854 1.6562591483780373 
3.1569605640034473 1.1010814187361386 4.005672008067478 0.7049558771620192 0.9047393364928906 0.566450880181715 0.7380037664783428 0.5662403027436138 0.9413916125221502 0.7615755627009647 0.8624847530985638 0.9126323232323232 1.0037623371496252 0.8623729591502193 0.20950744248985115 5.121400542418851 3.3048538118840547 6.489526269258658 3.975827410995178 4.843306101333771 5.970264467225079 3.367064156886456 
3.1741270404955406 1.050605003076847 3.8480418879296785 0.4257042004941758 0.4786729857819905 0.3111981828506529 0.4614752040175769 0.31278524124881735 0.6684524512699352 0.5592282958199354 0.6661656502065707 0.6456565656565654 0.7079997368074747 0.6672585404235786 0.15702377730523875 5.710371641664549 3.174666038263487 6.206571089411835 2.9094696489600054 4.066380867258087 3.940800438579127 2.54727694048008 
2.135241191812403 7.016029958989142 1.1891340868419675 1.2888457465584187 1.7568720379146918 0.7655479840999433 1.1838355304456998 0.7669631031220434 1.12936916715889 1.3204394426580923 0.6838520558725163 0.9380585858585857 1.2107961573891304 0.6849426267130024 0.8042064566015852 5.836470887363339 5.020419615822263 2.706892836921 3.130234931987415 6.310565495093118 6.003746219577798 2.3746140249937837 
1.6824753743334195 0.48966518124486336 1.81577669874616 1.0064207553829863 1.3308056872037914 0.9084894946053377 0.754934086629002 0.9115515610217597 0.49640519787359727 0.3954233654876741 0.42563053314971455 0.3986585858585858 0.5719489406500856 0.4267549668874172 0.5470017398028223 5.533985083481653 4.574049150450332 4.489148794564361 3.2193977321594254 4.553809645762053 5.308407817350905 2.7580536932386113 
4.913174848054397 1.77116094180423 0.714147581213969 2.1170808330391813 1.7568720379146918 2.1183872799545713 1.9456999372253607 2.11758940397351 1.6550691080921442 1.4167952840300106 1.6088510722014555 1.7789414141414144 1.443857086458745 1.6086414005638967 0.6175592499516721 3.5663035002966375 7.235367254247752 4.884669858645662 4.429978498517528 3.1456053186912256 3.574200165866107 3.7582405615068435 
1.8999871923247094 0.6182417369110109 2.721625853234861 0.8128485704200497 0.9047393364928906 0.2550425894378193 0.35424984306340235 0.254949858088931 1.3162847017129362 1.0891854233654872 1.3771591579775722 0.7691555555555556 1.1528266877220688 1.3781588092584087 0.1538956118306592 5.985808966861601 6.437335924090183 6.806014562576362 2.315745592196091 5.724964863037555 1.988584104198968 1.3035910888337372 
1.1676904268448869 0.47978895721737413 2.0958741030468717 1.0127673843981644 1.3308056872037914 0.7808631459398068 1.1894789704959197 0.7805714285714285 3.3808517424689906 2.842861736334405 3.1245760377729686 3.6168969696969686 3.082381892354258 3.125346534653464 0.8664221921515561 3.156004746164931 8.610953766561884 3.7140918256861575 4.625593950161825 7.280104642586409 5.745350617827493 4.037924677338353 
1.3219270311808682 0.5862182661451858 2.214411114932412 0.876314860571832 1.3308056872037914 0.6532367972742756 1.008888888888889 0.6563954588457899 4.178428824571766 3.343912111468381 3.4004839661617154 4.308854545454545 4.3293170153967635 3.4000393416825117 0.7791811328049488 3.653544368166794 8.491168878131573 3.7791487448966414 6.300208224882872 6.77411898932574 4.861247268778583 4.720247841202199 
2.0860969191719265 0.6736191359222905 2.961896498458203 0.8287151429579951 0.9047393364928906 0.23462237365133431 0.3486064030131829 0.23623841059602646 1.436292971057295 1.2144480171489818 1.5221876844383235 0.856331313131313 1.1433622845111198 1.5225788472887016 0.1545907597138991 5.817041698449021 4.413801373165418 6.371602231074117 1.5756199782721847 4.940695158679753 2.6155020353175518 1.6487196659044034 
0.3905933446661862 0.11043303005397909 1.1523467383257646 1.6728168019767031 2.609004739336492 1.7201930721181147 1.5055116133082236 1.7195458845789973 2.3485682220909636 2.0431082529474818 2.3516801101711584 2.252959595959595 1.7502671404132122 2.352551963805652 0.6217301372511115 3.899647427748117 6.934723872249332 6.9316632727056025 4.979191317927709 4.71101354258436 3.8507390332782743 4.7461538536552075 
2.9332730014204875 4.59453576782816 0.9015953670294312 1.1714331097776207 1.3308056872037914 0.6123963657013061 1.0596798493408661 0.6121684011352886 1.170787950383934 1.0410075026795282 0.8960889238638599 1.0887999999999998 1.6130332938544547 0.8971516621860861 0.6335476512661898 4.918346470039836 6.74608488746601 0.9459355412291792 4.438924246882284 5.385737824991293 4.002249301720583 3.8153565246646615 
1.493382448827516 0.6702589920332385 2.40044400272802 2.6089445817154955 3.4611374407582938 2.097967064168086 3.3509165097300686 2.097176915799432 4.829447135262848 4.172572347266881 4.353781231556167 6.183133333333333 3.6218528753783397 4.353211592682446 0.4576752368064953 4.274897448936352 3.87638398970126 8.73950441546057 6.758747991308874 7.558757068368538 4.671661295286541 7.120696325045955 
3.1402651188785136 1.0064775885780837 3.6410999516184503 0.6890893046240734 0.9047393364928906 0.5766609880749571 0.7154300062774639 0.578147587511826 0.5367619610159484 0.45323687031082527 0.46454062561479437 0.5003636363636359 0.6535794183445188 0.4650704871811683 0.17509762226947614 5.432648529536404 3.085981442016548 6.9138920621045195 3.9632823144648377 5.411316842180746 6.7577097226995315 3.2579169978204794 
2.008167396316047 0.7423814174971402 1.792771505015943 5.588686904341687 6.017535545023696 5.45198750709824 4.998801004394225 5.449928098391674 6.148476077968104 5.5408252947481245 5.56883730080661 6.106854545454545 6.000967232530596 5.568697790308831 5.8071857722791425 1.147559962708705 8.288420980308965 2.2971280135890915 7.385218749292712 5.457041349955952 5.758828743508814 7.329084113881155 
1.0815440234729765 0.6105746682580919 1.9554323736687786 1.8600423579244614 2.609004739336492 1.3168938103350367 2.1545072190834897 1.3163992431409648 1.884465445953928 1.6480493033226153 1.8051701750934486 1.831610101010101 1.6047519410448743 1.806113697462461 0.34749429731297116 4.421187812526487 6.0661913222502974 8.730440205028362 5.825457359165288 4.598198795304145 2.684800482922708 5.974979911356423 
4.71780150431968 6.3315073864973925 0.8648604221435932 0.9112213201553123 0.9047393364928906 0.33672345258375913 0.5066227244193346 0.34000189214758747 0.3551565268753696 0.43396570203644147 0.27352744442258503 0.260630303030303 0.5210777733912356 0.27408235525539293 0.28493098782138027 5.941998050682262 4.644745424389116 1.416872622157765 5.363148099947942 8.915043588272656 6.623270164847262 4.556329848701308 
3.328363644831521 1.6417861199102968 3.369544339067228 0.44157077303212144 0.4786729857819905 0.22441226575809192 0.3260326428123038 0.22773320719016077 0.5569403425871238 0.46287245444801706 0.46984654731457787 0.5185252525252524 0.6145387550993552 0.47037571306799564 0.18552484051807464 5.61093991016188 3.0450417542573938 5.467547705847874 2.6027971165380333 4.422322906636072 4.881469203119466 1.942299223271621 
2.5554535081386955 1.203723604164688 0.02331052211269924 2.374119308153901 2.609004739336492 2.123492333901192 2.0247080979284364 2.1226925260170293 2.300777318369758 2.1587352625937832 2.0793094629156013 2.1040343434343436 2.238866956178445 2.0796275654055463 0.9116068045621496 4.021556064073227 5.245316990029124 4.71338753737496 4.641459497996966 4.600547183920998 4.1306569237485755 3.992512445694838 
7.018057017441724 2.405541256592506 7.33314532535135 0.28925167666784324 0.052606635071090035 0.3111981828506529 0.22445072190834914 0.3144862819299905 0.7417318369757828 0.588135048231511 0.7156875860712177 0.9217131313131313 0.579047243058297 0.7167739820339646 0.10558283394548616 6.260484363081618 2.3570859530192294 3.1654168611985796 1.761723117488625 2.0730824233235676 4.06957348866256 1.2962050260616023 
8.127754581654752 2.7687895188967957 8.744899127383373 0.11154606424285207 0.009999999999999953 0.09168086314593982 0.18494664155681106 0.09335099337748343 0.5038393384524515 0.4050589496248659 0.5565099350777098 0.5403191919191919 0.38147782602974056 0.5564382663431905 0.14520626329016045 6.0745736926858225 3.948488987676228 0.5259009228262919 1.6011416721363396 1.974680335593846 4.316493700308135 1.0385914301456434 
3.335429115338939 7.260986304934107 0.1847661072671416 2.161507236145429 2.1829383886255918 1.597671777399205 1.5845197740112993 1.5970709555345315 0.9541358535144717 1.4553376205787778 0.5901141058430059 0.4204525252525253 0.6630438215554676 0.5912169693790571 2.090577614537019 5.436458174421563 3.285413420184762 1.7485870029502628 5.783942070479595 5.887302982032002 6.080225091181487 5.048039992003551 
3.2279292899890546 1.1445033886615097 4.151773329524987 0.5113836921990822 0.4786729857819905 0.42350936967632014 0.5291964846202135 0.4233528855250709 1.2748659184878917 1.0988210075026794 1.2250560692504426 1.3448787878787878 1.130348730096065 1.224896728083404 0.19421418905857338 5.17549749978812 1.5922571647605652 5.968669054028549 2.970541045198379 2.3842439150566497 3.7389512690446436 2.4609673998371457 
5.891664008103768 2.2688520883323493 1.2643332964156855 1.415778326861984 0.9047393364928906 1.4292049971607041 1.3136346516007533 1.4286679280983916 1.424610750147667 1.185541264737406 1.2904957702144402 1.522862626262626 1.350396104750625 1.2909173168972523 0.2320997486951479 5.263500296635311 3.900549025091129 4.6596273927425536 4.757673539596677 5.769998668278392 5.361736584351257 4.129998415337582 
7.370440816896818 2.5576945124746526 2.496604664447722 0.20039887045534777 0.052606635071090035 0.22951731970471312 0.20187696170747027 0.23113528855250698 0.8500578854105141 0.6748553054662377 0.8483356285658075 1.0161535353535351 0.6192709567048295 0.8494046292046421 0.13338874927508215 5.761801847614205 1.068905348980735 2.6033465118358166 1.1514546884548356 0.010000000000000009 3.3098105948427348 1.040257129761911 
5.701262662133526 1.9516619309382108 6.628840533246286 0.36223791034239317 0.052606635071090035 0.38266893810335045 0.35989328311362223 0.38422894985808886 0.16293089190785603 0.12562700964630202 0.17802085382648025 0.1443959595959594 0.10819318331359384 0.17858828929250548 0.10523526000386622 6.6105907280278 3.600274078609864 5.262598317257545 1.0917058597198004 3.9533819326353745 1.5314146235625943 0.9092586217825261 
3.6676109028246744 6.326550710152768 0.3347977010020231 0.9556477232615603 0.9047393364928906 0.6277115275411698 0.5799874450721907 0.62917880794702 0.5452581216774959 0.617041800643087 0.25407239819004523 0.2660787878787878 0.7115488880115804 0.25462986033702706 0.5275375990721052 6.4509666073396055 4.219440801527455 1.3536464055468898 3.366849976235203 6.157390696387963 5.788086717038863 2.762064522577783 
1.4587354749318866 0.7428455257691085 2.3631850215385333 3.5196858453935764 4.3132701421800945 2.8790403180011355 4.536038920276208 2.8813566698202457 5.8203118724158305 4.818156484458735 5.354831792248672 7.672385858585858 4.44170680352678 5.354720346206805 0.6015708486371544 3.895837782862956 3.49466312125128 8.929227716576104 7.407251601294615 5.264841858058965 4.323441579180479 8.02718758989912 
5.773592145402044 2.1817482478493053 4.356409506100156 0.6383162725026474 0.4786729857819905 0.46434980124929015 0.6251349654739486 0.46587890255439923 2.74257767277023 2.052743837084673 2.8168325791855198 2.6797575757575753 2.152504276878537 2.8170539636745127 0.5880154649139764 3.5350644122383272 7.589000332684039 1.7069273559884408 4.18420020143494 7.019986068143171 4.956287038107502 3.6334226757878216 
1.6669313392171023 1.03098250533802 0.49457636998478627 1.9330285915990115 2.609004739336492 1.4240999432140828 2.5382611424984303 1.4235648060548725 3.642108682811578 3.295734190782422 3.0414499311430254 4.593991919191919 2.6742295038820907 3.0410523900072115 0.7558936787164121 4.423092634969066 3.438899322096008 8.563131847937303 5.53874086186995 6.000877502100023 4.177564597774691 5.272624517896935 
4.323757597280115 6.469310414610273 0.7060250185073995 1.2063395693611014 0.9047393364928906 0.7808631459398068 0.8847332077840555 0.7805714285714285 0.8288174837566453 0.8772025723472666 0.5211371237458193 0.6728989898989897 1.1137860244769047 0.5210700937643432 0.6137359365938526 6.1972442579879665 4.998356830147927 2.34490488631058 5.916211099291582 8.432887172447707 7.378367918686545 5.231551872095802 
2.1096484875299817 0.9037611458260193 0.5278526752665362 4.366960818919873 4.7393364928909945 4.155303804656445 4.541682360326428 4.157137180700095 5.549496751329002 4.818156484458735 4.882604760967932 5.578351515151514 5.280489538097117 4.882555242279194 4.103725884399768 2.147591745063142 8.315793571965829 0.8849865400470875 6.609250503587352 7.006563415558607 5.776131999225046 6.855630915057219 
5.755692953449921 2.438103092953815 5.7077419223213814 8.057525591246028 5.591469194312795 7.539954571266325 9.0 7.540507095553454 8.21941523922032 9.0 6.759132402124728 9.000000000000002 9.0 6.75824732804406 5.640697854243186 0.010000000000000675 7.109839106285321 5.846726400381446 9.0 8.067045063410438 8.366153173284683 9.0 
9.0 3.0288201015152962 9.0 0.5209036357218495 0.052606635071090035 0.5817660420215787 0.4614752040175769 0.5849517502365185 1.1527336089781453 1.0891854233654872 1.2798839268148727 1.1432848484848483 0.7766166600868533 1.279717395580617 0.30369998066885756 4.442140859394867 4.0068318354515835 0.2032061011830848 0.7941562365615731 3.558829621586183 2.185863050130945 0.6904821274458658 
6.020935949980207 2.0376147829067737 6.843957435894446 0.010000000000000009 0.009999999999999953 0.01510505394662126 0.01000000000000012 0.018505203405865644 0.014248080330774071 0.010000000000000009 0.009999999999999898 0.017264646464646427 0.018281352809579987 0.010000000000000009 0.009999999999999998 9.0 1.819625224200113 5.286352799769542 0.009999999999999787 3.6303173338933394 0.010000000000000675 0.010000000000000009 
1.502384381622151 2.149483440782057 1.7787797357084978 1.1301800211789623 1.7568720379146918 0.8625440090857466 1.3644256120527305 0.8639224219489119 0.9031588895451863 0.7615755627009647 0.6148750737753292 0.9870949494949495 1.2368232662192393 0.6147957510982883 0.39719737096462404 4.823867276887874 8.836674702512973 1.4738923104431336 4.8619634248466586 4.626057130857014 3.3184290019685383 4.565798035993779 
1.4729710895838677 1.4020649152731373 1.6467225871887985 0.44157077303212144 0.9047393364928906 0.21930721181147073 0.4953358443188951 0.2226300851466413 0.657832250443001 0.5014147909967847 0.36195947275231166 0.7074060606060606 1.1599249901302802 0.3625027867025111 0.24356968876860624 5.629226205610648 7.420863700796513 1.3763292572688712 4.171351651087521 2.9487781198139693 3.0253557015022468 3.7316770360474134 
4.612918519898469 2.3319522489891833 3.146881313646512 1.0952735615954818 0.9047393364928906 1.0003804656445199 1.1725486503452605 1.0034077578051088 5.911645599527466 4.7796141479099665 5.674955734802282 6.46282222222222 4.699611791025135 5.674212838502393 1.6641043881693407 1.7140541571319616 7.515334901930535 5.238933137311388 4.30731474775366 6.762192858898973 8.140835929280438 3.876812073664861 
5.157954148522459 2.045690266839025 4.395764632504242 5.385594775855983 3.887203791469194 5.023162975582055 5.924325172630256 5.022966887417218 5.18840992321323 6.7452733118971056 3.9558371040723976 5.654630303030302 6.5640992235820494 3.9553196511704143 3.794037502416393 1.183370624629207 5.4553902528398694 6.216305069087806 6.115352228232577 7.699407127783811 7.297337806755958 5.64155506580006 
1.9993748107957057 0.6026848276346273 2.4741759106515184 0.8667949170490645 1.3308056872037914 0.20399204997160703 0.3655367231638418 0.20561967833491002 1.155919669226226 0.9735584137191854 1.2038323824513082 0.6511050505050506 1.0688301092248982 1.2042652940790766 0.15215774212255948 5.945807695567423 5.448411650691405 6.110704784988425 2.247898230088495 6.587330000614641 4.796476332405814 1.3568934765543106 
5.258702524276367 2.1262780271836323 5.262520678740681 4.9000776561948465 3.4611374407582938 4.619863713798978 5.207608286252353 4.6181192052980125 6.556291789722385 6.14786709539121 5.326533543183159 7.227426262626262 7.232522700355309 5.3264258081437275 2.7919818287260774 1.0953678277820167 6.431614337235542 6.274798249709438 8.057067254373854 7.586615403921409 8.797253870693066 8.2093406097781 
1.2611639848170828 0.46118749767687706 2.0194172063443956 0.9429544652312036 1.3308056872037914 0.7502328222600796 1.0483929692404268 0.7533547776726583 4.989812167749557 4.172572347266881 4.612002754278969 5.320456565656564 4.425144097907619 4.612578191593993 0.901179586313551 3.0260958555809827 8.340435406260248 3.4781990980341533 4.0976948147477525 6.911039255055421 4.7366742684233065 3.6186943844439785 
3.3397730712805354 1.1429811135294534 4.27963818761549 0.77476879632898 0.9047393364928906 0.678762067007382 0.692856246076585 0.6802100283822139 7.4494506792675725 6.629646302250803 7.00143615974818 7.921199999999998 5.890943545203316 7.0005193102091665 0.56368528900058 3.9015522501906963 5.308254445430176 4.056701119510475 2.7349223117488624 4.634990216968182 4.383694495958664 1.9733557542749325 
1.4225183964790542 0.6306612742688873 2.2136774641073025 1.4094316978468056 1.7568720379146918 1.3322089721749006 1.2684871311989956 1.3351106906338692 2.4728245717660964 2.322540192926045 2.089921306315168 2.036836363636363 2.626907487827346 2.0908274867221817 0.964090469746762 3.796406051360285 6.971957532159459 2.7177430986698994 4.714367347169725 5.08099986682784 4.848927122909321 4.256262829670732 
1.3657852851454253 0.42004894044959085 0.6006937214738297 1.2888457465584187 1.7568720379146918 1.061641113003975 1.1951224105461393 1.0612431409649952 3.2544713526284705 3.1030225080385856 1.9749596694865237 2.530832323232323 4.0264561126464 1.9747019867549662 0.7079284747728591 4.196037799813546 8.604712035447728 3.1730968818603564 4.884550562433514 5.8338886527074925 3.46416835462617 4.402384136797812 
3.336057157161819 1.0395777905348755 3.5734992684476525 0.2638651606071303 0.4786729857819905 0.12231118682566722 0.10029504080351548 0.12567076631977292 0.5367619610159484 0.5110503751339762 0.3018256934880974 0.34054141414141403 0.6583116199499935 0.30178742377549017 0.21645892132225017 6.632686668361728 2.979005105976743 3.426492912415938 2.4042348301382876 5.602342139769305 5.115841469588486 1.341836428707257 
2.155966571967493 0.707313396467202 2.7797414793096014 1.000074126367808 1.3308056872037914 0.37756388415672903 0.44454488386691793 0.3791258278145696 1.6497590076786772 1.3878885316184353 1.6512984457997244 1.1233070707070707 1.462785892880642 1.6516726772014945 0.15563348153875894 6.097812526485297 3.560266315982336 7.242748760790317 1.988892503904216 6.078788747976808 3.8087053152643806 2.2664093012370126 
4.817921838250704 1.8468291544659714 5.758992672818313 0.3463713378044475 0.4786729857819905 0.31630323679727423 0.3486064030131829 0.3178883632923366 0.5303898405197875 0.45323687031082527 0.46630926618138857 0.5167090909090908 0.5672167390446111 0.46624942626712984 0.06769727430891165 6.596495041952711 3.2026888102447426 6.371825487488703 2.6637755471561455 4.753284537687723 4.025489576883058 2.144506389846459 
8.021249155857767 2.7302128393307763 8.747414501640893 0.3368513942816802 0.052606635071090035 0.33672345258375913 0.38811048336472065 0.33659981078524126 0.8659881866509158 0.6748553054662377 0.9615286248278574 0.7945818181818181 0.6393828135280958 0.9614038423709917 0.22202010438816935 5.227689634714807 4.3690689668473155 0.4804459168164996 2.064780515130252 3.5093753201253874 3.9652224226481687 1.6068799215957799 
0.850895664019748 1.9350654191326184 0.6502675557990827 1.4538581009530531 2.1829383886255918 1.148427030096536 1.5280853735091022 1.1496972563859982 2.997462492616657 2.862132904608789 2.2455616761754866 2.9866888888888887 3.631317278589288 2.2464474460691095 0.9908536632514983 4.81662895160607 5.778746600837017 5.109935580963356 4.207732781839168 5.3187166557397205 6.763689454515892 3.8449446099536306 
1.3384131290315073 0.27246250996361465 1.6430543330632519 0.5526367807977408 0.9047393364928906 0.40819420783645655 0.557413684871312 0.4114456007568589 0.5601264028352038 0.47250803858520907 0.5052193586464684 0.5530323232323233 0.5175286221871297 0.5063333551898236 0.15354803788903923 6.523730824646156 2.690541768721916 6.393749267401088 3.5558192630649774 4.289500809276977 2.0471664927236928 2.971833088726468 
4.338673590573552 1.9779675877933844 0.5209877996887262 0.8890081186021885 0.9047393364928906 0.8114934696195344 0.7323603264281231 0.812891201513718 1.0847643236857651 0.9831939978563774 0.7545976785362973 1.03249898989899 1.3740571127779972 0.7545000327847354 0.3680011598685482 6.2802945164844495 3.5221007309405827 4.349434930316182 3.13468675735011 5.0752440123747675 5.545594354428737 2.264480596418176 
7.363270672752253 2.4663208758894983 8.283694776541363 0.38445111189551706 0.052606635071090035 0.42861442362294144 0.28652856246076586 0.4318580889309366 0.7427938570584762 0.588135048231511 0.7422171945701357 0.8617797979797976 0.5542031846295564 0.7433001114681003 0.10940614730330563 6.301628527841345 0.010000000000000675 2.669653666967985 1.2718135934635484 0.29583573213956443 5.111456332923155 1.083828324987445 
3.43884666884009 1.1875912006310634 0.011676916171678542 2.110734204024003 1.7568720379146918 1.7201930721181147 1.9513433772755802 1.7229479659413434 3.0431293561724755 2.3514469453376203 2.1306000393468416 3.237319191919191 3.9566561389656543 2.1303219461018945 1.3328664218055286 3.0908598186286973 8.756117360320921 3.5979984901012223 6.797440984088902 5.910671751111475 6.25750515626097 7.042145437878794 
4.106507463381692 1.9351768051178906 0.6536213881424402 1.7997493822802684 1.3308056872037914 1.510885860306644 1.9682736974262394 1.5120189214758748 6.048646190194921 5.2999356913183275 5.637814282903796 6.6862101010101 5.209506514015002 5.637076257294603 3.019990334428764 0.8843135011441658 8.610585331044728 4.896368494769984 6.07206006835208 8.827002038558465 9.0 5.6517465173995936 
4.488199881237921 2.034347460672116 0.4778072082679987 0.8667949170490645 0.9047393364928906 0.7451277683134583 0.845229127432517 0.7448495742667929 6.141041937389252 5.454105037513397 5.881886681093842 6.635357575757574 4.840394788787998 5.881116648088649 1.4520842837811712 2.0253021442495136 7.43941551271914 5.3773521143549665 3.8368718737976124 6.767810572845172 7.526470689157308 3.2868914043034563 
0.9616403721211846 0.20440567296215684 1.4435013086334836 1.3142322626191316 2.1829383886255918 1.020800681431005 1.2120527306967983 1.0221192052980133 4.2347158889545184 3.4402679528403 3.927538855006885 4.561301010101009 3.4787037768127393 3.928204052193298 1.0409043108447709 2.9095207220950936 8.272578253071302 5.383022827285462 4.682246848335332 7.241908792435821 4.527312467567159 4.361442993597964 
1.9704325501245838 0.7201227847735321 1.6060049663952247 3.8179774091069545 4.3132701421800945 3.752004542873367 3.108248587570621 3.752289498580889 3.9766450088600123 3.2571918542336555 3.6781605351170565 3.6859111111111105 3.7827477299644703 3.6776794964264625 3.5754134931374444 2.289691499279601 6.824756706717327 3.0088248120076706 4.931591166285674 4.519642893728616 4.842786033250296 4.7404992417999825 
4.714504284749553 1.8691249158513366 3.9558361555904007 0.46378397458524545 0.4786729857819905 0.36735377626348664 0.5066227244193346 0.3672185430463575 2.988966331955109 2.341811361200429 2.848668109384222 3.2954363636363633 2.4529990788261613 2.8488853189954746 1.0826131838391648 2.476745063140946 7.425176563614977 3.9602096971262277 2.8131204309349727 7.595732677375076 5.852027135103804 2.203353803921187 
4.175853747991524 1.6977947061714522 0.7079115492005386 0.8477550300035299 0.9047393364928906 0.6583418512208972 0.8057250470809794 0.6614985808893092 3.617682220909628 2.8235905680600215 3.1228073972063743 3.522456565656565 4.182618765627057 3.1235781260245226 0.43230233906823895 4.969776675989493 7.866128859616984 2.5150709255083505 6.3843333408777125 5.906527535905264 7.097833071759001 5.295440219219761 
2.5532030249400384 1.078581449711107 3.443800283294376 0.37493116837274965 0.4786729857819905 0.13762634866553092 0.27524168236032653 0.14098013245033114 0.3339161252215006 0.27016077170417996 0.34250442651977164 0.21159393939393922 0.5080642189761809 0.34305029178414526 0.18934815387589407 6.202196796338676 4.43187638618349 1.0421144046330078 2.4969811918611224 3.3838286227949768 2.942868623168782 2.0696156584150454 
0.7395752509140028 0.7623195088609063 1.0660379591146762 2.323346276032474 3.4611374407582938 2.0520215786484948 2.0134212178279975 2.054650898770104 1.985357353809805 1.811854233654877 1.9749596694865237 1.7299050505050502 1.6118502434530861 1.9747019867549662 1.336689735163348 3.4379184676667522 9.0 2.2796693619684305 8.842795136138333 9.000000000000002 5.406636776981881 7.082516736473078 
1.4759019514239817 8.902017461622016 1.5032938508799036 0.2924249911754324 0.4786729857819905 0.12231118682566722 0.2470244821092279 0.12396972563859976 0.37745894861193174 0.3183386923901391 0.29828841235490855 0.34235757575757586 0.5127964205816554 0.29825060651760527 0.22375797409626907 5.943140944147812 5.903126096893022 1.8028829629776801 2.826974062422197 2.5509104365998074 3.4687338324097743 2.077418146091248 
1.681323964324804 0.6586191565722685 2.581446142008592 0.5018637486763147 0.9047393364928906 0.3265133446905166 0.5517702448210924 0.32979564806054873 0.7045611340815123 0.539957127545552 0.5600472162108991 0.6111494949494947 0.7576878536649557 0.5605645531440558 0.19838507635801275 5.890948809221122 7.367223824034255 6.278191747211157 4.098140348097683 5.798271425351883 2.057811364520595 3.67491174649302 
5.992046026127658 8.6133606807885 5.85342401473597 4.608132721496647 3.0350710900473934 4.226774559909142 4.846428123038292 4.22517880794702 6.611516834022446 7.217416934619506 5.399047806413535 6.655335353535353 6.80189235425714 5.399520031473344 2.729418519234487 2.120543266378508 3.7172631916452943 6.795968023919972 5.399355577937216 5.904156123870598 7.066681516487104 4.955242989697257 
7.802585927857858 2.7022178283656366 8.367173759712742 0.3907977409106954 0.052606635071090035 0.39798409994321393 0.43890144381669804 0.3995383159886471 0.8574920259893679 0.7712111468381563 1.0128192012590989 0.7691555555555556 0.4997828661666007 1.0126876926103203 0.2446124105934661 5.071875158911773 1.060951476345684 1.369229703285022 1.15792193830206 2.136765196992358 4.725213115775284 1.116660141108094 
0.5580188272826776 0.010000000000000009 1.1657096640688307 0.8160218849276386 1.3308056872037914 0.7961783077796705 0.8678028876333963 0.7992828760643331 1.3577034849379803 1.1373633440514466 1.4408302183749755 1.348511111111111 0.9954809843400446 1.4412320503573532 0.29396791030349895 4.8844406305619135 6.946860571637963 6.648976000556278 3.4122207070592747 1.666028396402303 3.0013560953154714 2.9191882140123164 
4.858744556738 1.8259628465582682 4.712963807103345 0.7335157077303214 0.4786729857819905 0.6583418512208972 0.7887947269303202 0.6580964995269631 3.0877341996455994 2.380353697749196 2.9088018886484353 3.4370969696969693 2.5630227661534417 2.9090112123795153 0.9543583993814033 2.572748114246971 7.097052226572295 4.6544478439241495 4.056784679627912 7.138717833801145 7.959099540252095 3.4265252497671765 
5.7896072118855235 5.480091479405777 0.48970283236084455 1.79340275326509 1.3308056872037914 1.4240999432140828 1.6127369742623978 1.4235648060548725 1.4352309509746015 1.5131511254019294 1.419606531575841 1.3085555555555552 1.0380707987893145 1.4194216772670636 2.4979342741156 3.6562111195864064 4.228608344101369 0.9130721970020588 2.150677240114975 4.641851195476245 3.4047839227070282 1.7363442325601808 
2.6170016067810824 1.7723676233113481 0.8151293769272465 1.1714331097776207 1.3308056872037914 1.0361158432708686 1.2572002510985563 1.0391296121097444 1.9609308919078563 1.5613290460878888 1.8069388156600432 2.1875777777777774 1.8318976181076456 1.8067031670054416 0.6109553450608931 3.335439020255955 7.956048798480264 5.1231970119897845 4.26297190095738 1.8723872902538468 1.8988833811346586 3.7257375018894052 
1.6715369792515666 0.7043987965192395 2.3921642291303566 0.730342393222732 0.9047393364928906 0.45413969335604765 0.6533521657250472 0.4556726584673605 0.8086391021854697 0.6555841371918542 0.9049321266968324 0.5893555555555554 0.7505895512567443 0.9048147662448364 0.14103537599072108 6.217054411390796 5.198092225800854 6.226708818007534 3.821878097910961 7.4417750824643 3.7199822308938577 3.1581941918465466 
3.1470165684744904 1.1736865168028878 4.0214455008073315 0.9017013766325448 0.9047393364928906 0.8114934696195344 0.8565160075329568 0.812891201513718 3.4466969875959834 2.8814040728831722 3.396946685028526 3.4879494949494942 2.7688735359915784 3.397681463510588 0.6526642180552871 3.5647796423425726 4.298459383618447 4.956156562596231 3.540809700563564 1.8879280972771417 4.381131753751654 3.121132375384586 
1.789608841953287 0.7537613523258073 1.532011040319901 1.7521496646664316 2.1829383886255918 1.6538273708120386 1.3249215317011924 1.656607379375591 1.4320448907265213 1.339710610932476 1.3134880975801688 1.250438383838384 1.2545690222397683 1.3139066290735029 1.0965161415039628 5.154544452919742 7.7061628271393054 0.010000000000001563 4.447589344317949 5.173185631748244 6.067363921957413 3.8675630573745314 
1.504006822997927 0.5593556793636505 2.232071138365403 1.9457218496293682 2.609004739336492 1.240318001135718 2.1940112994350276 1.2432544938505201 1.8058759598346135 1.7444051446945341 1.6477611646665355 1.8606686868686866 1.6875654691406767 1.6487253294865907 0.26060081190798373 5.021206881939149 6.15374893926829 8.480393020691569 6.128591935812414 5.912260366940524 1.9260057361588627 6.183126612089267 
5.972890750529772 2.0390628007153158 6.892116372199847 0.01634662901517825 0.009999999999999953 0.010000000000000009 0.01564344005021978 0.009999999999999953 0.010000000000000231 0.010000000000000009 0.011768640566594435 0.010000000000000009 0.009999999999999898 0.012357878171923131 0.012433017591339652 8.8617098906687 2.4365813340147744 5.29680119997219 0.4822828916098949 3.976152092851729 0.5857722408130925 0.26428219668342356 
3.137491267494121 1.133494740450417 0.09347898317138181 1.863215672432051 1.7568720379146918 1.919290176036343 1.4095731324544882 1.9185676442762531 4.761477849970467 3.9798606645230445 5.119602596891598 3.4389131313131305 3.4597749703908414 5.11893252901449 0.832359945872801 4.684053309602511 5.012855851381845 4.635069187138047 2.9986570060883135 2.6503716015488945 3.397508582330455 2.1451419857526663 
7.96352164497124 2.661543379410319 8.081888396005898 1.0857536180727145 0.4786729857819905 1.148427030096536 1.008888888888889 1.1513982970671712 1.1399893679858244 1.2337191854233653 1.2621975211489276 1.0724545454545449 0.7494065008553757 1.263212248377155 0.3228165474579548 4.418140096618359 2.5081445150527486 1.011796183532173 1.404980705248624 1.5531215554508393 4.011413478020102 1.2448532602600801 
1.1826587569568963 0.2196284242827231 1.8121084446206126 0.5748499823508648 0.9047393364928906 0.40308915388983524 0.5404833647206528 0.40464143803216657 0.5728706438275255 0.47250803858520907 0.5158312020460358 0.6347595959595957 0.6796065271746282 0.5157648678775161 0.13686448869128168 6.5248737181117065 2.448609670016009 6.816061101232751 3.3066257949890208 4.294681078284743 2.220199049886001 2.8507411100438347 
1.560739934331556 0.6022764123552953 1.8444938881861583 5.1983692199082245 6.017535545023696 5.2375752413401475 3.4637853107344627 5.2372980132450335 4.21347548730065 3.411361200428724 3.7984280936454846 2.834131313131313 2.609161731806817 3.798520752737524 3.7231324183259225 3.6771641664547854 8.115082905826315 1.0394353276579658 7.939276305366317 6.846573685181012 7.324640502898434 4.76088214499905 
1.3096802156346783 0.5291515130239419 1.8400919832355012 1.0381539004588776 1.3308056872037914 0.8472288472458829 1.1725486503452605 0.850314096499527 4.603236857649144 3.7775133976420157 4.304259295691521 4.988098989898989 4.0501171206737725 4.3048750901580215 1.2699555383723178 2.790278837189593 8.00271007309406 3.80026880171652 5.816123961704726 6.867133597287387 5.937883744857596 5.047601649999269 
2.8989923852548722 1.1221890629452653 0.013091814191532603 2.9389692905047653 3.0350710900473934 2.8381998864281655 2.047281858129316 2.8388306527909175 4.714748966331955 3.7967845659163983 4.75703128073972 3.308149494949494 3.1722937228582713 4.756408760081305 1.684263676783298 4.158322315450463 5.5726611106825334 4.819523636869345 3.6851835547608793 3.3608282284005004 3.3093360129525484 3.1012097312900133 
3.386352839810912 1.1424241836030908 0.5385430158609874 0.3781044828803388 0.4786729857819905 0.15294151050539462 0.25266792215944767 0.15628949858088925 0.93820555227407 0.7133976420150053 1.0641097776903403 0.6747151515151513 0.6334675615212525 1.0639715428496488 0.19908022424125266 5.904663530807696 4.739433352297931 1.362755267262017 3.2723670868886217 4.554339184371735 3.3431357351716935 2.7619330199764986 
6.602136320238457 2.942644477576188 0.6505295739509069 1.244419343452171 0.9047393364928906 1.04122089721749 1.200765850596359 1.0425316934720907 0.9976786769049029 1.0217363344051447 0.9969014361597481 1.0179696969696967 0.7837149624950651 0.9973614844928199 1.516037889039242 4.4901423849478785 4.47962129467127 1.824003019797555 3.940740782653961 4.255357080661354 5.383168702512118 2.2900359352677597 
1.9309182521016233 0.7830373021215788 2.653081904717493 3.5069925873632197 3.887203791469194 3.3282850653038043 2.9276585059635902 3.3270293282876064 3.123842882457178 2.4863451232583067 2.9583238245130827 2.8577414141414135 2.8126464008422167 2.9591161235328824 2.8204828919389135 2.2534998728705826 8.093995390638563 4.062282529875137 6.92969773442274 5.974009173513083 5.935335240107292 6.499302699777172 
6.352332685187341 2.807867435396542 1.253957377603423 1.2348993999294036 0.9047393364928906 1.2250028392958545 1.0596798493408661 1.2279451277199622 1.9184500886001188 1.72513397642015 2.019175683651387 1.918785858585858 1.3823384655875777 2.019501672021506 0.6165165281268123 3.7045936096279366 3.804972517405645 2.667331800256285 3.1141027657696387 2.842548070028069 6.469178170922331 2.735522914218567 
0.010000000000000675 0.19443662728027378 0.970139315546799 1.0476738439816449 2.1829383886255918 0.8319136854060192 1.2741305712492152 0.8350047303689687 1.2727418783225048 1.0891854233654872 1.0906393861892583 1.3466949494949494 1.397718120805369 1.091087141826765 0.3926789097235647 4.455474616492925 7.694416235945308 6.815971798666919 4.7726708236199435 8.867753488086215 4.680009190734938 4.507410881023547 
2.5234757119903133 1.389144140981535 0.010000000000000231 2.5264384045181787 2.609004739336492 2.2613287904599657 2.109359698681732 2.2604768211920527 4.283568812758418 3.8449624866023577 4.044269132402124 3.3880606060606056 3.5792630609290703 4.044329552160513 1.1556037115793543 3.4847770997542176 6.224185141077319 4.899360130725444 4.845964567820202 5.042412618574444 5.795101037375832 4.359273200676773 
4.696395745523135 1.6922254069078309 5.368952452011915 0.7493822802682668 0.4786729857819905 0.7247075525269733 0.7718644067796612 0.7278391674550613 1.254687536916716 1.0121007502679524 1.223287428683848 1.3557757575757574 1.0664640084221606 1.2243072585404233 0.19108602358399382 5.254738113399441 2.254812587992519 6.9355479343194055 3.1942145734784866 4.885508026183696 5.011120229699746 2.6682812507618574 
5.130110961041379 1.7813898881184158 5.870507598234949 0.3907977409106954 0.4786729857819905 0.37756388415672903 0.3993973634651602 0.38082686849574265 0.5845528647371532 0.49177920685959264 0.5512040133779263 0.6184141414141413 0.6180879063034609 0.5511330404563634 0.06769727430891165 6.628496058988052 1.5251368826059295 6.34565983569917 2.321169171400765 4.495445281607901 4.522258170436664 1.8951993749116252 
1.180983978762547 0.3869673028236782 2.067209317237239 1.0825803035651254 1.7568720379146918 0.9493299261783077 1.042749529190207 0.9506754966887416 1.3492073242764326 1.1759056806002146 1.4532107023411371 1.1233070707070707 1.1883181997631267 1.4530214412169689 0.15146259423931957 6.00942876514959 4.49503056835934 8.202885297360655 4.373055473824774 7.1196314204347555 2.0924890632365853 4.044609392903637 
1.6962399576182392 0.5457108961677772 2.527313191841589 2.516918460995411 3.0350710900473934 1.8988699602498578 3.6443753923414937 1.898155156102176 3.989389249852334 3.584801714898178 3.2996714538658276 5.313191919191919 2.9960192130543497 3.3004189889187585 0.41214305045428185 4.5545253835070785 3.455825683207655 9.000000000000004 6.538847463956725 6.752108601897192 3.637101249591537 6.875224802648581 
2.9848771045339175 1.7885371555067302 0.7901328452431615 1.7711895517119658 1.7568720379146918 1.6487223168654168 1.7933270558694288 1.649803216650899 1.5053242764323689 1.4360664523043947 1.3665473145780052 1.6245676767676767 1.4592367416765364 1.367548357484755 0.6387612603904891 3.5941139079583024 8.266163140537312 5.002683199396042 4.1683855215806975 2.8113973857280423 1.6362497631049804 3.915123164839023 
2.6734730340218427 9.000000000000002 0.03132827755853862 9.0 8.999999999999998 9.0 8.5993157564344 9.0 9.0 8.152068595927117 9.0 7.999294949494948 6.28489932885906 9.0 8.999999999999998 0.406203068056616 7.374202426182716 0.7997472409579913 8.246222472444153 6.096631896781331 6.025942414581858 8.781990604170831 
3.952166185408566 1.839254907467445 0.5879596392951445 1.7997493822802684 1.7568720379146918 1.4751504826802952 1.6127369742623978 1.4762970671712394 0.758724158298878 0.7712111468381563 0.487532952980523 0.6311272727272728 0.9304132122647716 0.48805979935741906 0.605394161994974 5.489031273836767 3.073801397272957 4.865737714688731 4.232984349184074 4.951193837202156 6.031917400579318 3.767073152893107 
