5.746248654883145 1.9922401498931535 6.630727063939424 0.20170273711012104 0.0458167330677291 0.2663605606573224 0.25646214099216713 0.2663192654639176 0.07478322504430013 0.052556213017751485 0.09644230769230777 0.14193723188078544 0.07854078014184362 0.09760693263570963 0.0371903852276345 8.341707183944244 3.6099714114216717 5.2933183999046385 0.1863360274702135 3.081560258723105 3.1524642889554393 0.29591601845442894 
5.908623551584116 2.0309208926951765 6.892116372199847 0.0271674092934438 0.010000000000000009 0.0882116964717255 0.07454960835509139 0.08675096649484537 0.010000000000000231 0.010000000000000009 0.03469780219780216 0.07089410702190113 0.009999999999999787 0.03528253760627853 0.009999999999999997 9.000000000000002 2.2469795989058055 5.29680119997219 0.16195812516784258 3.2192431615846058 0.009999999999999787 0.010000000000000231 
3.5544013412524293 6.301204636651014 0.3347977010020231 0.8740929344366648 0.7621513944223106 0.6139681005316578 0.6613642297650129 0.6138708118556702 0.5452581216774959 0.6802603550295859 0.27638343799058096 0.3570964100248364 0.9552251773049645 0.27693655984303456 0.4341700095510984 6.6114237729353 4.001545752401558 1.3536464055468898 3.211283805106362 5.717630102227894 6.177866231055447 2.6462798578607587 
0.7909815637243538 0.2036255920759007 1.4435013086334836 1.1974124761298537 1.836653386454183 0.9485403576607059 1.3185966057441247 0.9483891752577319 4.2347158889545184 3.7975029585798814 3.940478806907378 5.157581846918041 4.683524822695036 3.941140614780902 0.8569089461954792 3.1025418818490995 7.990361426059971 5.383022827285462 4.601812554735613 6.9598352620231445 4.683091750612579 4.334340984939519 
1.4612189582701642 0.4335652275854407 1.112834401030586 0.502132399745385 0.7621513944223106 0.41843885935234415 0.4442428198433419 0.4198211984536082 0.2723189604252807 0.2334201183431951 0.3240149136577708 0.2637254459245879 0.3224184397163119 0.3239738391105297 0.24784431709646607 5.491495570390899 4.4318317568096575 4.366938233219759 4.351832899986098 5.23316877135859 5.477472728922768 4.082869056410548 
8.109236330342863 2.7577194768547937 8.744899127383373 0.11300445576066204 0.010000000000000009 0.1577332044465926 0.25059399477806776 0.15770940721649496 0.5038393384524515 0.4462011834319525 0.5780494505494504 0.6635967487017387 0.5105070921985813 0.5779751471550033 0.11933397007322509 6.238491833564263 3.734893842660803 0.5259009228262919 1.3447230640970265 0.9267608571302859 4.4331449314819835 0.8272432860822425 
5.882327156200022 2.9758071256835983 0.663892499693973 1.497842138765118 0.7621513944223106 1.4742967617206382 1.7704438642297646 1.4726127577319588 1.7304725339633786 1.8186390532544374 1.7723645996860282 2.0519823888010835 1.6661365248226954 1.7733100065402225 1.2604715058898441 3.9737229709871102 5.23180881477211 2.690416513524518 1.5735289707374065 2.7274243264252505 4.352290044468644 1.3215356390219055 
6.125675709419086 2.303664505062595 1.3866433696875013 0.9284563971992363 0.40398406374501994 0.9963363943934269 0.8902219321148823 0.9947293814432993 1.2323851151801537 1.3292426035502953 1.1602119309262167 1.4471009257168665 1.4206648936170216 1.1600614780902547 0.28934543139127666 4.915866817819207 1.457240336230151 4.090680745810527 1.9532082628447949 3.3026018392220706 7.850757782012888 1.3834609773230793 
1.0848384373457947 9.0 2.172907439683363 1.0371833227243794 1.4784860557768924 0.8486031899468343 1.377278067885117 0.849916237113402 1.5966580035440052 1.5101065088757393 1.6294701726844585 1.6318130503499666 1.9817429078014186 1.630434270765206 0.16770423432028014 5.789312675819794 5.245629838409288 7.413227358968502 4.43899405276812 6.597260615127382 2.1711886741083575 3.926771864458243 
3.7868465110195526 1.785782609679296 0.6325551287357261 0.9484850413749206 0.7621513944223106 0.9007443209279846 0.9312989556135769 0.9020489690721648 0.8989108092144125 0.8930414201183431 0.6062755102040815 0.9863355159178147 1.7314893617021276 0.6073734466971877 0.3242636103151863 6.355504891464083 3.5107074546200803 4.478075276400876 2.1274786492436757 4.045340578753612 2.335784916961611 1.8397931210164864 
4.073434462339701 1.6910221857498657 0.7079115492005386 0.7768109484404839 0.7621513944223106 0.640038666022233 0.8960900783289816 0.6413853092783505 3.617682220909628 3.116603550295858 3.1378002354788066 3.9965342063671265 5.631937943262413 3.138567037279268 0.3557472142629736 5.143853549985307 7.590362232708657 2.5150709255083505 6.4011175800372335 5.43029187016911 7.730702060078048 5.320126674780577 
3.128902146836225 0.9770925294058361 0.5130224478732517 0.22173138128580533 0.40398406374501994 0.14035282745287575 0.2447258485639685 0.14033182989690723 0.19797755463673972 0.2440591715976329 0.1281966248037678 0.1784736960939266 0.47225177304964516 0.12935709614126867 0.13106876790830946 6.763540748205065 0.718839351169759 4.413732777717076 1.677517495801629 0.8650263856499614 2.5951394863417736 1.3470737688256018 
3.5131395176009654 1.1371775538704225 4.404306424253729 0.5679408020369192 0.40398406374501994 0.5574818753020784 0.6026827676240207 0.5559455541237114 2.4717625516834025 2.116532544378698 2.405686813186813 2.7157281553398063 2.9620354609929085 2.4059614126880313 0.28075899395097104 4.851320905235758 3.926617888146298 3.668145655564274 2.848140767105047 3.2716686760241123 4.509847354569381 2.526222888946642 
0.4940247085332423 0.15263061662275557 1.5757156680442774 1.2460534691279441 1.836653386454183 1.2092460125664573 1.488772845953002 1.2090528350515464 1.5743555818074428 1.4037159763313607 1.6259419152276295 1.7251840144502144 1.654978723404255 1.6269064748201436 0.3434399872652022 4.414597976235463 6.2157249280540565 7.340177860115826 5.119211140963463 2.386131062906088 4.982249205917052 4.833676193220854 
4.906688129083657 2.127252952923924 5.019263026586537 3.7067154678548686 2.552988047808765 3.373102948284196 4.252669712793733 3.3711130798969076 5.422054341405788 5.680615384615384 4.261550235478806 7.165057575073382 9.0 4.2615820797907125 1.7229942693409745 2.0860381240290553 4.582242032564881 6.495286284754986 6.5018982423964164 7.892075886243969 9.0 6.4857664943532845 
4.4079117841154325 2.389143029906645 1.5040799053353782 0.8254519414385741 0.7621513944223106 0.8268777187046883 0.966507832898172 0.8281942654639177 3.3373089190785588 3.4144970414201183 3.328326138147566 3.9112824565364654 3.2393865248226947 3.3284800523217783 0.7804896529767589 4.029964731074443 3.951231254314978 1.5356450347177386 2.307606630027065 1.72696196887696 6.271707414465922 1.7890869792323354 
1.7808377476947221 0.7799353781161751 2.653081904717493 3.1745257797581155 3.2693227091633466 2.912522957950701 3.102513054830286 2.9106072809278354 3.123842882457178 2.7442366863905323 2.9737362637362637 3.2536261006999325 3.7861187943262418 2.9745245258338784 2.322327602674308 2.452553218289457 7.814612606969918 4.062282529875137 6.977631698576781 5.507585221689328 6.352444141936655 6.590741161970292 
0.17846796392411424 0.3390821512382429 1.3450348871777233 1.0343220878421389 1.836653386454183 0.8486031899468343 1.394882506527415 0.847019974226804 2.010845835794448 1.8186390532544374 1.7494309262166403 2.342244298938813 2.759601063829787 1.7503793328973183 0.2819038522763451 4.915111894865014 6.054202378664616 7.812007966702762 5.138512090614741 7.107802848300848 5.00749033487612 4.988570502247622 
4.623520847081766 1.8616649081781025 3.9558361555904007 0.43060152768936993 0.40398406374501994 0.3923682938617691 0.585078328981723 0.3908585695876289 2.988966331955109 2.584650887573964 2.8643602825745687 3.7428087604425384 3.301551418439716 2.864574885546108 0.8912546959567017 2.6737456438678264 7.156407684989455 3.9602096971262277 2.625926740185127 7.365104530587702 6.253674017605952 2.056589635980476 
1.8131737623438626 0.7267216220051698 2.661414081945521 9.0 9.0 9.0 8.37797650130548 9.0 8.74405316007088 8.58507692307692 8.659523155416013 8.565622036577107 8.740182624113476 8.658979725310662 9.0 0.010000000000000231 8.70455429101512 1.4886272338058397 7.57006274975218 5.380107889294672 8.148683002087303 7.292530819564988 
1.7492500044589505 0.6158010789509942 2.721625853234861 0.7453373647358372 0.7621513944223106 0.2967762203963268 0.42663838120104425 0.29528189432989704 1.3162847017129362 1.2015739644970407 1.3966051805337518 0.9193519981937235 1.5497765957446807 1.3975997383911047 0.1264893346068131 6.150543309400851 6.184243707547148 6.806014562576362 2.1001432087826135 5.222330297296901 1.673174335239132 1.1069366986334153 
3.105385045273213 1.1399510296927475 4.151773329524987 0.47352005092297905 0.40398406374501994 0.44016433059449 0.60855091383812 0.4386469072164949 1.2748659184878917 1.2122130177514792 1.2448901098901095 1.5627997290584785 1.5194911347517728 1.244728580771746 0.1596902260426616 5.347682747617251 1.4160545389409656 5.968669054028549 2.792338790084619 1.3958742758246434 3.7484103820673376 2.3284874418796147 
4.392411876267085 2.0262244736360397 0.4778072082679987 0.7939783577339274 0.7621513944223106 0.7139052682455294 0.9371671018276759 0.7123437500000002 6.141041937389252 6.021065088757396 5.8898410518053375 7.475617520885075 6.518186170212767 5.8890719424460425 1.1955007959248647 2.226453793508839 7.17042066728826 5.3773521143549665 3.708152070021983 6.4168039776477315 8.238894999546236 3.2002074450702853 
2.857172727867254 1.7814005178800236 0.7901328452431615 1.6094302991725014 1.4784860557768924 1.4829869502174964 1.9230156657963444 1.4827496778350517 1.5053242764323689 1.5845798816568046 1.386020408163265 1.8753894784375706 1.96261524822695 1.387016350555919 0.5257586755810251 3.780840156190956 7.984048118966445 5.002683199396042 4.058600872139671 1.885135125621508 1.2554465922497506 3.8632735254082906 
6.276238607380455 2.509622819628434 2.2963179891928442 0.3190133672819861 0.0458167330677291 0.32284678588690185 0.33861618798955595 0.3242445231958764 0.9732522150029534 0.9143195266272189 0.9273469387755102 1.394326032964552 1.0668031914893614 0.9278149117069979 0.23868545049347337 6.308699668304156 1.676499785289102 2.472205693907757 1.3769148007572127 0.27766547865241087 5.165030765042198 1.0596310143503 
1.6365282608307918 0.750776902304134 1.532011040319901 1.592262889879058 1.836653386454183 1.4873320444659257 1.4359595300261092 1.4885422036082474 1.4320448907265213 1.4781893491124256 1.3330965463108317 1.4572499435538497 1.6868581560283689 1.3335114453891435 0.9027032792104426 5.3269223663769605 7.432934801433936 0.010000000000001563 4.353752054841422 4.590323315879791 6.508977402668119 3.813076295631097 
6.296121247792819 2.7966405875614173 1.253957377603423 1.1258816040738384 0.7621513944223106 1.1223441275978734 1.1601566579634461 1.1236130798969075 1.9184500886001188 1.9037514792899404 2.036983908948195 2.204217656355836 1.8590070921985817 2.0373067364290383 0.5074409423750398 3.890303984548853 3.593654925183335 2.667331800256285 2.9441003641271806 1.9208150657807896 6.985368545240039 2.6182665651141317 
4.513845637065177 1.5501850834922142 5.135808700518207 0.5679408020369192 0.40398406374501994 0.5748622522957952 0.7259138381201042 0.576219394329897 0.962632014176019 0.8930414201183431 0.8620741758241757 1.1954052833596749 1.2405460992907802 0.8625506867233484 0.08670550780006367 6.081090397615151 1.6689707400052667 7.149516882059029 3.2943897002375664 3.689464161569939 5.591170342136309 2.7182677744813235 
1.01669229077116 0.21878725990460945 1.8121084446206126 0.5307447485677914 0.7621513944223106 0.42278395360077337 0.6202872062663185 0.42271746134020627 0.5728706438275255 0.5206745562130176 0.5374744897959185 0.7691465342063672 0.9121879432624111 0.5374054937867886 0.11246482012098058 6.6846512994919625 2.2588170497061677 6.816061101232751 3.1476197830747488 3.584085713028556 1.9477771122606402 2.7398734024130738 
4.826409296020831 1.7640940287487166 0.714147581213969 1.9213049013367283 1.4784860557768924 1.8827356210729822 2.081455613577023 1.8809858247422682 1.6550691080921442 1.5633017751479286 1.6277060439560438 2.047922781666291 1.9418936170212766 1.6274944408109873 0.5082995861190703 3.7532854683629355 6.969610578485732 4.884669858645662 4.3351353256168235 2.2679363165691324 3.553081404846175 3.69769206423541 
3.3290647499123054 1.0817080374239267 3.3046686446754068 0.03575111394016556 0.0458167330677291 0.014345094248429169 0.033472584856396925 0.015792525773195898 0.09071352628470186 0.10575147928994066 0.03469780219780216 0.022178821404380322 0.25228368794326195 0.034694571615434766 0.05894269340974211 7.386352185413783 0.010000000000000675 3.0352137202117824 1.2451365425367147 2.328958771505258 2.9407392685361646 0.8671003491726132 
1.5112462470496606 1.0268856653359741 0.49457636998478627 1.7553532781667724 2.1948207171314738 1.291802803286612 2.6976109660574403 1.2901481958762888 3.642108682811578 3.637917159763313 3.0566503139717422 5.194118311131182 3.5996241134751785 3.0562517985611506 0.6222129894937917 4.602196330352271 3.233391174788908 8.563131847937303 5.507227167592145 5.538360158988575 4.268430529086121 5.296045883905896 
0.6778856843895102 1.9273408156507534 0.6502675557990827 1.3233068109484405 1.836653386454183 1.0571677138714355 1.647212793733681 1.056999033505155 2.997462492616657 3.159159763313609 2.262792386185243 3.3977421539850994 4.889147163120567 2.263673642903859 0.815694046482012 4.992114036192637 5.536105950932036 5.109935580963356 4.100195540462998 4.757014300171603 7.334541246937107 3.789203696031989 
1.0075526899364453 0.43691188841104567 2.162269502719276 0.834035646085296 1.1203187250996016 0.6661092315128083 1.0897389033942557 0.6645554123711341 1.3322150029533373 1.2015739644970407 1.472462715855573 1.2745676224881466 1.4716719858156027 1.4728593852190972 0.10960267430754536 6.409104421211742 3.5469449841873146 8.610238951415031 4.435470966560278 5.11879781757381 1.3226512387693958 4.095244871125201 
3.6023441596661137 1.241571183822727 4.153083420284111 0.4906874602164228 0.40398406374501994 0.457544707588207 0.5263968668407308 0.4589207474226804 2.5875227406969876 2.3718698224852064 2.3933379120879117 2.949155565590427 3.3414007092198577 2.39302616088947 0.2332473734479465 5.217458538019063 2.1999283980668904 3.1221051167688145 2.532242315150901 3.6434731670113374 5.235071240584444 2.22071375822434 
1.6286179630323234 0.4963936998805043 2.6309675727034794 1.0114322087842138 1.1203187250996016 0.41843885935234415 0.637891644908616 0.4183730670103093 0.7098712344949798 0.6270650887573964 0.715651491365777 0.4159607134793406 1.1480957446808513 0.7167351209941139 0.22952658389048072 5.405811815090063 6.748666158952496 4.918426228531128 2.4915265641236335 5.535986770507914 3.0220161539159633 1.8079861205816292 
5.047951082336013 1.7742819299360566 5.870507598234949 0.36479312539783587 0.40398406374501994 0.4010584823586274 0.47358355091383797 0.40244362113402066 0.5845528647371532 0.5419526627218935 0.5727570643642073 0.7508783020997969 0.829301418439716 0.5726834532374098 0.055508118433619864 6.787320821262126 1.3499994306009295 6.34565983569917 2.1058765680219054 3.8140406858215634 4.6770993738088755 1.7313485988065866 
1.2205962509140846 0.4625018253316957 1.3395325059894034 1.3748090388287713 1.836653386454183 1.2744224262928951 1.4418276762402085 1.2727706185567014 2.881702303603072 3.0314911242603544 2.4956573783359497 2.778652065929104 3.790900709219859 2.495920209287116 0.7641754218401783 3.8174539194692874 9.0 4.289602211207022 4.178092830774295 4.912523987621185 4.871871313186313 3.812474854168329 
1.3659746969399702 0.5205229395347304 2.3499269030561987 1.6637937619350736 1.836653386454183 0.9833011116481394 2.1988185378590073 0.9845924613402063 1.4320448907265213 1.45691124260355 1.304870486656201 1.8023165500112897 1.9689911347517732 1.30587704381949 0.18430468003820435 5.275587605491875 5.702107535759449 8.67346516802591 5.886925002258522 6.159185843563457 2.693808331064524 5.985621653333608 
7.941516637832116 2.6509036780176576 8.081888396005898 0.9914035646085297 0.40398406374501994 1.0571677138714355 1.1073433420365533 1.0584471649484537 1.1399893679858244 1.361159763313609 1.2819368131868132 1.2583291939489727 1.006232269503546 1.2829463701765857 0.2655896211397644 4.597289331150019 2.317407098982911 1.011796183532173 1.1373579184152156 0.44390815623120816 4.0714416916235585 1.044941963240384 
1.3432058667903277 2.140898453969762 1.7787797357084978 1.0314608529598983 1.4784860557768924 0.8138424359594008 1.477036553524804 0.8137129510309279 0.9031588895451863 0.8398461538461538 0.6362656985871271 1.162928426281328 1.6629485815602836 0.6361837802485283 0.32683954154727796 4.999285804257465 8.545505875486658 1.4738923104431336 4.791794051365569 3.96364327305261 3.249839005354387 4.550027146433783 
0.9994820482636841 0.5418047440113691 1.9814245743297993 1.7553532781667724 2.1948207171314738 1.2135911068148866 2.462885117493472 1.2133972293814432 2.9422374483165985 2.659124260355029 2.7920310047095755 3.5134409573267105 3.3302429078014186 2.7928430346631785 0.2667344794651385 4.749028844942689 5.9420985202741665 8.834566996791462 6.201790633677 4.795120370777783 2.1387341864052996 6.461616306386746 
7.3589338945666185 2.7819226758642808 8.153838580496988 0.09869828134945907 0.010000000000000009 0.17945867568873852 0.10975848563968671 0.17943137886597949 0.5441961015948023 0.47811834319526614 0.5639364207221351 0.7833551591781442 0.48340957446808464 0.5650398953564421 0.07525692454632284 6.633694000083976 0.2914540554262546 2.238322273987027 0.5318265493143386 0.010000000000000009 2.5893834286232877 0.4134284273337572 
5.937432000998804 2.3989426444788586 1.0833311571351132 0.57080203691916 0.40398406374501994 0.5053407443209279 0.6848368146214099 0.5067090850515463 1.1176869462492616 1.0207100591715972 1.1778532182103612 1.2299119440054191 1.264455673758865 1.1777004578155656 0.564683858643744 3.7166717050846043 5.820972604787224 0.40739641796382386 3.4941690850371234 4.1372961968876965 5.2210440148833825 3.084082978028115 
3.013026973680299 1.1289865552751566 0.09347898317138181 1.6924061107574795 1.4784860557768924 1.7132769453842438 1.5239817232375976 1.7115544458762888 4.761477849970467 4.393289940828403 5.129501569858712 3.903163242266878 4.658021276595745 5.128831916285153 0.6851801973893663 4.860757442163164 4.782369601681625 4.635069187138047 2.8220606578875174 1.7006964696909697 3.3435957890915677 1.995150077322307 
3.098490258678604 1.0835755111442922 3.566005549305463 0.2474824952259707 0.40398406374501994 0.18814886418559695 0.23298955613577021 0.18956829896907224 0.42631187241583013 0.4462011834319525 0.37164638932496064 0.5012124633100024 0.5519503546099289 0.37159908436886846 0.1548245781598217 7.0134202460427435 2.1819909275748115 4.307373421808105 1.456842501277766 4.056231794781538 2.540741083582901 1.3224609335800102 
3.277915054012757 1.3694469090707158 0.16055563003853068 1.6351814131126672 1.4784860557768924 1.2657322377960367 1.9816971279373365 1.2655299613402065 4.855997637330184 4.872047337278107 3.5664835164835162 6.091291487920525 8.056368794326243 3.5666062786134725 0.8938306271887935 3.1855834068102626 8.576987095993568 4.284735221369036 7.1092152599278995 7.94835156421877 8.812328886468826 7.442150949610559 
6.329526221603913 2.4210934713798267 6.272653057655652 1.0400445576066202 0.7621513944223106 1.0788931851135817 1.0897389033942557 1.0801691365979385 0.7810265800354401 0.6908994082840235 0.7262362637362636 0.9051433732219465 0.9376914893617019 0.7267305428384566 0.1668455905762496 5.597939706932024 3.794635643907311 4.409178346859509 3.3748161955949154 5.1111766034525745 5.324827479807604 2.824422192659913 
1.939310943454557 0.6709562681376269 2.961896498458203 0.7596435391470402 0.7621513944223106 0.2793958434026099 0.4207702349869452 0.2793524484536083 1.436292971057295 1.3398816568047334 1.5412637362637363 1.016782569428765 1.5370248226950354 1.5416514061478086 0.12706176376950015 5.983327875047236 4.192821894343258 6.371602231074117 1.3177436407685494 4.324029128349541 2.4164484980488243 1.4712020337953806 
3.4574467452631072 1.6203355319582153 4.048852599488205 1.7095735200509228 1.4784860557768924 1.3004929917834704 1.7880483028720622 1.3002851159793813 3.239603071470762 2.808071005917159 2.2433869701726845 3.6595868141792733 5.733952127659576 2.244270765206017 0.9525046163642151 3.137645799219045 8.240760835782934 2.7939628386097013 5.986672844082035 7.48174338892067 7.3925350757781985 6.162514840479322 
2.6964547178673133 2.1391049396046586 0.9222948010235896 0.5679408020369192 0.7621513944223106 0.3662977283711938 0.637891644908616 0.3662403350515464 0.5930490253987009 0.4462011834319525 0.5692288069073783 0.6432987130277714 1.0301418439716312 0.5697436232831915 0.22952658389048072 6.165641768484697 6.457038294459984 1.551094378607118 4.529878551395065 4.0537529223684015 3.728857791088119 4.137924082617792 
1.1133261990118974 0.5844608021587241 2.1043110875356303 0.5278835136855509 0.7621513944223106 0.4054035766070567 0.5616057441253262 0.4067880154639175 0.43905611340815165 0.47811834319526614 0.37870290423861874 0.43625874915330765 0.6810620567375885 0.3792426422498364 0.11389589302769818 6.641620691102995 3.20165400939983 5.947236438228256 2.706373632357364 4.28318047549904 3.6605840820401117 2.4212019566017298 
4.3934273874709415 1.6820361240855342 1.0806061683561357 0.8740929344366648 0.7621513944223106 0.6443837602706622 0.960639686684073 0.6442815721649484 3.4488210277613702 2.978295857988165 3.0654709576138144 3.8544479566493566 4.876395390070922 3.0662472204054936 0.5160273798153454 4.371567367846497 5.845756600877351 2.83030898290437 4.699244430941446 4.056231794781538 5.652956529630638 4.576675629707205 
3.221420562303434 1.0275697893721472 3.526650422901378 0.010000000000000064 0.0458167330677291 0.010000000000000009 0.010000000000000009 0.010000000000000009 0.08434140578854143 0.09511242603550296 0.010000000000000009 0.010000000000000009 0.44674822695035443 0.010000000000000009 0.05751162050302452 7.959716169122897 1.027700837728383 2.3468248914760217 1.9357077956713145 2.748415628987548 4.242722388601507 1.3745550172013186 
7.036322019488587 2.537228148979973 1.734813089832297 0.2675111394016551 0.0458167330677291 0.35326244562590636 0.3327480417754569 0.3517590206185568 1.0210431187241586 0.8611242603550294 0.994383830455259 1.4714585685256267 0.9998563829787233 0.9948430346631781 0.07554313912766636 6.5291371709283315 3.941420033831795 2.8021786746664823 0.9072447613661367 0.7886823895220079 4.381627370904798 0.9911360846865809 
1.318619806065362 0.5042888610547223 2.2748849043735753 0.502132399745385 0.7621513944223106 0.41843885935234415 0.6965731070496082 0.4183730670103093 0.8288174837566453 0.7547337278106506 0.7491699372056517 0.9132625874915328 0.985510638297872 0.7502491824722038 0.10817160140082777 6.531024478313812 2.091215809365192 6.239345131073119 3.274962661185164 1.3921559672049397 2.5988755785461457 2.746281067227951 
8.219927051563307 2.964398895134436 8.714138196359144 0.18453532781667742 0.0458167330677291 0.235944900918318 0.31514360313315914 0.2344603737113402 0.7045611340815123 0.6057869822485203 0.8056220565149133 0.8239512305260783 0.6954078014184395 0.8066939175931979 0.12563069086278256 5.949356342108578 4.357543754759821 0.36372746327072036 1.162622155037246 1.8770128628210208 4.778654687358198 0.9629377330283333 
1.146410485074405 0.527068342475417 1.8400919832355012 0.9484850413749206 1.1203187250996016 0.800807153214113 1.2775195822454304 0.8021278994845361 4.603236857649144 4.169869822485207 4.316238226059655 5.634585685256266 5.453413120567376 4.3168508829300185 1.0455243553008597 2.9843964395179916 7.724775953328255 3.80026880171652 5.800453632670873 6.530568398820787 6.355465650240491 5.058545903204309 
1.8597269338470044 0.7394426311102331 1.792771505015943 5.051495862507956 5.0601593625498005 4.720082165297246 5.256122715404699 4.717875322164948 6.148476077968104 6.116816568047337 5.577590266875981 6.884944682772636 8.081872340425532 5.577449967298887 4.781769500159185 1.3567825502792128 8.00595273513216 2.2971280135890915 7.45917082997649 4.915451166747335 6.143177965332606 7.466532461216625 
1.2986302697368028 0.7399048770806209 2.3631850215385333 3.185970719287078 3.6274900398406373 2.5301546640889323 4.774934725848563 2.5311968427835057 5.8203118724158305 5.3188875739644965 5.364130690737833 8.634635357868595 5.981017730496454 5.364018312622629 0.4951337153772683 4.079789646051141 3.2882700232741886 8.929227716576104 7.482462138322126 4.6953061996743966 4.441382339595245 8.203344517835594 
2.385975529277472 1.3836101256033875 0.010000000000000231 2.290404201145767 2.1948207171314738 2.004398260029 2.2516318537859004 2.0026288659793816 4.283568812758418 4.244343195266272 4.056911302982731 3.84632874237977 4.819012411347519 4.056969914977109 0.9513597580388411 3.67250871226435 5.974475547868668 4.899360130725444 4.774881383312026 4.4405361317669145 6.1861824121971125 4.332050880908209 
1.8211909560585253 0.7172733143704508 1.6060049663952247 3.4549267982176954 3.6274900398406373 3.273165780570324 3.2902937336814615 3.2726401417525777 3.9766450088600123 3.595360946745562 3.6917366562009413 4.17921652743283 5.093175531914895 3.691255068672335 2.9439856733524357 2.4884120586135956 6.565516267019694 3.0088248120076706 4.865398739270994 3.8417565890790693 5.057117342771576 4.734415219500146 
0.21449188768199967 0.5603130726656829 1.372704004010422 1.0886855506047104 1.836653386454183 0.9572305461575641 1.394882506527415 0.9585260953608249 1.2196408741878324 1.1377396449704138 1.1002315541601255 1.4328923007450896 1.6007836879432622 1.1000889470241986 0.2956421521808341 4.896238821010204 7.515519683414118 6.701262652852417 4.235862173303417 7.154558601369885 4.386978310191486 4.068110608208773 
4.935282786665953 1.7523344912620595 5.314662290953817 0.2503437301082115 0.0458167330677291 0.2663605606573224 0.30927545691906 0.2677673969072165 0.5505682220909631 0.5100355029585798 0.5163049450549451 0.6696861594039285 0.830895390070922 0.5168266841072594 0.06294969754855141 6.648037536213632 0.9226354635976053 6.058998599370209 1.3702450422889978 0.18320461712207203 4.606535620292222 1.388434435572893 
2.539157377185628 8.963926324470963 0.03132827755853862 8.127323360916614 7.567330677290837 7.739922667955534 8.999999999999998 7.740125644329898 9.0 8.999999999999998 9.0 9.0 8.464425531914895 9.000000000000002 7.41093664438077 0.6222425158500235 7.106242488084137 0.7997472409579913 8.369352734749004 5.648037077778266 6.459868046102185 9.0 
2.0106639675150566 0.7045153255877568 2.7797414793096014 0.9141502227880332 1.1203187250996016 0.4010584823586274 0.5205287206266318 0.40099548969072174 1.6497590076786772 1.531384615384615 1.6700451334379907 1.3151636938360807 1.967397163120567 1.6704159581425766 0.1279204075135307 6.26151698366713 3.3528321198015654 7.242748760790317 1.75462116458821 5.627599565861457 3.83111080860332 2.1231414470721743 
7.782348618617009 2.624537167866757 8.578307986453165 0.37909929980903895 0.0458167330677291 0.4358192363460609 0.37969321148825064 0.43575064432989696 0.31586178381571206 0.3398106508875737 0.4351550235478805 0.3570964100248364 0.26981737588652455 0.43627534336167406 0.14194492199936323 5.9784208758449875 2.595341912279329 0.14301617181058646 1.4185446999426183 3.1605940951291416 1.7418419094291675 0.8303430228518938 
1.0149819561120328 0.38545466698751363 2.067209317237239 0.9885423297262892 1.4784860557768924 0.8877090381826971 1.1425522193211484 0.8875676546391752 1.3492073242764326 1.2973254437869821 1.472462715855573 1.3151636938360807 1.5975957446808509 1.472271419228254 0.12448583253740848 6.173945920980813 4.2727620125410155 8.202885297360655 4.274961013186875 6.819778970680982 1.7963640983755322 3.9999395316403907 
4.224478391923947 6.443391497142197 0.7060250185073995 1.100130490133673 0.7621513944223106 0.7443209279845335 0.9782441253263707 0.7427545103092784 0.8288174837566453 0.967514792899408 0.5427668759811617 0.811772409121698 1.4971755319148934 0.5426971877043819 0.5051512257242915 6.360034429189238 4.76810067450065 2.34490488631058 5.906257474260082 8.323979847758174 8.063304292585535 5.25269583385868 
3.01585971545948 1.0024790780995156 3.6410999516184503 0.6337492043284532 0.7621513944223106 0.5705171580473658 0.8021997389033941 0.5704268685567011 0.5367619610159484 0.499396449704142 0.4863147566718995 0.6189410702190108 0.8771205673758864 0.4868404185742313 0.1439484240687679 5.602469244657181 2.8860739696842455 6.9138920621045195 3.8417827298854483 4.863078394274066 7.327451674380615 3.169626459924916 
0.37879091087449 0.009999999999999787 1.1657096640688307 0.7481985996180778 1.1203187250996016 0.7573562107298213 0.960639686684073 0.758683956185567 1.3577034849379803 1.2547692307692304 1.460113814756672 1.566859336193272 1.3377783687943259 1.46051209941138 0.24183381088825215 5.059302179115759 6.685682389198497 6.648976000556278 3.2592459881863896 0.5732314574441559 2.873917233868772 2.8121157750371175 
5.076385396044017 2.0375217651523094 4.395764632504242 4.868376830044557 3.2693227091633466 4.355094248429193 6.21849869451697 4.354394329896908 5.18840992321323 7.44669822485207 3.9687048665620086 6.379523594490856 8.840602836879434 3.968187050359712 3.124014645017511 1.3922639291262553 5.217881147434026 6.216305069087806 6.116773000714064 7.483853067570145 7.967234957800162 5.685432966320411 
5.4149782105932776 1.9809243685380682 0.7723156109190743 1.7038510502864417 1.1203187250996016 1.6394103431609472 1.72936684073107 1.6405960051546393 2.229621972829297 2.031420118343195 2.3315934065934067 2.524926620004516 2.185771276595745 2.3312897318508834 0.26043775867558105 4.942289121215939 4.998792328296524 5.22562705500204 3.5935089905628903 5.860007040084482 5.997537889100643 3.0062657056914883 
9.0 3.016706649143482 9.0 0.4821037555697008 0.0458167330677291 0.5748622522957952 0.5381331592689294 0.576219394329897 1.1527336089781453 1.2015739644970407 1.2995781004709575 1.3374915330774444 1.0428936170212761 1.299409417920209 0.24984781916587076 4.621069404207081 3.792310811227601 0.2032061011830848 0.491644823985947 2.741242721579326 1.9070683365096635 0.45983194942272054 
5.865758289189721 2.011709950165873 6.820270994969484 0.07866963717377479 0.0458167330677291 0.14035282745287575 0.12149477806788511 0.13888369845360826 0.26488481984642687 0.2440591715976329 0.24110086342229198 0.3834838564009935 0.3893652482269503 0.24165860039241338 0.02803151862464183 8.640656673804427 1.72905380109467 5.323770574854226 0.009999999999999787 2.998860855663602 5.087793810690625 0.04398144264640447 
1.0968642279177878 0.4593770425718764 2.0194172063443956 0.8626479949077022 1.1203187250996016 0.7182503624939585 1.1484203655352476 0.7195844072164949 4.989812167749557 4.606071005917159 4.623196624803767 6.0060397380898625 5.958702127659576 4.623769130150424 0.7418506844953835 3.218045093840535 8.057141711566155 3.4781990980341533 3.9838725051595336 6.580857863627697 4.931311189763134 3.550408302949055 
2.536431531322644 1.430648275550016 0.576273629723759 0.6280267345639721 0.7621513944223106 0.4010584823586274 0.6672323759791123 0.40244362113402066 0.7406698168930894 0.7440946745562128 0.4916071428571429 0.7326100699932265 1.7283014184397163 0.49213211249182465 0.287341929321872 6.057687786035187 3.56149118499064 1.889908313383465 3.936327529656751 5.2352784500080665 5.49492658135947 3.33523105346175 
1.9894985761083461 6.98791725025863 1.1891340868419675 1.1745225970719289 1.4784860557768924 0.7312856452392462 1.289255874673629 0.7311694587628866 1.12936916715889 1.45691124260355 0.7050667189952906 1.108123729961617 1.6278812056737588 0.7061517331589274 0.6619968163005412 6.002578410379144 4.789813332004735 2.706892836921 2.9611539556290385 5.893076252915035 6.433552227969871 2.237345927906277 
0.009999999999999787 0.2608331533710533 1.0864753749570104 1.0572119669000637 1.836653386454183 0.9050894151764137 1.4183550913838117 0.9063933634020621 1.9195121086828117 1.75480473372781 1.719440737833595 2.1717407992774898 2.3929875886524825 1.7198051013734466 0.31596338745622415 4.74600915312592 6.829566070458389 7.546645392325342 5.234275136511599 8.098560684061543 6.187307741174333 5.09426227314716 
0.5642018775155915 0.7593007179980791 1.0660379591146762 2.1072851686823677 2.9111553784860558 1.8262493958434027 2.151873368146214 1.8274049613402066 1.985357353809805 1.9995029585798814 1.9928806907378338 1.9931180853465795 2.1682375886524827 1.992621321124918 1.1004775549188157 3.626080950581518 8.706239261489403 2.2796693619684305 9.0 8.97354990393218 5.725619021689807 7.206293366749607 
3.8449978894299086 1.831914757523965 0.5879596392951445 1.6351814131126672 1.4784860557768924 1.335253745770904 1.735234986945169 1.3350402706185567 0.758724158298878 0.8504852071005914 0.5092484301412872 0.7650869270715739 1.2501099290780138 0.5097710922171353 0.49828207577204714 5.658333543267416 2.874087217702616 4.865737714688731 4.126889408383052 4.33605429665156 6.466951992013794 3.7070144069083177 
3.228689484604729 1.1039328236801562 0.5783697749383574 0.6051368555060472 0.7621513944223106 0.5140309328177866 0.7728590078328981 0.5153978737113402 5.289301831069109 5.882757396449704 5.101275510204081 6.541907879882592 5.874221631205675 5.101785480706343 0.3359984081502706 4.578038795818115 3.93026510271722 3.3168293615710844 3.023414305945211 3.086860826329916 3.023135856248299 2.4312182701932157 
1.5411771035844026 0.5435612786988415 2.527313191841589 2.2818204964990447 2.552988047808765 1.695896568390527 3.8477676240208867 1.6941768685567014 3.989389249852334 3.957088757396449 3.314213108320251 5.997920523820277 4.0331843971631205 3.314956834532374 0.3391467685450494 4.732420539950457 3.250048920870137 9.000000000000004 6.5644571279123065 6.39881896716094 3.6276569561666197 6.987507468485694 
1.4028003400693212 0.5998998175696657 1.8444938881861583 4.699563971992361 5.0601593625498005 4.537588206863219 3.6599869451697122 4.536858891752578 4.21347548730065 3.765585798816567 3.8116974097331235 3.2272386543237754 3.5119556737588655 3.8117880967952904 3.065626870423432 3.8631267581979265 7.83536547116587 1.0394353276579658 8.04487464075081 6.507019110895998 7.999605045829927 4.755928317976086 
4.770823419599168 1.8186760329320684 4.712963807103345 0.673806492679822 0.40398406374501994 0.640038666022233 0.8784856396866838 0.6384890463917527 3.0877341996455994 2.6272071005917157 2.9243406593406585 3.901133438699482 3.449790780141844 2.9245474166121648 0.7856415154409423 2.768865936096066 6.833490558651661 4.6544478439241495 3.9406256948303184 6.841640515686191 8.751819947363643 3.3475837358124503 
5.923482083935292 2.580919638100996 5.167460493258644 0.23889879057924884 0.0458167330677291 0.11862735621072984 0.22712140992167096 0.12005798969072168 1.8239303012404018 1.531384615384615 1.8094113029827315 2.0032671031835636 2.0614414893617017 1.8103518639633749 0.28963164597262026 4.468952428937314 4.997214001523144 0.30818126732161844 3.060291747261827 4.32885501826022 5.8164386967964425 2.4073456705941085 
7.722326561673235 2.6421764740967424 1.9168108980898033 0.304707192870783 0.0458167330677291 0.35326244562590636 0.3444843342036553 0.3532071520618557 1.5966580035440052 1.4143550295857983 1.6947429356357928 1.7353330322871985 1.4477624113475174 1.6956984957488554 0.1668455905762496 5.751566528110176 4.409564552060868 0.2109754244106945 1.793050618092174 3.053897097431836 3.8956934386060453 1.479159566995083 
1.158917307269279 0.5839061069942593 2.214411114932412 0.8025620623806493 1.1203187250996016 0.6356935717738037 1.1073433420365533 0.6370409149484536 4.178428824571766 3.691112426035502 3.414768445839874 4.875439151049899 5.829590425531915 3.414323086984957 0.6413893664438077 3.839724146617962 8.20548309952384 3.7791487448966414 6.312187467127693 6.424029627022192 5.079004991378527 4.713040915207922 
6.036791755102527 2.21019836985025 6.501290096937972 1.9184436664544873 1.1203187250996016 1.8653552440792653 2.2927088772845945 1.8650563788659795 1.5223165977554642 1.3398816568047334 1.460113814756672 1.8510318356288105 1.6804822695035457 1.46051209941138 0.36605093919134035 4.704865852122435 5.027010251555765 4.4016322800464955 5.389843497914528 4.1030402898168115 4.692156275524095 4.91413055504808 
2.418632231675198 1.1989336155141876 0.02331052211269924 2.1530649267982174 2.1948207171314738 1.8870807153214115 2.163609660574412 1.885330219072165 2.300777318369758 2.3825088757396444 2.096964285714286 2.411257620230301 3.01304255319149 2.0972792674950944 0.7504371219356892 4.204351933492884 5.011141668861226 4.71338753737496 4.558695542319317 3.9344242237573512 4.212816771031855 3.944953902525004 
1.5835613343559194 0.7003920915319004 1.713117986861203 1.4692297899427118 1.836653386454183 1.3700144997583374 1.394882506527415 1.369795425257732 1.6879917306556411 1.6696923076923076 1.5712539246467816 1.6805283359674874 2.1411400709219857 1.571049705689993 1.1854832855778417 4.786020069698116 6.477151296450508 2.0971795686854975 5.410503617139678 5.008883559936053 2.648451946637625 2.611003002833007 
1.963362524598545 0.9001747999333618 0.5278526752665362 3.949920432845321 3.9856573705179277 3.6164282261962306 4.7808028720626625 3.617295425257733 5.549496751329002 5.3188875739644965 4.893108320251177 6.294271844660194 7.111143617021277 4.893057553956834 3.3790318369945878 2.347618927656716 8.03289093398055 0.8849865400470875 6.638881396925029 6.6902710725862065 6.16369271258735 6.966827135112048 
0.20781089291978105 0.11003002799184691 1.1523467383257646 1.5207320178230426 2.1948207171314738 1.5438182696955052 1.6237402088772843 1.5421230670103094 2.3485682220909636 2.2548402366863907 2.3686401098901095 2.57770151275683 2.354732269503546 2.369507521255723 0.5117341610951925 4.083564260822104 6.673738294697234 6.9316632727056025 4.91571768159848 4.060952200759743 3.8809460023595594 4.740383369399923 
4.20374058418202 3.0883917542311696 0.7328032736238947 1.1459102482495225 0.7621513944223106 0.6921797970033834 1.0251892950391641 0.6920699097938144 2.4728245717660964 2.0952544378698224 2.2292739403453696 2.8273673515466253 3.365310283687943 2.2295716154349248 0.7006357847819166 3.6611848679514636 8.82894350374973 2.7482845761853163 5.537240153571165 9.0 7.995278155912516 5.12424181682976 
1.3058991920380976 0.5540819969848603 2.319165972031967 0.6022756206238067 0.7621513944223106 0.4705799903334945 0.8080678851174934 0.46905766752577327 2.2105056113408157 1.946307692307692 1.8782123233908947 2.5188372093023252 3.279235815602837 1.8791438848920863 0.5123065902578796 3.759702313473569 7.713023817488617 3.2390914780120994 3.554091218664828 4.657252871034452 5.079815228242126 2.990466301111846 
7.777164166681528 2.691414914862415 8.367173759712742 0.36479312539783587 0.0458167330677291 0.41843885935234415 0.5146605744125325 0.4183730670103093 0.8574920259893679 0.8504852071005914 1.0331946624803767 0.9193519981937235 0.6699042553191488 1.0330608240680181 0.20119134033747213 5.245013225847085 0.8931804734078774 1.369229703285022 0.8761878293160539 1.1124125782842726 4.917722842363192 0.9096407664814881 
1.639948930149048 0.8669115799042804 2.528990108013267 2.2818204964990447 2.552988047808765 1.7045867568873851 3.530887728459529 1.702865657216495 5.511264028352038 5.765727810650887 4.736100863422291 8.011485662677806 5.826402482269504 4.736658600392412 0.5415004775549188 3.8669013729688886 4.1628123569088284 8.752274682374907 6.8753694857544065 7.360806060339392 5.31168363735366 7.239627103205338 
