0.9304358967387607 0.3472478636379668 2.2622505044698733 0.97990099009901 1.3308056872037914 0.9403487064116984 0.8954520990312163 0.938663292088489 1.2312086908891726 0.9776992604765821 1.683365514578104 0.9309565807327 0.7755165020292518 1.6831501383615421 0.1538956118306592 6.219990652686338 3.867572123901172 8.671604229884316 4.319944373058316 3.823573473149854 3.634831422625635 3.7333906691409773 
1.2660897758323024 1.2646918638786255 1.7060242983827023 0.4274257425742575 0.9047393364928906 0.30326209223847017 0.45514531754574794 0.3032620922384702 0.5106299068833305 0.3867378800328679 0.35543541224174546 0.5223202170963366 0.6791385251550652 0.3559694961065706 0.24356968876860624 5.76731203771438 7.319487922085021 2.8795287634526474 3.8660942390940605 2.4090044557252828 2.8798223187540772 3.171715828410946 
4.160669104552685 1.7039235411639981 0.6184413826965343 1.7410891089108915 1.7568720379146918 1.547097862767154 1.4131754574811624 1.5454124484439449 0.5885968595946688 0.5935743631881675 0.47868121258930285 0.471088195386703 0.5455861857722641 0.4791994336829911 0.605394161994974 5.632860277980981 3.0318905937545333 5.680912088744627 3.9232058489739483 4.219750233902419 5.741275069560211 3.201786267573546 
1.2899210179306975 0.5294683938748288 2.480262324333711 2.523762376237624 3.4611374407582938 2.163959505061867 2.903444564047363 2.1605886764154483 3.7343582253058245 3.2011914543960565 4.273263178219733 4.200047489823609 2.111728309977793 4.272714460389985 0.4576752368064953 4.468464195724621 3.8234943801255925 8.790867708453785 6.263691211984627 6.577719196672564 4.44667048004333 6.050825387094369 
3.7074477644403974 1.5969785544313306 0.7821386528708376 1.593762376237624 1.3308056872037914 1.663391451068616 1.437368137782562 1.6617060367454068 1.1499589191163047 1.0367953985209533 1.4351380575400658 1.0468385345997289 0.6991025346504327 1.4355331745929596 0.6895070558670017 3.9394257498171177 7.7501757890056355 5.535444341213854 3.2945929209667852 2.605583412844716 2.297416922147831 2.5692271160744617 
1.5086795992441653 0.2951182441894482 2.1253606136269743 0.7128712871287132 0.9047393364928906 0.7583239595050617 0.5180462863293864 0.7549531308586428 0.47123607814497015 0.4015119145439606 0.44917165475960596 0.30885345997286295 0.4168527452331725 0.4502722182894653 0.3401952445389522 6.431532959440787 4.542846578736497 5.7761579746956535 3.0207523658219486 4.1390325240155255 4.9985651203147965 2.3578030685875717 
4.534514076752627 1.5345349172529263 4.638041040195919 4.276336633663366 3.4611374407582938 3.989263217097863 4.103401506996771 3.9875778027746533 5.910046558334856 5.44684470008217 5.8008167599922755 5.933397557666215 5.578581820966383 5.800071433168156 2.604639474192925 1.4414728115093887 6.530598914307318 7.868663846212119 7.596246138775724 8.256010481607396 9.0 7.699728143355398 
0.9251808023273211 0.24485372740456146 2.137956852107996 1.0474257425742577 1.7568720379146918 1.026304836895388 0.9244833153928953 1.0246194225721785 1.0449087091473435 0.9038290879211178 1.426458775825449 0.8016567164179107 0.695660464047783 1.4262764656670313 0.15146259423931957 6.1319393643826725 4.43367827734859 8.360056621754708 4.053002007068223 6.180626372150326 1.9919796348603915 3.437564577862095 
0.8734242329495254 0.31473912421085837 2.107273707090123 2.1462376237623766 3.0350710900473934 1.6381102362204722 2.134117330462863 1.6347394075740533 1.8606892459375572 1.6499178307313067 2.303066229001738 1.7445698778833107 1.2043984991193812 2.3039281807066088 0.397544944906244 4.513403234983338 6.4659572570923105 8.525885552281412 5.912536975092721 4.2371762651573395 2.6808497298481386 5.601332834881159 
3.7812635091964495 1.0031298663308514 4.538670714401192 0.5962376237623762 0.4786729857819905 0.6420303712035995 0.47933799784714737 0.6386595425571804 1.912393646156655 1.4726294165981928 2.344726781231898 1.643325644504749 1.2849429512213801 2.345004826565416 0.3412379663638121 4.851724782573357 4.086763775052847 4.7194555937907445 2.8022842446862235 3.3794282822762174 4.170217282082356 2.251355575898664 
3.2322283546988224 0.9623027690239438 4.1291853036100274 0.6821782178217825 0.9047393364928906 0.6470866141732283 0.6632023681377825 0.6437157855268092 0.7297580792404602 0.5861873459326213 0.8466827572890517 0.6601587516960652 0.5882678612451184 0.8465750691807709 0.20950744248985115 5.280289766723564 3.2597823621305837 6.984529660628336 3.6849127483093778 4.122189442432214 5.682597758598688 2.8619623758357013 
2.735988567311484 0.9379818302901803 0.09316747202213138 1.9712871287128717 2.1829383886255918 1.7999100112485937 1.6551022604951562 1.7965391826021748 1.8516614935183497 1.6942399342645853 2.374236339061595 1.5225644504748983 1.1864997319856037 2.3745105862668123 0.7461616083510536 4.0724160773795015 4.361533570635413 5.266124679508902 4.163803764016798 4.343835235430889 4.240791755469609 3.3916117333708895 
1.8806913989750003 0.461578656918618 2.5560012454567773 0.8387128712871287 1.3308056872037914 0.28809336332958374 0.34385898815931093 0.28640794900637423 0.8955404418477272 0.7487017255546428 1.181703031473257 0.4845061058344642 0.626130637874263 1.1821307677456723 0.15215774212255948 6.070924571242788 5.374017728700474 6.680402413203229 2.0837364193837846 5.699276500449277 4.565461433648754 1.1542407234046081 
1.0754398390451465 0.3877019404121489 1.9046572898141991 1.0044554455445547 1.3308056872037914 0.925179977502812 1.0357696447793325 0.9251799775028122 3.55954811027935 2.898323746918653 4.2246592006178805 3.3974124830393486 2.3609342216096176 4.225273827144603 1.2699555383723178 3.0446639031130625 7.893375015752768 4.825527319996649 5.390213699158174 5.952297477559263 5.6517798621557285 4.28964724498165 
6.552898070988704 2.275894575020072 1.1272971192824266 0.5993069306930695 0.4786729857819905 0.5813554555680538 0.5470775026910657 0.581355455568054 0.8659950702939566 0.7117666392769105 1.1365707665572504 0.7504246947082769 0.5517819128570334 1.1364257674239013 0.6860313164508023 3.753458506055435 5.985334565021485 2.1016455398405824 3.3685777875892278 4.062832674083612 4.741127508463285 2.700382641437531 
6.666493658324384 2.0855048951165025 6.692735154813869 2.044950495049505 1.3308056872037914 2.163959505061867 1.8728363832077501 2.162274090738658 1.1786835859046927 0.9333771569433033 1.4143077814249856 1.1236865671641794 0.731457998315338 1.4147055795096213 0.44481500096655713 4.709965861984883 5.1896051702368995 5.308316778780398 5.030282313011881 4.035787973247121 4.316565026864461 4.173405912664552 
3.561343918652547 1.0492165531492024 0.02647200416748996 2.0418811881188117 1.7568720379146918 1.7897975253093361 1.7034876210979546 1.7897975253093366 2.353932809932445 1.805045193097781 2.091291755165089 2.221515603799186 2.3065495060877557 2.091023875410258 1.3328664218055286 3.33293139884581 8.636476183003179 4.663139716173482 6.299545866688797 5.087387541569785 5.955975038711551 5.984093217460462 
4.925346447166296 1.419737848306367 5.29008478686522 0.5962376237623762 0.4786729857819905 0.6622553430821148 0.5809472551130248 0.662255343082115 0.7461721745481104 0.6231224322103536 0.8258524811739717 0.7296879240162821 0.5414557010490848 0.8263260184053026 0.10558283394548616 6.042061285865238 1.8240920104336826 7.514386431513593 3.1934557805860937 3.709273698251984 5.038244912232046 2.405934390714706 
9.0 2.7146786276661747 8.753888878909265 0.15425742574257428 0.009999999999999953 0.21730596175478062 0.1987029063509148 0.21393513310836154 0.4531805733065549 0.37196384552177497 0.6678895539679474 0.38692130257801916 0.2130821655563212 0.6689619666645213 0.15285289000579935 6.071655287328294 3.744744424708901 2.3273750633007246 1.585277237033111 1.7462323183666661 4.26711095268097 1.0930385354619037 
2.8819090958524214 0.9871086344502511 0.010000000000000231 2.0142574257425743 2.1829383886255918 1.9971034870641167 1.5534930032292789 1.9954180727409074 2.0872037611831296 2.0783648315529994 2.4401988800926824 1.6396662143826326 1.5451634887816832 2.441043181671922 0.8907523680649526 4.329628139478177 4.985847142269491 5.605919844330046 3.657581680770022 2.927683926040518 3.870209147883652 2.5476285343849154 
6.334322806922145 1.865646593127543 6.82569544989132 0.20336633663366355 0.052606635071090035 0.30326209223847017 0.19386437029063508 0.30157667791526066 0.060062990688333096 0.03954806902218577 0.07249082834524034 0.09660651289009492 0.03960180718278572 0.07363987386575721 0.04545254204523487 8.230190603917746 3.7694125703524586 6.024184427422469 0.46900752185021233 3.2293395614677025 3.08058354711354 0.45615966762491 
1.674153967455581 0.38358006352552154 2.658439885753292 0.7773267326732675 0.9047393364928906 0.2526996625421822 0.2761194833153928 0.25269966254218224 0.6066523644330838 0.5197041906327035 0.8119656304305848 0.2929959294436908 0.4788100160808636 0.8118624107085396 0.14798685482312005 6.0493684467203135 6.040613442520825 6.4549955141215385 2.420283204359176 5.1374171151726244 2.8606757464220065 1.580235508296951 
3.341974279849376 0.8416492777135796 0.5414643697569557 0.22485148514851494 0.4786729857819905 0.156631046119235 0.18418729817007518 0.1549456317960255 0.15526474347270414 0.17251437962202143 0.10373624251786062 0.11856309362279527 0.20964009495367175 0.10488126649076523 0.1594567948965784 6.702628627164108 0.8718460104479497 5.3180313572872535 1.7761428491618005 1.479407925818195 2.6331933286507683 1.302246866378918 
1.6396903250363648 0.7305078099877393 2.612307508068525 2.434752475247525 3.0350710900473934 1.9768785151856014 2.893767491926803 1.973507686539183 4.261250684681396 4.006376335250617 4.6377930102336355 4.825810040705562 2.5220231258136154 4.638354462964154 0.6578778271795864 3.898871007071447 4.323483917909649 8.801119994258066 6.33246017639275 6.607761924391622 4.813888096738181 6.045220927535271 
1.3099637035929366 0.65247191454137 1.8642847305801546 0.5471287128712871 0.9047393364928906 0.5156242969628797 0.5809472551130248 0.5139388826396701 0.5869554500639037 0.45322103533278557 0.7269086696273411 0.6101465400271373 0.42236005819741174 0.727394941759444 0.19247631935047363 6.222548158985614 2.8084023245141614 6.54135130608843 3.183467709814204 4.39480169243453 2.0410046162456874 2.2178777742798683 
8.844119234376912 2.5300521149932265 8.316357996970186 1.0504950495049505 0.4786729857819905 1.2234983127109111 0.8954520990312163 1.2234983127109114 0.8832298703669895 0.9481511914543962 1.2389862907897276 0.7675020352781545 0.4402588253311892 1.239985198532724 0.3228165474579548 4.6058388198000495 2.473971528505971 2.5868726050393356 1.3026514056438376 1.146939236320182 3.818288919302117 1.0590580082348167 
1.5267669009393572 0.40433865617174725 2.610584945541206 2.434752475247525 3.0350710900473934 1.9667660292463438 3.1550484391819156 1.9633952005999253 3.0851807558882607 2.750583401807724 3.2386927978374205 3.615758480325644 1.7475572402174744 3.239434326533238 0.41214305045428185 4.73663699910591 3.408689036786579 8.999999999999996 6.059921565053981 5.848282600439088 3.4620425279421534 5.84228735698841 
2.931038118024496 0.9835089863094413 0.02792541629991563 2.842970297029703 3.0350710900473934 2.8971147356580427 1.785742734122713 2.8954293213348334 3.6457221106445137 2.9130977814297454 4.6690384244062555 2.269088195386703 1.85013094417643 4.668438766973421 1.684263676783298 4.356664634641959 5.496567537170587 5.643810285222116 3.4155891742345315 2.7816133940398884 3.1500965804210486 2.636108241444158 
3.4560587131768195 0.9695953204387453 0.608590478243427 0.6361386138613864 0.9047393364928906 0.5914679415073116 0.6196555435952638 0.5914679415073116 4.089723388716451 4.087633525061627 4.9971152732187685 3.9426675712347348 2.542675549429512 4.997630478151747 0.40831973709646235 4.587205559619607 4.090419106859648 4.43741019271333 2.9559249915882493 3.2335243073246196 2.976765673781956 2.1748854250374876 
3.8832490042277854 1.1084335627195228 4.280609315777184 0.5133663366336635 0.4786729857819905 0.5257367829021373 0.416437029063509 0.5257367829021373 2.001850465583349 1.6499178307313067 2.3325757868314345 1.7836037991858888 1.4487855119074966 2.3322768517922645 0.28354069205490046 5.206122084044543 2.3562313671500688 4.281080757774522 2.5253749380983717 3.6729642615631164 4.752387806841168 2.005448275576396 
0.010000000000000675 0.4212364863042546 1.4245468154029468 1.154851485148515 2.1829383886255918 1.1072047244094487 1.1325403659849302 1.1072047244094492 0.9447827277706776 0.7930238290879214 1.0601930874686234 0.8724056987788331 0.6970372922888428 1.0600579187849926 0.35931181132804946 4.895202389661058 7.683653025363742 7.154516860921813 4.01872886462785 6.444931589332197 4.071584656459479 3.492436147033726 
1.4164710240480698 0.26559366902415116 2.3979023034962608 0.4796039603960397 0.9047393364928906 0.4751743532058493 0.35353606027987083 0.47348893888263976 0.08304272411904345 0.11341824157765001 0.04818883954431352 0.07221031207598383 0.13666819817750198 0.04934101293519533 0.16258496037115797 6.286120458424776 4.835166242233588 5.344558250627021 2.4754849715772327 3.3416406517771953 2.772183261135411 1.8139098188174672 
7.809232269816887 2.4153856032331213 1.79651266114594 0.273960396039604 0.052606635071090035 0.40438695163104615 0.25676533907427335 0.4010161229846271 0.7913109366441485 0.6009613804437143 0.9560417068932227 0.8955820895522388 0.43750516884906965 0.9564984876761694 0.09202745022230814 6.475741282613999 4.101598864374014 4.024235905369892 1.1009395125939427 1.4191350936999192 4.067289211711237 1.0157491280538826 
4.594519922241403 6.355601490422419 0.7397205506356026 1.1671287128712873 0.9047393364928906 0.8594488188976377 0.7890043057050593 0.8560779902512186 0.6427633741099145 0.6748315529991783 0.5116624831048465 0.49914382632293086 0.6522903744543993 0.5115979149237403 0.6137359365938526 6.3120608794602955 4.930119364372826 3.6571252098394176 5.482958909612865 7.3681781317449575 7.0227403859197475 4.445920431292303 
8.662146313943529 2.5034557510098323 8.826290335135651 0.3936633663366338 0.052606635071090035 0.5004555680539933 0.2954736275565123 0.4987701537307838 0.2463629724301627 0.2389975349219392 0.4057752461865224 0.2259063772048847 0.12221150164637407 0.4068813951991762 0.17266460467813646 5.942683898236204 2.752524913151718 1.8893945459692851 1.5491332614831475 3.29173599596113 1.9482121694445533 0.8863252131193717 
0.3179729748100222 0.115900529241034 1.0903158550240417 2.64960396039604 3.887203791469194 2.770708661417323 2.3131431646932183 2.767337832770904 1.7884672265838968 2.0488167625308136 2.275292527514965 1.4896295793758485 0.9875480511524619 2.2761580539288238 0.7590218441909917 3.940887181988134 7.231246929696286 7.747070302687135 4.9692502431317 5.1526570851590066 4.414456902814664 4.355951166875161 
3.315087750302469 1.0059275203263 4.279263563802715 0.49495049504950506 0.4786729857819905 0.5055118110236219 0.4841765339074272 0.502140982377203 0.9874593755705682 0.8447329498767463 1.2025333075883373 0.9504735413839893 0.6619281721418178 1.2023798185211403 0.19421418905857338 5.3321706087946055 1.570612919410027 6.566372618995395 2.7533695169711265 1.8985071004437197 3.558976849437438 2.0921963722070807 
2.667733445711722 8.898109441485778 0.0466582837845122 8.705346534653467 8.999999999999998 9.0 7.403283100107644 9.000000000000002 6.957265838962937 6.252029580936731 8.833357791079358 5.419857530529171 3.661348495290604 8.83337923933329 8.999999999999998 0.7582532715597825 7.273464943254365 2.4166344746737245 7.642051480097554 5.255547702198219 5.735588460792559 7.462162364237368 
6.202823235138185 1.8168555074469257 6.823757567048089 0.35069306930693067 0.052606635071090035 0.46506186726659177 0.3390204520990312 0.46337645294338214 0.1281814862150814 0.09864420706655708 0.17490635257771758 0.14417910447761195 0.06713837200398198 0.1754636720509687 0.10523526000386622 6.708474355848168 3.551161472414228 5.99952158604712 1.0123569464430453 3.3174482404053687 1.4579849394230786 0.773956729932813 
6.768112518861896 2.179785834763107 1.4388656164112885 0.9829702970297031 0.4786729857819905 1.152710911136108 0.716426264800861 1.149340082489689 0.9546311849552677 0.9259901396877569 1.1192122031280167 0.8809443690637722 0.6192464966689641 1.1190694381877857 0.3516651846124106 4.914201007884257 1.6118903797546604 5.058677204161295 2.0178070252992573 3.403849709590462 6.852119539058726 1.3315352879286209 
4.932129185301992 2.198921788091973 3.247017969306676 1.0597029702970295 0.9047393364928906 1.0768672665916759 1.0357696447793325 1.0768672665916763 4.570656381230601 3.666573541495481 5.569947866383472 4.387898236092266 2.738873573780535 5.5692322543278205 1.6641043881693407 2.0125274323335773 7.412666818844353 5.9805225948713385 3.9920837150487447 5.857401598873562 7.748408575927395 3.2950139387110937 
3.441332227674991 0.90051191777781 3.6852486422724806 0.25554455445544566 0.4786729857819905 0.207193475815523 0.11644779332615707 0.20719347581552305 0.41706956362972447 0.39412489728841404 0.2964162965823517 0.2759185888738128 0.3872509380503867 0.29637943239590714 0.21645892132225017 6.729665122327889 2.9383910538542564 4.525450800878829 2.228604893225455 4.808571041491046 4.86941270482455 1.1414491495936443 
1.3004312067535793 2.015600847283569 1.8416760974090907 1.0934653465346535 1.7568720379146918 0.9403487064116984 1.2002798708288482 0.938663292088489 0.7002127076866901 0.5861873459326213 0.6036628692797835 0.7101709633649933 0.723885442989509 0.6035864598751527 0.39719737096462404 4.994945135332847 8.715931553329956 2.957854793111281 4.5060459436194815 3.9257354030995533 3.158750704645688 3.8803355024977844 
1.2695116977746368 8.799669322899272 1.558691372217932 0.2831683168316833 0.4786729857819905 0.207193475815523 0.2422497308934337 0.2055080614923135 0.2939638488223483 0.24638455217748567 0.29294458389650513 0.2771383989145185 0.30257600122520867 0.292908166548684 0.22375797409626907 6.068367064943512 5.822511978048367 3.221976617607769 2.62033394064278 2.0492204101861025 3.301801210031141 1.7663557001665195 
0.8090798792838605 0.46950534323905524 2.0231372936463745 1.7994059405940592 2.609004739336492 1.3903543307086614 1.8776749192680298 1.3869835020622423 1.458543910900128 1.2657929334428926 1.7718941880671948 1.2773826322930801 0.9379822344743087 1.7728245060814722 0.34749429731297116 4.608761684142081 5.98334657754761 8.783590736361926 5.398862441969766 3.900543649433539 2.555703686063139 5.077492751041778 
4.967387202457825 1.7919377358608002 0.5411952193620624 1.7564356435643567 1.3308056872037914 1.739235095613048 1.5583315392895585 1.7375496812898392 3.162327003834216 2.5954560394412494 3.847978374203514 3.0009742198100406 1.9313638103989588 3.848062938413025 1.8886371544558282 2.0019320490937167 6.4212382270348405 5.577206274647406 4.359682103608547 6.763555224129466 7.580163548138478 3.6888342846728026 
7.001169845434401 2.2982385049303855 6.457874520229691 1.102673267326733 0.9047393364928906 1.2487795275590552 0.8809364908503767 1.2487795275590554 0.6058316596677015 0.4827691043549712 0.6921915427688742 0.5552550881953868 0.4106570181484033 0.6926822832872129 0.20290353759907212 5.5744029911403725 3.954487791307325 5.314374947664746 3.2639557938749437 4.831701651675297 4.824439262807469 2.491379124657228 
5.4071652777966595 1.6236495225212706 5.4738068464196115 0.25554455445544566 0.052606635071090035 0.30326209223847017 0.23741119483315376 0.3032620922384702 0.4277387255796973 0.35718981101068215 0.4856246379609964 0.4137571234735413 0.36453327207289987 0.48614196537743737 0.07673419679103034 6.5908290660814455 1.0760956912314743 6.638891409841811 1.5067948941168012 0.9411163629794996 4.247833394126295 1.3355384733279763 
5.029592854909529 1.5562074102043315 5.529574808241572 0.7251485148514852 0.4786729857819905 0.803830146231721 0.6922335844994618 0.803830146231721 0.9718659850283006 0.7782497945768282 1.200797451245414 0.9577924016282224 0.624753809633203 1.20180127421327 0.19108602358399382 5.408165081687393 2.2241050168703236 7.342606873562023 2.9606353950214377 4.160351826291557 4.769745739719709 2.2683179103117466 
5.568484455078098 1.9113229573598942 4.529896411527661 5.209405940594059 3.887203791469194 5.061186726659167 5.109817007534984 5.059501312335959 4.011756436005113 5.173525061626952 3.8826955010619804 3.84508276797829 3.8238142277356606 3.8821970525773857 3.794037502416393 1.5035836787775345 5.380900868126145 6.765180930430997 5.6674919710943135 6.704906323239247 6.945621118168455 4.794234799970176 
4.3408699582659285 1.8002933957938718 0.6858904716568772 1.7410891089108915 1.3308056872037914 1.5824915635545558 1.718003229278794 1.580806149231346 4.676527295964945 4.065472473294989 5.5334948831820805 4.537934871099051 3.0355800597289226 5.532783962931977 3.019990334428764 1.2167776152158014 8.492934936905705 5.7055032358136515 5.627375522807734 7.724568577410121 8.566105879232019 4.802892852112968 
1.6267359062546722 0.35675988722249086 2.7170608417611244 1.0719801980198018 1.3308056872037914 0.480230596175478 0.5083692142088266 0.4785451818522686 0.5508444403870735 0.43844700082169286 0.6817764047113343 0.26128086838534603 0.5015276820583505 0.6828470300534141 0.2790222308138411 5.388435747378688 6.915092792722102 5.723211729475608 2.4896844485932164 5.167085089531361 2.975866837288897 1.673239745830814 
3.4323496825763655 1.5055325708334464 3.475741974887281 0.4274257425742575 0.4786729857819905 0.308318335208099 0.3099892357373518 0.30831833520809915 0.4326629541719921 0.35718981101068215 0.4613226491600694 0.395459972862958 0.3617796155907803 0.4618431044468757 0.18552484051807464 5.749774851662197 3.003524363885382 6.164060019059992 2.4126015733635775 3.741502487239581 4.646352201257861 1.6515666862733729 
0.4098149155122961 0.6219588349643477 1.109533193219446 2.2475247524752477 3.4611374407582938 2.1184533183352077 1.7567115177610335 2.1184533183352086 1.5365108636114662 1.391372226787182 1.938536396987836 1.2090732700135687 0.9421127191974885 1.9382881781324408 1.336689735163348 3.665772575794522 8.877022667341954 3.604752519069965 8.194862346507014 7.881007285712961 5.146173042893705 6.0183902756261025 
1.435352700479874 0.2933836987122702 1.157603453747448 0.5256435643564358 0.9047393364928906 0.480230596175478 0.34869752421959077 0.48023059617547803 0.21271407704947987 0.16512736236647496 0.2964162965823517 0.16979511533242875 0.14492916762386088 0.29637943239590714 0.3012669630775179 5.471372023083802 4.593102047027661 5.280463540773638 4.120386132371763 4.928013265277764 4.946974615672928 3.5043153669629774 
4.8042348527072765 2.266009530902822 1.5594988234026128 0.8724752475247525 0.9047393364928906 0.9555174353205849 0.7793272335844994 0.9555174353205851 2.5812680299433994 2.373845521774857 3.2525796485808067 2.361793758480326 1.404727008193583 3.2527408456142597 0.9481020684322443 4.0567056815410885 4.111431920696403 3.007431405934117 2.3284644707702267 2.159897569267538 5.584543279061799 1.6580276413132629 
2.6018003425728313 1.636723892193332 0.8517947750693087 1.1333663366336633 1.3308056872037914 1.1122609673790775 1.1083476856835308 1.1122609673790778 1.5176346540076686 1.199309778142975 1.773630044410118 1.5164654002713704 1.0701577456160503 1.773403050389343 0.6109553450608931 3.5674912622937507 7.8473520369221115 5.887606773875831 3.950993653354132 1.435645061185167 1.8077181537830809 3.16666995286106 
3.570815309742933 0.947176786421887 3.4091003371116186 0.02534653465346548 0.052606635071090035 0.009999999999999953 0.009999999999999898 0.010000000000000009 0.07237356216907087 0.0764831552999179 0.01173585634292329 0.024637720488466908 0.11463894632054505 0.011735632923611572 0.07186816160835105 7.305469397707878 0.16142906736478224 4.211322197721568 1.397127664979255 2.635168108678937 2.9106221481318473 0.9159115461406548 
4.965309606992836 1.973468178112118 1.00504900992174 0.8755445544554455 0.9047393364928906 0.6824803149606298 0.5954628632938643 0.68248031496063 0.18645152455723957 0.24638455217748567 0.12456651863294066 0.08318860244233384 0.2750394364040126 0.1257088615741041 0.39094104001546487 6.851329350564905 3.077870820166397 2.945881843955224 5.299007740619022 5.484084793100572 5.576720239835768 3.552725981094717 
0.5397868435720019 1.8001814896340544 0.6824453466022384 1.4065346534653465 2.1829383886255918 1.2234983127109111 1.3405974165769643 1.221812898387702 2.318642505020997 2.1965571076417425 2.204122417455107 2.053181818181818 2.1172356229420326 2.2049971040607503 0.9908536632514983 4.988003332520524 5.699833912321876 5.876960169386763 3.8998066192209553 4.552094005613657 6.4377288151602565 3.2679412337312668 
1.2825883280542678 9.000000000000002 1.1270817989665107 0.9860396039603961 1.3308056872037914 0.9100112485939256 0.7986813778256188 0.9083258342707163 0.5894175643600513 0.5197041906327035 0.6210214327090172 0.5003636363636363 0.5414557010490848 0.6215213334191388 0.472968490237773 5.679260749410714 6.63350398634205 3.357120385027926 2.5031411187186006 2.8127595622087798 3.3463049083533543 1.4263083748249896 
1.2071838338249892 0.48968575405955495 2.2884119228535336 1.3635643564356439 1.7568720379146918 1.4055230596175479 1.1180247578040903 1.4055230596175479 1.913214350922038 1.7828841413311425 2.051367059277853 1.4152211668928087 1.5327720346121452 2.0522614067829332 0.964090469746762 4.0095744940258475 6.876722496855391 3.9564489387408415 4.3692768280620005 4.3371313142073715 4.615380734760813 3.617372770427564 
6.519962072293742 1.9046645408507281 7.094199883837206 0.016138613861386153 0.009999999999999953 0.09595613048368956 0.04386975242195901 0.09258530183727037 0.01000000000000012 0.010000000000000009 0.01173585634292329 0.05391316146540037 0.009999999999999953 0.012314177231482093 0.012433017591339652 8.867375030480371 2.4033872850787406 6.026980505369096 0.4476384142118004 3.338038855591889 0.5579831206584531 0.22602305582940518 
1.005046016231427 8.93449759445324 2.246532121408085 1.0996039603960397 1.7568720379146918 0.9807986501687289 1.1180247578040903 0.9807986501687291 1.2361329194814683 1.0515694330320464 1.5809499903456268 0.9919470827679784 0.8615682670954898 1.5819048844842012 0.20394625942393194 5.759639518816551 5.4087113165509875 7.726099718087454 4.196789591233193 6.004950324684347 2.2928685384869683 3.378671203824137 
1.8909571648020016 0.6019276323569382 1.8560487284964107 5.4058415841584155 6.017535545023696 5.485911136107987 4.316297093649085 5.4825403074615675 4.7536735439109 4.250147904683649 5.465796485808071 4.148815468113975 3.496129106363427 5.465672823218997 5.8071857722791425 1.4692400227586768 8.175177584226784 3.6187687559562463 6.844206987475757 4.677178349436319 5.481366786544357 6.22785927908075 
5.219142888215222 1.6905694060923926 4.855729879585885 0.7098019801980199 0.4786729857819905 0.7380989876265467 0.7067491926803013 0.7347281589801276 2.3884024100785104 1.827206244864421 2.8550685460513607 2.355694708276798 1.4955976721035302 2.855280906107214 0.9543583993814033 2.8360444607006423 7.000105977491967 5.5112833599827695 3.759931368066228 6.197885846356217 7.575443527358341 2.9124769897354756 
1.8007650793219234 0.6427733806904823 2.7397771350901468 3.3923762376237625 3.887203791469194 3.382514060742407 2.5405543595263724 3.3791432320959887 2.416306372101516 1.908463434675432 2.903672523653215 1.9665753052917232 1.64085305153534 2.9044571722762083 2.8204828919389135 2.529874420872958 7.983411609730811 5.035878414750364 6.422100876648202 5.144662346805495 5.649354358654356 5.522926259454713 
5.631912222509211 1.7315830136656638 5.798832863293155 0.4335643564356436 0.4786729857819905 0.4751743532058493 0.4067599569429493 0.47348893888263976 0.591879678656199 0.49754313886606416 0.6366441397953272 0.5381777476255087 0.455403935982847 0.6377205740395137 0.07951478832398995 6.538582865967651 3.007436210204941 6.607381762212551 3.1930770628497473 5.1774949050958305 4.342739687554324 2.172688327934586 
3.220618262394476 1.0352469341985975 4.145388157382625 0.8724752475247525 0.9047393364928906 0.8897862767154106 0.7648116254036599 0.8881008623922011 2.6658006207777984 2.2113311421528348 3.334164896698204 2.3898493894165536 1.6153817290757333 3.334894137331874 0.6526642180552871 3.787436804031538 4.239796058122365 5.753502573897368 3.2818059148215504 1.4496983121972002 4.1701630808867955 2.6530333369232943 
1.1409452019412463 0.27808985687048615 0.6315220918883635 1.2469306930693072 1.7568720379146918 1.1375421822272216 1.0551237890204521 1.1341713535808025 2.5172530582435644 2.381232539030403 1.938536396987836 1.7470094979647217 2.34716593919902 1.9382881781324408 0.7079284747728591 4.392835080874585 8.487141984159255 4.322018206685353 4.526976193795175 5.017954071754777 3.2974560808536326 3.7415087567415313 
0.3295830671143678 0.010000000000000231 1.6330845413665291 1.3236633663366337 2.1829383886255918 1.400466816647919 1.2099569429494077 1.3987814023247096 1.2188981194084354 0.9776992604765821 1.5774782776597798 1.0480583446404341 0.7204433723868595 1.5784336186369776 0.41735665957858115 4.4290055271072095 6.380965448531843 7.6674537755146766 4.793052222645899 2.6803050689664754 4.5494359468277645 4.108647406529862 
8.91151887549109 2.5990422625209804 9.0 0.3261386138613862 0.052606635071090035 0.4195556805399325 0.3632131324004305 0.4161848518935134 0.6714880408983023 0.5197041906327035 0.943890712492759 0.5808710990502037 0.3762363121219082 0.9437705129030182 0.22202010438816935 5.3822246606518735 4.309439748336152 2.16029148241336 1.9140513687243406 2.9159416540837975 3.7743272329355184 1.366614363707159 
2.0635197998939665 0.566695843040927 2.8698844359817257 0.9676237623762377 1.3308056872037914 0.46000562429696285 0.41159849300322915 0.45832020997375345 1.2771681577505936 1.0663434675431391 1.6208746862328636 0.8016567164179107 0.8553725400107204 1.6212458974193962 0.15563348153875894 6.216702430301554 3.511700989868296 7.589235287315525 1.8437301492166007 5.239412488073292 3.625364280467573 1.926911363881134 
1.362881282201167 0.333222291607453 1.6344841234199765 1.4495049504950495 1.7568720379146918 1.425748031496063 0.9777072120559742 1.4223772028496442 1.7605632645608909 1.4209202958093674 2.077404904421703 1.515245590230665 1.1686009648518263 2.077717356329236 0.9018747341967912 5.121359018125661 7.956178318959673 2.796865228261428 7.131294536402678 3.949594700373317 4.600434755084755 3.0210843405933376 
8.143297399437202 2.33391791888567 8.52365763111726 0.3721782178217822 0.052606635071090035 0.5105680539932509 0.2761194833153928 0.5105680539932509 0.5762862881139311 0.45322103533278557 0.7286445259702644 0.6260040705563092 0.32667049544375526 0.729709118990926 0.10940614730330563 6.412168983174837 0.009999999999999787 3.9178415547855323 1.1792528141172056 0.009999999999999898 4.865239212766322 0.9222607843787025 
7.8089878468210046 2.8795164010779843 1.2029822103265135 0.5440594059405942 0.4786729857819905 0.480230596175478 0.4357911733046286 0.476859767529059 1.3083549388351288 1.0441824157764996 1.5913651284031665 1.1175875169606515 0.8292128034305841 1.5917401377179998 0.5063355886332882 4.3668946598390646 6.642588875335561 0.00999999999999801 4.086779403115521 6.808629725523616 6.411472852677053 3.5164552594298595 
2.8475676649311463 2.0137916976998453 0.9618772865808016 0.5962376237623762 0.9047393364928906 0.4195556805399325 0.5083692142088266 0.41787026621672296 0.46056691619499757 0.31286770747740356 0.5377003282486966 0.39789959294436894 0.4505850371391378 0.538210953085784 0.2790222308138411 6.1239014874420885 6.622815881643803 3.0198345209281143 4.276456849298846 3.9968760826671357 3.5432810865561146 3.548629698360493 
3.4405989586873496 7.150974521328353 0.20427275503422004 2.0909900990099013 2.1829383886255918 1.668447694038245 1.3889827771797632 1.6650768653918262 0.7396065364250507 1.118052588331964 0.5793608804788569 0.3295902306648577 0.39000459453250624 0.5804446875603321 2.090577614537019 5.582440868080958 3.2406079023019254 3.1783864793629633 5.360392521867389 5.066255615973913 5.787251233695177 4.290019634321125 
6.5760571498484275 1.9032097607730947 7.044730041255756 0.01000000000000012 0.009999999999999953 0.10101237345331837 0.039031216361679055 0.10101237345331837 0.013282819061530171 0.010000000000000009 0.010000000000000009 0.058792401628222635 0.014818898843709183 0.01000000000000012 0.009999999999999998 9.0 1.7948707321886719 6.018592271529219 0.010000000000001563 3.025307176404109 0.010000000000000675 0.01000000000000012 
6.232948369380516 2.016999674281293 1.3728699395833712 1.9283168316831683 1.3308056872037914 2.1032845894263215 1.693810548977395 2.1015991751031122 1.0137219280628083 0.7782497945768282 1.4177794941108326 0.8663066485753055 0.50565816678153 1.4175983010489737 0.452114053740576 3.9660968869381463 2.482201369123623 5.420554215330135 3.631716722235753 3.046335003844337 6.600698259914529 2.9582064006229967 
5.942634956022891 2.143863957461552 5.571562269844977 9.0 6.443601895734598 8.726962879640045 9.0 8.726962879640046 9.0 9.000000000000002 9.0 9.0 9.0 9.0 7.534280688188673 0.010000000000000231 7.904148625288603 6.965709905218368 9.000000000000002 9.0 7.489466880899054 9.000000000000002 
2.03932192330175 6.904874224862089 1.2359800487404722 1.2469306930693072 1.7568720379146918 0.8442800899887515 1.0454467168998922 0.8425946756655418 0.8750228227131643 1.0146343467543142 0.6713612666537944 0.6772360922659433 0.7087403323378514 0.6724332325117447 0.8042064566015852 5.966066812972448 4.95188034553846 3.9477380805225124 2.901349002604073 5.449003714648312 5.714463544822501 2.0188356723305194 
3.031312652084665 1.6529689363935685 0.8261178273964567 1.7134653465346537 1.7568720379146918 1.7190101237345328 1.5680086114101186 1.717324709411324 1.1655523096585725 1.1032785538208714 1.3414018150222051 1.1383242876526458 0.8533072976491307 1.3423875410258064 0.6387612603904891 3.81556937332358 8.153224217176582 5.790855307492013 3.8633456910590276 2.284773716778909 1.557760306919043 3.327560766981202 
4.787675194736341 1.5527383192499764 1.1244979551755327 0.9246534653465349 0.9047393364928906 0.7431552305961755 0.7744886975242196 0.7414698162729658 2.667442030308563 2.070977814297453 2.993937053485229 2.32763907734057 2.111728309977793 2.9947100843040086 0.6269437463754107 4.387354710233278 6.010173720340213 4.0468196118618565 4.424919078140784 3.9988331279932554 5.0878435229370345 3.9017851284515395 
0.9096599420888785 0.3381088605861695 2.1674019053093585 0.97990099009901 1.3308056872037914 0.8594488188976377 1.050285252960172 0.8560779902512186 2.614916925324083 2.1817830731306493 3.0668430198880094 2.4764559023066486 1.7978114710161575 3.0676066670956943 0.8664221921515561 3.395407624156711 8.493298332465447 4.756342314394281 4.287015434772272 6.325739201119026 5.468539170261491 3.4318856404351035 
1.0577191718437762 0.7337903906757317 2.2442174280120004 0.9983168316831684 1.3308056872037914 0.9909111361079865 0.9244833153928953 0.9892257217847771 2.509046010589739 1.9675595727198028 3.386240586985905 2.03610447761194 1.3765020292518568 3.38580603642448 0.3019621109607578 5.464430220271479 4.989972750683017 7.742051701244478 3.5680255012110926 6.723914646459967 2.6506641806867295 2.7913573570712558 
1.4979249874254021 0.5637676318590246 2.471757171855072 0.7067326732673268 0.9047393364928906 0.5358492688413947 0.5906243272335845 0.5341638545181854 0.6271699835676466 0.5049301561216105 0.8883433095192123 0.4430325644504749 0.4409472394517191 0.8882302593474484 0.14103537599072108 6.331059497683492 5.1271225101709375 6.77353331711771 3.5422564411594184 6.471934650906428 3.540923334549194 2.6845188555758988 
5.050735444053235 1.7339330430218398 4.077992898501261 0.448910891089109 0.4786729857819905 0.44989313835770534 0.46482238966630773 0.44652230971128615 2.312076866897937 1.7976581758422352 2.796049430391968 2.260549525101764 1.431575158894249 2.7962693867044206 1.0826131838391648 2.7439742339266857 7.323741787754929 4.95393182262238 2.607496547159233 6.611155524265639 5.5700670430806065 1.873343157397666 
4.421835075651501 1.5618027181952279 0.7416584334788365 0.8202970297029705 0.9047393364928906 0.7380989876265467 0.7212648008611409 0.7380989876265467 2.797934088004382 2.1670090386195566 3.065107163545086 2.413025780189959 2.4380366031089675 3.0658710341720834 0.43230233906823895 5.134877265707553 7.758662144136047 3.7937387105392197 5.916741879744776 5.083640007966578 6.755745296584242 4.500196177520773 
1.2723225622272674 0.3647238755962001 2.3512854551006845 0.5256435643564358 0.9047393364928906 0.480230596175478 0.5567545748116254 0.4785451818522686 0.6427633741099145 0.5270912078882498 0.7147576752268779 0.5601343283582088 0.4313094417643004 0.7158240556020335 0.13165087956698243 6.477568072827767 2.247276827856126 6.78367806146251 3.1764264856345736 1.8955715324545392 2.6361924614718317 2.4284825652199133 
1.4338250567556186 0.33665408050853607 2.3645276545294514 0.8141584158415843 1.3308056872037914 0.7077615298087738 0.45514531754574794 0.7043907011623547 0.07483567646521827 0.10603122432210355 0.1315099440046339 0.01000000000000012 0.07333409908875088 0.13207284896067972 0.5866251691474967 6.732953344712673 4.305998178623315 4.508996957577541 1.7572427211006847 2.805077118322202 4.098694287772777 1.282026125245429 
4.570810891640951 2.971354056235232 0.7672277209937319 1.2162376237623764 0.9047393364928906 0.7987739032620922 0.827712594187298 0.7970884889388825 1.913214350922038 1.4578553820870996 2.171141146939564 1.710415196743555 1.4591117237154452 2.17144153420426 0.8511289387202784 3.6997508737706255 9.0 3.9809683915035414 5.1594868262304905 7.901889375735285 6.968132681391629 4.342526531187089 
7.740243879229482 2.2728544576783523 7.547233828522158 0.2800990099009901 0.052606635071090035 0.3942744656917884 0.22289558665231424 0.3942744656917887 0.5754655833485488 0.45322103533278557 0.7026066808264143 0.666257801899593 0.34112719197488317 0.7036746251367526 0.10558283394548616 6.372710314557425 2.3249793490123905 4.315852496341513 1.6332248529322158 1.6171297857361209 3.873641890269206 1.1026834193543045 
1.1608045703565741 0.18061959166906982 1.1496366020585973 0.4673267326732674 0.9047393364928906 0.36393700787401567 0.416437029063509 0.36393700787401584 0.19958280080335966 0.16512736236647496 0.16449121452017768 0.19419131614654006 0.2688437093192434 0.16562841881716972 0.23175217475352794 5.977758270340567 6.395779161643614 3.0516309457826694 2.0494925341075945 2.7374757760465394 2.226390772130899 1.4481303901182205 
2.5299399817838264 1.065424295296166 0.03842228170076689 2.296633663366337 2.609004739336492 2.189240719910011 1.7663885898815928 2.185869891263592 1.7802601789300714 1.657304847986853 2.040951921220313 1.4603541383989147 1.3069722030783368 2.041269064933393 0.9116068045621496 4.2255010972933436 5.173701270445904 5.558601602156408 4.30171715977337 3.9026672518086905 3.9317771892751177 3.3933061048655 
2.4926043691630078 1.2517107493397455 0.02474944164017101 2.443960396039604 2.609004739336492 2.3257592800899887 1.838966630785791 2.3223884514435698 3.3125159758992146 2.9500328677074776 3.969488318208148 2.3227598371777476 2.086945401638717 3.969557243065834 1.1556037115793543 3.71071161505324 6.139179144048069 5.7079049950754985 4.4912206883696175 4.302237612435271 5.515888431350679 3.7048842652041722 
0.9074601351259499 0.4025668086412968 2.0498370128198222 1.87 2.609004739336492 1.4055230596175479 2.013153928955866 1.4038376452943384 2.275965857221107 1.8493672966310597 2.7248793203321098 2.122710990502035 1.4439666130637874 2.725686981144218 0.3242068432244346 4.752712752987076 6.106730058184188 8.867186297535351 5.742016469856099 4.582178372594973 2.2668158304871175 5.41899239480726 
