1.7586246207089848 0.43503320166978 2.031645615613538 0.6925317662007624 0.8272727272727272 0.6855491329479768 0.6421530802738024 0.683997431369401 0.6243458171206224 0.5206859592711682 0.4733831049294336 0.43112384398874126 0.666829027073804 0.47457731115353163 0.2799003502069405 6.483464332199691 4.381687888644523 5.812832481280246 3.0413339499211105 4.435966027491987 4.166207140593243 2.574283991708853 
7.406337602515202 2.97789191340825 1.1432124483816644 0.5354637865311307 0.47193675889328063 0.4473747591522158 0.5470504044803984 0.4458612939476642 1.7393506809338521 1.3589817792068595 1.6833278789118435 1.6294290309609973 1.3325491408085055 1.6838266975729475 0.4167109200891436 4.35042952512911 6.476767379127251 0.00999999999999801 4.235386241883996 7.128963023184099 5.488632265655199 3.968008131701679 
1.8760650613567966 0.8634246813027551 2.500671961150715 2.294625158831004 2.6039525691699605 1.7291859344894025 3.388942128189172 1.7274666880719216 5.672475680933851 5.222851018220792 4.910460216813255 7.123920386007237 4.065446903201879 4.911351922552494 0.5415004775549188 3.8669013729688886 4.1628123569088284 8.857034173080471 6.750763601501763 6.92633455748367 3.9933568330993063 7.009819802088732 
5.368767867805656 1.76399371281015 5.806825501188089 0.3812515883100381 0.47193675889328063 0.4300529865125241 0.4743248288736778 0.43142880077058915 0.6013898346303501 0.49177920685959264 0.5708406627122115 0.6588560514676316 0.5812523179626652 0.5708024270520862 0.055508118433619864 6.787320821262126 1.3499994306009295 6.912655636792639 2.067836582907532 4.101654261631764 3.516569507548861 1.676632294614741 
0.7735819695104862 0.7566204313257201 1.0532025284333413 2.1204224904701396 2.9592885375494076 1.8504383429672444 2.074287492221531 1.8515861293947664 2.0432441634241236 1.811854233654877 2.0510922479034575 1.7649839163650984 1.5148164173569048 2.050953095173166 1.1004775549188157 3.626080950581518 8.706239261489403 3.6276162310093802 8.836832248904347 8.210740283890742 4.304362252215564 6.977545641168733 
4.9372399800148665 6.261884034007982 0.8541540937089067 0.8495997458703937 0.8272727272727272 0.3954094412331407 0.5806160547604232 0.3967908171456092 0.3652711575875487 0.43396570203644147 0.2821456330537945 0.3027985524728589 0.4901186796884658 0.2827399781838016 0.23439223177332058 6.107135239534788 4.4201009497102 2.930536071139077 5.225199837826748 8.133242456523973 5.388123153696182 4.39603831167537 
1.9880826458366334 0.6141964134439719 2.6912690036219358 0.7610705209656925 0.8272727272727272 0.3261223506743738 0.42957062850031114 0.3246283512602344 1.3545646887159533 1.0891854233654872 1.4295704643076297 0.8088701246481704 1.0835987143033752 1.4306994818652845 0.1264893346068131 6.150543309400851 6.184243707547148 7.284590452725098 2.06220728366082 5.223230542083672 1.2596062206037395 1.0720685016143816 
1.4915352603551018 0.394715514865734 2.2318347290469935 0.4783481575603558 0.8272727272727272 0.4084007707129095 0.6085874299937774 0.40833681168726915 0.6101349708171206 0.5110503751339762 0.6407158928206179 0.6443968636911941 0.47011373470144635 0.6412857922007091 0.10416459726201849 6.478934794474537 3.045868891119035 6.755079373359763 3.3069378336545547 4.035350564884641 1.8288788392068644 2.8751660720691996 
9.0 2.934124192412506 6.07654416683969 0.058548284625158764 0.010000000000000009 0.11393063583815027 0.1274797759800873 0.11391395087493983 0.22644212062256797 0.18344051446945342 0.2766291675189202 0.2774949738640933 0.16670540239831866 0.2766109899100082 0.11303724928366762 6.780903976151491 7.404951494316684 2.20777040312678 0.8441540046444569 4.0969917907170155 2.056128778780237 0.6876677910870175 
3.1235410852902117 1.7710589424048508 0.7802173737513556 1.623516518424396 1.5379446640316208 1.508333333333333 1.856110765401369 1.5080927917803821 1.5491439688715951 1.4360664523043947 1.4185375332378816 1.6601548049859263 1.371447644949932 1.4196673029724571 0.5257586755810251 3.780840156190956 7.984048118966445 5.827623293553021 3.9851191035756077 2.565454103707026 0.945751457998087 3.7407899758839243 
1.2402762579057045 0.48632493340273775 2.163497704570098 0.9409847522236339 1.182608695652174 0.8414450867052023 1.0785065339141258 0.8413116069995183 1.636595330739299 1.2722615219721334 1.7807854366946207 1.3528970647366303 1.2458610458647548 1.7806647122988821 0.1264893346068131 6.264914136960996 3.707912986332051 8.726694649320628 4.496553320227974 4.117741886499771 2.8898069451589583 4.228956257224858 
5.50335329815625 2.10492315543444 5.205273029275383 4.439317026683608 2.9592885375494076 4.028651252408478 5.240647168637212 4.026562851179964 6.748127431906613 6.14786709539121 5.535659644098999 7.235979091274627 6.795010508097416 5.535895827652031 2.2988580070041387 1.3050703279170341 6.1786129201394075 6.855404370751437 8.02130117504727 6.921441063235308 7.3246790335125604 8.129045596324792 
6.0235092796821865 2.4131690294661006 5.645782407086997 7.280819567979669 4.735968379446639 6.505664739884393 9.000000000000002 6.506065179001445 8.459987840466924 9.0 7.025105338515035 9.0 8.455420942020028 7.02462707935642 4.644672715695638 0.2296825796699835 6.846074515358353 6.509551889631702 9.0 7.359692327100445 6.940660244358692 8.937019472236617 
1.7604322394316432 0.4870956857221598 1.7950066325235898 0.9352731893265565 1.182608695652174 0.8804190751445085 0.8267641568139391 0.8817225878953283 0.5106590466926066 0.3954233654876741 0.44028431172018834 0.4401608363490148 0.53790827049079 0.44148077447504774 0.4501980261063356 5.702873997564767 4.350526599240327 5.412722971725746 3.0001355629050135 4.154894638969098 4.216861196513032 2.558382080360346 
1.5411626107407912 1.3890227094113927 1.627741654555102 0.4269440914866582 0.8272727272727272 0.2958092485549133 0.5694275046670815 0.29720661422379185 0.6768166342412452 0.5014147909967847 0.37408672530169806 0.7474185765983112 1.090267029299048 0.37467480229070094 0.20033269659344158 5.797239366838815 7.152163265693467 2.8977798332276627 3.9881977403887348 2.690773761131825 2.183148622225903 3.5533265984374385 
0.3962826433994229 0.010000000000000231 1.279368007013173 1.266543837357052 1.893280632411067 1.1489065510597303 1.352626011200996 1.150166960988923 2.4673832684824895 1.72513397642015 2.462988341174065 2.3668476075593077 1.9393658054147607 2.4628211071720747 0.293352435530086 4.920018894067264 8.14264863095111 7.417310936509335 4.8573018283575955 5.118135927410688 2.010222219505244 4.576177851078248 
6.165818171847774 2.245860722414445 1.2493992663852183 1.3036689961880559 0.8272727272727272 1.3221242774566475 1.3805973864343497 1.3204703804784075 1.466065175097276 1.185541264737406 1.3394681939046844 1.5589404905508641 1.2692001483496105 1.339990455413144 0.19088761540910537 5.434876348826471 3.687714669380803 5.550457901621979 4.596759216262527 5.264310691224431 4.26436575554914 3.9603707348427477 
1.3363539318311997 0.5830910519815877 2.080487403972594 0.5440311308767471 0.8272727272727272 0.43438342967244714 0.55823895457374 0.4357585487237116 0.4516293774319067 0.43396570203644147 0.3685702597668238 0.3787092882991554 0.47789343552973174 0.36915871284428703 0.11389589302769818 6.641620691102995 3.20165400939983 6.590757056524428 2.6574346755492027 4.475281998448787 2.7528228545256015 2.3445573653685177 
4.524829029624303 6.398105330842954 0.6969996770249383 1.115187420584498 0.8272727272727272 0.7721579961464353 0.955432482887368 0.770592390431851 0.8528125 0.8772025723472666 0.5395806913479241 0.713078005629272 1.0469229818271728 0.5395445868557405 0.5051512257242915 6.360034429189238 4.76810067450065 3.680322027913096 5.799240892285004 7.693416033566015 6.060754227747718 5.08604688185116 
7.7371866050864595 2.764081549751473 8.065991533439455 0.11566391359593392 0.08106719367588933 0.2092003853564547 0.1274797759800873 0.20916840584363466 0.5598504377431905 0.43396570203644147 0.561646553487421 0.6877744270205066 0.34008159228582 0.562834742296155 0.07525692454632284 6.633694000083976 0.2914540554262546 3.594210640364043 0.5223554409146018 1.072077270985768 1.9479890065862682 0.4006046956591063 
3.0336531360816954 1.11235932923033 0.011399923870164308 2.674444091486658 2.6039525691699605 2.517326589595376 2.107853142501556 2.5169240648579225 4.852619163424124 3.7967845659163983 4.943559010022501 3.335613188580618 2.9807343305723824 4.943222661576219 1.386692136262337 4.339860603770417 5.333290960552505 5.679643020521503 3.4835889580429367 3.066648724921271 2.4361145209179584 2.9090528211822857 
2.178978138214256 0.6817840513589928 2.415328454102937 1.2579764930114357 1.5379446640316208 1.105602119460501 1.2743061605476043 1.103982982822283 2.5034569552529176 2.4574383708467304 1.6483902638576398 1.940301568154403 2.661766596612684 1.6482785655849466 0.7515819802610634 4.080544569005333 8.355744074097798 3.674622153915294 4.159567300380381 4.796845476717782 2.3706641709137726 3.6046606559174084 
4.740209539245195 2.5399027322739016 0.45097601910166807 3.4140914866581955 2.6039525691699605 2.417726396917148 2.650497822028625 2.4187831112538127 1.4901142996108947 1.6576848874598071 1.4792186541214978 1.4251930036188178 1.0635937693163553 1.479731388055631 3.056181789239096 3.4131926774992656 3.0794829856440256 2.946553438575936 1.8132837491183036 3.2060818078177418 4.808915880493534 1.7029264409853708 
3.483038105799344 1.625992345142228 3.332330438092603 0.4269440914866582 0.47193675889328063 0.30013969171483623 0.4015992532669571 0.30153636217691443 0.5729681420233461 0.46287245444801706 0.48625485784414 0.5594491355046238 0.5779181604648289 0.48683528770111817 0.15253486150907353 5.779121215938197 2.845783979482654 6.2032016998258435 2.3601468672392816 4.034951524581126 3.8365499359054533 1.7247635727667714 
4.697976992724924 1.6724393480102482 1.0676165593928078 0.8895806861499365 0.8272727272727272 0.6725578034682081 0.9386496577473554 0.6724514368277412 3.54959387159533 2.6983279742765274 3.1690959296379635 3.4223683152392432 3.4030609469650144 3.17010635396782 0.5160273798153454 4.371567367846497 5.845756600877351 4.072495004052936 4.614135035153399 4.294537743077944 4.249768154556732 4.431515251923307 
8.165811347656014 2.6742522020474198 8.277068943640852 0.3812515883100381 0.11660079051383399 0.4473747591522158 0.5134847542003734 0.44730454326537156 0.8823273346303497 0.7712111468381563 1.0507731642462672 0.8088701246481704 0.47011373470144635 1.0507022088901008 0.20119134033747213 5.245013225847085 0.8931804734078774 2.8920438840779745 0.8604665923710115 1.9500499472026762 3.6973590836972265 0.8810439919081599 
3.4904329096647624 7.180694203741696 0.18125735345006566 1.974777636594663 1.893280632411067 1.465028901734104 1.6491225886745489 1.4633520629314496 0.9818032587548637 1.4553376205787778 0.6112947433012889 0.4618496180136711 0.6234849796019284 0.6124795473138807 1.7212769818529132 5.606243859428142 3.082341036828259 3.1985383744913776 5.661954809394787 5.371316498930036 4.904385797438663 4.898516313229961 
1.189169946746933 0.4543387121467284 2.014224340784831 2.0261817026683615 2.6039525691699605 1.4390462427745665 2.510640945861854 1.4373735752127146 2.475035262645914 2.1490996784565914 2.437244835344652 2.5584318455971045 1.9382544195821487 2.438305154076902 0.3271257561286215 4.501791577444683 6.30052799901304 8.580049156908853 6.280409432780423 4.534970027006064 1.9969182373670735 6.475873933710688 
3.681383178367313 2.308273309041918 0.7500412369944875 0.41552096569250313 0.47193675889328063 0.40407032755298655 0.47991910392034853 0.40256381441643924 0.8451605058365759 0.7423043944265809 0.561646553487421 0.7871813429835142 1.0569254543206825 0.5622218434687756 0.1831598217128303 6.465723642776169 4.421295359160325 3.688799688606032 1.2056981155460118 5.754395190303982 2.9571385382681585 1.1830011310638981 
1.4623394791679374 3.114461883911532 2.0268236556163064 2.00619123252859 2.6039525691699605 1.3307851637764931 2.4043497199751087 1.3320163750200673 2.492525535019455 2.563429796355841 2.466665984863981 2.5258986731001203 2.010494498701941 2.4664985001363506 0.31653581661891117 4.838864676491584 6.074208736954237 8.780374475325239 5.778618941260596 4.534633993066263 1.2236427709534619 5.838923994499143 
7.344714236970058 2.3809809445073853 7.253983839712093 0.2898665819567979 0.11660079051383399 0.37375722543352596 0.30090230242688254 0.3751420773799968 0.7631748540856029 0.588135048231511 0.741851094293312 0.9606915963007636 0.544576585486463 0.7430269975456776 0.08670550780006367 6.422693034387203 2.1687457799225145 4.343239018948484 1.4871703602866688 1.8919580798594562 3.113323991110467 1.0645206929884006 
3.6660458073871878 1.140271573940823 4.073201259602741 0.009999999999999953 0.11660079051383399 0.010000000000000009 0.010000000000000009 0.009999999999999953 0.13024562256809324 0.12562700964630202 0.10745755778277799 0.10036992360273422 0.24227963901594762 0.1086767112080721 0.05608054759630691 7.89101818029139 1.5140387713317063 3.7491173425574438 1.4600798128122143 3.754174165755562 2.484426534859817 1.1446573673615819 
2.255993651064453 0.7022456903150747 2.748769580363117 0.9295616264294788 1.182608695652174 0.4300529865125241 0.5190790292470443 0.4299855514528817 1.6978112840466928 1.3878885316184353 1.7145878502761307 1.161312826698834 1.3747818024477683 1.7150845377692938 0.1279204075135307 6.26151698366713 3.3528321198015654 7.637441513310488 1.7229564357851235 5.545991141263211 2.8809460787587016 2.0559712699804686 
3.283268848783222 1.1235352378619472 0.09093633930837264 1.7063341804320202 1.5379446640316208 1.7378468208092488 1.4757000622277534 1.7361261839781663 4.90071741245136 3.9798606645230445 5.320517488238904 3.4657458785685558 3.2508010878971443 5.320155440414506 0.6851801973893663 4.860757442163164 4.782369601681625 5.530616568085328 2.7710219912031935 2.418565267771205 2.5146574774305366 1.9320483467532987 
1.3071581506440335 8.93555042509977 2.1483577871594353 1.0523602287166454 1.5379446640316208 0.8760886319845858 1.3358431860609832 0.8773928399422057 1.6431541828793772 1.3686173633440517 1.672294947842095 1.4432669883393645 1.3847842749412784 1.673407417507499 0.16770423432028014 5.789312675819794 5.245629838409288 7.775176443206714 4.3586081796639835 6.318239139170008 1.633783360435186 3.802269900745407 
4.076320481105518 1.7754081876358738 0.624307333840866 0.963831003811944 0.8272727272727272 0.9280539499036609 0.9106782825140013 0.9293498153796755 0.9249598735408557 0.8097534833869239 0.6057782777664146 0.8685142742259748 1.2102966992211646 0.6069634578674667 0.3242636103151863 6.355504891464083 3.5107074546200803 5.403776334058314 2.0890465881546696 4.285863867006812 1.7574507863925826 1.7816297036313633 
4.827468224857118 2.3082366065505173 3.1120239001545675 1.0152350698856414 0.8272727272727272 0.9583670520231213 1.2407405102675795 0.9596580510515333 6.0845902237354075 4.7796141479099665 5.8979075475557385 6.475064334539604 4.41553344047472 5.897506135805836 1.3700916905444127 1.9180677667212502 7.245135244141714 6.018496922175583 4.129318009635213 6.169397105959088 6.739950628860133 3.701639918085064 
2.053595130451738 0.7242855364014005 2.6316944655916226 9.0 9.000000000000002 9.0 8.009813316739265 9.0 8.999999999999998 7.776280814576633 9.0 7.617340168878165 6.0970602052169625 9.0 9.0 0.010000000000000231 8.70455429101512 2.9885088402179782 7.432848240628813 5.348886233448273 6.124902503872478 7.061041874277516 
1.4462900159637346 0.46204623534094735 1.3238026276328245 1.3893424396442182 1.893280632411067 1.3004720616570329 1.397380211574362 1.298821640712795 2.9658560311284043 2.7465058949624863 2.575156473716507 2.464447125050261 2.646207194956114 2.5755944914098716 0.7641754218401783 3.8174539194692874 9.0 5.2515031179525025 4.102442293115191 4.976497621784269 3.6629090835561504 3.691606035994739 
6.270879163061626 8.51754575053329 5.789922716681663 4.176585133418043 2.6039525691699605 3.6952071290944124 4.88261356565028 3.6931722587895326 6.804970817120622 7.217416934619506 5.611051339742279 6.666648572577402 6.390466065026581 5.611895282247066 2.247339382362305 2.3208191627828874 3.5073375136715104 7.276473543551013 5.262780690042323 5.386690051675965 5.783108110522886 4.803687168653088 
2.9588286762286593 2.1260821417271405 0.9109806330311212 0.5840120711562895 0.8272727272727272 0.3954094412331407 0.6309645301804606 0.39534756782790165 0.6101349708171206 0.4050589496248659 0.5671630190222953 0.5630639324487332 0.7212869328718015 0.5677379329151897 0.22952658389048072 6.165641768484697 6.457038294459984 3.038977977704832 4.447843132211904 4.2925635436816085 2.804119492359912 4.006710248335792 
1.2196803597323944 0.5407547281504848 1.9589014233972373 1.769161372299873 2.2486166007905135 1.2398458574181117 2.3707840696950835 1.2396484186867875 3.028165126459143 2.4092604501607715 2.8840785436694625 3.1187253719340564 2.3250166893311905 2.885108399236433 0.2667344794651385 4.749028844942689 5.9420985202741665 8.923520678004188 6.089410149477645 4.882996178034444 1.6093990677840972 6.256539542392474 
8.394666833209442 2.701925880563807 8.65328552148938 0.33270330368487927 0.11660079051383399 0.3954094412331407 0.46313627878033603 0.3939043185101943 0.8910724708171205 0.6748553054662377 0.9974473307424833 0.8341737032569361 0.6012572629496848 0.9973800109080992 0.18258739255014325 5.3993949699794275 4.148799374610022 2.173967985810709 1.8017229308076317 3.2021544111463096 3.0203694441596847 1.3819989935026114 
1.37026047696226 0.5261287853271692 1.8190645834775188 0.963831003811944 1.182608695652174 0.8284537572254334 1.2407405102675795 0.8297656124578585 4.737839250972762 3.7775133976420157 4.472820617713235 5.007456775231201 3.805382618370627 4.4737421598036535 1.0455243553008597 2.9843964395179916 7.724775953328255 4.856155528446802 5.69535738160674 6.265124774560101 4.777590012160563 4.898068372065214 
4.416481458914709 2.396322585913021 0.519209345514108 1.5806797966963149 1.182608695652174 0.9453757225433523 1.6603111387678906 0.9466688071921656 2.604026021400778 2.5441586280814574 1.7973348332992436 2.3794993968636913 3.0229669922116456 1.7972129806381238 0.8248529130850046 4.354204139900071 7.847138935745686 1.1331998539337569 8.833753612091222 9.0 6.194233710439369 8.4009906774425 
4.93378907154434 1.8507216999908145 3.9124174106627922 0.44693456162642947 0.47193675889328063 0.42139210019267825 0.5806160547604232 0.4198828062289291 3.0762633754863806 2.341811361200429 2.959470239312744 3.3229613992762363 2.305011744344171 2.9598820561767107 0.8912546959567017 2.6737456438678264 7.156407684989455 4.985376722498216 2.5784478877683323 6.929757903245401 4.701110081794609 1.9915349334316585 
6.647959383872972 2.778689141329088 1.239133158004015 1.1408894536213467 0.8272727272727272 1.1489065510597303 1.128855009334163 1.150166960988923 1.9743762159533074 1.72513397642015 2.0970627940274094 1.9529533574587852 1.29920756583014 2.0975334060539943 0.5074409423750398 3.890303984548853 3.593654925183335 3.940820699673356 2.890846686941021 2.5938699737415076 5.25086004723152 2.5353579044923675 
1.5262634503600978 0.7373699745858728 2.336621623180382 3.1970520965692506 3.6699604743083007 2.551970134874759 4.574928438083385 2.5530052978006097 5.990580009727625 4.818156484458735 5.5650807936183275 7.678791716928025 4.173251328965263 5.565314971366239 0.4951337153772683 4.079789646051141 3.2882700232741886 9.0 7.346837572998719 4.803503149150103 3.3394663223838092 7.942903645314308 
2.674101339247633 1.1929580003470208 0.021510485154681902 2.16611499364676 2.2486166007905135 1.9110645472061658 2.085476042314872 1.9093161021030662 2.3679073443579766 2.1587352625937832 2.1595827367559837 2.137308001608363 2.1038509086413653 2.160049086446686 0.7504371219356892 4.204351933492884 5.011141668861226 5.593892384491298 4.476137097151456 4.197528945081438 3.1677363057276926 3.8198739885199506 
3.2932381399203043 1.1632656848035767 3.977332399012621 0.8410324015247774 0.8272727272727272 0.7981406551059731 0.9274611076540139 0.7980141274682935 3.547407587548637 2.8814040728831722 3.5295050112497455 3.5145456373140327 2.6017517616516264 3.5304908644668656 0.5372072588347659 3.751775622454551 4.079310339100871 5.790032985289045 3.3337389055209172 1.7230590208666234 3.3908559654952226 2.9294117471200236 
3.2861719940044614 0.9979760147789791 3.601012123099639 0.649695044472681 0.8272727272727272 0.5989402697495182 0.7876042314872432 0.598845721624659 0.5521984435797664 0.45323687031082527 0.48073839230926596 0.5413751507840769 0.6145938929410308 0.48131919825470404 0.1439484240687679 5.602469244657181 2.8860739696842455 7.371748019678812 3.772236192541447 4.937118644463757 5.507880130502701 3.069191787579224 
1.3543753427328458 0.8666545005460466 2.1461282787736184 0.9581194409148666 1.182608695652174 0.8847495183044316 1.1120721841941505 0.8846090865307432 3.338617461089493 2.563429796355841 3.5846696665984874 2.9904000804181736 2.216100877735196 3.5844259612762466 0.24841674625915314 5.484323802326072 4.827821147006977 7.79122988579546 3.654332231184368 7.043505391868278 1.9686657706910635 3.0957994927651775 
4.471038678544011 1.654528532206539 4.451854741965996 4.0080940279542565 2.9592885375494076 3.4527023121387286 4.7875108898568755 3.45214962273238 7.868598005836574 7.101789924973204 6.142470852935161 8.76503819863289 9.0 6.142052767930187 2.144588347659981 1.3280954780199026 6.365026109319878 7.918647322252632 8.166324813499749 8.589030491622513 7.911390141572295 9.0 
1.818276038556684 0.6981533625238583 1.6934343783883552 1.4835832274459975 1.893280632411067 1.395741811175337 1.352626011200996 1.3955193449991974 1.7371643968871593 1.5131511254019294 1.6116138269584788 1.486644551668677 1.4959228582024973 1.6115046359421867 1.1854832855778417 4.786020069698116 6.477151296450508 3.4801770852561376 5.31248492637298 5.053239372786484 1.992369433814269 2.5283252282058433 
3.303645641656817 1.0914939628688372 3.9617258403119022 0.6639739517153749 0.8272727272727272 0.5902793834296725 0.8099813316739267 0.5887429764007064 0.9686855544747079 0.7615755627009647 0.8944733074248316 0.9516546039404903 0.9435640993942394 0.8944130079083719 0.1722836676217765 5.29408321786959 3.1014729167704633 7.028889776165521 3.7852571331017515 4.4189753114107635 4.8064343305999495 3.1807291376011486 
1.5337130305504445 0.5529399552956307 2.293068436108612 0.6182814485387547 0.8272727272727272 0.499340077071291 0.7931985065339141 0.4978182693851341 2.2749902723735405 1.7636763129689177 1.9315688279811827 2.233100120627261 2.289452342687601 1.9326636214889554 0.5123065902578796 3.759702313473569 7.713023817488617 4.4027630195584315 3.489766258283584 4.7731970882042365 3.819145266549607 2.895726571531072 
6.569464910249693 2.792911356746992 1.3591118185802946 1.6920552731893264 1.182608695652174 1.5689595375722543 1.8896764156813939 1.5701525124418045 6.318522616731517 4.692893890675241 6.5323010840662725 6.1931101728990745 4.172139943132649 6.5318564221434405 1.2023699458771093 2.5695662761892772 7.319145972569199 3.316756647217918 4.3199986877089565 5.9461025529608555 4.74702932360739 3.942520279427593 
2.794828359391185 1.4229358114659567 0.5686214732276746 0.6439834815756034 0.8272727272727272 0.4300529865125241 0.6589359054138147 0.43142880077058915 0.7620817120622567 0.6748553054662377 0.48625485784414 0.6425894652191395 1.2080739275559402 0.48683528770111817 0.287341929321872 6.057687786035187 3.56149118499064 3.3127162302068207 3.8650650120728756 5.233542583611336 4.1310342357983325 3.2295323275002996 
5.223994041018268 2.1143189932331063 4.964589821671628 3.716804320203303 2.6039525691699605 3.3920761078998076 4.077037958929683 3.390089902070958 5.580651750972762 5.145766345123258 4.415817140519534 6.370235223160434 6.278216095932748 4.416129670029997 1.7229942693409745 2.0860381240290553 4.582242032564881 7.033543470758659 6.384070830099015 7.349443291936494 6.764529387090616 6.279922071192251 
3.4949793446338715 1.1329127244149142 4.232792580801441 0.7268011435832273 0.8272727272727272 0.6855491329479768 0.76522713130056 0.6854406806871087 7.667459873540855 6.629646302250803 7.27702393127429 7.9264053075995164 5.534698973915194 7.276528497409327 0.46393632601082463 4.085451568207585 5.073080330346359 5.063335125721302 2.4972836608221787 4.228948118452898 3.3931388222968133 1.7565002042890747 
1.0059979161843025 0.20511044428794567 1.4266711075737657 1.2122839898348157 1.893280632411067 0.9756888246628133 1.279900435594275 0.9755337935463155 4.358518968871594 3.4402679528403 4.081151564737166 4.58271813429835 3.26858326121894 4.0820998091082625 0.8569089461954792 3.1025418818490995 7.990361426059971 6.134911437307888 4.5184715393842225 6.60699730406586 3.521071808463115 4.196883669828996 
5.7449168910932125 1.9690872347591786 0.7625887027937344 1.717757306226175 1.182608695652174 1.6642292870905586 1.671499688861232 1.6654069674104992 2.2946668287937735 1.8407609860664524 2.4041460421354066 2.2385223160434253 1.5270416615156388 2.4039828197436597 0.26043775867558105 4.942289121215939 4.998792328296524 6.007746526913909 3.5284686009053594 5.731082835730239 4.508665253420335 2.9110237623071713 
1.4003326793482902 0.2723861110260575 1.6241122222991216 0.5268964421855145 0.8272727272727272 0.45603564547206177 0.6309645301804606 0.45740728848932405 0.576247568093385 0.47250803858520907 0.5230312947433015 0.593789706473663 0.48678452219062907 0.5242221161712572 0.12620312002546957 6.683518915060672 2.49690977634479 6.951508575372589 3.349317790920038 3.913790287161372 1.3117906360831126 2.7768429864073028 
2.8588071069082766 1.067563938475357 0.0742409509308608 1.863402160101652 1.893280632411067 1.5776204238921 1.956807716241444 1.5759255097126346 2.4630107003891046 2.2069131832797426 2.512636530987933 2.229485323683152 1.909358387934232 2.51307881101718 0.6141989812161732 4.046195574589579 4.200777514430708 5.2995552202630805 4.321660896703859 4.642563894106323 3.4569615799517157 3.817835856220354 
2.0618115791910894 0.7149080498484344 1.5874549565137155 3.4654955527318934 3.6699604743083007 3.29247591522158 3.159576851275669 3.2919489484668483 4.0928854571984425 3.2571918542336555 3.8218776845980775 3.7115520707679934 3.5542094202002725 3.8216178074720473 2.9439856733524357 2.4884120586135956 6.565516267019694 4.216723461288435 4.777273656628111 4.123727491052489 3.8020914807391906 4.584240792043689 
6.223881076272529 2.956512712167142 0.6553130551133881 1.5121410419313852 0.8272727272727272 1.4996724470134877 1.7106596141879278 1.4979900465564295 1.7808900778210115 1.6480493033226153 1.8212395172836988 1.8173984720546836 1.164729880084065 1.8223418325606764 1.2604715058898441 3.9737229709871102 5.23180881477211 3.9594715531978046 1.5451510501669805 3.236261856036182 3.2725278879459916 1.2798460108821306 
2.234302226392562 6.938549516723313 1.174995905137611 1.1894377382465056 1.5379446640316208 0.7591666666666668 1.2519290603609212 0.759046395890191 1.1621716926070038 1.3204394426580923 0.7087523010840667 0.9769581825492559 1.1380566201013724 0.7099304608671941 0.6619968163005412 6.002578410379144 4.789813332004735 3.972783284243306 2.907590757177756 5.757419495762197 4.8362594319615 2.1665455464981864 
0.2056062563215173 0.2618891984853595 1.0734236510023765 1.0723506988564167 1.893280632411067 0.9323843930635838 1.375003111387679 0.9336795633327983 1.9754693579766534 1.5902357984994642 1.7660748619349569 1.9240349819059106 1.6715218197552235 1.7665680392691574 0.31596338745622415 4.74600915312592 6.829566070458389 7.882968997038546 5.139454977987734 7.513889901226953 4.651246570730188 4.932649429983657 
5.9935466299460165 2.12923855598763 1.3068479940941709 1.823421219822109 1.182608695652174 1.8374470134874756 2.00156191661481 1.8371536362176915 1.3469126945525287 1.0121007502679524 1.4994456944160368 1.2571049457177321 0.8101977994807765 1.4993441505317702 0.37206144539955427 3.936354284754589 2.3256186639525316 5.454966974582867 3.725672493468416 3.3336906964574395 5.665739678332845 3.2964995316299284 
6.473277683674341 2.2894082284617827 1.3704149076060634 0.9438405336721727 0.47193675889328063 1.0233236994219654 0.8715183571873056 1.0217177717129557 1.2682064688715948 1.20481243301179 1.1831683370832486 1.2787937273823884 0.9935764618617879 1.183088355604036 0.28934543139127666 4.915866817819207 1.457240336230151 5.090788316305648 1.917939194751483 3.694339122349621 5.90105993945111 1.3398029357834738 
0.010000000000000675 0.19525582534676533 0.9583187994555571 0.9723983481575602 1.893280632411067 0.8154624277456646 1.3414374611076538 0.8167763685984908 1.3097458657587546 1.0891854233654872 1.1316813254244225 1.3836228387615597 1.313655581654098 1.1322177529315514 0.3231187519898122 4.634280555905448 7.421374624255927 7.292635211595414 4.612325357452486 8.09010409950193 3.657092026224686 4.346048077689641 
6.206900415544536 1.999642058850547 6.746537361293748 0.09567344345616263 0.11660079051383399 0.17022639691714836 0.13866832607342883 0.1687574249478247 0.2723540856031128 0.2219828510182208 0.22514215586009423 0.3317169280257337 0.2745098281617011 0.2257403872375241 0.02803151862464183 8.640656673804427 1.72905380109467 6.087039710756734 0.00999999999999801 3.4524366899348675 3.825139879410087 0.04290127855064396 
8.334248546812738 2.6340446227175773 7.994802812190003 1.0066677255400254 0.47193675889328063 1.0839499036608864 1.0785065339141258 1.0852207416920854 1.1731031128404668 1.2337191854233653 1.3100470443853554 1.1107056694813022 0.7046161453826185 1.3111842105263156 0.2655896211397644 4.597289331150019 2.317407098982911 2.603262293240025 1.1168964661095764 1.4176461738293478 3.061515824252097 1.0120443855383268 
6.042242782807912 2.1597566775875974 4.308751413015896 0.604002541296061 0.47193675889328063 0.5036705202312138 0.6980958307405104 0.5035912666559641 2.822654426070038 2.052743837084673 2.926371446103498 2.7102533172496983 2.022719742860675 2.9267855194982273 0.4839713467048711 3.722333627241048 7.31763163201636 3.164880257782844 4.001533644975455 6.404557857456571 3.903196671974178 3.45292058635947 
2.207516603502273 0.8964385723179931 0.5207129674487283 3.9595457433290977 4.025296442687746 3.6345809248554914 4.5805227131300565 3.635442286081233 5.711828793774318 4.818156484458735 5.074115361014524 5.594861278648973 4.961223884287303 5.074383010635396 3.3790318369945878 2.347618927656716 8.03289093398055 2.5008088618871476 6.518567751784199 6.392313620775046 4.633503700366698 6.745691294295852 
4.821388052789998 1.5415766149198287 5.079902069347361 0.5840120711562895 0.47193675889328063 0.6032707129094413 0.7148786558805228 0.6046187188954888 0.9905483949416338 0.8097534833869239 0.8724074452853346 1.0546763168476074 0.8679898627766103 0.8729615489500953 0.08670550780006367 6.081090397615151 1.6689707400052667 7.562116596174992 3.234778300781562 4.002440240905311 4.203345838745082 2.6321803872523626 
4.857211769293575 2.086406748522613 0.952563556878216 0.8438881829733162 0.8272727272727272 0.6205924855491329 0.7316614810205352 0.6219377107079789 0.24502553501945523 0.3183386923901391 0.12952341992227467 0.09675512665862485 0.4378835455556931 0.13074106899372817 0.32168767908309454 6.917167569383215 2.919965337831586 2.9645549393664545 5.593197980367881 5.792808070047564 4.707337207847844 4.011637601148006 
4.503575815551845 3.068253447237618 0.7234945324935991 1.160879923761118 0.8272727272727272 0.7201926782273602 1.000186683260734 0.7200786643120884 2.5449963521400774 1.8985744908896036 2.297494375127839 2.5078246883795736 2.3494671776486586 2.2979513226070356 0.7006357847819166 3.6611848679514636 8.82894350374973 4.006224950040526 5.436921205225916 8.231805411492061 6.009643600467613 4.961676017459243 
7.713523232717127 2.5313877542688594 2.4686292592336274 0.20990470139771283 0.11660079051383399 0.30447013487475916 0.27852520224019917 0.30442286081232933 0.8746753404669259 0.6748553054662377 0.8797627326651668 1.0546763168476074 0.5823637037952776 0.8809292337060268 0.10960267430754536 5.928595960868288 0.9010081210542431 3.8891250070224146 0.8537540353455881 0.010000000000000009 2.436537272177511 0.8029678468928132 
3.8872326074505557 1.235275972932423 4.107577167970104 0.5069059720457434 0.47193675889328063 0.48634874759152225 0.524673304293715 0.4877155241611815 2.663055690661478 2.1490996784565914 2.468504806708939 2.6162685967028545 2.332796390159476 2.4683371966184895 0.2332473734479465 5.217458538019063 2.1999283980668904 4.308246121620211 2.486463827244174 3.965812541466924 3.9357950215984046 2.150442061625543 
6.280355467274345 2.38397219755657 1.0703127090686797 0.5868678526048283 0.47193675889328063 0.5339836223506743 0.6757187305538271 0.5353427516455289 1.150147130350194 0.925380493033226 1.2015565555328296 1.0854020908725373 0.884660650265793 1.201475320425416 0.564683858643744 3.7166717050846043 5.820972604787224 2.1149490373271504 3.430931706389458 4.359098263762347 3.925255832697718 2.9863674662175637 
3.607161258088495 1.0766111026057141 3.2681413361939713 0.05283672172808124 0.11660079051383399 0.04464354527938341 0.054754200373366535 0.0460812329426874 0.09307879377431894 0.09672025723472666 0.01000000000000012 0.010000000000000009 0.1789306465570526 0.01000000000000012 0.05894269340974211 7.386352185413783 0.010000000000000675 4.238043876052359 1.2227189171816768 2.9189198041359457 2.2119760306149034 0.8398558018097024 
1.5559522184716252 9.0 1.0701053129397655 0.9466963151207115 1.182608695652174 0.8154624277456646 0.9666210329807093 0.8153331192807836 0.7817582684824902 0.6748553054662377 0.6554264675802827 0.7148854041013266 0.8679898627766103 0.6559953640578129 0.3892343202801655 5.706271150858633 6.467702664550398 3.3784090817890693 2.461559821941547 3.0980678982927303 2.6197576680683126 1.4538039622115038 
8.591094734404894 3.130904600059198 9.0 0.8181861499364675 0.47193675889328063 0.9237235067437379 0.8211698817672682 0.9235768181088457 1.0408329280155637 0.9350160771704182 1.140875434649213 0.9841877764374747 0.6057028062801335 1.1420241341696211 0.28963164597262026 4.789039761514887 5.537513647783969 2.626747217117039 0.8714812302890529 3.471443609654902 2.337786805458241 0.9076516970941129 
4.31295420479887 1.7867859599701974 0.7218872124945213 1.3522172808132145 1.182608695652174 1.3091329479768785 1.458917237087741 1.3089243859367476 2.090249270428015 1.667320471596999 1.992249948864799 2.318047848813831 1.7682123871924835 1.9927277065721298 0.5034339382362305 3.5819179577612634 6.867509899240089 5.878777858925691 3.5645929720739193 2.308115112182632 1.918878354853363 3.154412594172281 
2.182867257284216 0.668938179368628 2.928996816388678 0.7753494282083861 0.8272727272727272 0.3088005780346821 0.4239763534536405 0.3087526087654519 1.4780897373540849 1.2144480171489818 1.5803538555941916 0.8956252513067953 1.0747076276424776 1.5808596945732203 0.12706176376950015 5.983327875047236 4.192821894343258 6.933615300037719 1.2940082026290778 4.50781428424584 1.8180564069622767 1.4247549776776818 
1.562525377463107 0.6656166038968336 2.3734862850947014 2.3774428208386276 2.9592885375494076 1.8894123314065512 3.400130678282514 1.8876673623374536 4.970678501945525 4.172572347266881 4.5243076293720605 6.196724969843184 3.4030609469650144 4.523999863648759 0.3766408787010507 4.455363815761853 3.6639331240791737 8.846716679641418 6.673735780729127 6.896028496537803 3.6496558315691265 7.016561316618169 
1.7488744348716194 0.4593669534686715 2.077998650425636 0.30128970775095293 0.47193675889328063 0.21786127167630054 0.25055382700684514 0.21927115106758704 0.08433365758754863 0.05817792068595917 0.022871752914706667 0.02084439083232814 0.2144949932006428 0.023483774202345487 0.12877905125756128 6.61633077213755 4.86636218051374 5.224915731013393 3.442969522243029 3.9941444030164557 2.3954331672110554 2.86407952824172 
2.740983231985962 1.870394235381774 0.9203653078644436 1.5406988564167723 1.5379446640316208 1.47368978805395 1.7218481642812695 1.4734548081554022 3.8633256322957186 3.4402679528403 3.9046246676211904 3.5976859670285473 2.7895759673630858 3.904972047995636 0.5526628462273161 3.5724814208338587 5.861795813493332 6.041693244837521 4.304612786048564 3.2441796557427605 2.317498972512234 3.901511265795034 
0.7016606548786877 0.15449770864590673 1.557486215885759 1.2608322744599745 1.893280632411067 1.2355154142581888 1.4421344119477286 1.235318670733665 1.620198200389105 1.2722615219721334 1.6686173041521788 1.5264073180538795 1.1569501792557793 1.6697300245432232 0.3434399872652022 4.414597976235463 6.2157249280540565 7.716157494723156 5.02647938437349 2.964452402979077 3.745840198142905 4.68034656894009 
3.738733990567993 1.6112012411076073 4.00444944286802 1.7234688691232527 1.5379446640316208 1.3264547206165704 1.7274424393279402 1.3262433777492375 3.334244892996108 2.5441586280814574 2.3122049498875032 3.248858061921994 4.000986524910372 2.3132737932915184 0.9525046163642151 3.137645799219045 8.240760835782934 4.043129830418696 5.878196729843623 7.022650285479335 5.556779768695338 5.966945579383746 
4.370031135374904 1.6813580534207009 0.698866242185157 0.7924841168996188 0.8272727272727272 0.6682273603082852 0.8771126322339763 0.6695649381923261 3.723403453307392 2.8235905680600215 3.244487625281245 3.548886208283071 3.929857831623193 3.2454929097354785 0.3557472142629736 5.143853549985307 7.590362232708657 3.8178044317461364 6.2851193283662035 5.388853270163438 5.810857503200025 5.151334306612987 
8.10961083827884 2.6253828347469312 1.8949715666597466 0.3212801778907242 0.11660079051383399 0.3824181117533719 0.3512507778469198 0.38235832396853425 1.6431541828793772 1.2818971061093247 1.7403313561055436 1.5354443104141535 1.0124700210161948 1.7414391873466049 0.1668455905762496 5.751566528110176 4.409564552060868 1.9562544441858414 1.760688397909325 3.4962681169577525 2.9294694683303364 1.4324595657113248 
3.5986709277244975 1.1770107678332675 0.010000000000000231 1.9290851334180428 1.5379446640316208 1.5689595375722543 2.0127504667081517 1.5701525124418045 3.1320136186770426 2.3514469453376203 2.212908570259767 3.2651246481704863 3.7175831375942647 2.212758385601309 1.097329194524037 3.2822135449468868 8.466226948234505 4.692735090408583 6.713896424999224 5.392633651986206 5.062304530445142 6.936290259895564 
5.015351019363643 2.281608949039061 4.1110510531293984 1.5549777636594666 1.182608695652174 1.408733140655106 1.8393279402613567 1.4070653395408572 3.681864056420233 3.449903536977492 3.3713663325833503 3.960973059911539 3.0507516380269504 3.3723629670029993 2.0567204711875195 1.142006969811479 6.990832674965658 6.187653309363487 6.196902091949883 7.765180281834917 9.0 6.190356235301152 
6.250831028137605 2.018709003133389 6.817622384478743 0.044269377382465 0.08106719367588933 0.11826107899807325 0.0939141257000623 0.11680044951035479 0.010000000000000009 0.010000000000000009 0.01000000000000012 0.05337756332931254 0.010000000000000009 0.010612898827379369 0.009999999999999997 9.000000000000002 2.2469795989058055 6.065250319018308 0.1592000978547894 3.627951417117546 0.010000000000000675 0.010000000000000009 
5.966541901756011 1.9323113383753332 6.5571328465637775 0.35554955527318916 0.11660079051383399 0.43438342967244714 0.435164903546982 0.43431529940600416 0.16741245136186755 0.12562700964630202 0.1828492534260585 0.18712505026135884 0.1022450241068118 0.18345036814835036 0.08641929321872015 6.7695801318386035 3.39220497417538 6.037616752674538 0.7917388929650464 3.607180319213553 0.8523657047625584 0.6691006298082676 
