1.624261437742164 9.0 1.1126300981997703 0.9860396039603961 1.8556291390728479 0.8531418522860488 0.7721112311015118 0.8513853067604534 0.5863452054794522 0.5197041906327035 0.6210214327090172 0.5003636363636363 0.5369192460925529 0.6215213334191388 0.5631541019955654 5.679260749410714 6.509558916517528 3.354200058962732 2.5031411187186006 2.9856801037326184 3.3463049083533543 1.4263083748249896 
3.0891251900723393 2.1260821417271405 0.9471223327994434 0.5962376237623762 1.2602649006622513 0.34198710433763174 0.4808585313174947 0.340230558812036 0.45744748858447526 0.31286770747740356 0.5377003282486966 0.39789959294436894 0.44599984676677923 0.538210953085784 0.3314273835920178 6.1239014874420885 6.499070817418409 3.017208473104226 4.276456849298846 4.136703022608218 3.5432810865561146 3.548629698360493 
4.503083911768263 1.7867859599701974 0.7504436686042677 1.4218811881188116 1.8556291390728479 1.4538804220398587 1.1992818574514037 1.4521238765142637 1.5690876712328772 1.2805669679539853 1.8829889940142883 1.582335142469471 1.0948337419552558 1.8833264688847415 0.7288511640798228 3.623025684792327 6.902757751743542 5.836598487685556 3.4879080078966513 2.2244770259714244 2.597470224009501 2.8400845021415497 
4.3182242949031995 1.8211945456586751 0.6030560104618452 1.7410891089108915 2.450993377483444 1.5171160609613128 1.3885961123110149 1.515359515435717 0.5855242009132422 0.5935743631881675 0.47868121258930285 0.471088195386703 0.5410519460619061 0.4791994336829911 0.7213761086474502 5.632860277980981 2.975342210690628 5.675964279738331 3.9232058489739483 4.353348303426913 5.741275069560211 3.201786267573546 
0.413350871946915 0.010000000000000231 1.3302871008572232 1.3298019801980199 3.0463576158940393 1.2589038686987102 1.1070518358531318 1.2589038686987104 1.852334246575343 1.3248890714872639 2.3273682178026647 1.6152700135685207 1.2009063745019921 2.3270699530214296 0.4240350147819661 4.918219946354549 8.156819761025336 7.364074006199054 4.642013737957997 4.932229350838213 2.6950639933841183 4.022048265634967 
1.6146523982516534 0.503520050624126 2.339080929328558 0.5256435643564358 1.2602649006622513 0.4052227432590854 0.529400647948164 0.4034661977334897 0.6397105022831053 0.5270912078882498 0.7147576752268779 0.5601343283582088 0.4267139135764633 0.7158240556020335 0.15534830007390985 6.477568072827767 2.20541085582422 6.777768101160927 3.1764264856345736 2.094125577699288 2.6361924614718317 2.4284825652199133 
1.9548581535466392 0.748160507057779 1.574584975495048 1.6950495049504952 3.0463576158940393 1.701553341148886 1.1410313174946003 1.7015533411488861 1.1060410958904114 1.029408381265407 1.289326124734505 0.8870434192673 0.7297785779957096 1.2897400090095887 1.3081679600886917 5.3120759164431455 7.458836765978892 1.781059297387312 4.122068419312187 4.548480839405789 5.775010797030894 3.2871565236481723 
1.0500069348568823 0.20511044428794567 1.483499079189687 1.2714851485148517 3.0463576158940393 1.048118405627198 1.043947084233261 1.046361860101602 3.2726721461187225 2.639778142974528 3.854921799575207 3.110757123473541 2.0246912350597612 3.855584014415342 1.2417230229120475 3.1590209704950016 8.007049705889902 6.0908912137558495 4.339512539701568 6.366904792455973 4.3092885163603425 3.7067275924345733 
1.7658231802362954 0.4759014258448413 2.3523474364280963 0.8141584158415843 1.8556291390728479 0.6423563892145367 0.4274622030237579 0.6388432981633448 0.07157534246575348 0.10603122432210355 0.1315099440046339 0.01000000000000012 0.06854658289917254 0.13207284896067972 0.6989509423503327 6.732953344712673 4.225607528098538 4.505071631753818 1.7572427211006847 2.978212368223782 4.098694287772777 1.282026125245429 
1.1810444912423588 0.6066173489696565 2.010330411935141 1.7994059405940592 3.641721854304635 1.3537573270808907 1.8546004319654426 1.350244236029699 1.4557890410958907 1.2657929334428926 1.7718941880671948 1.2773826322930801 0.9336584431504749 1.7728245060814722 0.4132377124907613 4.608761684142081 5.871567848318054 8.775935874042851 5.398862441969766 4.0430628811464615 2.555703686063139 5.077492751041778 
7.7331510971707065 2.97789191340825 1.1886698340141928 0.5440594059405942 0.6649006622516557 0.4052227432590854 0.4080453563714903 0.4017096522078938 1.3055452054794523 1.0441824157764996 1.5913651284031665 1.1175875169606515 0.8248306772908367 1.5917401377179998 0.6030210643015522 4.3668946598390646 6.518473800751781 0.00999999999999801 4.086779403115521 6.869873981076902 6.411472852677053 3.5164552594298595 
5.07138996163561 2.086406748522613 0.9903733030995614 0.8755445544554455 1.2602649006622513 0.6160082063305976 0.5682343412526999 0.6160082063305979 0.1832319634703199 0.24638455217748567 0.12456651863294066 0.08318860244233384 0.2703600980692616 0.1257088615741041 0.4651478196600148 6.851329350564905 3.0204620130150426 2.9433203190361965 5.299007740619022 5.5823473331847575 5.576720239835768 3.552725981094717 
3.6489661337218564 1.1329127244149142 4.402184569978584 0.7497029702970298 1.2602649006622513 0.6950527549824146 0.5973596112311014 0.6932962094568192 5.757852968036531 5.084880854560395 6.871840123575979 5.367405698778834 3.4291204413116767 6.870956947036489 0.6715424057649668 4.110413313825897 5.137988244929194 5.027016405982327 2.5350346784722273 4.075402830585815 4.1726021346870565 1.677950470975172 
8.847971268060851 2.815703603907041 8.753437111954934 0.15425742574257428 0.010000000000000009 0.1312016412661195 0.17018898488120948 0.12768855021492775 0.4500584474885847 0.37196384552177497 0.6678895539679474 0.38692130257801916 0.20836959852896114 0.6689619666645213 0.18068043237250556 6.071655287328294 3.674856468205543 2.32535317880847 1.585277237033111 1.9489600850031183 4.26711095268097 1.0930385354619037 
1.8258224803883527 0.6993645447400925 2.4597737865999605 0.7067326732673268 1.2602649006622513 0.4631887456037513 0.5633801295896329 0.46143220007815566 0.6241114155251144 0.5049301561216105 0.8883433095192123 0.4430325644504749 0.4363568801716213 0.8882302593474484 0.16656088322246862 6.331059497683492 5.031366229487541 6.767632207995028 3.5422564411594184 6.542588835686902 3.540923334549194 2.6845188555758988 
1.39496001323349 0.5830910519815877 2.1635423902676054 0.5532673267326734 1.2602649006622513 0.3894138335287221 0.4177537796976242 0.38941383352872216 0.3384018264840185 0.33502875924404285 0.3502278432129756 0.2734789687924015 0.2951562978853816 0.3507625973357359 0.16365391722099037 6.584617979354631 3.2974946626192 6.543460634407147 2.6780144398261925 4.312771583385673 3.4884746443109345 2.166823195837855 
2.9846840822766705 1.067563938475357 0.07681789551352436 1.9712871287128717 3.0463576158940393 1.7805978898007029 1.631306695464363 1.7770847987495113 1.8490502283105028 1.6942399342645853 2.374236339061595 1.5225644504748983 1.1823092246399018 2.3745105862668123 0.8895648558758317 4.0724160773795015 4.280103691017566 5.261538767997578 4.163803764016798 4.473965386442273 4.240791755469609 3.3916117333708895 
2.075485917150729 0.6141964134439719 2.7988247221072466 0.7865346534653467 1.2602649006622513 0.25767291910902684 0.30610691144708413 0.2541598280578352 1.0165515981735165 0.8373459326211997 1.3518169530797448 0.5637937584803259 0.6705432117683114 1.3528013385674749 0.18192627494456765 6.109287165731937 6.230785242462917 7.232307395042348 2.1466068144133565 5.033499129933659 1.8930895535585988 1.1089581797244568 
1.273131119693086 0.5407547281504848 2.037079141696811 1.87 3.641721854304635 1.369566236811254 1.9905183585313173 1.3678096912856583 2.2735095890410966 1.8493672966310597 2.7248793203321098 2.122710990502035 1.4399141893962613 2.725686981144218 0.38541389504804147 4.752712752987076 5.992642464318297 8.859458499000024 5.742016469856099 4.705647327106675 2.2668158304871175 5.41899239480726 
1.7672530968271447 0.4333265358196312 1.1432077791974855 0.5256435643564358 1.2602649006622513 0.4052227432590854 0.320669546436285 0.40522274325908547 0.2095041095890412 0.16512736236647496 0.2964162965823517 0.16979511533242875 0.14018004903463083 0.29637943239590714 0.35800535846267556 5.471372023083802 4.5073388460991035 5.275865118762098 4.120386132371763 5.041816851597973 4.946974615672928 3.5043153669629774 
0.4259341379463928 0.11221643855190533 1.1838701627464738 1.6183168316831686 3.641721854304635 1.7700586166471275 1.296366090712743 1.766545525595936 1.8145680365296812 1.5686606409202963 2.3082737980305077 1.5603785617367705 1.0183787925222187 2.309135079477444 0.7408943089430895 4.108586523612129 6.712188991112531 7.3330932726707765 4.614674543428594 4.142227932618821 3.665369279558191 4.033555096224743 
8.046074043912279 2.441062922930893 8.52278324665119 0.3721782178217822 0.06953642384105962 0.43684056271981225 0.24785637149028072 0.4368405627198124 0.5732091324200916 0.45322103533278557 0.7286445259702644 0.6260040705563092 0.32201884768617844 0.729709118990926 0.12877032520325205 6.412168983174837 0.009999999999999787 3.9144320056094273 1.1792528141172056 0.261251860005988 4.865239212766322 0.9222607843787025 
6.3044928329208485 2.084755136409566 6.876334215151679 0.11435643564356435 0.06953642384105962 0.11012309495896827 0.15077213822894164 0.10836654943337243 0.26040639269406407 0.20206244864420708 0.3085672909828153 0.32105156037991867 0.16497624885075085 0.3085288628611881 0.03242516629711753 8.169906526863368 4.401912473954748 5.898882297634319 1.4680681611288335 3.4283002753146534 0.4119379992182326 0.9741346193675597 
5.131560851778568 1.6758526797105449 5.523204419889503 0.7251485148514852 0.6649006622516557 0.742479484173505 0.665318574514039 0.7424794841735051 0.9689333333333336 0.7782497945768282 1.200797451245414 0.9577924016282224 0.6202620288078455 1.20180127421327 0.22636132668144862 5.408165081687393 2.182672656977328 7.336209253962057 2.9606353950214377 4.295609958151272 4.769745739719709 2.2683179103117466 
8.467499061567533 2.6253828347469312 1.9705848195271773 0.3138613861386139 0.06953642384105962 0.32617819460726843 0.23814794816414686 0.3244216490816726 1.2332968036529686 0.9850862777321284 1.6451766750337904 1.054157394843962 0.6264610787618754 1.6461233026578288 0.2404808758314856 5.723103714541171 4.48543969518014 1.9422665593651125 1.8774165229753343 3.3693881396338297 3.6772077240220638 1.4085640227990093 
4.562682835274883 1.6813580534207009 0.726499241156322 0.8202970297029705 1.2602649006622513 0.6739742086752636 0.6944438444924405 0.6739742086752637 2.7956684931506857 2.1670090386195566 3.065107163545086 2.413025780189959 2.434517315353969 3.0658710341720834 0.5145662416851442 5.134877265707553 7.6136620848801035 3.790437439742476 5.916741879744776 5.193094149507338 6.755745296584242 4.500196177520773 
4.905119260451594 1.6724393480102482 1.1100415114486424 0.9246534653465349 1.2602649006622513 0.6792438452520515 0.7478401727861771 0.6774872997264555 2.6651287671232886 2.070977814297453 2.993937053485229 2.32763907734057 2.108034017775054 2.9947100843040086 0.7471235218033999 4.387354710233278 5.897892977056846 4.043297530736318 4.424919078140784 4.138605372575239 5.0878435229370345 3.9017851284515395 
2.1524726264020826 0.7149080498484344 1.650732569090768 3.693168316831683 6.023178807947019 3.8673739742086743 2.674962203023758 3.865617428683079 3.0731680365296814 2.4994248151191463 3.610166055223016 2.52280868385346 2.20170855041373 3.6097026835703705 4.269951034737621 2.564583434934569 6.6057557614546605 4.186489406627732 4.5705661176292764 3.974011624896729 4.609536039172775 4.028751273745517 
5.073334648199166 1.9077940741194366 0.5256680523812092 1.7564356435643567 1.8556291390728479 1.7173622508792492 1.5342224622030236 1.7156057053536538 3.160194520547946 2.5954560394412494 3.847978374203514 3.0009742198100406 1.927572785779957 3.848062938413025 2.2545930339985216 2.0019320490937167 6.301265268409003 5.5723489478339125 4.359682103608547 6.826059218538604 7.580163548138478 3.6888342846728026 
2.2748162899151927 0.6817840513589928 2.511815166075788 1.3205940594059404 2.450993377483444 1.2062075029308321 1.0390928725701944 1.2026944118796403 1.8794273972602744 1.886302382908792 1.5583838578876228 1.3273948439620082 1.6486155378486058 1.5581845678615096 1.088899667405765 4.105663659270097 8.366392957223955 3.6482842242814897 4.019089702986086 4.622632012588386 3.0801680046142357 3.2143916467147724 
4.611185606036507 2.396322585913021 0.5396356350591782 1.6674257425742574 1.8556291390728479 1.011230949589683 1.3740334773218144 1.0112309495896832 1.9549598173515987 1.95278553820871 1.6989882216644139 1.6238086838534604 1.8724701195219124 1.698770834674046 1.195211566888396 4.370548240266602 7.866194534988716 1.1251273276335994 8.192113798471983 8.672816043438035 7.165352764974412 7.201750499142553 
2.861654058799953 1.870394235381774 0.956883462006827 1.6244554455445548 2.450993377483444 1.6541266119577955 1.4274298056155508 1.6523700664322 2.9007570776255713 2.639778142974528 3.688279590654566 2.4459606512890093 1.727825620594545 3.6883847094407614 0.8002794715447155 3.6138917337234826 5.913667078101921 5.998342987817026 4.148583537050488 3.1264742390577624 3.023365151665879 3.4611740619848064 
4.904032523842549 2.014047786725456 0.4896974823186424 0.8387128712871287 1.2602649006622513 0.7635580304806564 0.7284233261339091 0.7600449394294647 4.746375342465756 4.183664749383731 5.773043058505503 4.5037801899592935 2.81748084584738 5.772301306390371 1.7330002771618624 2.3110249532634324 7.20066171855495 6.086342597388107 3.5561503433495094 5.950168723084785 7.163695111743492 2.793852365645738 
3.51935849392723 1.0784645784214664 3.6677809371269516 0.2524752475247525 0.6649006622516557 0.1259320046893317 0.14591792656587477 0.12593200468933186 0.32854977168949784 0.31286770747740356 0.34328441784128205 0.3125128900949796 0.23936484829911137 0.34324152133341934 0.2230390798226164 6.944495651467124 2.2946855553559313 5.228086738962414 1.5827042319831683 4.138605372575239 2.5895252320934583 1.2824357535188515 
5.6359782283667474 2.0252603978484744 4.52169099165572 5.209405940594059 5.427814569536424 5.179513481828838 5.097213822894168 5.177756936303243 4.009934246575344 5.173525061626952 3.8826955010619804 3.84508276797829 3.82103815507202 3.8821970525773857 4.531162694013305 1.5035836787775345 5.280395654497048 6.759287108674695 5.6674919710943135 6.769049432824801 6.945621118168455 4.794234799970176 
6.663745077205954 2.1966426814456463 6.68849988902286 2.044950495049505 1.8556291390728479 2.1600117233294256 1.8497462203023756 2.158255177803829 1.1758264840182653 0.9333771569433033 1.4143077814249856 1.1236865671641794 0.7270234446828072 1.4147055795096213 0.5295163525498892 4.709965861984883 5.092679656820999 5.30369405512219 5.030282313011881 4.174527406526961 4.316565026864461 4.173405912664552 
1.6120213517244908 8.802889269930699 1.545031943419656 0.2831683168316833 0.6649006622516557 0.12066236811254388 0.21387688984881204 0.11890582258694804 0.2907835616438359 0.24638455217748567 0.29294458389650513 0.2771383989145185 0.29791143119828384 0.292908166548684 0.2653977272727273 6.068367064943512 5.713742933074493 3.2191742030070998 2.62033394064278 2.243480287876025 3.301801210031141 1.7663557001665195 
8.053909986830137 2.5313877542688594 2.567254065662474 0.19415841584158433 0.06953642384105962 0.2313247362250877 0.17504319654427647 0.22956819069949197 0.6561305936073063 0.5197041906327035 0.832795906545665 0.7296879240162821 0.3599019307385842 0.8338470944076194 0.15742470436067996 5.8944566365927 1.0348760677678204 3.8612454283961313 1.0677228788601187 0.010000000000000037 3.150548257050727 0.8852452840348948 
1.8257080870610842 0.4593669534686715 2.1609538035164757 0.2923762376237625 0.6649006622516557 0.1259320046893317 0.15077213822894164 0.12593200468933186 0.06254429223744307 0.04693508627773213 0.02388685074338681 0.031956580732700135 0.13191464909592404 0.024463607696763146 0.18524852180339987 6.560138990490126 4.934686931991851 5.18743571866808 3.3793249192318218 3.849144611103983 3.1066317383470947 2.5987203517608757 
1.7495793277642422 0.4059831797258544 2.3857833486301825 0.4796039603960397 1.2602649006622513 0.3999531066822976 0.3255237580993521 0.3981965611567019 0.07978538812785396 0.11341824157765001 0.04818883954431352 0.07221031207598383 0.13191464909592404 0.04934101293519533 0.19230829637841834 6.286120458424776 4.744873314495975 5.33990390667952 2.4754849715772327 3.499780063437179 2.772183261135411 1.8139098188174672 
7.668804850582465 2.3809809445073853 7.544567099177569 0.2800990099009901 0.06953642384105962 0.3156389214536926 0.1944600431965443 0.315638921453693 0.5723881278538816 0.45322103533278557 0.7026066808264143 0.666257801899593 0.3364832975789152 0.7036746251367526 0.12420223577235774 6.372710314557425 2.2816593362748234 4.31209568695569 1.6332248529322158 1.823465700476567 3.873641890269206 1.1026834193543045 
5.998319092488089 1.9690872347591786 0.7927778477633609 1.8147524752475248 1.8556291390728479 1.885990621336459 1.3837419006479479 1.8859906213364592 1.7226155251141557 1.413533278553821 2.2718208148291175 1.5286635006784262 0.9453677597303096 2.2715296994658605 0.3762777161862529 4.9397760708770235 5.064928146604724 5.964640247643484 3.4556568605808096 5.522868540066949 5.364454807718395 2.637746754537848 
3.4279010287764766 1.1235352378619472 0.09418299830235011 1.8024752475247525 2.450993377483444 1.9755744431418523 1.2138444924406047 1.9720613520906598 3.6798904109589046 3.053451109285128 5.024888974705541 2.3569145183175033 2.0136707018081523 5.02424351631379 0.9925545084996305 4.860858733642203 4.85208266348718 5.490939459614509 2.7794230216745657 2.330907435296554 3.2340135814490027 1.8238898531153953 
1.662583202376939 0.40969013135735977 2.2142894763678687 0.7435643564356437 1.8556291390728479 0.49480656506447823 0.8060907127429805 0.4930500195388824 0.7907753424657535 0.6452834839769929 0.6973991117976442 0.8065359565807326 0.8523820104198592 0.6978891820580474 0.37959996304508503 5.358111029830123 7.287587083888456 3.422644199740244 3.8230439473993005 3.7600984424349253 2.7378603540461492 3.1973734539007674 
2.791816932502848 1.1929580003470208 0.021972213723972622 2.296633663366337 3.641721854304635 2.1863599062133643 1.7429535637149023 2.1828468151621725 1.777622831050229 1.657304847986853 2.040951921220313 1.4603541383989147 1.302846307079375 2.041269064933393 1.0872385439763488 4.2255010972933436 5.077073365361506 5.553760507716948 4.30171715977337 4.045127133238335 3.9317771892751177 3.3933061048655 
6.2892213237305725 2.4131690294661006 5.871854697932224 7.7937623762376225 7.809271523178806 7.777444314185228 7.742759179265659 7.777444314185229 6.353081278538815 6.902087099424817 6.634027804595481 6.091972862957938 5.239243027888446 6.633175236501704 6.737549889135256 0.3782809070958302 6.881676672554312 6.4628390954797865 8.340535392363668 7.092206074031052 7.962851089399819 7.647370202225223 
2.172663048664882 0.9668155995794934 1.7228354958878471 2.456237623762376 4.237086092715232 2.6395486518171154 1.6992656587472998 2.636035560765924 1.5649826484018268 1.3470501232539034 1.801403745896891 1.2432279511533244 0.9956489426907753 1.8011731771671275 1.5727018662232077 4.793632853775504 7.948337327133026 1.9102113495294937 4.715345194580394 5.551444265103473 6.645188407937854 3.8300443222016956 
7.733379883825243 2.521221164150771 1.7832897823048457 0.273960396039604 0.06953642384105962 0.32617819460726843 0.228439524838013 0.3226651035560767 0.7883123287671236 0.6009613804437143 0.9560417068932227 0.8955820895522388 0.4329129635304935 0.9564984876761694 0.10800628233555065 6.475741282613999 4.025033120926966 4.020733528282189 1.1009395125939427 1.6310045495577634 4.067289211711237 1.0157491280538826 
9.000000000000002 2.9451899935699197 8.965755154438185 0.184950495049505 0.06953642384105962 0.18389800703399745 0.21387688984881204 0.18038491598280582 0.5436529680365298 0.4236729663105999 0.7703050782004245 0.5064626865671644 0.3013553478394117 0.7713643091576033 0.18068043237250556 5.91455132894416 4.434278747774633 2.064792674278703 1.3247974535310654 2.4662171361423084 4.386001275144925 0.993051997812886 
3.699871164356109 1.1323621870438985 0.5522010665802846 0.36603960396039603 0.6649006622516557 0.1522801875732706 0.21873110151187902 0.1522801875732709 0.7242739726027401 0.5492522596548891 1.044570380382313 0.5003636363636363 0.36816733067729085 1.0444372224724887 0.2359127864005913 6.031465902625376 4.587446947018182 2.866137104292328 3.0330550033601806 4.0045099376658815 3.1822649899867477 2.3478788926905647 
6.352824013691571 1.9803181971278978 6.82170424892472 0.20336633663366355 0.06953642384105962 0.2207854630715122 0.1653347732181426 0.21902891754591647 0.056797260273972694 0.03954806902218577 0.07249082834524034 0.09660651289009492 0.0347961998161202 0.07363987386575721 0.05235864745011087 8.230190603917746 3.699063000926313 6.018937117041027 0.46900752185021233 3.390617555755157 3.08058354711354 0.45615966762491 
3.5623131883163577 1.1348579564591696 4.267901632263753 0.6791089108910892 1.2602649006622513 0.6001992966002343 0.6264848812095033 0.6001992966002346 1.317860273972603 1.1328266228430568 1.4906854605136126 1.2346892808683854 0.9894498927367454 1.4916519724563995 0.23674334811529937 5.37784036413883 2.020065168544569 6.637298231914773 2.778927275281493 3.5909511974949297 3.80832493285141 1.8638658487080286 
5.368469432550565 1.7538821764291626 0.7329167791434967 2.0480198019801983 2.450993377483444 2.181090269636577 1.6749946004319654 2.1775771785853846 1.2784520547945208 1.0885045193097782 1.579214134002703 1.242008141112619 0.839983910511799 1.5790121629448484 0.7359109386548411 3.788898236202554 7.00317081251852 5.691150211548727 4.105749423291067 2.7662217734946055 3.4021773074445756 3.1942826223831258 
1.4916795714385707 0.41827851434520347 0.6161607308894368 1.2469306930693072 2.450993377483444 1.0902754982415004 1.0293844492440605 1.0867624071903084 2.5148849315068498 2.381232539030403 1.938536396987836 1.7470094979647217 2.343597916028195 1.9382881781324408 0.8438839615668886 4.392835080874585 8.328509943277933 4.318256017784435 4.526976193795175 5.129243999018502 3.2974560808536326 3.7415087567415313 
1.294637065219467 0.48632493340273775 2.249882544195896 0.97990099009901 1.8556291390728479 0.8847596717467758 0.8691954643628509 0.88300312622118 1.228370776255708 0.9776992604765821 1.683365514578104 0.9309565807327 0.771105577689243 1.6831501383615421 0.18192627494456765 6.219990652686338 3.7953857030526317 8.664047074571922 4.319944373058316 3.9682438616988467 3.634831422625635 3.7333906691409773 
5.484979036373009 1.7422107841636307 5.467334089177629 0.25554455445544566 0.06953642384105962 0.2207854630715122 0.20902267818574505 0.22078546307151226 0.4246073059360733 0.35718981101068215 0.4856246379609964 0.4137571234735413 0.3599019307385842 0.48614196537743737 0.0897339246119734 6.5908290660814455 1.0561459327408347 6.6331077743161515 1.5067948941168012 1.1663454512301366 4.247833394126295 1.3355384733279763 
1.7697697500270406 0.49258270818661587 1.253114858339182 1.587623762376238 3.0463576158940393 1.585621336459554 0.9517170626349892 1.5838647909339585 1.425411872146119 1.1254396055875104 1.773630044410118 1.0285413839891453 0.8999080600674227 1.773403050389343 1.897866777531412 4.899586686174105 8.2979056701067 3.0561761471837308 6.066161468014645 3.438621535774022 4.652526620785566 3.788187760444713 
6.557416479510362 2.38397219755657 1.112845813762366 0.5993069306930695 0.6649006622516557 0.5106154747948415 0.5196922246220305 0.5106154747948416 0.8630237442922375 0.7117666392769105 1.1365707665572504 0.7504246947082769 0.5472509960159362 1.1364257674239013 0.8177212675535847 3.753458506055435 5.873518634750492 2.0998206018979637 3.3685777875892278 4.20081626404994 4.741127508463285 2.700382641437531 
7.375957932776425 2.4201792053236995 1.53057900072585 0.7036633663366337 0.6649006622516557 0.18389800703399745 0.11679265658747306 0.18214146150840183 0.28996255707762564 0.2980936729663106 0.3762656883568257 0.08440841248303943 0.25038538155072015 0.37737563549777986 0.2658130081300813 5.906878810046331 4.329964114134783 0.31185621060851076 3.9886671284315742 7.761489220407052 6.796780118390525 3.289223284482259 
3.757239417981003 1.1770107678332675 0.010000000000000231 2.0418811881188117 2.450993377483444 1.7700586166471275 1.679848812095032 1.7700586166471277 2.3515050228310512 1.805045193097781 2.091291755165089 2.221515603799186 2.3029596996628876 2.091023875410258 1.590558943089431 3.33293139884581 8.475049663890836 4.6590799024724525 6.299545866688797 5.196736947316526 5.955975038711551 5.984093217460462 
4.6681534830159634 1.654528532206539 4.630034132968608 4.276336633663366 4.832450331125828 4.062350527549824 4.087537796976242 4.060593982024228 5.908917808219179 5.44684470008217 5.8008167599922755 5.933397557666215 5.576746858718971 5.800071433168156 3.11007160014782 1.4414728115093887 6.4085794983912026 7.8618072476355145 7.596246138775724 8.276803446048008 9.0 7.699728143355398 
6.3262847617654 5.420240852444963 0.5019393404958583 1.7349504950495054 1.8556291390728479 1.4644196951934347 1.3885961123110149 1.4609066041422434 1.1085041095890413 1.1623746918652427 1.3934775053099053 0.9260773405698779 0.6037312289304322 1.3932994401184113 2.982580376940133 3.8751227342924492 4.09303795548566 2.5054354079185366 1.9936471092775516 4.081433684736583 3.240937784181974 1.4765995551210784 
1.6311250373782435 0.6656166038968336 2.468294551322428 2.523762376237624 4.832450331125828 2.1600117233294256 2.883693304535637 2.1564986322782334 3.7324347031963487 3.2011914543960565 4.273263178219733 4.200047489823609 2.108034017775054 4.272714460389985 0.5448817442719882 4.468464195724621 3.752132782367858 8.78320649705585 6.263691211984627 6.645416922734056 4.44667048004333 6.050825387094369 
1.6010395923067637 0.5529399552956307 2.384650841926563 0.6330693069306931 1.2602649006622513 0.4684583821805392 0.6216306695464363 0.46494529112934746 1.707837442922375 1.3544371405094497 1.8257057346978183 1.5250040705563093 1.4178731228930432 1.8266291267134305 0.7417248706577975 3.795109322929367 7.734296200718183 4.37119188385935 3.421104149682705 4.599844288515349 4.627756674414001 2.625029658594779 
3.7590697112172915 1.3077083397123823 0.675806083946707 0.9369306930693068 1.2602649006622513 0.7372098475967173 0.7915280777537798 0.7354533020711215 2.6199735159817354 2.1152999178307317 2.7057849005599532 2.4752360922659435 2.6266878639289 2.70543793036875 0.7508610495195862 4.047937088514996 7.822522090339981 4.4751295586559685 4.525394681531376 4.69196659755661 5.133137655361188 4.017393398891532 
4.702128301214556 3.068253447237618 0.7521154642143726 1.2162376237623764 1.2602649006622513 0.7372098475967173 0.8012365010799135 0.7354533020711215 1.9106255707762563 1.4578553820870996 2.171141146939564 1.710415196743555 1.4550674226172233 2.17144153420426 1.0149796747967479 3.6997508737706255 8.831770890450112 3.9775037648502405 5.1594868262304905 7.932579290845281 6.968132681391629 4.342526531187089 
6.308782582693398 2.1597566775875974 4.481190394778676 0.6177227722772279 0.6649006622516557 0.4737280187573269 0.539109071274298 0.4719714732317313 2.1191607305936078 1.5760476581758422 2.764804016219347 1.8470339213025784 1.252565124118909 2.765027994079413 0.7006120657797488 3.7589388766967424 7.345439438519203 3.1422058835246993 3.8780002795178348 6.171832969773918 4.717559021926665 3.088244757967641 
0.010000000000000675 0.19525582534676533 0.9963594099615483 1.0136633663366337 3.0463576158940393 0.8531418522860488 1.0973434125269979 0.8531418522860491 0.9828904109589045 0.8373459326211997 1.0706082255261635 0.9516933514246948 0.8131213607110022 1.0710502606345322 0.467224223946785 4.6416439079899225 7.447467666555446 7.240294335593575 4.4233034325187734 7.796035086297525 4.454615471959374 3.830733242479724 
1.6314682173600472 0.5415621829613075 2.4784871116549994 2.686435643564357 4.832450331125828 2.381336459554513 3.2865928725701936 2.3813364595545132 3.519794520547946 2.9426458504519317 3.983375168951534 4.020735413839892 1.9826754520380019 3.982863762146856 0.526609386548411 4.471021702023897 3.6456995527099876 8.999999999999996 5.7343348388605015 6.180474495687937 4.160781757288372 5.374175337801454 
6.4984467193037165 2.956512712167142 0.6811989730115604 1.593762376237624 1.2602649006622513 1.6857444314185226 1.4177213822894168 1.682231340367331 1.3367433789954342 1.2657929334428926 1.7215543541224174 1.2444477611940297 0.7208243947287774 1.7224911512967371 1.8272690317812272 4.002267333170772 5.294093111920501 3.931086388373185 1.6849889033589687 3.1188446014240725 4.043738792239803 1.2816909748399021 
0.7213549056159625 0.25869608173346825 1.0757966658868279 2.64960396039604 5.427814569536424 2.7923681125439623 2.2914794816414688 2.7888550214927705 1.7858328767123293 2.0488167625308136 2.275292527514965 1.4896295793758485 0.9832508427827154 2.2761580539288238 0.9049302475979306 3.940887181988134 7.096116346734921 7.740319793152352 4.9692502431317 5.260182342493229 4.414456902814664 4.355951166875161 
1.5097537171469124 0.46204623534094735 1.3765041601430115 1.4617821782178217 3.0463576158940393 1.4433411488862833 1.1458855291576673 1.4398280578350917 2.2267123287671238 2.107912900575185 2.433255454720989 1.6811397557666217 1.6389725712534482 2.4335221056696055 1.1071720251293422 3.851009103470699 9.0 5.213832019951713 3.9680895896240678 4.795745859587276 4.460830542383747 3.286672417506855 
4.949217888113402 2.5399027322739016 0.4686652149657169 3.6379207920792074 4.237086092715232 2.8029073856975377 2.233228941684665 2.8029073856975377 1.118356164383562 1.273179950698439 1.3986850743386756 0.9797489823609229 0.658145111860251 1.3990848831971165 4.4327411308204 3.4597106396813793 3.1773429993396816 2.925448196457456 1.9243726460882957 3.0897629322473827 5.685249100414901 1.63341270597397 
8.07861894552002 2.764081549751473 8.38914745562414 0.09287128712871295 0.010000000000000009 0.11539273153575608 0.0439794816414687 0.11363618601016034 0.4196812785388129 0.33502875924404285 0.5324927592199268 0.482066485753053 0.2097471651854122 0.5335825986228199 0.10759100147819663 6.5769454604568 0.4353972994603126 3.568450634646183 0.7718565552807988 1.033423806725962 2.628572676729159 0.5507465598515415 
0.6089062649115338 0.012936199312084007 1.197622029861849 0.7896039603960398 1.8556291390728479 0.8162543962485342 0.7478401727861771 0.8162543962485346 1.0485707762557082 0.874281018898932 1.4143077814249856 0.9529131614654005 0.578935029114312 1.4147055795096213 0.34928446045824096 5.0530370641307005 6.7239356621035435 7.106342955945276 3.1626496121012053 1.465662004551809 2.8569810315912383 2.4814735682271944 
1.8981762598853535 0.6981533625238583 1.7609632215763558 1.5630693069306933 3.0463576158940393 1.5592731535756148 1.1070518358531318 1.5575166080500198 1.3039031963470327 1.1623746918652427 1.5236667310291563 1.021222523744912 0.9260818265399937 1.5234719093892783 1.7184654471544716 4.788517841176949 6.518851372319351 3.4552366477295386 5.0483924976401005 4.869694655113807 2.6759896893127975 2.3195959223574443 
1.8358890931879355 0.43503320166978 2.112741375276693 0.7128712871287132 1.2602649006622513 0.6950527549824146 0.49056695464362854 0.6915396639312231 0.46812054794520574 0.4015119145439606 0.44917165475960596 0.30885345997286295 0.4122494636837268 0.4502722182894653 0.4045168144863267 6.431532959440787 4.458023804135041 5.7711270646916795 3.0207523658219486 4.27488648617011 4.9985651203147965 2.3578030685875717 
0.21424928583698666 0.2618891984853595 1.1160815472012766 1.1210891089108914 3.0463576158940393 0.9954220398593197 1.1264686825053998 0.9954220398593202 1.4828821917808221 1.221470829909614 1.6694786638347172 1.3164165535956585 1.0349095923996323 1.66984361928052 0.4568422025129343 4.749789888645047 6.865441095148873 7.82638534537023 4.8939146707628876 7.240791749114739 5.516791784610036 4.318395701989114 
2.789357475966588 1.069252253079805 3.542018764134589 0.36297029702970296 0.6649006622516557 0.1364712778429073 0.23814794816414686 0.13647127784290747 0.2571223744292239 0.20944946589975344 0.3363409924695887 0.1893120759837178 0.2951562978853816 0.3368775339468434 0.2242849223946785 6.316810534016096 4.289773718386956 2.608943292192219 2.3145478130079944 2.9756219342261363 2.801316403749669 1.7597271699238652 
8.765150499118832 2.701925880563807 9.0 0.3261386138613862 0.06953642384105962 0.34198710433763174 0.33523218142548594 0.3384740132864401 0.6684456621004569 0.5197041906327035 0.943890712492759 0.5808710990502037 0.3716112473184187 0.9437705129030182 0.2633213229859572 5.3822246606518735 4.228984696008456 2.1584153765248644 1.9140513687243406 3.085978470078948 3.7743272329355184 1.366614363707159 
5.033983343618978 1.5415766149198287 5.283274785394208 0.5962376237623762 0.6649006622516557 0.5949296600234466 0.5536717062634989 0.5949296600234467 0.7431570776255709 0.6231224322103536 0.8258524811739717 0.7296879240162821 0.5369192460925529 0.8263260184053026 0.12420223577235774 6.042061285865238 1.790145060093658 7.5078389361210505 3.1934557805860937 3.857138528518591 5.038244912232046 2.405934390714706 
6.579094015027646 2.017277605968748 7.041140904973575 0.01000000000000012 0.010000000000000009 0.009999999999999953 0.009999999999999898 0.010000000000000064 0.01000000000000012 0.010000000000000009 0.010000000000000009 0.058792401628222635 0.009999999999999953 0.01000000000000012 0.010000000000000005 9.0 1.7614705971566629 6.01334984024286 0.010000000000001563 3.1922874528104384 0.010000000000000675 0.01000000000000012 
6.542488150301891 2.564585157741103 5.315847835345919 0.24326732673267326 0.06953642384105962 0.04161781946072679 0.14106371490280778 0.04161781946072696 1.408991780821918 1.0663434675431391 1.7580073373238077 1.2151723202170965 0.8916426601287157 1.7589394426925797 0.41863636363636375 4.481617085263758 5.063375907938055 2.0202377234010314 2.9882509072125547 4.347823393416311 5.219078167690101 2.155670135120581 
3.4309324519490776 0.9979760147789791 3.7450610374262903 0.6668316831683169 1.2602649006622513 0.5896600234466585 0.6167764578833693 0.5879034779210631 0.4139342465753426 0.3498027937551357 0.45611508013129953 0.38326187245590226 0.3798766472571254 0.4566362056760408 0.20725840724316336 5.5787872876534195 2.9871308340780383 7.318838553660068 3.673287901741345 4.757800049074894 6.43203768962631 2.769237430306444 
5.986193399797681 2.254063729242578 5.565268954595354 9.0 9.0 9.0 9.0 9.0 9.000000000000002 9.000000000000002 9.0 9.0 9.0 9.0 9.0 0.010000000000000231 7.756426089817327 6.959641124116555 9.000000000000002 9.000000000000002 7.489466880899054 9.000000000000002 
1.6994178537572306 0.4725247966359454 1.620963821452781 1.4495049504950495 2.450993377483444 1.3906447831184054 0.9517170626349892 1.3871316920672139 1.7579187214611876 1.4209202958093674 2.077404904421703 1.515245590230665 1.1644008581060374 2.077717356329236 1.0756106799704361 5.121359018125661 7.807482156231841 2.7944337187158865 7.131294536402678 4.0907430569156205 4.600434755084755 3.0210843405933376 
1.2751901995839088 0.4773328230094822 2.1548598388731923 0.97990099009901 1.8556291390728479 0.8004454865181709 1.0245302375809935 0.7969323954669792 2.6125844748858453 2.1817830731306493 3.0668430198880094 2.4764559023066486 1.7939488201041989 3.0676066670956943 1.0332520325203252 3.395407624156711 8.334551088359028 4.752201182441851 4.287015434772272 6.40047924559733 5.468539170261491 3.4318856404351035 
1.8377765830878579 0.4870956857221598 1.8666099183568186 0.9737623762376239 1.8556291390728479 0.932186400937866 0.650755939524838 0.9321864009378665 0.38273607305936075 0.3054806902218571 0.4179262405869858 0.3149525101763908 0.3323505976095619 0.41903082566445715 0.6516089246119735 5.67597252702593 4.427377578567412 5.37389317386835 2.983971234252035 4.00404446905693 5.052685014082866 2.344583247036212 
6.4378182558516865 2.245860722414445 1.2991162020623754 1.36970297029703 1.2602649006622513 1.4696893317702224 1.1313228941684668 1.4661762407190309 1.1002940639269407 0.911216105176664 1.2667599922765014 1.0700149253731344 0.7855700275819797 1.2671767810026386 0.275364467849224 5.416568316670732 3.775521243358898 5.5106381919157315 4.409406279532661 5.073084199460177 5.10343991695983 3.5101060211918114 
3.984481762598854 1.3098187329679416 0.15123976460849153 0.5624752475247524 0.6649006622516557 0.5475029308323562 0.4468790496760259 0.5439898397811646 2.2743305936073073 1.6499178307313067 2.7769550106198104 2.1458873812754407 1.4137404229236898 2.7765988802368233 0.3359954730229121 5.043903113061857 5.166159279109434 4.948579635546558 2.795215388740422 3.6888615074996793 3.2646191898760106 2.1749412834384083 
2.3552347989845863 0.7022456903150747 2.8586318618364617 0.9676237623762377 1.8556291390728479 0.3841441969519342 0.3837742980561555 0.38238765142633857 1.2743470319634709 1.0663434675431391 1.6208746862328636 0.8016567164179107 0.8510044437634079 1.6212458974193962 0.18400267923133776 6.216702430301554 3.4461739554483275 7.582622487111863 1.8437301492166007 5.344513111775949 3.625364280467573 1.926911363881134 
3.644905170603842 1.0306962858630089 3.6754927684896916 0.25554455445544566 0.6649006622516557 0.12066236811254388 0.08766738660907125 0.12066236811254405 0.4139342465753426 0.39412489728841404 0.2964162965823517 0.2759185888738128 0.3826317805700277 0.29637943239590714 0.2566768292682927 6.729665122327889 2.883592319771524 4.521511119256115 2.228604893225455 4.925712790312886 4.86941270482455 1.1414491495936443 
1.5265123395916724 3.114461883911532 2.10772598844638 2.1247524752475253 4.237086092715232 1.4802286049237978 2.019643628509719 1.4802286049237985 1.871217351598174 1.9675595727198028 2.3308399304885112 1.7226132971506107 1.244988507508428 2.3305412188686527 0.4576727642276423 4.839667967162482 6.122569035958196 8.71734109941595 5.464548026352783 4.369963508989936 1.8546654226718546 5.071813813614786 
6.91998613028624 2.4938227543198925 2.361137845603805 0.3292079207920793 0.06953642384105962 0.2892907385697537 0.23329373650107976 0.28929073856975396 0.7513671232876713 0.6378964667214463 0.8900791658621355 0.8492293080054274 0.46184186331596694 0.8905444365789305 0.34471637102734665 6.262372185645779 1.7975496580576378 3.75605419790762 1.5126414507590287 1.2388371276329921 4.696163099978798 1.0708813697631456 
1.6498855430501926 0.7866430692917732 1.8511862556313394 0.5471287128712871 1.2602649006622513 0.44211019929660006 0.5536717062634989 0.4403536537710043 0.5838821917808219 0.45322103533278557 0.7269086696273411 0.6101465400271373 0.41775973030953123 0.727394941759444 0.22802245011086475 6.222548158985614 2.756036058528026 6.5356527732404786 3.183467709814204 4.52350743664724 2.0410046162456874 2.2178777742798683 
1.2412725780489522 0.4543387121467284 2.0946212680187886 2.1462376237623766 4.237086092715232 1.611969519343493 2.111873650107991 1.6084564282923015 1.8580812785388134 1.6499178307313067 2.303066229001738 1.7445698778833107 1.2002175911737665 2.3039281807066088 0.47303815594974136 4.513403234983338 6.345147475039721 8.518455534927451 5.912536975092721 4.370287313239642 2.6808497298481386 5.601332834881159 
1.9585187400192154 0.8634246813027551 2.6005821200832626 2.434752475247525 4.237086092715232 1.965035169988276 2.873984881209503 1.9615220789370849 4.259519634703198 4.006376335250617 4.6377930102336355 4.825810040705562 2.5185488813974874 4.638354462964154 0.7840835181079086 3.898871007071447 4.2427660582247 8.793449837852478 6.33246017639275 6.6746200185043865 4.813888096738181 6.045220927535271 
