9.0 1.9835190476190476 1.0341123979494968 0.009999999999999787 0.010000000000000009 4.15923076923077 0.010000000000000009 1.264105 9.0 0.009999999999999787 0.4008695652173913 0.009999999999999787 0.009999999999999787 1.2686 0.011759295499021527 
0.009999999999999787 4.159669841269841 0.4367134991456237 0.009999999999999787 0.010000000000000009 4.15923076923077 0.010000000000000009 6.2468125 9.0 0.009999999999999787 0.4008695652173913 0.009999999999999787 0.009999999999999787 1.5922399999999999 0.029704109589041093 
0.009999999999999787 4.029814285714286 0.15337573571292956 0.009999999999999787 0.010000000000000009 0.010000000000000009 1.2942857142857143 0.10439499999999999 0.009999999999999787 0.009999999999999787 2.3552173913043477 9.0 0.009999999999999787 0.9989 0.1767812133072407 
9.0 5.194233333333334 4.290789823428896 0.009999999999999787 0.010000000000000009 8.308461538461538 0.010000000000000009 1.039355 0.009999999999999787 0.009999999999999787 1.182608695652174 0.009999999999999787 0.009999999999999787 0.71122 0.01 
9.0 7.846996825396826 5.130561989747484 0.009999999999999787 0.010000000000000009 7.616923076923077 6.4314285714285715 0.01 0.009999999999999787 0.009999999999999787 5.482173913043478 9.0 0.009999999999999787 0.01 0.6039381604696673 
0.009999999999999787 5.28984126984127 0.2097019176001519 0.009999999999999787 0.010000000000000009 9.0 9.0 0.01 9.0 9.0 0.01 9.0 0.009999999999999787 0.661775 0.01 
9.0 1.412725396825397 0.2097019176001519 4.505 0.909 9.0 9.0 0.0661875 9.0 9.0 0.01 9.0 0.009999999999999787 0.5494 0.02530587084148728 
0.009999999999999787 2.174734920634921 5.130561989747484 0.009999999999999787 0.010000000000000009 0.010000000000000009 1.2942857142857143 2.4080825 0.009999999999999787 0.009999999999999787 4.309565217391304 9.0 0.009999999999999787 0.01 0.4116471624266145 
9.0 1.3299603174603178 0.6364154167457755 0.009999999999999787 0.010000000000000009 2.7761538461538464 3.862857142857143 0.01 9.0 0.009999999999999787 0.4008695652173913 9.0 0.009999999999999787 0.909 0.01932426614481409 
0.009999999999999787 1.615357142857143 4.106449591797987 0.009999999999999787 0.010000000000000009 3.4676923076923076 0.010000000000000009 1.0213750000000001 0.009999999999999787 0.009999999999999787 0.7917391304347826 0.009999999999999787 0.009999999999999787 0.5494 0.010879647749510763 
9.0 1.0559793650793652 1.7168539965824947 4.505 0.909 9.0 9.0 0.01 9.0 9.0 0.01 9.0 0.009999999999999787 0.01 0.01 
0.009999999999999787 8.524814285714285 6.069331687867856 0.009999999999999787 0.010000000000000009 9.0 9.0 0.01 0.009999999999999787 9.0 0.01 0.009999999999999787 0.009999999999999787 0.01 0.01 
9.0 2.12621746031746 0.5783823808619708 0.009999999999999787 0.010000000000000009 5.542307692307692 0.010000000000000009 1.0955425 0.009999999999999787 9.0 0.01 0.009999999999999787 0.009999999999999787 1.9878 0.01 
9.0 5.15855873015873 4.647522308714638 0.009999999999999787 0.010000000000000009 3.4676923076923076 1.2942857142857143 3.83075 0.009999999999999787 9.0 0.01 0.009999999999999787 0.009999999999999787 0.01 0.01 
9.0 0.8419317460317459 0.2370115815454718 4.505 0.909 0.010000000000000009 0.010000000000000009 0.4595 9.0 0.009999999999999787 0.4008695652173913 9.0 0.009999999999999787 9.0 0.010351859099804305 
0.009999999999999787 6.5627111111111125 0.5357110309474084 0.009999999999999787 0.010000000000000009 5.542307692307692 0.010000000000000009 0.0661875 0.009999999999999787 9.0 0.01 0.009999999999999787 0.009999999999999787 1.1787 0.01 
0.009999999999999787 2.9595761904761915 1.4608258970951205 0.009999999999999787 0.010000000000000009 2.0846153846153848 2.5785714285714283 1.4708750000000002 0.009999999999999787 0.009999999999999787 0.7917391304347826 9.0 0.009999999999999787 1.24163 0.11731702544031311 
0.009999999999999787 0.3781619047619045 1.4044997152078982 0.009999999999999787 0.010000000000000009 2.0846153846153848 1.2942857142857143 0.1965425 9.0 9.0 0.01 0.009999999999999787 0.009999999999999787 0.5494 0.01 
0.009999999999999787 4.921679365079366 1.2047977976077464 0.009999999999999787 0.010000000000000009 8.308461538461538 0.010000000000000009 1.58325 0.009999999999999787 9.0 0.01 9.0 9.0 1.04385 0.01 
0.009999999999999787 1.2828698412698416 0.06632618188722232 0.009999999999999787 0.010000000000000009 0.010000000000000009 3.862857142857143 1.0213750000000001 9.0 9.0 0.01 0.009999999999999787 9.0 0.01 0.01 
9.0 1.0203047619047618 2.9116517941902407 0.009999999999999787 0.010000000000000009 0.010000000000000009 0.010000000000000009 0.0841675 9.0 9.0 0.01 9.0 0.009999999999999787 0.01 0.07175127201565558 
9.0 1.2586111111111111 3.7650787924814884 4.505 0.909 5.542307692307692 0.010000000000000009 1.3585 0.009999999999999787 9.0 0.01 0.009999999999999787 0.009999999999999787 1.21466 0.01 
0.009999999999999787 2.447288888888889 0.01 0.009999999999999787 0.010000000000000009 6.233846153846154 0.010000000000000009 0.571875 0.009999999999999787 0.009999999999999787 0.4008695652173913 9.0 0.009999999999999787 0.91799 0.01 
0.009999999999999787 2.9239015873015877 3.140370229732295 0.009999999999999787 0.010000000000000009 0.010000000000000009 0.010000000000000009 2.03275 0.009999999999999787 0.009999999999999787 4.700434782608696 0.009999999999999787 0.009999999999999787 0.01 0.048880430528375735 
0.009999999999999787 0.35533015873015916 0.02365483197265996 0.009999999999999787 0.010000000000000009 0.010000000000000009 0.010000000000000009 0.027979999999999998 9.0 9.0 0.01 9.0 0.009999999999999787 0.01 0.01 
9.0 6.692566666666667 5.642618188722232 0.009999999999999787 0.010000000000000009 5.542307692307692 0.010000000000000009 4.9544999999999995 0.009999999999999787 9.0 0.01 0.009999999999999787 0.009999999999999787 0.10439499999999999 1.867991976516634 
0.009999999999999787 1.3413761904761903 0.8634269982912474 0.009999999999999787 0.010000000000000009 9.0 9.0 0.04820750000000001 9.0 9.0 0.01 0.009999999999999787 0.009999999999999787 0.4595 0.7503115459882583 
0.009999999999999787 0.8191000000000006 2.4849382950446173 0.009999999999999787 0.010000000000000009 4.15923076923077 0.010000000000000009 0.027979999999999998 9.0 0.009999999999999787 0.4008695652173913 9.0 0.009999999999999787 0.4595 0.010175929549902154 
9.0 0.9132809523809522 0.4367134991456237 0.009999999999999787 0.010000000000000009 0.010000000000000009 0.010000000000000009 0.01 9.0 9.0 0.01 9.0 0.009999999999999787 0.01 0.01 
0.009999999999999787 1.7823142857142864 0.2950446174292766 0.009999999999999787 0.010000000000000009 6.9253846153846155 0.010000000000000009 0.5336675000000001 9.0 9.0 0.01 9.0 0.009999999999999787 0.4595 0.01 
9.0 0.34248730158730156 0.12435921777102715 0.009999999999999787 0.010000000000000009 9.0 9.0 0.01 9.0 0.009999999999999787 0.4008695652173913 9.0 0.009999999999999787 0.7292 0.03216712328767123 
0.009999999999999787 2.079126984126985 1.759525346497057 0.009999999999999787 0.010000000000000009 6.9253846153846155 0.010000000000000009 2.1451249999999997 0.009999999999999787 0.009999999999999787 0.7917391304347826 9.0 0.009999999999999787 1.8979 0.011231506849315068 
0.009999999999999787 7.192011111111111 6.837415986329979 0.009999999999999787 0.010000000000000009 6.9253846153846155 1.2942857142857143 7.87625 0.009999999999999787 0.009999999999999787 3.5278260869565217 0.009999999999999787 0.009999999999999787 0.01 0.18592954990215266 
0.009999999999999787 3.2092984126984136 6.197345737611543 0.009999999999999787 0.010000000000000009 6.233846153846154 0.010000000000000009 0.04820750000000001 9.0 9.0 0.01 9.0 0.009999999999999787 1.4484 0.6349017612524461 
9.0 1.5440079365079367 0.6073988988038732 4.505 0.909 0.010000000000000009 0.010000000000000009 0.0841675 9.0 9.0 0.01 9.0 0.009999999999999787 0.60334 0.01 
9.0 1.3656349206349208 2.015553445984431 0.009999999999999787 0.010000000000000009 5.542307692307692 0.010000000000000009 1.434915 0.009999999999999787 0.009999999999999787 3.9186956521739127 9.0 0.009999999999999787 0.5494 0.0531027397260274 
9.0 2.1148015873015877 1.0477672299221568 4.505 0.909 6.9253846153846155 1.2942857142857143 1.1517300000000001 0.009999999999999787 0.009999999999999787 0.4008695652173913 9.0 0.009999999999999787 0.32465 0.01 
0.009999999999999787 1.2586111111111111 0.05267134991456237 4.505 0.909 3.4676923076923076 0.010000000000000009 0.0661875 9.0 9.0 0.01 9.0 0.009999999999999787 0.909 0.022315068493150687 
0.009999999999999787 2.210409523809524 1.2047977976077464 0.009999999999999787 0.010000000000000009 6.233846153846154 0.010000000000000009 1.58325 0.009999999999999787 0.009999999999999787 1.182608695652174 0.009999999999999787 0.009999999999999787 1.488855 0.01 
0.009999999999999787 0.8191000000000006 2.228910195557243 0.009999999999999787 0.010000000000000009 6.233846153846154 1.2942857142857143 0.66627 0.009999999999999787 0.009999999999999787 2.7460869565217387 9.0 0.009999999999999787 0.3696 0.5296958904109589 
0.009999999999999787 5.52814761904762 0.5220561989747484 0.009999999999999787 0.010000000000000009 0.7015384615384616 0.010000000000000009 1.695625 9.0 9.0 0.01 0.009999999999999787 0.009999999999999787 0.01 0.07157534246575342 
9.0 1.4013095238095241 3.08233719384849 0.009999999999999787 0.010000000000000009 5.542307692307692 0.010000000000000009 3.83075 0.009999999999999787 0.009999999999999787 1.9643478260869565 0.009999999999999787 0.009999999999999787 0.5494 0.01 
0.009999999999999787 4.373717460317461 0.18068539965824948 0.009999999999999787 0.010000000000000009 2.0846153846153848 1.2942857142857143 2.2575 0.009999999999999787 9.0 0.01 0.009999999999999787 0.009999999999999787 1.4484 0.01 
9.0 1.591098412698413 1.5461685969242451 0.009999999999999787 0.010000000000000009 6.233846153846154 0.010000000000000009 0.4595 9.0 9.0 0.01 0.009999999999999787 0.009999999999999787 1.6281999999999999 0.011055577299412915 
0.009999999999999787 3.6373936507936513 0.8634269982912474 4.505 0.909 2.0846153846153848 1.2942857142857143 4.505 9.0 9.0 0.01 0.009999999999999787 9.0 0.909 0.01 
0.009999999999999787 1.2828698412698416 0.2660280994873742 0.009999999999999787 0.010000000000000009 2.0846153846153848 0.010000000000000009 0.7224575 9.0 0.009999999999999787 0.4008695652173913 0.009999999999999787 0.009999999999999787 1.808 0.011583365949119373 
0.009999999999999787 3.6373936507936513 0.5647275488893108 0.009999999999999787 0.010000000000000009 0.010000000000000009 0.010000000000000009 0.68425 0.009999999999999787 0.009999999999999787 3.9186956521739127 9.0 0.009999999999999787 0.84607 0.8368688845401174 
0.009999999999999787 1.2828698412698416 0.5510727169166508 4.505 0.909 6.233846153846154 0.010000000000000009 1.3967075 0.009999999999999787 0.009999999999999787 2.3552173913043477 9.0 0.009999999999999787 0.3696 0.01 
9.0 1.6267730158730158 0.8770818302639073 4.505 0.909 8.308461538461538 0.010000000000000009 0.122375 0.009999999999999787 9.0 0.01 0.009999999999999787 0.009999999999999787 1.67315 0.01 
0.009999999999999787 1.8650793650793656 0.6927415986329979 0.009999999999999787 0.010000000000000009 0.7015384615384616 0.010000000000000009 0.347125 9.0 9.0 0.01 0.009999999999999787 0.009999999999999787 0.3696 0.01 
0.009999999999999787 2.246084126984128 0.4367134991456237 0.009999999999999787 0.010000000000000009 6.233846153846154 0.010000000000000009 0.796625 9.0 9.0 0.01 9.0 0.009999999999999787 0.909 0.01 
0.009999999999999787 1.175846031746032 0.18068539965824948 0.009999999999999787 0.010000000000000009 0.010000000000000009 0.010000000000000009 0.0661875 9.0 9.0 0.01 9.0 0.009999999999999787 1.6281999999999999 0.01 
0.009999999999999787 4.041230158730159 0.07998101385988228 0.009999999999999787 0.010000000000000009 2.0846153846153848 1.2942857142857143 2.3136875 0.009999999999999787 9.0 0.01 9.0 0.009999999999999787 1.808 0.01 
0.009999999999999787 2.9239015873015877 1.8021966964116194 0.009999999999999787 0.010000000000000009 6.233846153846154 0.010000000000000009 0.04820750000000001 9.0 9.0 0.01 0.009999999999999787 0.009999999999999787 1.31355 0.011055577299412915 
9.0 0.3310714285714287 0.06632618188722232 0.009999999999999787 0.010000000000000009 8.308461538461538 0.010000000000000009 0.4595 9.0 0.009999999999999787 0.7917391304347826 0.009999999999999787 0.009999999999999787 1.4484 0.010175929549902154 
0.009999999999999787 2.935317460317461 0.6073988988038732 0.009999999999999787 0.010000000000000009 6.233846153846154 2.5785714285714283 0.122375 0.009999999999999787 9.0 0.01 0.009999999999999787 0.009999999999999787 0.742685 0.01 
9.0 1.57968253968254 1.0341123979494968 0.009999999999999787 0.010000000000000009 5.542307692307692 1.2942857142857143 0.8348325 0.009999999999999787 0.009999999999999787 7.436521739130434 9.0 0.009999999999999787 0.01 0.09796477495107632 
0.009999999999999787 1.318544444444445 1.090438579836719 4.505 0.909 0.010000000000000009 0.010000000000000009 0.0841675 9.0 9.0 0.01 9.0 0.009999999999999787 0.7292 0.1961334637964775 
0.009999999999999787 0.9261238095238098 1.9302107461553066 0.009999999999999787 0.010000000000000009 6.233846153846154 0.010000000000000009 0.778645 0.009999999999999787 9.0 0.01 9.0 9.0 0.5494 0.01 
9.0 1.2586111111111111 0.15166888171634707 0.009999999999999787 0.010000000000000009 2.0846153846153848 0.010000000000000009 0.16058250000000002 9.0 9.0 0.01 0.009999999999999787 9.0 0.65728 0.01 
0.009999999999999787 1.9963619047619052 4.70384849060186 0.009999999999999787 0.010000000000000009 6.233846153846154 0.010000000000000009 2.5946249999999997 0.009999999999999787 9.0 0.01 0.009999999999999787 0.009999999999999787 2.1990649999999996 0.09796477495107632 
9.0 6.384338095238097 7.178786785646477 0.009999999999999787 0.010000000000000009 2.0846153846153848 2.5785714285714283 4.505 0.009999999999999787 0.009999999999999787 5.091304347826087 9.0 0.009999999999999787 0.01 1.1887279843444227 
0.009999999999999787 3.7315746031746038 0.18068539965824948 0.009999999999999787 0.010000000000000009 4.15923076923077 0.010000000000000009 0.122375 0.009999999999999787 9.0 0.01 9.0 9.0 1.30456 0.01 
9.0 5.218492063492064 0.2950446174292766 0.009999999999999787 0.010000000000000009 8.308461538461538 0.010000000000000009 0.23475000000000001 9.0 9.0 0.01 0.009999999999999787 0.009999999999999787 1.0888 0.030583757338551856 
0.009999999999999787 0.6764015873015876 3.565376874881336 4.505 0.909 8.308461538461538 0.010000000000000009 0.0661875 0.009999999999999787 9.0 0.01 9.0 0.009999999999999787 0.5494 0.07597358121330723 
9.0 3.8742730158730163 3.423707993164989 0.009999999999999787 0.010000000000000009 5.542307692307692 1.2942857142857143 0.796625 0.009999999999999787 9.0 0.01 9.0 0.009999999999999787 0.140355 0.15725303326810178 
9.0 1.840820634920635 0.8770818302639073 4.505 0.909 9.0 9.0 0.01 9.0 9.0 0.01 0.009999999999999787 0.009999999999999787 0.8190999999999999 0.02055577299412916 
0.009999999999999787 1.8051460317460317 4.447820391114486 0.009999999999999787 0.010000000000000009 7.616923076923077 7.715714285714286 0.01 9.0 9.0 0.01 0.009999999999999787 0.009999999999999787 0.6393 0.20528180039138944 
9.0 5.456798412698413 2.228910195557243 0.009999999999999787 0.010000000000000009 2.0846153846153848 2.5785714285714283 1.3967075 9.0 9.0 0.01 0.009999999999999787 0.009999999999999787 0.338135 0.01 
0.009999999999999787 2.649920634920635 0.06632618188722232 4.505 0.909 0.010000000000000009 1.2942857142857143 1.4708750000000002 0.009999999999999787 0.009999999999999787 0.4008695652173913 0.009999999999999787 0.009999999999999787 1.95184 1.4174363992172212 
0.009999999999999787 1.1986777777777777 3.922109360167078 0.009999999999999787 0.010000000000000009 3.4676923076923076 0.010000000000000009 0.7224575 9.0 9.0 0.01 0.009999999999999787 0.009999999999999787 0.4595 0.223226614481409 
0.009999999999999787 0.830515873015873 3.2820391114486425 0.009999999999999787 0.010000000000000009 8.308461538461538 0.010000000000000009 0.365105 9.0 9.0 0.01 9.0 0.009999999999999787 0.3696 0.07157534246575342 
0.009999999999999787 0.7591666666666668 0.01 4.505 0.909 9.0 9.0 0.01 9.0 0.009999999999999787 1.5734782608695652 9.0 0.009999999999999787 0.212275 0.010175929549902154 
9.0 6.371495238095238 3.423707993164989 0.009999999999999787 0.010000000000000009 5.542307692307692 0.010000000000000009 1.808 0.009999999999999787 0.009999999999999787 5.482173913043478 9.0 0.009999999999999787 0.01 0.29183913894324853 
9.0 2.328849206349207 1.8158515283842793 0.009999999999999787 0.010000000000000009 7.616923076923077 7.715714285714286 1.0213750000000001 0.009999999999999787 0.009999999999999787 1.9643478260869565 0.009999999999999787 0.009999999999999787 0.455005 0.09796477495107632 
9.0 4.814655555555556 2.7409663945319913 0.009999999999999787 0.010000000000000009 7.616923076923077 2.5785714285714283 2.93175 0.009999999999999787 0.009999999999999787 2.3552173913043477 9.0 0.009999999999999787 1.695625 9.0 
0.009999999999999787 1.091653968253968 3.5943933928232386 0.009999999999999787 0.010000000000000009 0.010000000000000009 0.010000000000000009 1.3585 0.009999999999999787 9.0 0.01 0.009999999999999787 0.009999999999999787 0.01 0.01 
0.009999999999999787 0.6878174603174605 0.6927415986329979 0.009999999999999787 0.010000000000000009 2.0846153846153848 0.010000000000000009 0.68425 0.009999999999999787 0.009999999999999787 0.7917391304347826 9.0 0.009999999999999787 0.5494 0.06277886497064579 
0.009999999999999787 3.374828571428572 2.228910195557243 0.009999999999999787 0.010000000000000009 4.15923076923077 1.2942857142857143 1.9203750000000002 0.009999999999999787 0.009999999999999787 4.700434782608696 0.009999999999999787 0.009999999999999787 0.428035 0.01 
0.009999999999999787 1.9364285714285718 0.5783823808619708 0.009999999999999787 0.010000000000000009 6.9253846153846155 1.2942857142857143 2.2957075 0.009999999999999787 0.009999999999999787 3.5278260869565217 9.0 0.009999999999999787 1.803505 0.15549373776908024 
9.0 3.5175269841269845 1.517152078982343 0.009999999999999787 0.010000000000000009 0.010000000000000009 0.010000000000000009 0.0661875 9.0 9.0 0.01 9.0 0.009999999999999787 0.7292 0.01 
0.009999999999999787 4.208187301587302 1.7168539965824947 0.009999999999999787 0.010000000000000009 2.0846153846153848 2.5785714285714283 1.0213750000000001 9.0 9.0 0.01 0.009999999999999787 0.009999999999999787 0.643795 0.01 
9.0 3.4347619047619053 1.8875393962407443 0.009999999999999787 0.010000000000000009 5.542307692307692 0.010000000000000009 0.0661875 0.009999999999999787 9.0 0.01 0.009999999999999787 0.009999999999999787 1.03486 0.01 
0.009999999999999787 2.246084126984128 0.4367134991456237 0.009999999999999787 0.010000000000000009 0.010000000000000009 1.2942857142857143 0.122375 9.0 0.009999999999999787 0.7917391304347826 0.009999999999999787 0.009999999999999787 1.808 0.029000391389432487 
9.0 6.157447619047619 1.4608258970951205 4.505 0.909 9.0 9.0 2.2575 9.0 9.0 0.01 0.009999999999999787 0.009999999999999787 0.01 0.01070371819960861 
0.009999999999999787 5.004444444444445 2.9116517941902407 0.009999999999999787 0.010000000000000009 0.010000000000000009 1.2942857142857143 5.62875 0.009999999999999787 0.009999999999999787 3.5278260869565217 9.0 0.009999999999999787 0.823595 0.3011634050880626 
9.0 2.411614285714286 3.6507195747104606 0.009999999999999787 0.010000000000000009 5.542307692307692 1.2942857142857143 0.04820750000000001 9.0 0.009999999999999787 4.700434782608696 0.009999999999999787 0.009999999999999787 0.589855 0.010527788649706459 
0.009999999999999787 1.4969174603174609 0.3086994494019366 0.009999999999999787 0.010000000000000009 5.542307692307692 0.010000000000000009 2.0889374999999997 0.009999999999999787 0.009999999999999787 0.7917391304347826 0.009999999999999787 0.009999999999999787 2.3474 0.3618590998043053 
0.009999999999999787 1.0445634920634923 1.64516612872603 4.505 0.909 6.233846153846154 0.010000000000000009 1.0213750000000001 0.009999999999999787 0.009999999999999787 0.4008695652173913 0.009999999999999787 0.009999999999999787 0.3696 0.06277886497064579 
0.009999999999999787 3.3990873015873024 0.3940421492310613 4.505 0.909 0.7015384615384616 0.010000000000000009 0.68425 9.0 9.0 0.01 0.009999999999999787 0.009999999999999787 1.9473449999999999 0.01 
0.009999999999999787 1.7109650793650797 0.7644294664894626 4.505 0.909 8.308461538461538 0.010000000000000009 1.808 0.009999999999999787 9.0 0.01 9.0 0.009999999999999787 0.8550599999999999 0.01 
0.009999999999999787 3.3990873015873024 0.2950446174292766 0.009999999999999787 0.010000000000000009 7.616923076923077 0.010000000000000009 0.027979999999999998 9.0 9.0 0.01 9.0 0.009999999999999787 0.5494 0.010879647749510763 
9.0 1.2828698412698416 0.12435921777102715 0.009999999999999787 0.010000000000000009 5.542307692307692 0.010000000000000009 0.347125 9.0 9.0 0.01 9.0 9.0 0.7292 0.01 
0.009999999999999787 1.1986777777777777 0.807100816404025 0.009999999999999787 0.010000000000000009 3.4676923076923076 0.010000000000000009 0.347125 9.0 9.0 0.01 9.0 0.009999999999999787 0.8190999999999999 0.01 
0.009999999999999787 1.8650793650793656 1.5461685969242451 4.505 0.909 0.010000000000000009 2.5785714285714283 1.13375 9.0 9.0 0.01 9.0 0.009999999999999787 0.909 0.2228747553816047 
0.009999999999999787 1.4013095238095241 0.9487696981203722 0.009999999999999787 0.010000000000000009 9.0 9.0 2.03275 9.0 9.0 0.01 9.0 0.009999999999999787 0.7292 0.014398238747553816 
9.0 1.2828698412698416 0.2660280994873742 0.009999999999999787 0.010000000000000009 0.010000000000000009 0.010000000000000009 0.909 9.0 0.009999999999999787 0.7917391304347826 0.009999999999999787 0.009999999999999787 0.909 0.07931624266144813 
0.009999999999999787 2.139060317460318 4.959876590089235 0.009999999999999787 0.010000000000000009 0.7015384615384616 0.010000000000000009 0.0661875 9.0 9.0 0.01 9.0 0.009999999999999787 0.01 0.06031585127201566 
0.009999999999999787 2.9110587301587305 2.228910195557243 0.009999999999999787 0.010000000000000009 8.308461538461538 0.010000000000000009 0.0661875 0.009999999999999787 9.0 0.01 0.009999999999999787 0.009999999999999787 2.0012849999999998 0.01 
9.0 0.40242063492063496 0.4367134991456237 0.009999999999999787 0.010000000000000009 5.542307692307692 0.010000000000000009 0.122375 9.0 0.009999999999999787 0.4008695652173913 9.0 0.009999999999999787 0.49546 0.02724109589041096 
0.009999999999999787 2.019193650793651 0.5357110309474084 0.009999999999999787 0.010000000000000009 6.233846153846154 0.010000000000000009 1.695625 0.009999999999999787 0.009999999999999787 1.9643478260869565 0.009999999999999787 0.009999999999999787 0.4595 0.010527788649706459 
9.0 1.615357142857143 3.7650787924814884 4.505 0.909 8.308461538461538 0.010000000000000009 2.03275 0.009999999999999787 9.0 0.01 9.0 0.009999999999999787 0.5494 0.01 
0.009999999999999787 0.8191000000000006 0.5220561989747484 4.505 0.909 6.9253846153846155 0.010000000000000009 0.909 0.009999999999999787 9.0 0.01 0.009999999999999787 0.009999999999999787 0.4595 0.013518590998043053 
0.009999999999999787 1.0559793650793652 3.452724511106892 4.505 0.909 7.616923076923077 1.2942857142857143 0.571875 9.0 9.0 0.01 9.0 0.009999999999999787 1.1787 0.01 
0.009999999999999787 3.6959 4.760174672489082 0.009999999999999787 0.010000000000000009 6.233846153846154 0.010000000000000009 3.8869374999999997 0.009999999999999787 0.009999999999999787 2.3552173913043477 0.009999999999999787 0.009999999999999787 0.32465 0.01 
9.0 5.492473015873017 0.01 4.505 0.909 9.0 9.0 0.01 9.0 9.0 0.01 9.0 0.009999999999999787 0.01 0.01 
9.0 1.6624476190476192 0.7217581165749003 0.009999999999999787 0.010000000000000009 0.010000000000000009 1.2942857142857143 1.246125 0.009999999999999787 9.0 0.01 0.009999999999999787 0.009999999999999787 1.6281999999999999 0.010175929549902154 
0.009999999999999787 2.3045904761904765 1.2047977976077464 0.009999999999999787 0.010000000000000009 0.010000000000000009 0.010000000000000009 0.0841675 9.0 9.0 0.01 9.0 0.009999999999999787 0.98092 0.01 
0.009999999999999787 0.9974730158730165 0.2950446174292766 4.505 0.909 0.010000000000000009 0.010000000000000009 0.909 9.0 9.0 0.01 0.009999999999999787 9.0 1.0888 0.01 
0.009999999999999787 1.412725396825397 0.6210537307765331 0.009999999999999787 0.010000000000000009 0.010000000000000009 0.010000000000000009 0.25273 9.0 9.0 0.01 0.009999999999999787 0.009999999999999787 0.62132 0.010175929549902154 
9.0 1.7694714285714288 2.9679779760774627 0.009999999999999787 0.010000000000000009 8.308461538461538 0.010000000000000009 0.6460425000000001 0.009999999999999787 9.0 0.01 9.0 0.009999999999999787 0.7292 0.0363894324853229 
9.0 0.6521428571428571 3.423707993164989 0.009999999999999787 0.010000000000000009 6.233846153846154 0.010000000000000009 0.4595 9.0 0.009999999999999787 0.4008695652173913 9.0 0.009999999999999787 0.5494 0.010175929549902154 
0.009999999999999787 2.531480952380953 5.3012473894057335 0.009999999999999787 0.010000000000000009 0.010000000000000009 0.010000000000000009 0.23475000000000001 0.009999999999999787 9.0 0.01 9.0 0.009999999999999787 0.5494 0.01 
0.009999999999999787 4.4935841269841275 0.5220561989747484 0.009999999999999787 0.010000000000000009 0.010000000000000009 0.010000000000000009 1.13375 0.009999999999999787 9.0 0.01 0.009999999999999787 0.009999999999999787 0.6393 0.01 
0.009999999999999787 1.3299603174603178 0.2660280994873742 0.009999999999999787 0.010000000000000009 4.15923076923077 0.010000000000000009 0.23475000000000001 0.009999999999999787 9.0 0.01 0.009999999999999787 9.0 1.4484 0.01 
9.0 2.852552380952382 0.1380140497436871 0.009999999999999787 0.010000000000000009 6.9253846153846155 0.010000000000000009 0.1785625 9.0 9.0 0.01 9.0 0.009999999999999787 1.3585 0.017740900195694714 
0.009999999999999787 0.5565349206349204 3.423707993164989 0.009999999999999787 0.010000000000000009 6.233846153846154 1.2942857142857143 0.0841675 9.0 0.009999999999999787 0.4008695652173913 9.0 0.009999999999999787 0.5494 0.010175929549902154 
0.009999999999999787 3.5660444444444455 0.08168786785646477 0.009999999999999787 0.010000000000000009 3.4676923076923076 0.010000000000000009 0.04820750000000001 0.009999999999999787 9.0 0.01 0.009999999999999787 0.009999999999999787 1.2686 0.01 
0.009999999999999787 0.8062571428571426 3.7360622745395853 0.009999999999999787 0.010000000000000009 0.010000000000000009 2.5785714285714283 0.2729575 9.0 0.009999999999999787 0.7917391304347826 0.009999999999999787 0.009999999999999787 0.909 0.011231506849315068 
9.0 0.569377777777778 0.01 4.505 0.909 2.7761538461538464 9.0 0.01 9.0 9.0 0.01 9.0 0.009999999999999787 0.39657 0.01 
0.009999999999999787 6.538452380952381 0.9487696981203722 0.009999999999999787 0.010000000000000009 6.233846153846154 0.010000000000000009 0.796625 0.009999999999999787 0.009999999999999787 1.9643478260869565 0.009999999999999787 0.009999999999999787 0.2797 0.020203913894324854 
0.009999999999999787 1.6867063492063497 0.1380140497436871 0.009999999999999787 0.010000000000000009 4.15923076923077 0.010000000000000009 0.122375 0.009999999999999787 0.009999999999999787 1.182608695652174 9.0 0.009999999999999787 1.1787 2.667943639921722 
0.009999999999999787 1.6396158730158734 2.0582247958989934 0.009999999999999787 0.010000000000000009 0.010000000000000009 0.010000000000000009 0.4595 0.009999999999999787 0.009999999999999787 1.182608695652174 9.0 0.009999999999999787 0.01 0.01 
0.009999999999999787 3.613134920634921 1.7168539965824947 0.009999999999999787 0.010000000000000009 6.9253846153846155 0.010000000000000009 1.58325 0.009999999999999787 0.009999999999999787 3.9186956521739127 0.009999999999999787 0.009999999999999787 0.01 0.01 
0.009999999999999787 4.052646031746032 0.36502563128915894 0.009999999999999787 0.010000000000000009 6.233846153846154 0.010000000000000009 2.2575 0.009999999999999787 0.009999999999999787 2.3552173913043477 0.009999999999999787 0.009999999999999787 2.2575 1.7692954990215264 
9.0 1.7223809523809526 0.18068539965824948 0.009999999999999787 0.010000000000000009 0.010000000000000009 1.2942857142857143 0.4033125 0.009999999999999787 9.0 0.01 0.009999999999999787 0.009999999999999787 2.2170449999999997 0.01 
0.009999999999999787 3.2806476190476195 1.1194550977786215 0.009999999999999787 0.010000000000000009 5.542307692307692 1.2942857142857143 4.0555 0.009999999999999787 9.0 0.01 0.009999999999999787 0.009999999999999787 0.46849 0.12241898238747553 
0.009999999999999787 1.1044968253968257 0.2660280994873742 4.505 0.909 4.850769230769231 5.147142857142857 0.347125 9.0 9.0 0.01 0.009999999999999787 0.009999999999999787 0.60334 0.010351859099804305 
0.009999999999999787 0.9617984126984132 0.6364154167457755 0.009999999999999787 0.010000000000000009 0.010000000000000009 0.010000000000000009 1.0213750000000001 0.009999999999999787 0.009999999999999787 0.4008695652173913 9.0 0.009999999999999787 0.4595 0.0363894324853229 
9.0 1.436984126984127 0.25237326751471423 0.009999999999999787 0.010000000000000009 6.233846153846154 0.010000000000000009 0.122375 9.0 0.009999999999999787 0.4008695652173913 0.009999999999999787 0.009999999999999787 1.0888 0.01070371819960861 
0.009999999999999787 1.6510317460317463 0.35137079931649895 0.009999999999999787 0.010000000000000009 8.308461538461538 0.010000000000000009 0.23475000000000001 9.0 9.0 0.01 9.0 0.009999999999999787 0.909 0.01 
0.009999999999999787 3.0780158730158735 5.642618188722232 4.505 0.909 0.010000000000000009 0.010000000000000009 1.808 0.009999999999999787 9.0 0.01 9.0 0.009999999999999787 0.3696 0.01 
0.009999999999999787 2.2218253968253974 5.0588741218910185 0.009999999999999787 0.010000000000000009 8.308461538461538 0.010000000000000009 2.27548 0.009999999999999787 0.009999999999999787 1.9643478260869565 0.009999999999999787 0.009999999999999787 0.76516 0.01 
0.009999999999999787 4.159669841269841 1.5888399468388077 0.009999999999999787 0.010000000000000009 5.542307692307692 0.010000000000000009 2.06871 0.009999999999999787 9.0 0.01 9.0 9.0 0.01 0.01 
9.0 2.4244571428571433 4.106449591797987 0.009999999999999787 0.010000000000000009 0.010000000000000009 0.010000000000000009 0.909 0.009999999999999787 0.009999999999999787 0.4008695652173913 9.0 0.009999999999999787 0.9989 0.0133426614481409 
0.009999999999999787 5.004444444444445 9.0 4.505 0.909 9.0 9.0 0.01 0.009999999999999787 9.0 0.01 0.009999999999999787 0.009999999999999787 0.01 0.01 
0.009999999999999787 0.9617984126984132 0.38038731725840136 0.009999999999999787 0.010000000000000009 5.542307692307692 0.010000000000000009 0.68425 9.0 9.0 0.01 9.0 0.009999999999999787 0.49546 0.011231506849315068 
0.009999999999999787 0.973214285714286 3.423707993164989 4.505 0.909 0.010000000000000009 0.010000000000000009 1.13375 0.009999999999999787 9.0 0.01 9.0 9.0 0.1898 0.01 
0.009999999999999787 3.1251063492063498 0.2660280994873742 0.009999999999999787 0.010000000000000009 3.4676923076923076 0.010000000000000009 0.68425 9.0 9.0 0.01 0.009999999999999787 0.009999999999999787 1.048345 0.01 
9.0 3.2678047619047623 0.10899753180178468 0.009999999999999787 0.010000000000000009 9.0 9.0 0.01 9.0 0.009999999999999787 3.9186956521739127 9.0 0.009999999999999787 0.909 0.013166731898238748 
0.009999999999999787 1.412725396825397 0.2950446174292766 0.009999999999999787 0.010000000000000009 2.0846153846153848 1.2942857142857143 0.04820750000000001 9.0 9.0 0.01 0.009999999999999787 0.009999999999999787 0.9989 0.010879647749510763 
9.0 0.6407269841269847 3.423707993164989 4.505 0.909 5.542307692307692 1.2942857142857143 0.0841675 9.0 9.0 0.01 9.0 0.009999999999999787 1.5383 0.01 
9.0 1.0203047619047618 0.18068539965824948 4.505 0.909 7.616923076923077 7.715714285714286 0.4595 9.0 9.0 0.01 9.0 0.009999999999999787 1.1787 0.01 
0.009999999999999787 2.3045904761904765 0.7063964306056578 4.505 0.909 6.9253846153846155 1.2942857142857143 0.027979999999999998 9.0 9.0 0.01 9.0 0.009999999999999787 0.58536 0.010175929549902154 
0.009999999999999787 1.1159126984126986 3.9357641921397377 0.009999999999999787 0.010000000000000009 2.0846153846153848 0.010000000000000009 0.23475000000000001 0.009999999999999787 9.0 0.01 0.009999999999999787 0.009999999999999787 0.4595 0.02196320939334638 
9.0 1.140171428571429 3.9357641921397377 4.505 0.909 2.7761538461538464 3.862857142857143 0.01 0.009999999999999787 0.009999999999999787 4.309565217391304 0.009999999999999787 0.009999999999999787 0.01 0.01 
9.0 2.6385047619047626 0.5084013670020884 0.009999999999999787 0.010000000000000009 6.233846153846154 0.010000000000000009 0.4977075 0.009999999999999787 0.009999999999999787 6.263913043478261 9.0 0.009999999999999787 0.5494 0.3757575342465753 
0.009999999999999787 0.9132809523809522 0.09534269982912473 0.009999999999999787 0.010000000000000009 5.542307692307692 0.010000000000000009 0.0661875 9.0 9.0 0.01 9.0 0.009999999999999787 0.909 0.01 
0.009999999999999787 0.3310714285714287 1.0767837478640592 0.009999999999999787 0.010000000000000009 6.233846153846154 0.010000000000000009 0.04820750000000001 9.0 0.009999999999999787 0.4008695652173913 9.0 0.009999999999999787 0.01 0.011055577299412915 
9.0 1.925012698412699 0.4367134991456237 0.009999999999999787 0.010000000000000009 9.0 9.0 0.01 9.0 0.009999999999999787 0.4008695652173913 9.0 0.009999999999999787 0.42353999999999997 0.06277886497064579 
0.009999999999999787 5.443955555555556 0.7063964306056578 4.505 0.909 9.0 9.0 0.68425 9.0 9.0 0.01 9.0 0.009999999999999787 0.5494 0.010175929549902154 
0.009999999999999787 2.7569444444444446 0.8634269982912474 4.505 0.909 6.233846153846154 0.010000000000000009 3.1565 9.0 9.0 0.01 0.009999999999999787 0.009999999999999787 1.2686 0.01 
0.009999999999999787 7.383226984126986 3.7650787924814884 0.009999999999999787 0.010000000000000009 7.616923076923077 6.4314285714285715 9.0 0.009999999999999787 0.009999999999999787 2.7460869565217387 0.009999999999999787 0.009999999999999787 0.10888999999999999 0.01 
0.009999999999999787 3.6959 1.7168539965824947 0.009999999999999787 0.010000000000000009 9.0 9.0 0.01 9.0 0.009999999999999787 0.7917391304347826 9.0 0.009999999999999787 0.08641499999999999 0.010175929549902154 
0.009999999999999787 0.9375396825396827 3.4100531611923297 0.009999999999999787 0.010000000000000009 7.616923076923077 7.715714285714286 0.01 0.009999999999999787 9.0 0.01 9.0 0.009999999999999787 0.01 0.01 
0.009999999999999787 2.8282936507936514 0.6073988988038732 0.009999999999999787 0.010000000000000009 6.9253846153846155 1.2942857142857143 2.03275 0.009999999999999787 0.009999999999999787 1.5734782608695652 0.009999999999999787 0.009999999999999787 1.147235 0.16077162426614483 
0.009999999999999787 3.660225396825397 2.015553445984431 0.009999999999999787 0.010000000000000009 6.9253846153846155 1.2942857142857143 4.505 0.009999999999999787 0.009999999999999787 5.482173913043478 0.009999999999999787 0.009999999999999787 1.803505 0.01 
0.009999999999999787 1.1273285714285715 0.2796829314600342 4.505 0.909 6.9253846153846155 0.010000000000000009 0.3089175 9.0 9.0 0.01 9.0 0.009999999999999787 0.7292 0.01 
0.009999999999999787 3.0666 0.8634269982912474 0.009999999999999787 0.010000000000000009 3.4676923076923076 0.010000000000000009 2.03275 0.009999999999999787 0.009999999999999787 2.7460869565217387 9.0 0.009999999999999787 0.68425 0.23343052837573386 
0.009999999999999787 5.742195238095239 3.295693943421302 0.009999999999999787 0.010000000000000009 7.616923076923077 0.010000000000000009 3.9049174999999994 0.009999999999999787 0.009999999999999787 1.9643478260869565 9.0 0.009999999999999787 0.01 0.01 
9.0 0.6992333333333334 3.423707993164989 0.009999999999999787 0.010000000000000009 0.7015384615384616 0.010000000000000009 0.1965425 9.0 9.0 0.01 9.0 0.009999999999999787 0.3696 0.01738904109589041 
0.009999999999999787 1.3656349206349208 0.35137079931649895 0.009999999999999787 0.010000000000000009 0.010000000000000009 0.010000000000000009 0.3853325 0.009999999999999787 9.0 0.01 9.0 9.0 1.3585 0.01 
9.0 1.9364285714285718 0.10899753180178468 0.009999999999999787 0.010000000000000009 4.15923076923077 1.2942857142857143 0.0661875 9.0 0.009999999999999787 0.4008695652173913 0.009999999999999787 0.009999999999999787 1.23264 0.029000391389432487 
0.009999999999999787 2.781203174603175 1.0477672299221568 4.505 0.909 0.010000000000000009 1.2942857142857143 0.92698 0.009999999999999787 0.009999999999999787 0.4008695652173913 0.009999999999999787 0.009999999999999787 0.8190999999999999 3.1814819960861054 
0.009999999999999787 6.407169841269842 0.9351148661477121 0.009999999999999787 0.010000000000000009 0.010000000000000009 0.010000000000000009 1.0955425 9.0 9.0 0.01 0.009999999999999787 0.009999999999999787 1.4484 0.01 
9.0 0.6764015873015876 3.167679893677615 0.009999999999999787 0.010000000000000009 5.542307692307692 0.010000000000000009 0.553895 0.009999999999999787 0.009999999999999787 1.5734782608695652 9.0 0.009999999999999787 0.2797 0.10500195694716243 
9.0 0.2953968253968253 0.1380140497436871 0.009999999999999787 0.010000000000000009 0.010000000000000009 0.010000000000000009 0.4595 9.0 9.0 0.01 9.0 0.009999999999999787 0.5494 0.013166731898238748 
0.009999999999999787 2.007777777777778 0.45036833111828367 0.009999999999999787 0.010000000000000009 3.4676923076923076 1.2942857142857143 0.122375 9.0 9.0 0.01 0.009999999999999787 9.0 0.6393 0.01 
0.009999999999999787 1.615357142857143 3.850421492310613 0.009999999999999787 0.010000000000000009 0.010000000000000009 0.010000000000000009 1.13375 0.009999999999999787 0.009999999999999787 6.654782608695652 9.0 0.009999999999999787 0.909 0.2225228962818004 
0.009999999999999787 0.4851857142857141 1.1331099297512814 0.009999999999999787 0.010000000000000009 2.0846153846153848 0.010000000000000009 0.16058250000000002 9.0 9.0 0.01 0.009999999999999787 0.009999999999999787 0.6393 0.010351859099804305 
0.009999999999999787 0.9261238095238098 3.167679893677615 0.009999999999999787 0.010000000000000009 0.010000000000000009 0.010000000000000009 0.7584175000000001 0.009999999999999787 0.009999999999999787 1.182608695652174 0.009999999999999787 0.009999999999999787 0.1898 0.014926027397260275 
0.009999999999999787 0.6050523809523813 0.07998101385988228 0.009999999999999787 0.010000000000000009 8.308461538461538 0.010000000000000009 0.027979999999999998 9.0 9.0 0.01 9.0 0.009999999999999787 1.2686 0.14194716242661448 
0.009999999999999787 0.010000000000000009 1.3754831972659958 4.505 0.909 6.233846153846154 0.010000000000000009 0.796625 0.009999999999999787 0.009999999999999787 0.7917391304347826 0.009999999999999787 0.009999999999999787 0.5494 0.18592954990215266 
0.009999999999999787 1.091653968253968 2.570280994873742 0.009999999999999787 0.010000000000000009 8.308461538461538 0.010000000000000009 0.6460425000000001 0.009999999999999787 0.009999999999999787 0.4008695652173913 9.0 0.009999999999999787 0.3696 1.7341095890410958 
0.009999999999999787 1.270026984126984 0.5220561989747484 4.505 0.909 8.308461538461538 0.010000000000000009 0.25273 9.0 9.0 0.01 0.009999999999999787 0.009999999999999787 0.5494 0.021787279843444227 
0.009999999999999787 3.01808253968254 0.8634269982912474 4.505 0.909 6.233846153846154 0.010000000000000009 1.3585 9.0 9.0 0.01 9.0 9.0 0.909 0.01 
0.009999999999999787 4.112579365079365 1.6878374786405923 4.505 0.909 6.233846153846154 0.010000000000000009 1.4326675 0.009999999999999787 9.0 0.01 0.009999999999999787 0.009999999999999787 0.24374 0.2636904109589041 
0.009999999999999787 1.5554238095238095 4.277134991456236 0.009999999999999787 0.010000000000000009 6.233846153846154 0.010000000000000009 0.4033125 0.009999999999999787 9.0 0.01 0.009999999999999787 0.009999999999999787 1.1787 0.01 
0.009999999999999787 3.6017190476190484 0.6073988988038732 0.009999999999999787 0.010000000000000009 3.4676923076923076 0.010000000000000009 0.23475000000000001 9.0 9.0 0.01 0.009999999999999787 0.009999999999999787 1.3585 0.010351859099804305 
0.009999999999999787 1.2229365079365082 0.16703056768558952 0.009999999999999787 0.010000000000000009 3.4676923076923076 0.010000000000000009 0.0661875 9.0 9.0 0.01 0.009999999999999787 0.009999999999999787 1.2686 0.019676125244618398 
0.009999999999999787 3.945622222222222 0.01 0.009999999999999787 0.010000000000000009 0.010000000000000009 2.5785714285714283 6.7524999999999995 0.009999999999999787 9.0 0.01 9.0 0.009999999999999787 0.01 0.01 
9.0 0.8547746031746035 0.08168786785646477 0.009999999999999787 0.010000000000000009 5.542307692307692 1.2942857142857143 0.140355 0.009999999999999787 0.009999999999999787 4.309565217391304 9.0 0.009999999999999787 0.3696 0.02741702544031311 
0.009999999999999787 2.3531079365079375 2.228910195557243 0.009999999999999787 0.010000000000000009 6.9253846153846155 0.010000000000000009 1.4146875 0.009999999999999787 0.009999999999999787 3.13695652173913 9.0 0.009999999999999787 1.49335 0.2211154598825832 
0.009999999999999787 1.3542190476190479 0.01 0.009999999999999787 0.010000000000000009 6.9253846153846155 0.010000000000000009 0.04820750000000001 0.009999999999999787 9.0 0.01 9.0 0.009999999999999787 0.01 0.01 
0.009999999999999787 3.1493650793650794 0.834410480349345 0.009999999999999787 0.010000000000000009 6.233846153846154 0.010000000000000009 0.0661875 9.0 0.009999999999999787 0.7917391304347826 9.0 0.009999999999999787 0.9989 0.010175929549902154 
0.009999999999999787 0.6164682539682542 0.06632618188722232 0.009999999999999787 0.010000000000000009 5.542307692307692 5.147142857142857 0.10439499999999999 9.0 9.0 0.01 9.0 0.009999999999999787 0.909 0.017037181996086108 
0.009999999999999787 1.0445634920634923 1.0341123979494968 4.505 0.909 0.7015384615384616 0.010000000000000009 0.4977075 0.009999999999999787 0.009999999999999787 3.13695652173913 0.009999999999999787 0.009999999999999787 0.7292 0.010175929549902154 
9.0 6.003333333333334 2.4269052591608125 0.009999999999999787 0.010000000000000009 3.4676923076923076 1.2942857142857143 3.0441249999999997 0.009999999999999787 0.009999999999999787 1.182608695652174 0.009999999999999787 0.009999999999999787 0.4595 0.018796477495107634 
0.009999999999999787 4.445066666666667 2.3995955952154926 4.505 0.909 0.010000000000000009 0.010000000000000009 0.7404375000000001 9.0 9.0 0.01 9.0 0.009999999999999787 0.7292 0.010351859099804305 
0.009999999999999787 2.019193650793651 0.5220561989747484 0.009999999999999787 0.010000000000000009 6.233846153846154 0.010000000000000009 0.909 0.009999999999999787 0.009999999999999787 4.309565217391304 0.009999999999999787 0.009999999999999787 1.9608299999999999 0.016157534246575345 
0.009999999999999787 0.36674603174603204 0.2950446174292766 0.009999999999999787 0.010000000000000009 4.15923076923077 0.010000000000000009 0.04820750000000001 0.009999999999999787 9.0 0.01 9.0 9.0 0.909 0.01 
0.009999999999999787 1.6267730158730158 0.5937440668312132 0.009999999999999787 0.010000000000000009 6.9253846153846155 0.010000000000000009 0.7584175000000001 0.009999999999999787 0.009999999999999787 0.4008695652173913 0.009999999999999787 0.009999999999999787 1.785525 0.013518590998043053 
0.009999999999999787 1.3299603174603178 0.22335674957281185 4.505 0.909 8.308461538461538 0.010000000000000009 0.0661875 0.009999999999999787 9.0 0.01 9.0 0.009999999999999787 0.8190999999999999 0.010175929549902154 
0.009999999999999787 1.876495238095238 0.19434023163090944 0.009999999999999787 0.010000000000000009 3.4676923076923076 9.0 0.01 9.0 9.0 0.01 9.0 0.009999999999999787 0.4595 0.01 
0.009999999999999787 2.043452380952381 1.0341123979494968 0.009999999999999787 0.010000000000000009 6.233846153846154 0.010000000000000009 0.347125 9.0 9.0 0.01 0.009999999999999787 0.009999999999999787 1.3585 0.021787279843444227 
9.0 3.01808253968254 0.4367134991456237 4.505 0.909 2.0846153846153848 1.2942857142857143 0.23475000000000001 9.0 9.0 0.01 0.009999999999999787 0.009999999999999787 0.7292 0.01 
0.009999999999999787 0.830515873015873 0.10899753180178468 0.009999999999999787 0.010000000000000009 3.4676923076923076 0.010000000000000009 0.140355 9.0 9.0 0.01 9.0 0.009999999999999787 1.2686 0.07403835616438356 
0.009999999999999787 7.084987301587302 0.19434023163090944 0.009999999999999787 0.010000000000000009 0.010000000000000009 0.010000000000000009 0.2729575 0.009999999999999787 0.009999999999999787 1.182608695652174 0.009999999999999787 0.009999999999999787 0.8190999999999999 0.01 
9.0 1.008888888888889 3.2666774254793993 0.009999999999999787 0.010000000000000009 2.0846153846153848 0.010000000000000009 0.027979999999999998 9.0 9.0 0.01 9.0 0.009999999999999787 0.909 0.18592954990215266 
0.009999999999999787 2.899642857142857 1.5461685969242451 0.009999999999999787 0.010000000000000009 8.308461538461538 0.010000000000000009 0.4595 0.009999999999999787 9.0 0.01 0.009999999999999787 0.009999999999999787 1.0888 0.01 
9.0 0.7834253968253972 2.9406683121321433 0.009999999999999787 0.010000000000000009 6.9253846153846155 1.2942857142857143 0.347125 0.009999999999999787 0.009999999999999787 2.7460869565217387 9.0 0.009999999999999787 0.44152 0.01 
0.009999999999999787 8.726019047619047 6.49604518701348 4.505 0.909 9.0 9.0 0.027979999999999998 9.0 0.009999999999999787 0.7917391304347826 9.0 0.009999999999999787 0.01 0.07175127201565558 
9.0 1.412725396825397 0.29333776343269413 0.009999999999999787 0.010000000000000009 5.542307692307692 0.010000000000000009 0.1965425 9.0 0.009999999999999787 0.4008695652173913 0.009999999999999787 0.009999999999999787 0.909 0.011935225048923678 
0.009999999999999787 2.839709523809524 0.12435921777102715 4.505 0.909 6.9253846153846155 0.010000000000000009 0.04820750000000001 9.0 9.0 0.01 9.0 0.009999999999999787 0.8190999999999999 0.01 
9.0 4.373717460317461 0.01 0.009999999999999787 0.010000000000000009 0.010000000000000009 0.010000000000000009 1.13375 0.009999999999999787 9.0 0.01 9.0 0.009999999999999787 0.01 0.01 
0.009999999999999787 1.8536634920634927 1.4608258970951205 0.009999999999999787 0.010000000000000009 6.9253846153846155 0.010000000000000009 1.938355 0.009999999999999787 0.009999999999999787 0.4008695652173913 0.009999999999999787 0.009999999999999787 0.5494 0.01 
9.0 0.7834253968253972 0.2097019176001519 4.505 0.909 8.308461538461538 0.010000000000000009 0.2729575 0.009999999999999787 9.0 0.01 0.009999999999999787 0.009999999999999787 0.7292 0.01 
0.009999999999999787 2.007777777777778 0.2097019176001519 4.505 0.909 6.9253846153846155 0.010000000000000009 0.122375 0.009999999999999787 0.009999999999999787 0.7917391304347826 9.0 0.009999999999999787 1.1787 0.09796477495107632 
0.009999999999999787 4.183928571428572 0.10899753180178468 4.505 0.909 6.9253846153846155 1.2942857142857143 0.796625 0.009999999999999787 0.009999999999999787 3.13695652173913 9.0 0.009999999999999787 0.4595 0.07597358121330723 
0.009999999999999787 2.1504761904761907 0.4076969812037213 0.009999999999999787 0.010000000000000009 3.4676923076923076 0.010000000000000009 0.23475000000000001 0.009999999999999787 9.0 0.01 9.0 9.0 1.2686 0.01 
9.0 2.1504761904761907 1.290140497436871 0.009999999999999787 0.010000000000000009 0.010000000000000009 0.010000000000000009 0.4977075 0.009999999999999787 0.009999999999999787 0.4008695652173913 0.009999999999999787 0.009999999999999787 1.677645 0.01 
0.009999999999999787 1.9364285714285718 0.22335674957281185 0.009999999999999787 0.010000000000000009 8.308461538461538 0.010000000000000009 0.21452250000000003 0.009999999999999787 9.0 0.01 0.009999999999999787 0.009999999999999787 0.909 0.01 
0.009999999999999787 0.973214285714286 0.834410480349345 0.009999999999999787 0.010000000000000009 0.010000000000000009 0.010000000000000009 0.909 0.009999999999999787 0.009999999999999787 4.309565217391304 0.009999999999999787 0.009999999999999787 0.909 0.5377886497064579 
0.009999999999999787 0.4851857142857141 0.03901651794190241 4.505 0.909 0.010000000000000009 0.010000000000000009 0.027979999999999998 9.0 9.0 0.01 9.0 0.009999999999999787 0.6393 0.1370211350293542 
9.0 4.58776507936508 3.5943933928232386 0.009999999999999787 0.010000000000000009 5.542307692307692 0.010000000000000009 2.2575 0.009999999999999787 0.009999999999999787 2.7460869565217387 0.009999999999999787 0.009999999999999787 0.01 0.01 
0.009999999999999787 1.4612428571428575 0.5220561989747484 0.009999999999999787 0.010000000000000009 0.7015384615384616 1.2942857142857143 0.8528125 0.009999999999999787 0.009999999999999787 2.3552173913043477 9.0 0.009999999999999787 0.909 0.06752896281800391 
0.009999999999999787 2.6741793650793655 0.7490677805202203 4.505 0.909 3.4676923076923076 9.0 0.01 9.0 9.0 0.01 9.0 0.009999999999999787 0.5494 0.01 
0.009999999999999787 2.732685714285714 0.8634269982912474 0.009999999999999787 0.010000000000000009 6.9253846153846155 1.2942857142857143 1.246125 0.009999999999999787 0.009999999999999787 2.3552173913043477 9.0 0.009999999999999787 0.7292 0.37452602739726026 
9.0 0.8661904761904764 0.2660280994873742 0.009999999999999787 0.010000000000000009 0.010000000000000009 0.010000000000000009 0.3673525 0.009999999999999787 0.009999999999999787 1.9643478260869565 0.009999999999999787 0.009999999999999787 0.6393 0.010879647749510763 
0.009999999999999787 2.2817587301587308 0.493039681032846 0.009999999999999787 0.010000000000000009 6.233846153846154 1.2942857142857143 0.347125 0.009999999999999787 0.009999999999999787 0.4008695652173913 9.0 0.009999999999999787 1.0888 0.027592954990215267 
9.0 2.7926190476190476 0.8634269982912474 4.505 0.909 0.010000000000000009 0.010000000000000009 1.13375 9.0 9.0 0.01 0.009999999999999787 0.009999999999999787 0.01 0.010351859099804305 
0.009999999999999787 2.567155555555556 0.29333776343269413 0.009999999999999787 0.010000000000000009 6.9253846153846155 0.010000000000000009 0.6100825 0.009999999999999787 0.009999999999999787 3.13695652173913 0.009999999999999787 0.009999999999999787 1.371985 0.5888082191780822 
0.009999999999999787 3.2806476190476195 0.6927415986329979 0.009999999999999787 0.010000000000000009 2.0846153846153848 0.010000000000000009 0.122375 9.0 9.0 0.01 0.009999999999999787 0.009999999999999787 1.0033949999999998 0.01 
9.0 2.1148015873015877 0.35137079931649895 0.009999999999999787 0.010000000000000009 5.542307692307692 0.010000000000000009 0.4595 0.009999999999999787 0.009999999999999787 0.7917391304347826 0.009999999999999787 0.009999999999999787 0.760665 0.09796477495107632 
9.0 4.754722222222223 4.447820391114486 0.009999999999999787 0.010000000000000009 2.0846153846153848 2.5785714285714283 2.3316675 0.009999999999999787 0.009999999999999787 3.5278260869565217 0.009999999999999787 0.009999999999999787 0.01 0.01 
9.0 0.30681269841269865 0.2097019176001519 0.009999999999999787 0.010000000000000009 0.010000000000000009 1.2942857142857143 0.68425 0.009999999999999787 0.009999999999999787 0.7917391304347826 9.0 0.009999999999999787 0.4595 0.01 
0.009999999999999787 2.3174333333333337 0.6364154167457755 0.009999999999999787 0.010000000000000009 0.010000000000000009 1.2942857142857143 1.9585825000000001 0.009999999999999787 9.0 0.01 9.0 0.009999999999999787 1.1787 0.04518590998043053 
9.0 0.9617984126984132 0.2950446174292766 0.009999999999999787 0.010000000000000009 5.542307692307692 0.010000000000000009 0.7224575 0.009999999999999787 0.009999999999999787 0.4008695652173913 9.0 0.009999999999999787 0.01 0.01 
0.009999999999999787 0.7834253968253972 0.01 4.505 0.909 4.15923076923077 2.5785714285714283 0.01 9.0 9.0 0.01 0.009999999999999787 9.0 2.2575 0.010175929549902154 
9.0 1.270026984126984 3.6797360926523632 0.009999999999999787 0.010000000000000009 5.542307692307692 0.010000000000000009 0.1965425 0.009999999999999787 0.009999999999999787 1.9643478260869565 0.009999999999999787 0.009999999999999787 0.01 0.10852054794520548 
9.0 2.7926190476190476 1.0341123979494968 4.505 0.909 8.308461538461538 0.010000000000000009 0.909 9.0 9.0 0.01 9.0 0.009999999999999787 0.8190999999999999 0.01 
0.009999999999999787 5.800701587301588 2.3142528953863675 0.009999999999999787 0.010000000000000009 0.010000000000000009 1.2942857142857143 1.1899375 0.009999999999999787 0.009999999999999787 4.309565217391304 0.009999999999999787 0.009999999999999787 0.01 0.05996399217221135 
0.009999999999999787 3.8871158730158735 0.18068539965824948 4.505 0.909 4.15923076923077 0.010000000000000009 0.23475000000000001 9.0 9.0 0.01 0.009999999999999787 0.009999999999999787 0.59435 0.01 
9.0 3.374828571428572 0.8634269982912474 0.009999999999999787 0.010000000000000009 2.0846153846153848 1.2942857142857143 0.10439499999999999 9.0 9.0 0.01 9.0 0.009999999999999787 1.1787 0.05327866927592955 
0.009999999999999787 2.7212698412698417 0.5220561989747484 0.009999999999999787 0.010000000000000009 6.9253846153846155 1.2942857142857143 2.4822499999999996 0.009999999999999787 0.009999999999999787 1.182608695652174 0.009999999999999787 0.009999999999999787 0.01 0.01 
0.009999999999999787 1.3057015873015874 1.0341123979494968 0.009999999999999787 0.010000000000000009 4.15923076923077 0.010000000000000009 0.589855 0.009999999999999787 0.009999999999999787 0.4008695652173913 9.0 0.009999999999999787 1.1787 0.15074363992172213 
0.009999999999999787 3.4347619047619053 2.3995955952154926 0.009999999999999787 0.010000000000000009 5.542307692307692 1.2942857142857143 5.17925 0.009999999999999787 0.009999999999999787 2.7460869565217387 0.009999999999999787 0.009999999999999787 1.3585 0.010879647749510763 
0.009999999999999787 3.2449730158730166 0.2660280994873742 4.505 0.909 0.7015384615384616 0.010000000000000009 0.2729575 9.0 9.0 0.01 9.0 0.009999999999999787 1.0888 0.010527788649706459 
0.009999999999999787 3.8871158730158735 0.2950446174292766 0.009999999999999787 0.010000000000000009 9.0 9.0 0.01 0.009999999999999787 9.0 0.01 9.0 0.009999999999999787 0.59435 0.010175929549902154 
0.009999999999999787 2.019193650793651 1.3754831972659958 4.505 0.909 2.0846153846153848 1.2942857142857143 2.5946249999999997 0.009999999999999787 0.009999999999999787 0.7917391304347826 0.009999999999999787 0.009999999999999787 0.347125 0.01 
0.009999999999999787 4.219603174603175 8.615957850768938 0.009999999999999787 0.010000000000000009 5.542307692307692 1.2942857142857143 0.10439499999999999 0.009999999999999787 0.009999999999999787 0.4008695652173913 9.0 0.009999999999999787 3.4261999999999997 0.02583365949119374 
9.0 0.973214285714286 4.050123409910765 0.009999999999999787 0.010000000000000009 0.010000000000000009 1.2942857142857143 2.707 0.009999999999999787 9.0 0.01 9.0 0.009999999999999787 1.5383 0.01 
0.009999999999999787 2.3531079365079375 0.38038731725840136 4.505 0.909 0.010000000000000009 0.010000000000000009 0.027979999999999998 9.0 9.0 0.01 9.0 0.009999999999999787 0.77415 0.04149138943248532 
0.009999999999999787 9.0 7.619155116764761 0.009999999999999787 0.010000000000000009 7.616923076923077 6.4314285714285715 5.741125 0.009999999999999787 0.009999999999999787 0.4008695652173913 0.009999999999999787 0.009999999999999787 0.01 0.029176320939334636 
0.009999999999999787 2.411614285714286 0.9351148661477121 4.505 0.909 4.15923076923077 0.010000000000000009 0.0661875 9.0 9.0 0.01 0.009999999999999787 9.0 0.3696 0.01 
0.009999999999999787 1.6396158730158734 1.2047977976077464 0.009999999999999787 0.010000000000000009 6.9253846153846155 0.010000000000000009 0.2909375 0.009999999999999787 0.009999999999999787 2.7460869565217387 9.0 0.009999999999999787 0.01 1.2518866927592955 
0.009999999999999787 1.4612428571428575 0.2370115815454718 0.009999999999999787 0.010000000000000009 0.010000000000000009 0.010000000000000009 0.0841675 9.0 9.0 0.01 9.0 0.009999999999999787 0.4595 0.01 
0.009999999999999787 3.9698809523809526 0.5357110309474084 0.009999999999999787 0.010000000000000009 2.0846153846153848 2.5785714285714283 1.58325 9.0 9.0 0.01 9.0 0.009999999999999787 0.98092 0.01 
0.009999999999999787 6.146031746031746 4.191792291627112 0.009999999999999787 0.010000000000000009 4.15923076923077 0.010000000000000009 0.571875 0.009999999999999787 0.009999999999999787 1.5734782608695652 0.009999999999999787 0.009999999999999787 0.909 0.01 
0.009999999999999787 5.372606349206349 3.423707993164989 0.009999999999999787 0.010000000000000009 2.0846153846153848 2.5785714285714283 0.01 0.009999999999999787 0.009999999999999787 4.309565217391304 9.0 0.009999999999999787 0.01 0.22973600782778866 
0.009999999999999787 2.043452380952381 0.6927415986329979 0.009999999999999787 0.010000000000000009 3.4676923076923076 1.2942857142857143 1.8821675 0.009999999999999787 0.009999999999999787 0.7917391304347826 0.009999999999999787 0.009999999999999787 0.823595 0.01 
9.0 3.292063492063493 1.61785646478071 0.009999999999999787 0.010000000000000009 9.0 9.0 0.01 9.0 9.0 0.01 9.0 0.009999999999999787 0.7292 0.01 
0.009999999999999787 3.387671428571429 0.7063964306056578 0.009999999999999787 0.010000000000000009 6.233846153846154 0.010000000000000009 0.027979999999999998 0.009999999999999787 9.0 0.01 0.009999999999999787 0.009999999999999787 1.808 1.0303913894324852 
0.009999999999999787 2.899642857142857 1.8875393962407443 4.505 0.909 0.010000000000000009 0.010000000000000009 0.68425 9.0 9.0 0.01 0.009999999999999787 0.009999999999999787 0.2797 0.01 
0.009999999999999787 3.374828571428572 0.9197531801784697 0.009999999999999787 0.010000000000000009 6.9253846153846155 0.010000000000000009 0.0841675 9.0 9.0 0.01 0.009999999999999787 0.009999999999999787 0.01 0.09814070450097846 
0.009999999999999787 2.781203174603175 0.36502563128915894 0.009999999999999787 0.010000000000000009 4.850769230769231 1.2942857142857143 2.93175 0.009999999999999787 9.0 0.01 0.009999999999999787 0.009999999999999787 0.74718 5.513955968688845 
0.009999999999999787 0.21263174603174617 2.3995955952154926 0.009999999999999787 0.010000000000000009 7.616923076923077 0.010000000000000009 0.4595 9.0 9.0 0.01 9.0 0.009999999999999787 2.707 0.01 
0.009999999999999787 2.4358730158730166 0.5510727169166508 0.009999999999999787 0.010000000000000009 0.7015384615384616 0.010000000000000009 0.2729575 9.0 9.0 0.01 0.009999999999999787 9.0 0.01 0.01 
0.009999999999999787 0.7349079365079363 1.2184526295804063 4.505 0.909 9.0 9.0 0.01 9.0 9.0 0.01 0.009999999999999787 0.009999999999999787 0.8190999999999999 0.010175929549902154 
0.009999999999999787 1.3898936507936512 0.2097019176001519 0.009999999999999787 0.010000000000000009 0.010000000000000009 1.2942857142857143 0.04820750000000001 0.009999999999999787 9.0 0.01 9.0 0.009999999999999787 0.8190999999999999 0.01 
9.0 2.2575000000000003 0.16703056768558952 0.009999999999999787 0.010000000000000009 3.4676923076923076 0.010000000000000009 0.25273 0.009999999999999787 0.009999999999999787 1.5734782608695652 9.0 0.009999999999999787 1.7181 0.09796477495107632 
0.009999999999999787 3.0780158730158735 1.090438579836719 0.009999999999999787 0.010000000000000009 6.9253846153846155 1.2942857142857143 1.695625 0.009999999999999787 9.0 0.01 0.009999999999999787 0.009999999999999787 3.0665999999999998 0.01 
0.009999999999999787 4.362301587301588 3.7650787924814884 4.505 0.909 0.7015384615384616 0.010000000000000009 0.68425 0.009999999999999787 9.0 0.01 9.0 9.0 0.01 0.01 
0.009999999999999787 3.4946952380952387 3.4663793430795518 0.009999999999999787 0.010000000000000009 6.9253846153846155 0.010000000000000009 1.13375 0.009999999999999787 0.009999999999999787 2.3552173913043477 9.0 0.009999999999999787 2.3474 0.04448219178082192 
0.009999999999999787 1.2828698412698416 0.8770818302639073 4.505 0.909 0.010000000000000009 1.2942857142857143 1.1719575 0.009999999999999787 9.0 0.01 9.0 0.009999999999999787 0.01 0.01 
0.009999999999999787 0.569377777777778 1.5325137649515852 0.009999999999999787 0.010000000000000009 0.010000000000000009 0.010000000000000009 0.122375 9.0 9.0 0.01 9.0 9.0 0.3696 0.01 
0.009999999999999787 2.0905428571428573 1.7168539965824947 0.009999999999999787 0.010000000000000009 6.233846153846154 0.010000000000000009 4.9544999999999995 0.009999999999999787 9.0 0.01 0.009999999999999787 0.009999999999999787 0.32465 0.01 
0.009999999999999787 1.1630031746031744 0.5357110309474084 0.009999999999999787 0.010000000000000009 3.4676923076923076 0.010000000000000009 0.04820750000000001 9.0 9.0 0.01 0.009999999999999787 0.009999999999999787 1.61022 0.01 
9.0 1.5440079365079367 0.36502563128915894 4.505 0.909 9.0 9.0 0.23475000000000001 0.009999999999999787 0.009999999999999787 1.182608695652174 9.0 0.009999999999999787 0.8190999999999999 0.035861643835616436 
0.009999999999999787 4.873161904761905 1.431809379153218 0.009999999999999787 0.010000000000000009 6.9253846153846155 2.5785714285714283 0.04820750000000001 9.0 9.0 0.01 0.009999999999999787 0.009999999999999787 2.3474 0.01 
0.009999999999999787 3.981296825396826 0.6073988988038732 0.009999999999999787 0.010000000000000009 3.4676923076923076 0.010000000000000009 0.10439499999999999 0.009999999999999787 9.0 0.01 9.0 0.009999999999999787 0.7292 0.01 
9.0 4.61202380952381 1.3754831972659958 0.009999999999999787 0.010000000000000009 2.7761538461538464 3.862857142857143 0.01 0.009999999999999787 9.0 0.01 9.0 0.009999999999999787 0.4595 0.17889236790606655 
0.009999999999999787 2.7098539682539693 3.08233719384849 4.505 0.909 6.233846153846154 1.2942857142857143 2.369875 0.009999999999999787 9.0 0.01 0.009999999999999787 0.009999999999999787 0.70223 0.01 
0.009999999999999787 2.3531079365079375 0.18068539965824948 0.009999999999999787 0.010000000000000009 0.010000000000000009 0.010000000000000009 0.796625 0.009999999999999787 0.009999999999999787 4.309565217391304 9.0 0.009999999999999787 0.15384 0.10500195694716243 
0.009999999999999787 0.40242063492063496 0.05267134991456237 0.009999999999999787 0.010000000000000009 0.010000000000000009 0.010000000000000009 0.0841675 9.0 9.0 0.01 9.0 0.009999999999999787 0.60334 0.01 
0.009999999999999787 1.3413761904761903 3.9357641921397377 0.009999999999999787 0.010000000000000009 6.233846153846154 1.2942857142857143 0.9651875000000001 0.009999999999999787 0.009999999999999787 4.309565217391304 0.009999999999999787 0.009999999999999787 1.31355 0.05996399217221135 
9.0 0.9974730158730165 0.6364154167457755 0.009999999999999787 0.010000000000000009 5.542307692307692 0.010000000000000009 0.9472075 0.009999999999999787 0.009999999999999787 1.9643478260869565 9.0 0.009999999999999787 0.9989 0.4503516634050881 
0.009999999999999787 4.148253968253969 1.4044997152078982 0.009999999999999787 0.010000000000000009 8.308461538461538 0.010000000000000009 0.027979999999999998 9.0 9.0 0.01 9.0 0.009999999999999787 0.49546 0.027592954990215267 
9.0 3.898531746031747 0.7063964306056578 4.505 0.909 5.542307692307692 1.2942857142857143 0.0661875 0.009999999999999787 0.009999999999999787 9.0 0.009999999999999787 0.009999999999999787 2.0552249999999996 0.22744892367906067 
0.009999999999999787 1.436984126984127 0.15166888171634707 4.505 0.909 0.010000000000000009 0.010000000000000009 0.027979999999999998 9.0 0.009999999999999787 0.7917391304347826 9.0 0.009999999999999787 0.58536 0.011055577299412915 
0.009999999999999787 4.469325396825397 2.9116517941902407 0.009999999999999787 0.010000000000000009 6.9253846153846155 1.2942857142857143 6.303 0.009999999999999787 0.009999999999999787 0.4008695652173913 0.009999999999999787 0.009999999999999787 0.40556 0.3618590998043053 
9.0 1.2828698412698416 0.2796829314600342 0.009999999999999787 0.010000000000000009 2.0846153846153848 0.010000000000000009 0.04820750000000001 9.0 9.0 0.01 9.0 0.009999999999999787 0.65728 0.01 
0.009999999999999787 3.5532015873015874 1.148471615720524 0.009999999999999787 0.010000000000000009 6.233846153846154 0.010000000000000009 1.808 0.009999999999999787 0.009999999999999787 5.482173913043478 9.0 0.009999999999999787 1.731585 0.24644931506849316 
0.009999999999999787 5.0643777777777785 0.7917391304347826 0.009999999999999787 0.010000000000000009 9.0 9.0 0.140355 9.0 9.0 0.01 9.0 0.009999999999999787 0.909 0.010527788649706459 
0.009999999999999787 0.7834253968253972 1.3754831972659958 4.505 0.909 2.0846153846153848 0.010000000000000009 0.4595 9.0 9.0 0.01 0.009999999999999787 0.009999999999999787 1.6281999999999999 0.18592954990215266 
0.009999999999999787 2.7098539682539693 1.8875393962407443 0.009999999999999787 0.010000000000000009 5.542307692307692 1.2942857142857143 2.4822499999999996 0.009999999999999787 0.009999999999999787 4.700434782608696 0.009999999999999787 0.009999999999999787 1.84396 0.18592954990215266 
0.009999999999999787 1.1872619047619049 0.2796829314600342 0.009999999999999787 0.010000000000000009 6.233846153846154 0.010000000000000009 0.140355 9.0 0.009999999999999787 0.4008695652173913 9.0 0.009999999999999787 1.8979 0.0597880626223092 
0.009999999999999787 0.6407269841269847 0.8497721663185874 0.009999999999999787 0.010000000000000009 0.010000000000000009 5.147142857142857 0.44152 9.0 0.009999999999999787 0.7917391304347826 0.009999999999999787 0.009999999999999787 0.7292 0.11327064579256359 
0.009999999999999787 1.4840746031746033 0.3086994494019366 0.009999999999999787 0.010000000000000009 4.15923076923077 0.010000000000000009 0.04820750000000001 9.0 0.009999999999999787 1.5734782608695652 9.0 0.009999999999999787 1.15173 0.35306262230919766 
0.009999999999999787 3.0309253968253973 0.8634269982912474 0.009999999999999787 0.010000000000000009 6.233846153846154 0.010000000000000009 0.01 0.009999999999999787 9.0 0.01 0.009999999999999787 0.009999999999999787 1.084305 0.04518590998043053 
0.009999999999999787 1.7823142857142864 4.277134991456236 4.505 0.909 3.4676923076923076 1.2942857142857143 0.571875 9.0 9.0 0.01 0.009999999999999787 0.009999999999999787 0.01 0.012990802348336595 
9.0 0.6050523809523813 3.4953958610214544 0.009999999999999787 0.010000000000000009 9.0 9.0 0.01 9.0 9.0 0.01 9.0 0.009999999999999787 0.01 0.018796477495107634 
9.0 2.0548682539682543 5.130561989747484 4.505 0.909 7.616923076923077 6.4314285714285715 0.01 0.009999999999999787 9.0 0.01 9.0 0.009999999999999787 0.01 2.3343812133072404 
9.0 0.6278841269841271 0.1380140497436871 9.0 9.0 6.9253846153846155 9.0 4.505 9.0 9.0 0.01 0.009999999999999787 9.0 1.3585 0.01 
0.009999999999999787 2.6613365079365083 0.8634269982912474 0.009999999999999787 0.010000000000000009 0.010000000000000009 0.010000000000000009 0.571875 9.0 9.0 0.01 0.009999999999999787 0.009999999999999787 1.2686 0.01 
9.0 1.9606873015873023 4.959876590089235 0.009999999999999787 0.010000000000000009 6.9253846153846155 1.2942857142857143 1.3967075 0.009999999999999787 0.009999999999999787 0.4008695652173913 9.0 0.009999999999999787 0.5494 0.011935225048923678 
9.0 1.5440079365079367 0.834410480349345 4.505 0.909 0.010000000000000009 0.010000000000000009 0.01 9.0 9.0 0.01 9.0 0.009999999999999787 0.5494 0.01 
0.009999999999999787 2.6256619047619045 1.3754831972659958 0.009999999999999787 0.010000000000000009 4.15923076923077 0.010000000000000009 1.13375 0.009999999999999787 9.0 0.01 0.009999999999999787 0.009999999999999787 1.6281999999999999 0.01 
0.009999999999999787 6.241639682539684 2.9116517941902407 0.009999999999999787 0.010000000000000009 7.616923076923077 1.2942857142857143 3.1565 0.009999999999999787 0.009999999999999787 1.182608695652174 9.0 0.009999999999999787 0.01 0.01 
9.0 0.7349079365079363 1.517152078982343 4.505 0.909 0.010000000000000009 1.2942857142857143 1.3585 0.009999999999999787 9.0 0.01 9.0 0.009999999999999787 1.0888 0.01 
0.009999999999999787 2.1504761904761907 0.5220561989747484 4.505 0.909 0.010000000000000009 0.010000000000000009 0.68425 0.009999999999999787 9.0 0.01 0.009999999999999787 0.009999999999999787 0.01 0.04958414872798435 
0.009999999999999787 2.9110587301587305 0.03730966394531992 4.505 0.909 4.15923076923077 2.5785714285714283 0.027979999999999998 0.009999999999999787 0.009999999999999787 0.4008695652173913 0.009999999999999787 0.009999999999999787 1.2686 0.3618590998043053 
9.0 3.1493650793650794 0.32235428137459654 0.009999999999999787 0.010000000000000009 8.308461538461538 0.010000000000000009 0.347125 0.009999999999999787 0.009999999999999787 1.5734782608695652 9.0 0.009999999999999787 0.01 0.28849647749510765 
9.0 3.185039682539683 0.35137079931649895 0.009999999999999787 0.010000000000000009 0.010000000000000009 0.010000000000000009 0.909 0.009999999999999787 0.009999999999999787 4.309565217391304 9.0 0.009999999999999787 0.01 0.0902238747553816 
0.009999999999999787 1.1986777777777777 0.29333776343269413 0.009999999999999787 0.010000000000000009 0.010000000000000009 1.2942857142857143 0.9831675000000001 9.0 9.0 0.01 0.009999999999999787 0.009999999999999787 0.58536 0.01 
9.0 1.8893380952380956 4.618505790772735 0.009999999999999787 0.010000000000000009 5.542307692307692 1.2942857142857143 2.2575 0.009999999999999787 0.009999999999999787 0.7917391304347826 9.0 0.009999999999999787 0.01 0.8896477495107632 
0.009999999999999787 1.3656349206349208 0.5220561989747484 0.009999999999999787 0.010000000000000009 5.542307692307692 0.010000000000000009 1.0775625 0.009999999999999787 0.009999999999999787 1.182608695652174 0.009999999999999787 0.009999999999999787 0.01 0.11239099804305283 
0.009999999999999787 3.0423412698412706 1.1621264476931839 0.009999999999999787 0.010000000000000009 0.010000000000000009 1.2942857142857143 3.7363549999999996 9.0 9.0 0.01 0.009999999999999787 0.009999999999999787 0.01 0.01 
9.0 4.623439682539683 1.0341123979494968 0.009999999999999787 0.010000000000000009 0.010000000000000009 0.010000000000000009 1.0775625 0.009999999999999787 0.009999999999999787 3.13695652173913 0.009999999999999787 0.009999999999999787 1.79002 0.7416909980430528 
9.0 1.6039412698412705 0.4367134991456237 0.009999999999999787 0.010000000000000009 9.0 9.0 0.01 0.009999999999999787 9.0 0.01 9.0 0.009999999999999787 0.3696 0.01 
0.009999999999999787 1.5440079365079367 4.562179608885513 4.505 0.909 8.308461538461538 0.010000000000000009 0.027979999999999998 9.0 9.0 0.01 0.009999999999999787 0.009999999999999787 0.5494 0.0935665362035225 
0.009999999999999787 3.6844841269841275 0.5647275488893108 0.009999999999999787 0.010000000000000009 0.010000000000000009 0.010000000000000009 0.68425 9.0 9.0 0.01 9.0 0.009999999999999787 0.01 0.06559373776908023 
0.009999999999999787 2.614246031746032 0.6073988988038732 4.505 0.909 7.616923076923077 1.2942857142857143 0.027979999999999998 0.009999999999999787 9.0 0.01 0.009999999999999787 0.009999999999999787 1.776535 0.01 
9.0 3.0666 1.290140497436871 0.009999999999999787 0.010000000000000009 9.0 9.0 0.01 9.0 0.009999999999999787 2.3552173913043477 9.0 0.009999999999999787 0.01 0.04518590998043053 
0.009999999999999787 0.5337031746031751 2.228910195557243 0.009999999999999787 0.010000000000000009 2.0846153846153848 0.010000000000000009 0.0661875 9.0 9.0 0.01 9.0 0.009999999999999787 0.2797 0.027592954990215267 
0.009999999999999787 2.3402650793650794 0.36502563128915894 4.505 0.909 2.0846153846153848 2.5785714285714283 0.23475000000000001 0.009999999999999787 0.009999999999999787 3.9186956521739127 0.009999999999999787 0.009999999999999787 0.60334 0.014926027397260275 
0.009999999999999787 0.6407269841269847 3.509050692994114 0.009999999999999787 0.010000000000000009 0.010000000000000009 1.2942857142857143 0.4977075 9.0 9.0 0.01 9.0 0.009999999999999787 1.4484 0.012287084148727985 
9.0 4.350885714285715 2.2852363774444653 0.009999999999999787 0.010000000000000009 5.542307692307692 0.010000000000000009 3.3250625 0.009999999999999787 0.009999999999999787 1.182608695652174 0.009999999999999787 0.009999999999999787 0.01 0.01 
0.009999999999999787 2.7212698412698417 0.807100816404025 0.009999999999999787 0.010000000000000009 0.7015384615384616 1.2942857142857143 2.5946249999999997 9.0 9.0 0.01 0.009999999999999787 0.009999999999999787 1.32254 0.01 
0.009999999999999787 0.8062571428571426 3.25302259350674 0.009999999999999787 0.010000000000000009 5.542307692307692 0.010000000000000009 0.4595 0.009999999999999787 9.0 0.01 0.009999999999999787 0.009999999999999787 0.2797 0.08037181996086105 
9.0 6.193122222222223 0.12435921777102715 0.009999999999999787 0.010000000000000009 2.0846153846153848 2.5785714285714283 0.4595 0.009999999999999787 9.0 0.01 0.009999999999999787 0.009999999999999787 1.1427399999999999 0.39651722113502935 
0.009999999999999787 1.1159126984126986 3.3383652933358645 0.009999999999999787 0.010000000000000009 0.010000000000000009 0.010000000000000009 0.122375 0.009999999999999787 9.0 0.01 9.0 0.009999999999999787 0.6393 0.01 
9.0 2.6028301587301597 1.0767837478640592 0.009999999999999787 0.010000000000000009 9.0 9.0 1.3764800000000001 9.0 0.009999999999999787 0.7917391304347826 0.009999999999999787 0.009999999999999787 0.909 0.01070371819960861 
0.009999999999999787 1.3656349206349208 1.3754831972659958 0.009999999999999787 0.010000000000000009 0.010000000000000009 2.5785714285714283 0.122375 0.009999999999999787 9.0 0.01 0.009999999999999787 0.009999999999999787 0.7292 0.01 
0.009999999999999787 1.5197492063492062 2.2715815454718054 4.505 0.909 0.7015384615384616 0.010000000000000009 2.4822499999999996 0.009999999999999787 9.0 0.01 0.009999999999999787 9.0 0.4595 0.01 
0.009999999999999787 1.436984126984127 4.106449591797987 0.009999999999999787 0.010000000000000009 0.010000000000000009 0.010000000000000009 0.9472075 9.0 9.0 0.01 9.0 9.0 0.3696 0.01 
