0.009999999999999787 3.8292301023062256 7.349472185304727 0.009999999999999787 0.010000000000000009 7.616923076923077 5.62875 9.0 0.009999999999999787 0.009999999999999787 1.4859701492537314 9.0 0.009999999999999787 0.01 0.11788 
0.009999999999999787 0.7894347147563723 1.7458705145243971 4.505 0.909 2.7761538461538464 0.010000000000000009 0.140355 9.0 9.0 0.01 9.0 0.009999999999999787 0.6393 0.0265416 
9.0 1.230594763308479 0.29333776343269413 0.009999999999999787 0.010000000000000009 5.542307692307692 0.010000000000000009 0.1965425 9.0 0.009999999999999787 0.14417910447761195 0.009999999999999787 0.009999999999999787 0.909 0.0109889 
0.009999999999999787 2.063031038668285 0.1380140497436871 0.009999999999999787 0.010000000000000009 0.010000000000000009 0.010000000000000009 0.140355 9.0 9.0 0.01 9.0 0.009999999999999787 0.9989 0.022586000000000002 
0.009999999999999787 2.9593809606381134 0.37868046326181887 0.009999999999999787 0.010000000000000009 4.15923076923077 0.010000000000000009 0.5336675000000001 9.0 9.0 0.01 9.0 9.0 0.13586 0.01 
9.0 1.3740107508236519 0.18068539965824948 0.009999999999999787 0.010000000000000009 5.542307692307692 1.13375 0.68425 0.009999999999999787 9.0 0.01 9.0 0.009999999999999787 1.2686 0.0840776 
9.0 1.9975585226287498 1.0477672299221568 4.505 0.909 6.9253846153846155 1.13375 1.1517300000000001 0.009999999999999787 0.009999999999999787 0.14417910447761195 9.0 0.009999999999999787 0.32465 0.01 
0.009999999999999787 6.024118259060169 2.3142528953863675 0.009999999999999787 0.010000000000000009 0.010000000000000009 1.13375 1.1899375 0.009999999999999787 0.009999999999999787 1.4859701492537314 0.009999999999999787 0.009999999999999787 0.01 0.0355316 
0.009999999999999787 0.6725195075429165 0.01 0.009999999999999787 0.010000000000000009 0.7015384615384616 0.010000000000000009 0.23475000000000001 9.0 9.0 0.01 9.0 0.009999999999999787 0.65728 0.01 
0.009999999999999787 0.5821050806311776 2.4849382950446173 0.009999999999999787 0.010000000000000009 4.15923076923077 0.010000000000000009 0.027979999999999998 9.0 0.009999999999999787 0.14417910447761195 9.0 0.009999999999999787 0.4595 0.0100899 
0.009999999999999787 0.5945760360672794 3.2820391114486425 0.009999999999999787 0.010000000000000009 8.308461538461538 0.010000000000000009 0.365105 9.0 9.0 0.01 9.0 0.009999999999999787 0.3696 0.041465 
0.009999999999999787 6.569722559389631 2.4132504271881525 0.009999999999999787 0.010000000000000009 4.15923076923077 0.010000000000000009 6.303 0.009999999999999787 0.009999999999999787 0.8150746268656717 0.009999999999999787 0.009999999999999787 1.6281999999999999 0.1297468 
0.009999999999999787 1.0887376452228197 0.8770818302639073 4.505 0.909 0.010000000000000009 1.13375 1.1719575 0.009999999999999787 9.0 0.01 9.0 0.009999999999999787 0.01 0.01 
9.0 1.9461158314548292 0.1380140497436871 0.009999999999999787 0.010000000000000009 5.542307692307692 0.010000000000000009 0.2729575 0.009999999999999787 0.009999999999999787 0.5467164179104478 9.0 0.009999999999999787 0.3696 0.01 
0.009999999999999787 1.0887376452228197 0.2660280994873742 0.009999999999999787 0.010000000000000009 2.0846153846153848 0.010000000000000009 0.7224575 9.0 0.009999999999999787 0.14417910447761195 0.009999999999999787 0.009999999999999787 1.808 0.0108091 
0.009999999999999787 3.193211375065026 0.15337573571292956 4.505 0.909 6.233846153846154 0.010000000000000009 0.140355 9.0 9.0 0.01 0.009999999999999787 0.009999999999999787 1.398955 0.010179800000000001 
0.009999999999999787 2.1409745101439226 0.4367134991456237 0.009999999999999787 0.010000000000000009 0.010000000000000009 1.13375 0.122375 9.0 0.009999999999999787 0.2783582089552239 0.009999999999999787 0.009999999999999787 1.808 0.019709200000000003 
0.009999999999999787 0.9967643488815674 0.29333776343269413 0.009999999999999787 0.010000000000000009 0.010000000000000009 1.13375 0.9831675000000001 9.0 9.0 0.01 0.009999999999999787 0.009999999999999787 0.58536 0.01 
0.009999999999999787 9.0 6.069331687867856 0.009999999999999787 0.010000000000000009 9.0 7.876250000000001 0.01 0.009999999999999787 9.0 0.01 0.009999999999999787 0.009999999999999787 0.01 0.01 
0.009999999999999787 2.2578897173573784 0.18068539965824948 0.009999999999999787 0.010000000000000009 0.010000000000000009 0.010000000000000009 0.796625 0.009999999999999787 0.009999999999999787 1.4859701492537314 9.0 0.009999999999999787 0.15384 0.058546 
9.0 3.07629616785157 4.106449591797987 0.009999999999999787 0.010000000000000009 5.542307692307692 1.13375 6.303 0.009999999999999787 0.009999999999999787 1.0834328358208956 9.0 0.009999999999999787 0.01 0.602441 
0.009999999999999787 1.5298976937749265 0.1380140497436871 0.009999999999999787 0.010000000000000009 4.15923076923077 0.010000000000000009 0.122375 0.009999999999999787 0.009999999999999787 0.41253731343283584 9.0 0.009999999999999787 1.1787 1.3682092000000001 
9.0 8.388923183631004 2.0582247958989934 0.009999999999999787 0.010000000000000009 9.0 7.876250000000001 0.01 9.0 9.0 0.01 9.0 9.0 0.01 0.01 
0.009999999999999787 3.2181532859372286 1.303795329409531 0.009999999999999787 0.010000000000000009 6.233846153846154 0.010000000000000009 0.5336675000000001 0.009999999999999787 9.0 0.01 0.009999999999999787 0.009999999999999787 0.909 0.01 
9.0 2.2313889370556614 1.8158515283842793 0.009999999999999787 0.010000000000000009 7.616923076923077 6.7524999999999995 1.0213750000000001 0.009999999999999787 0.009999999999999787 0.6808955223880597 0.009999999999999787 0.009999999999999787 0.455005 0.054950000000000006 
0.009999999999999787 0.2438304144269119 1.0341123979494968 0.009999999999999787 0.010000000000000009 3.4676923076923076 0.010000000000000009 0.027979999999999998 9.0 9.0 0.01 0.009999999999999787 0.009999999999999787 0.7292 0.013596 
0.009999999999999787 2.7894641928212245 0.09534269982912473 0.009999999999999787 0.010000000000000009 2.0846153846153848 2.2575 1.808 9.0 9.0 0.01 0.009999999999999787 9.0 1.8979 0.01 
0.009999999999999787 1.9196150511531123 1.0341123979494968 0.009999999999999787 0.010000000000000009 6.233846153846154 0.010000000000000009 0.347125 9.0 9.0 0.01 0.009999999999999787 0.009999999999999787 1.3585 0.0160233 
0.009999999999999787 3.193211375065026 1.8875393962407443 0.009999999999999787 0.010000000000000009 2.0846153846153848 2.2575 2.2575 9.0 9.0 0.01 9.0 0.009999999999999787 0.95395 0.0717613 
0.009999999999999787 3.71231489509277 0.5647275488893108 0.009999999999999787 0.010000000000000009 0.010000000000000009 0.010000000000000009 0.68425 9.0 9.0 0.01 9.0 0.009999999999999787 0.01 0.0384084 
0.009999999999999787 0.5821050806311776 2.228910195557243 0.009999999999999787 0.010000000000000009 6.233846153846154 1.13375 0.66627 0.009999999999999787 0.009999999999999787 0.9492537313432836 9.0 0.009999999999999787 0.3696 0.2755646 
9.0 0.03650078030171677 0.9914410480349345 0.009999999999999787 0.010000000000000009 5.542307692307692 0.010000000000000009 0.04820750000000001 9.0 9.0 0.01 9.0 0.009999999999999787 0.5494 0.01 
0.009999999999999787 0.2173296341251949 0.09534269982912473 0.009999999999999787 0.010000000000000009 5.542307692307692 0.010000000000000009 0.16058250000000002 9.0 0.009999999999999787 0.5467164179104478 9.0 0.009999999999999787 0.7292 0.0107192 
0.009999999999999787 1.257095543610196 0.15166888171634707 4.505 0.909 0.010000000000000009 0.010000000000000009 0.027979999999999998 9.0 0.009999999999999787 0.2783582089552239 9.0 0.009999999999999787 0.58536 0.0105394 
9.0 6.3623929252644364 5.471932789063983 0.009999999999999787 0.010000000000000009 2.7761538461538464 7.876250000000001 0.01 0.009999999999999787 0.009999999999999787 2.022686567164179 9.0 0.009999999999999787 0.01 0.0322053 
9.0 0.34827466620426595 3.4953958610214544 0.009999999999999787 0.010000000000000009 9.0 7.876250000000001 0.01 9.0 9.0 0.01 9.0 0.009999999999999787 0.01 0.014495000000000001 
0.009999999999999787 1.7512571527657368 0.7780842984621226 0.009999999999999787 0.010000000000000009 2.0846153846153848 2.2575 0.23475000000000001 9.0 9.0 0.01 0.009999999999999787 0.009999999999999787 2.8867999999999996 0.36960000000000004 
0.009999999999999787 2.7255505462112017 0.36502563128915894 0.009999999999999787 0.010000000000000009 4.850769230769231 1.13375 2.93175 0.009999999999999787 9.0 0.01 0.009999999999999787 0.009999999999999787 0.74718 2.8225214999999997 
9.0 1.2181238078723773 3.08233719384849 0.009999999999999787 0.010000000000000009 5.542307692307692 0.010000000000000009 3.83075 0.009999999999999787 0.009999999999999787 0.6808955223880597 0.009999999999999787 0.009999999999999787 0.5494 0.01 
9.0 2.984322871510317 0.4367134991456237 4.505 0.909 2.0846153846153848 1.13375 0.23475000000000001 9.0 9.0 0.01 0.009999999999999787 0.009999999999999787 0.7292 0.01 
0.009999999999999787 3.6468423790532336 2.0582247958989934 0.009999999999999787 0.010000000000000009 4.15923076923077 0.010000000000000009 0.589855 0.009999999999999787 0.009999999999999787 0.6808955223880597 0.009999999999999787 0.009999999999999787 0.49546 0.1086203 
9.0 2.153445465580024 0.38038731725840136 4.505 0.909 6.9253846153846155 0.010000000000000009 0.4595 9.0 9.0 0.01 9.0 0.009999999999999787 1.2686 0.0111687 
9.0 1.3085382347841161 0.18068539965824948 0.009999999999999787 0.010000000000000009 5.542307692307692 1.13375 0.571875 0.009999999999999787 0.009999999999999787 0.14417910447761195 9.0 0.009999999999999787 0.01 0.0709522 
9.0 1.5174267383388247 0.3940421492310613 0.009999999999999787 0.010000000000000009 5.542307692307692 0.010000000000000009 0.589855 0.009999999999999787 0.009999999999999787 0.2783582089552239 9.0 0.009999999999999787 0.909 0.01 
9.0 4.03655973643142 0.36502563128915894 0.009999999999999787 0.010000000000000009 8.308461538461538 0.010000000000000009 0.3089175 9.0 9.0 0.01 9.0 0.009999999999999787 1.0888 0.0313063 
0.009999999999999787 2.2048881567539445 0.7063964306056578 4.505 0.909 6.9253846153846155 1.13375 0.027979999999999998 9.0 9.0 0.01 9.0 0.009999999999999787 0.58536 0.0100899 
0.009999999999999787 0.2173296341251949 0.03901651794190241 4.505 0.909 0.010000000000000009 0.010000000000000009 0.027979999999999998 9.0 9.0 0.01 9.0 0.009999999999999787 0.6393 0.0749078 
0.009999999999999787 5.063854690480319 2.612952344788304 0.009999999999999787 0.010000000000000009 6.233846153846154 1.13375 6.97725 0.009999999999999787 0.009999999999999787 1.6201492537313433 9.0 0.009999999999999787 0.01 0.081021 
0.009999999999999787 0.8408774059302928 1.4181545471805581 4.505 0.909 2.0846153846153848 1.13375 0.027979999999999998 9.0 9.0 0.01 9.0 0.009999999999999787 0.6393 0.01899 
0.009999999999999787 5.466043003294607 0.2097019176001519 0.009999999999999787 0.010000000000000009 9.0 7.876250000000001 0.01 9.0 9.0 0.01 9.0 0.009999999999999787 0.661775 0.01 
0.009999999999999787 3.9726460898213984 0.4657300170875261 0.009999999999999787 0.010000000000000009 0.7015384615384616 0.010000000000000009 0.0841675 9.0 9.0 0.01 9.0 0.009999999999999787 0.76516 0.01 
0.009999999999999787 1.8931142708513953 0.5220561989747484 0.009999999999999787 0.010000000000000009 6.233846153846154 0.010000000000000009 1.0213750000000001 9.0 0.009999999999999787 0.14417910447761195 0.009999999999999787 0.009999999999999787 0.4595 0.0102697 
0.009999999999999787 5.556457430206346 3.423707993164989 0.009999999999999787 0.010000000000000009 2.0846153846153848 2.2575 0.01 0.009999999999999787 0.009999999999999787 1.4859701492537314 9.0 0.009999999999999787 0.01 0.1222851 
0.009999999999999787 2.7255505462112017 1.090438579836719 4.505 0.909 6.9253846153846155 0.010000000000000009 1.4326675 0.009999999999999787 0.009999999999999787 0.41253731343283584 0.009999999999999787 0.009999999999999787 1.7181 0.01 
0.009999999999999787 7.544015952835097 6.837415986329979 0.009999999999999787 0.010000000000000009 6.9253846153846155 1.13375 7.87625 0.009999999999999787 0.009999999999999787 1.2176119402985075 0.009999999999999787 0.009999999999999787 0.01 0.0999 
0.009999999999999787 0.9577926131437486 0.5357110309474084 0.009999999999999787 0.010000000000000009 3.4676923076923076 0.010000000000000009 0.04820750000000001 9.0 9.0 0.01 0.009999999999999787 0.009999999999999787 1.61022 0.01 
0.009999999999999787 5.127768337090342 0.07998101385988228 4.505 0.909 3.4676923076923076 0.010000000000000009 0.122375 0.009999999999999787 0.009999999999999787 1.4859701492537314 9.0 0.009999999999999787 1.7181 0.2556068 
0.009999999999999787 3.2711548465406626 1.1194550977786215 0.009999999999999787 0.010000000000000009 5.542307692307692 1.13375 4.0555 0.009999999999999787 9.0 0.01 0.009999999999999787 0.009999999999999787 0.46849 0.0674461 
9.0 1.3740107508236519 0.36502563128915894 4.505 0.909 9.0 7.876250000000001 0.23475000000000001 0.009999999999999787 0.009999999999999787 0.41253731343283584 9.0 0.009999999999999787 0.8190999999999999 0.0232153 
0.009999999999999787 0.5680752557655624 3.25302259350674 0.009999999999999787 0.010000000000000009 5.542307692307692 0.010000000000000009 0.4595 0.009999999999999787 9.0 0.01 0.009999999999999787 0.009999999999999787 0.2797 0.04596 
0.009999999999999787 4.03655973643142 0.6073988988038732 0.009999999999999787 0.010000000000000009 3.4676923076923076 0.010000000000000009 0.10439499999999999 0.009999999999999787 9.0 0.01 9.0 0.009999999999999787 0.7292 0.01 
0.009999999999999787 1.152651291832842 0.8634269982912474 0.009999999999999787 0.010000000000000009 9.0 7.876250000000001 0.04820750000000001 9.0 9.0 0.01 0.009999999999999787 0.009999999999999787 0.4595 0.3882992 
9.0 0.022470955436102003 2.612952344788304 0.009999999999999787 0.010000000000000009 5.542307692307692 0.010000000000000009 0.0661875 9.0 0.009999999999999787 0.14417910447761195 0.009999999999999787 0.009999999999999787 0.01 0.024384000000000003 
0.009999999999999787 1.152651291832842 3.9357641921397377 0.009999999999999787 0.010000000000000009 6.233846153846154 1.13375 0.9651875000000001 0.009999999999999787 0.009999999999999787 1.4859701492537314 0.009999999999999787 0.009999999999999787 1.31355 0.0355316 
0.009999999999999787 1.0747078203572045 0.5220561989747484 4.505 0.909 8.308461538461538 0.010000000000000009 0.25273 9.0 9.0 0.01 0.009999999999999787 0.009999999999999787 0.5494 0.0160233 
0.009999999999999787 2.867407664296861 2.228910195557243 0.009999999999999787 0.010000000000000009 8.308461538461538 0.010000000000000009 0.0661875 0.009999999999999787 9.0 0.01 0.009999999999999787 0.009999999999999787 2.0012849999999998 0.01 
0.009999999999999787 3.6608722039188493 0.5647275488893108 0.009999999999999787 0.010000000000000009 0.010000000000000009 0.010000000000000009 0.68425 0.009999999999999787 0.009999999999999787 1.3517910447761194 9.0 0.009999999999999787 0.84607 0.43253 
0.009999999999999787 1.5688694295127448 0.2660280994873742 0.009999999999999787 0.010000000000000009 0.010000000000000009 2.2575 0.122375 0.009999999999999787 9.0 0.01 9.0 0.009999999999999787 1.578755 0.0120677 
9.0 1.1401803363967402 4.021106891968862 0.009999999999999787 0.010000000000000009 6.9253846153846155 1.13375 0.23475000000000001 0.009999999999999787 0.009999999999999787 0.2783582089552239 0.009999999999999787 0.009999999999999787 1.3585 0.0595349 
0.009999999999999787 2.335833188833016 0.8634269982912474 0.009999999999999787 0.010000000000000009 6.9253846153846155 1.13375 1.0213750000000001 9.0 9.0 0.01 0.009999999999999787 9.0 1.5383 0.01 
9.0 1.0887376452228197 0.2660280994873742 0.009999999999999787 0.010000000000000009 0.010000000000000009 0.010000000000000009 0.909 9.0 0.009999999999999787 0.2783582089552239 0.009999999999999787 0.009999999999999787 0.909 0.045420600000000005 
0.009999999999999787 5.063854690480319 1.2047977976077464 0.009999999999999787 0.010000000000000009 8.308461538461538 0.010000000000000009 1.58325 0.009999999999999787 9.0 0.01 9.0 9.0 1.04385 0.01 
0.009999999999999787 2.9983526963759326 1.7168539965824947 0.009999999999999787 0.010000000000000009 6.9253846153846155 1.13375 3.3812499999999996 0.009999999999999787 0.009999999999999787 0.8150746268656717 0.009999999999999787 0.009999999999999787 0.01 0.0999 
0.009999999999999787 0.4901317842899253 0.15166888171634707 4.505 0.909 0.010000000000000009 0.010000000000000009 0.0841675 9.0 0.009999999999999787 0.14417910447761195 9.0 0.009999999999999787 0.909 0.0100899 
0.009999999999999787 2.6865788104733834 0.8634269982912474 0.009999999999999787 0.010000000000000009 8.308461538461538 0.010000000000000009 0.796625 9.0 0.009999999999999787 0.2783582089552239 0.009999999999999787 0.009999999999999787 3.2463999999999995 0.01 
9.0 0.33424484133865073 3.7650787924814884 0.009999999999999787 0.010000000000000009 6.9253846153846155 1.13375 0.4595 0.009999999999999787 0.009999999999999787 1.4859701492537314 9.0 0.009999999999999787 0.01 0.2797 
9.0 6.413835616438356 1.4608258970951205 4.505 0.909 9.0 7.876250000000001 2.2575 9.0 9.0 0.01 0.009999999999999787 0.009999999999999787 0.01 0.0103596 
0.009999999999999787 2.399746835443038 1.0631289158913992 0.009999999999999787 0.010000000000000009 0.010000000000000009 0.010000000000000009 1.13375 9.0 0.009999999999999787 0.2783582089552239 0.009999999999999787 0.009999999999999787 0.7292 0.0136859 
0.009999999999999787 0.6210768163689964 0.1380140497436871 0.009999999999999787 0.010000000000000009 5.542307692307692 0.010000000000000009 0.909 0.009999999999999787 0.009999999999999787 0.2783582089552239 0.009999999999999787 0.009999999999999787 0.3696 0.01 
0.009999999999999787 3.010823651812034 0.8634269982912474 0.009999999999999787 0.010000000000000009 2.0846153846153848 0.010000000000000009 0.4595 9.0 9.0 0.01 0.009999999999999787 0.009999999999999787 0.95395 0.01 
0.009999999999999787 2.8814374891624768 0.5357110309474084 0.009999999999999787 0.010000000000000009 6.9253846153846155 0.010000000000000009 0.70223 0.009999999999999787 0.009999999999999787 0.14417910447761195 0.009999999999999787 0.009999999999999787 2.3474 4.505 
0.009999999999999787 0.2173296341251949 1.1331099297512814 0.009999999999999787 0.010000000000000009 2.0846153846153848 0.010000000000000009 0.16058250000000002 9.0 9.0 0.01 0.009999999999999787 0.009999999999999787 0.6393 0.010179800000000001 
0.009999999999999787 2.7894641928212245 0.12435921777102715 4.505 0.909 6.9253846153846155 0.010000000000000009 0.04820750000000001 9.0 9.0 0.01 9.0 0.009999999999999787 0.8190999999999999 0.01 
9.0 1.478455002601006 0.9914410480349345 0.009999999999999787 0.010000000000000009 6.9253846153846155 1.13375 0.4033125 0.009999999999999787 9.0 0.01 9.0 0.009999999999999787 1.6281999999999999 0.01 
9.0 2.5431628229582106 2.0582247958989934 0.009999999999999787 0.010000000000000009 0.7015384615384616 0.010000000000000009 0.571875 9.0 9.0 0.01 9.0 0.009999999999999787 1.23264 0.01 
9.0 3.997588000693601 0.35137079931649895 0.009999999999999787 0.010000000000000009 2.0846153846153848 2.2575 1.0213750000000001 0.009999999999999787 9.0 0.01 0.009999999999999787 0.009999999999999787 0.01 0.03697 
0.009999999999999787 1.478455002601006 2.0582247958989934 0.009999999999999787 0.010000000000000009 0.010000000000000009 0.010000000000000009 0.4595 0.009999999999999787 0.009999999999999787 0.41253731343283584 9.0 0.009999999999999787 0.01 0.01 
0.009999999999999787 3.037324432113751 1.5461685969242451 0.009999999999999787 0.010000000000000009 6.9253846153846155 1.13375 2.5946249999999997 9.0 9.0 0.01 0.009999999999999787 9.0 3.205945 0.01 
9.0 2.0240593029304668 0.36502563128915894 0.009999999999999787 0.010000000000000009 0.010000000000000009 0.010000000000000009 1.13375 0.009999999999999787 0.009999999999999787 0.6808955223880597 0.009999999999999787 0.009999999999999787 1.3585 0.138557 
0.009999999999999787 5.154269117392059 9.0 4.505 0.909 9.0 7.876250000000001 0.01 0.009999999999999787 9.0 0.01 0.009999999999999787 0.009999999999999787 0.01 0.01 
0.009999999999999787 1.4909259580371077 0.35137079931649895 0.009999999999999787 0.010000000000000009 8.308461538461538 0.010000000000000009 0.23475000000000001 9.0 9.0 0.01 9.0 0.009999999999999787 0.909 0.01 
0.009999999999999787 6.271978498352698 3.9357641921397377 0.009999999999999787 0.010000000000000009 9.0 7.876250000000001 2.2575 0.009999999999999787 0.009999999999999787 0.6808955223880597 9.0 0.009999999999999787 0.01 0.8057049000000001 
0.009999999999999787 3.568898907577597 1.148471615720524 0.009999999999999787 0.010000000000000009 6.233846153846154 0.010000000000000009 1.808 0.009999999999999787 0.009999999999999787 1.8885074626865672 9.0 0.009999999999999787 1.731585 0.13082560000000001 
0.009999999999999787 6.102061730535808 5.3012473894057335 0.009999999999999787 0.010000000000000009 7.616923076923077 5.62875 0.01 0.009999999999999787 0.009999999999999787 2.6935820895522387 9.0 0.009999999999999787 0.69324 0.021687 
0.009999999999999787 2.153445465580024 0.20799506360356937 0.009999999999999787 0.010000000000000009 6.233846153846154 0.010000000000000009 0.140355 9.0 0.009999999999999787 0.14417910447761195 9.0 0.009999999999999787 1.5383 0.2619897 
9.0 0.776963759320271 1.0341123979494968 0.009999999999999787 0.010000000000000009 5.542307692307692 0.010000000000000009 0.0841675 0.009999999999999787 0.009999999999999787 0.41253731343283584 9.0 0.009999999999999787 0.4595 0.0105394 
9.0 0.9718224380093639 3.9920903740269598 0.009999999999999787 0.010000000000000009 3.4676923076923076 1.13375 0.04820750000000001 9.0 9.0 0.01 9.0 0.009999999999999787 1.4484 0.0104495 
0.009999999999999787 3.71231489509277 1.4608258970951205 0.009999999999999787 0.010000000000000009 0.010000000000000009 2.2575 2.93175 0.009999999999999787 0.009999999999999787 2.156865671641791 9.0 0.009999999999999787 0.535915 0.118779 
0.009999999999999787 4.011617825559217 1.7168539965824947 0.009999999999999787 0.010000000000000009 5.542307692307692 1.13375 2.2575 0.009999999999999787 0.009999999999999787 0.8150746268656717 0.009999999999999787 0.009999999999999787 2.1226499999999997 0.01 
9.0 0.19238772325299136 0.18068539965824948 0.009999999999999787 0.010000000000000009 2.0846153846153848 0.010000000000000009 0.0841675 9.0 0.009999999999999787 0.8150746268656717 0.009999999999999787 0.009999999999999787 1.0888 0.0131465 
0.009999999999999787 2.036530258366568 0.5220561989747484 4.505 0.909 0.010000000000000009 0.010000000000000009 0.68425 0.009999999999999787 9.0 0.01 0.009999999999999787 0.009999999999999787 0.01 0.030227500000000004 
9.0 1.049765909485001 3.850421492310613 4.505 0.909 6.9253846153846155 1.13375 0.347125 0.009999999999999787 0.009999999999999787 0.5467164179104478 9.0 0.009999999999999787 0.01 0.0388579 
0.009999999999999787 1.2056528524362755 0.2097019176001519 0.009999999999999787 0.010000000000000009 0.010000000000000009 1.13375 0.04820750000000001 0.009999999999999787 9.0 0.01 9.0 0.009999999999999787 0.8190999999999999 0.01 
9.0 1.3864817062597536 0.23871843554205432 0.009999999999999787 0.010000000000000009 8.308461538461538 1.13375 0.796625 0.009999999999999787 9.0 0.01 9.0 0.009999999999999787 1.808 0.01 
0.009999999999999787 3.2711548465406626 0.6927415986329979 0.009999999999999787 0.010000000000000009 2.0846153846153848 0.010000000000000009 0.122375 9.0 9.0 0.01 0.009999999999999787 0.009999999999999787 1.0033949999999998 0.01 
9.0 7.713932720651987 4.789191190430985 0.009999999999999787 0.010000000000000009 9.0 7.876250000000001 0.01 0.009999999999999787 0.009999999999999787 1.4859701492537314 0.009999999999999787 0.009999999999999787 0.01 0.13586 
0.009999999999999787 1.854142535113577 0.7063964306056578 4.505 0.909 8.308461538461538 0.010000000000000009 0.909 0.009999999999999787 0.009999999999999787 0.41253731343283584 0.009999999999999787 0.009999999999999787 1.67315 0.060344 
9.0 1.9975585226287498 0.35137079931649895 0.009999999999999787 0.010000000000000009 5.542307692307692 0.010000000000000009 0.4595 0.009999999999999787 0.009999999999999787 0.2783582089552239 0.009999999999999787 0.009999999999999787 0.760665 0.054950000000000006 
0.009999999999999787 1.0887376452228197 3.5943933928232386 0.009999999999999787 0.010000000000000009 5.542307692307692 1.13375 0.6100825 0.009999999999999787 9.0 0.01 9.0 0.009999999999999787 0.4595 0.01 
9.0 7.051413213109069 1.7168539965824947 0.009999999999999787 0.010000000000000009 8.308461538461538 0.010000000000000009 1.808 0.009999999999999787 0.009999999999999787 0.5467164179104478 9.0 0.009999999999999787 0.01 0.018900100000000003 
0.009999999999999787 3.6733431593549506 3.25302259350674 0.009999999999999787 0.010000000000000009 4.15923076923077 0.010000000000000009 2.93175 0.009999999999999787 0.009999999999999787 1.8885074626865672 9.0 0.009999999999999787 1.0888 0.4241693 
0.009999999999999787 1.8931142708513953 0.35137079931649895 4.505 0.909 0.7015384615384616 1.13375 1.3585 9.0 9.0 0.01 9.0 0.009999999999999787 0.8011199999999999 0.0582763 
9.0 1.2181238078723773 0.5220561989747484 0.009999999999999787 0.010000000000000009 6.233846153846154 0.010000000000000009 0.4033125 9.0 9.0 0.01 0.009999999999999787 0.009999999999999787 0.7292 0.01 
9.0 0.801905670192474 2.9116517941902407 0.009999999999999787 0.010000000000000009 0.010000000000000009 0.010000000000000009 0.0841675 9.0 9.0 0.01 9.0 0.009999999999999787 0.01 0.041554900000000006 
9.0 1.8681723599791926 0.7063964306056578 0.009999999999999787 0.010000000000000009 6.233846153846154 0.010000000000000009 0.122375 9.0 9.0 0.01 0.009999999999999787 0.009999999999999787 0.8190999999999999 0.014495000000000001 
9.0 1.1401803363967402 0.6364154167457755 0.009999999999999787 0.010000000000000009 2.7761538461538464 3.38125 0.01 9.0 0.009999999999999787 0.14417910447761195 9.0 0.009999999999999787 0.909 0.0147647 
0.009999999999999787 0.750462979018554 0.834410480349345 0.009999999999999787 0.010000000000000009 0.010000000000000009 0.010000000000000009 0.909 0.009999999999999787 0.009999999999999787 1.4859701492537314 0.009999999999999787 0.009999999999999787 0.909 0.2797 
0.009999999999999787 4.063060516733137 0.33771596734383896 0.009999999999999787 0.010000000000000009 6.9253846153846155 0.010000000000000009 1.13375 0.009999999999999787 9.0 0.01 9.0 0.009999999999999787 2.30245 0.06394 
0.009999999999999787 2.9718519160742156 0.8634269982912474 0.009999999999999787 0.010000000000000009 6.9253846153846155 2.2575 0.23475000000000001 9.0 9.0 0.01 9.0 0.009999999999999787 1.57426 0.01 
9.0 1.3475099705219349 0.8634269982912474 4.505 0.909 2.0846153846153848 2.2575 2.03275 9.0 9.0 0.01 9.0 0.009999999999999787 0.909 0.0509944 
9.0 0.5945760360672794 0.06632618188722232 0.009999999999999787 0.010000000000000009 5.542307692307692 0.010000000000000009 0.027979999999999998 9.0 9.0 0.01 0.009999999999999787 0.009999999999999787 1.7181 0.01 
9.0 1.8151707993757586 0.5783823808619708 0.009999999999999787 0.010000000000000009 9.0 7.876250000000001 0.01 9.0 9.0 0.01 9.0 0.009999999999999787 1.5383 0.0100899 
0.009999999999999787 3.049795387549853 1.090438579836719 0.009999999999999787 0.010000000000000009 6.9253846153846155 1.13375 1.695625 0.009999999999999787 9.0 0.01 0.009999999999999787 0.009999999999999787 3.0665999999999998 0.01 
0.009999999999999787 0.776963759320271 0.4367134991456237 4.505 0.909 0.010000000000000009 1.13375 0.6280625 0.009999999999999787 0.009999999999999787 0.41253731343283584 0.009999999999999787 0.009999999999999787 0.6393 0.028879000000000002 
0.009999999999999787 1.230594763308479 0.6210537307765331 0.009999999999999787 0.010000000000000009 0.010000000000000009 0.010000000000000009 0.25273 9.0 9.0 0.01 0.009999999999999787 0.009999999999999787 0.62132 0.0100899 
0.009999999999999787 4.985911219004683 0.10899753180178468 0.009999999999999787 0.010000000000000009 0.010000000000000009 2.2575 6.7524999999999995 0.009999999999999787 0.009999999999999787 2.6935820895522387 9.0 0.009999999999999787 0.01 1.3585 
0.009999999999999787 1.1791520721345585 0.35137079931649895 0.009999999999999787 0.010000000000000009 0.010000000000000009 0.010000000000000009 0.3853325 0.009999999999999787 9.0 0.01 9.0 9.0 1.3585 0.01 
0.009999999999999787 0.5945760360672794 0.10899753180178468 0.009999999999999787 0.010000000000000009 3.4676923076923076 0.010000000000000009 0.140355 9.0 9.0 0.01 9.0 0.009999999999999787 1.2686 0.0427236 
9.0 0.3093029304664472 0.01 4.505 0.909 2.7761538461538464 7.876250000000001 0.01 9.0 9.0 0.01 9.0 0.009999999999999787 0.39657 0.01 
0.009999999999999787 3.5174562164036764 3.4663793430795518 4.505 0.909 3.4676923076923076 0.010000000000000009 0.0661875 9.0 9.0 0.01 9.0 0.009999999999999787 0.7292 0.01 
9.0 4.920438702965146 0.2660280994873742 0.009999999999999787 0.010000000000000009 5.542307692307692 1.13375 1.246125 0.009999999999999787 0.009999999999999787 0.14417910447761195 9.0 0.009999999999999787 1.506835 0.0901908 
0.009999999999999787 3.3880700537541184 0.7063964306056578 0.009999999999999787 0.010000000000000009 6.233846153846154 0.010000000000000009 0.027979999999999998 0.009999999999999787 9.0 0.01 0.009999999999999787 0.009999999999999787 1.808 0.53142 
0.009999999999999787 0.4651898734177218 1.7168539965824947 0.009999999999999787 0.010000000000000009 5.542307692307692 0.010000000000000009 0.1785625 0.009999999999999787 0.009999999999999787 0.2783582089552239 9.0 0.009999999999999787 0.01 0.0134162 
9.0 4.998382174440784 2.7409663945319913 0.009999999999999787 0.010000000000000009 0.010000000000000009 0.010000000000000009 3.5498125 0.009999999999999787 0.009999999999999787 0.8150746268656717 0.009999999999999787 0.009999999999999787 0.01 0.123274 
0.009999999999999787 1.1277093809606384 1.090438579836719 4.505 0.909 0.010000000000000009 0.010000000000000009 0.0841675 9.0 9.0 0.01 9.0 0.009999999999999787 0.7292 0.1051142 
0.009999999999999787 0.8938789665337268 0.2660280994873742 4.505 0.909 4.850769230769231 4.505000000000001 0.347125 9.0 9.0 0.01 0.009999999999999787 0.009999999999999787 0.60334 0.010179800000000001 
0.009999999999999787 6.374863880700537 6.3253597873552305 0.009999999999999787 0.010000000000000009 0.7015384615384616 2.2575 6.7524999999999995 0.009999999999999787 0.009999999999999787 2.291044776119403 0.009999999999999787 0.009999999999999787 0.01 0.01 
0.009999999999999787 3.2446540662389456 1.4608258970951205 0.009999999999999787 0.010000000000000009 5.542307692307692 0.010000000000000009 1.58325 9.0 9.0 0.01 9.0 0.009999999999999787 2.0507299999999997 0.014495000000000001 
9.0 3.283625801976765 1.61785646478071 0.009999999999999787 0.010000000000000009 9.0 7.876250000000001 0.01 9.0 9.0 0.01 9.0 0.009999999999999787 0.7292 0.01 
9.0 2.711520721345587 0.5647275488893108 0.009999999999999787 0.010000000000000009 0.7015384615384616 0.010000000000000009 0.25273 9.0 9.0 0.01 0.009999999999999787 0.009999999999999787 0.01 0.01 
9.0 4.830024276053408 0.16703056768558952 0.009999999999999787 0.010000000000000009 6.9253846153846155 1.13375 0.1965425 0.009999999999999787 0.009999999999999787 1.4859701492537314 0.009999999999999787 0.009999999999999787 1.9878 0.0105394 
9.0 2.153445465580024 0.16703056768558952 0.009999999999999787 0.010000000000000009 3.4676923076923076 0.010000000000000009 0.25273 0.009999999999999787 0.009999999999999787 0.5467164179104478 9.0 0.009999999999999787 1.7181 0.054950000000000006 
0.009999999999999787 1.0622368649211027 3.9357641921397377 4.505 0.909 4.15923076923077 0.010000000000000009 0.68425 9.0 9.0 0.01 0.009999999999999787 0.009999999999999787 0.01 0.36960000000000004 
0.009999999999999787 1.36153979538755 0.6927415986329979 0.009999999999999787 0.010000000000000009 7.616923076923077 6.7524999999999995 0.0841675 9.0 0.009999999999999787 0.2783582089552239 9.0 0.009999999999999787 1.4484 0.12687 
0.009999999999999787 2.582134558696029 0.06632618188722232 4.505 0.909 0.010000000000000009 1.13375 1.4708750000000002 0.009999999999999787 0.009999999999999787 0.14417910447761195 0.009999999999999787 0.009999999999999787 1.95184 0.7292000000000001 
9.0 6.647666030865268 3.423707993164989 0.009999999999999787 0.010000000000000009 5.542307692307692 0.010000000000000009 1.808 0.009999999999999787 0.009999999999999787 1.8885074626865672 9.0 0.009999999999999787 0.01 0.1540198 
9.0 5.868231316108896 0.06632618188722232 0.009999999999999787 0.010000000000000009 9.0 7.876250000000001 0.01 9.0 9.0 0.01 0.009999999999999787 9.0 0.28869 0.0124273 
0.009999999999999787 1.880643315415294 0.45036833111828367 0.009999999999999787 0.010000000000000009 3.4676923076923076 1.13375 0.122375 9.0 9.0 0.01 0.009999999999999787 9.0 0.6393 0.01 
0.009999999999999787 0.9063499219698281 3.9357641921397377 0.009999999999999787 0.010000000000000009 2.0846153846153848 0.010000000000000009 0.23475000000000001 0.009999999999999787 9.0 0.01 0.009999999999999787 0.009999999999999787 0.4595 0.0161132 
9.0 0.7894347147563723 3.509050692994114 0.009999999999999787 0.010000000000000009 5.542307692307692 0.010000000000000009 0.329145 0.009999999999999787 0.009999999999999787 0.2783582089552239 0.009999999999999787 0.009999999999999787 0.23025500000000002 0.01 
9.0 1.0622368649211027 0.15166888171634707 0.009999999999999787 0.010000000000000009 2.0846153846153848 0.010000000000000009 0.16058250000000002 9.0 9.0 0.01 0.009999999999999787 9.0 0.65728 0.01 
0.009999999999999787 2.426247615744755 0.9777862160622744 0.009999999999999787 0.010000000000000009 9.0 7.876250000000001 0.01 9.0 0.009999999999999787 0.6808955223880597 9.0 0.009999999999999787 0.8011199999999999 0.0231254 
0.009999999999999787 0.6725195075429165 0.4367134991456237 4.505 0.909 3.4676923076923076 0.010000000000000009 0.0661875 9.0 9.0 0.01 9.0 0.009999999999999787 0.6393 0.0103596 
0.009999999999999787 4.270390150858332 0.1380140497436871 4.505 0.909 0.010000000000000009 0.010000000000000009 0.1785625 0.009999999999999787 0.009999999999999787 1.0834328358208956 0.009999999999999787 0.009999999999999787 1.3585 0.0245638 
0.009999999999999787 2.6725489856077678 0.8634269982912474 0.009999999999999787 0.010000000000000009 6.9253846153846155 1.13375 1.246125 0.009999999999999787 0.009999999999999787 0.8150746268656717 9.0 0.009999999999999787 0.7292 0.19627280000000003 
0.009999999999999787 0.8798491416681116 3.5943933928232386 0.009999999999999787 0.010000000000000009 0.010000000000000009 0.010000000000000009 1.3585 0.009999999999999787 9.0 0.01 0.009999999999999787 0.009999999999999787 0.01 0.01 
0.009999999999999787 6.284449453788798 4.277134991456236 0.009999999999999787 0.010000000000000009 3.4676923076923076 1.13375 3.606 0.009999999999999787 9.0 0.01 0.009999999999999787 0.009999999999999787 0.11788 0.19231720000000002 
9.0 1.230594763308479 0.2097019176001519 4.505 0.909 9.0 7.876250000000001 0.0661875 9.0 9.0 0.01 9.0 0.009999999999999787 0.5494 0.017821299999999998 
0.009999999999999787 1.634341945552281 0.2950446174292766 0.009999999999999787 0.010000000000000009 6.9253846153846155 0.010000000000000009 0.5336675000000001 9.0 9.0 0.01 9.0 0.009999999999999787 0.4595 0.01 
0.009999999999999787 4.218947459684411 1.0341123979494968 0.009999999999999787 0.010000000000000009 2.0846153846153848 2.2575 0.4595 0.009999999999999787 9.0 0.01 9.0 0.009999999999999787 0.01 0.027979999999999998 
0.009999999999999787 3.1277388590254898 0.834410480349345 0.009999999999999787 0.010000000000000009 6.233846153846154 0.010000000000000009 0.0661875 9.0 0.009999999999999787 0.2783582089552239 9.0 0.009999999999999787 0.9989 0.0100899 
0.009999999999999787 1.7637281082018381 0.5220561989747484 4.505 0.909 6.233846153846154 0.010000000000000009 0.1785625 0.009999999999999787 9.0 0.01 0.009999999999999787 0.009999999999999787 1.1787 0.1057435 
0.009999999999999787 1.9585867868909315 1.759525346497057 0.009999999999999787 0.010000000000000009 6.9253846153846155 0.010000000000000009 2.1451249999999997 0.009999999999999787 0.009999999999999787 0.2783582089552239 9.0 0.009999999999999787 1.8979 0.0106293 
9.0 6.700667591468702 1.5325137649515852 0.009999999999999787 0.010000000000000009 5.542307692307692 1.13375 1.3764800000000001 0.009999999999999787 0.009999999999999787 0.8150746268656717 9.0 0.009999999999999787 0.203285 0.060344 
0.009999999999999787 2.1144737298422056 5.0588741218910185 0.009999999999999787 0.010000000000000009 8.308461538461538 0.010000000000000009 2.27548 0.009999999999999787 0.009999999999999787 0.6808955223880597 0.009999999999999787 0.009999999999999787 0.76516 0.01 
0.009999999999999787 3.724785850528871 4.760174672489082 0.009999999999999787 0.010000000000000009 6.233846153846154 0.010000000000000009 3.8869374999999997 0.009999999999999787 0.009999999999999787 0.8150746268656717 0.009999999999999787 0.009999999999999787 0.32465 0.01 
0.009999999999999787 1.0232651291832844 0.16703056768558952 0.009999999999999787 0.010000000000000009 3.4676923076923076 0.010000000000000009 0.0661875 9.0 9.0 0.01 0.009999999999999787 0.009999999999999787 1.2686 0.0149445 
0.009999999999999787 5.0498248656147044 2.0718796278716534 0.009999999999999787 0.010000000000000009 3.4676923076923076 0.010000000000000009 0.027979999999999998 9.0 9.0 0.01 9.0 0.009999999999999787 0.01 0.251831 
0.009999999999999787 2.647607074735565 3.08233719384849 4.505 0.909 6.233846153846154 1.13375 2.369875 0.009999999999999787 9.0 0.01 0.009999999999999787 0.009999999999999787 0.70223 0.01 
0.009999999999999787 1.8681723599791926 4.70384849060186 0.009999999999999787 0.010000000000000009 6.233846153846154 0.010000000000000009 2.5946249999999997 0.009999999999999787 9.0 0.01 0.009999999999999787 0.009999999999999787 2.1990649999999996 0.054950000000000006 
9.0 1.2056528524362755 0.2796829314600342 4.505 0.909 5.542307692307692 0.010000000000000009 0.68425 0.009999999999999787 0.009999999999999787 0.2783582089552239 0.009999999999999787 0.009999999999999787 0.3696 0.04596 
9.0 0.6070469915033812 0.2370115815454718 4.505 0.909 0.010000000000000009 0.010000000000000009 0.4595 9.0 0.009999999999999787 0.14417910447761195 9.0 0.009999999999999787 9.0 0.010179800000000001 
9.0 2.165916421016126 0.6073988988038732 4.505 0.909 3.4676923076923076 0.010000000000000009 0.571875 9.0 9.0 0.01 0.009999999999999787 0.009999999999999787 1.2686 0.01 
0.009999999999999787 2.063031038668285 5.130561989747484 0.009999999999999787 0.010000000000000009 0.010000000000000009 1.13375 2.4080825 0.009999999999999787 0.009999999999999787 1.4859701492537314 9.0 0.009999999999999787 0.01 0.2152417 
9.0 2.8034940176868393 0.1380140497436871 0.009999999999999787 0.010000000000000009 6.9253846153846155 0.010000000000000009 0.1785625 9.0 9.0 0.01 9.0 0.009999999999999787 1.3585 0.0139556 
0.009999999999999787 6.83005375411826 0.9487696981203722 0.009999999999999787 0.010000000000000009 6.233846153846154 0.010000000000000009 0.796625 0.009999999999999787 0.009999999999999787 0.6808955223880597 0.009999999999999787 0.009999999999999787 0.2797 0.0152142 
0.009999999999999787 2.6600780301716664 0.807100816404025 0.009999999999999787 0.010000000000000009 0.7015384615384616 1.13375 2.5946249999999997 9.0 9.0 0.01 0.009999999999999787 0.009999999999999787 1.32254 0.01 
9.0 1.6982555921623028 0.8770818302639073 4.505 0.909 9.0 7.876250000000001 0.01 9.0 9.0 0.01 0.009999999999999787 0.009999999999999787 0.8190999999999999 0.015394000000000001 
9.0 2.8159649731229406 0.2660280994873742 0.009999999999999787 0.010000000000000009 3.4676923076923076 2.2575 0.4595 0.009999999999999787 0.009999999999999787 0.41253731343283584 0.009999999999999787 0.009999999999999787 0.96294 0.01 
0.009999999999999787 1.5423686492110282 0.12435921777102715 0.009999999999999787 0.010000000000000009 3.4676923076923076 1.13375 1.58325 9.0 9.0 0.01 0.009999999999999787 0.009999999999999787 1.5383 0.01 
0.009999999999999787 4.284419975723947 0.7780842984621226 0.009999999999999787 0.010000000000000009 2.0846153846153848 2.2575 0.347125 0.009999999999999787 9.0 0.01 9.0 0.009999999999999787 2.5271999999999997 0.01 
0.009999999999999787 0.2828021501647302 7.520157584962977 9.0 9.0 9.0 9.0 0.01 9.0 9.0 0.01 0.009999999999999787 4.505 2.0327499999999996 9.0 
9.0 1.6203121206866653 2.9679779760774627 0.009999999999999787 0.010000000000000009 8.308461538461538 0.010000000000000009 0.6460425000000001 0.009999999999999787 9.0 0.01 9.0 0.009999999999999787 0.7292 0.023485 
0.009999999999999787 1.8292006242413734 4.277134991456236 0.009999999999999787 0.010000000000000009 8.308461538461538 2.2575 0.122375 9.0 9.0 0.01 0.009999999999999787 0.009999999999999787 3.2463999999999995 0.01 
9.0 2.010029478064851 0.5783823808619708 0.009999999999999787 0.010000000000000009 5.542307692307692 0.010000000000000009 1.0955425 0.009999999999999787 9.0 0.01 0.009999999999999787 0.009999999999999787 1.9878 0.01 
0.009999999999999787 2.0240593029304668 3.196696411619518 0.009999999999999787 0.010000000000000009 5.542307692307692 1.13375 2.5564175 0.009999999999999787 0.009999999999999787 0.8150746268656717 9.0 0.009999999999999787 1.7225949999999999 0.0251032 
0.009999999999999787 0.9577926131437486 0.09534269982912473 0.009999999999999787 0.010000000000000009 0.7015384615384616 1.13375 0.3089175 0.009999999999999787 9.0 0.01 0.009999999999999787 0.009999999999999787 0.01 0.01 
0.009999999999999787 3.6998439396566676 0.5937440668312132 4.505 0.909 4.15923076923077 0.010000000000000009 0.0841675 9.0 9.0 0.01 9.0 9.0 1.808 0.01 
9.0 4.725580024276054 1.3754831972659958 0.009999999999999787 0.010000000000000009 2.7761538461538464 3.38125 0.01 0.009999999999999787 9.0 0.01 9.0 0.009999999999999787 0.4595 0.096304 
0.009999999999999787 0.828406450494191 1.0341123979494968 4.505 0.909 0.7015384615384616 0.010000000000000009 0.4977075 0.009999999999999787 0.009999999999999787 1.0834328358208956 0.009999999999999787 0.009999999999999787 0.7292 0.0100899 
0.009999999999999787 1.1401803363967402 0.2660280994873742 0.009999999999999787 0.010000000000000009 4.15923076923077 0.010000000000000009 0.23475000000000001 0.009999999999999787 9.0 0.01 0.009999999999999787 9.0 1.4484 0.01 
0.009999999999999787 1.9461158314548292 0.05267134991456237 4.505 0.909 3.4676923076923076 0.010000000000000009 0.04820750000000001 9.0 9.0 0.01 9.0 0.009999999999999787 0.98092 0.19879000000000002 
9.0 1.4129824865614706 1.0341123979494968 0.009999999999999787 0.010000000000000009 5.542307692307692 1.13375 0.8348325 0.009999999999999787 0.009999999999999787 2.5594029850746267 9.0 0.009999999999999787 0.01 0.054950000000000006 
0.009999999999999787 1.8681723599791926 0.2660280994873742 0.009999999999999787 0.010000000000000009 5.542307692307692 1.13375 0.0841675 9.0 9.0 0.01 0.009999999999999787 0.009999999999999787 0.9989 0.0325649 
0.009999999999999787 1.1666811166984572 3.8077501423960505 0.009999999999999787 0.010000000000000009 6.9253846153846155 1.13375 0.21677000000000002 0.009999999999999787 0.009999999999999787 0.14417910447761195 9.0 0.009999999999999787 0.4595 0.01 
9.0 0.801905670192474 1.0341123979494968 0.009999999999999787 0.010000000000000009 8.308461538461538 0.010000000000000009 0.027979999999999998 0.009999999999999787 9.0 0.01 9.0 0.009999999999999787 0.4595 0.01 
0.009999999999999787 7.752904456389804 3.7650787924814884 0.009999999999999787 0.010000000000000009 7.616923076923077 5.62875 9.0 0.009999999999999787 0.009999999999999787 0.9492537313432836 0.009999999999999787 0.009999999999999787 0.10888999999999999 0.01 
0.009999999999999787 2.2438598924917637 0.36502563128915894 4.505 0.909 2.0846153846153848 2.2575 0.23475000000000001 0.009999999999999787 0.009999999999999787 1.3517910447761194 0.009999999999999787 0.009999999999999787 0.60334 0.012517200000000001 
0.009999999999999787 0.10041442691173907 0.9487696981203722 0.009999999999999787 0.010000000000000009 8.308461538461538 0.010000000000000009 0.3089175 9.0 0.009999999999999787 0.14417910447761195 9.0 0.009999999999999787 0.3696 0.0118879 
0.009999999999999787 4.102032252470956 0.07998101385988228 0.009999999999999787 0.010000000000000009 2.0846153846153848 1.13375 2.3136875 0.009999999999999787 9.0 0.01 9.0 0.009999999999999787 1.808 0.01 
0.009999999999999787 3.7902583665684064 2.228910195557243 0.009999999999999787 0.010000000000000009 8.308461538461538 2.2575 1.58325 0.009999999999999787 0.009999999999999787 0.14417910447761195 9.0 0.009999999999999787 0.01 0.054950000000000006 
9.0 0.9453216577076469 4.021106891968862 0.009999999999999787 0.010000000000000009 0.010000000000000009 0.010000000000000009 0.122375 9.0 9.0 0.01 0.009999999999999787 0.009999999999999787 0.8190999999999999 0.01 
9.0 0.009999999999999787 0.1380140497436871 0.009999999999999787 0.010000000000000009 0.010000000000000009 0.010000000000000009 0.4595 9.0 9.0 0.01 9.0 0.009999999999999787 0.5494 0.0116182 
0.009999999999999787 1.8931142708513953 1.3754831972659958 4.505 0.909 2.0846153846153848 1.13375 2.5946249999999997 0.009999999999999787 0.009999999999999787 0.2783582089552239 0.009999999999999787 0.009999999999999787 0.347125 0.01 
0.009999999999999787 3.6608722039188493 0.8634269982912474 4.505 0.909 2.0846153846153848 1.13375 4.505 9.0 9.0 0.01 0.009999999999999787 9.0 0.909 0.01 
9.0 0.6849904629790182 0.4367134991456237 0.009999999999999787 0.010000000000000009 0.010000000000000009 0.010000000000000009 0.01 9.0 9.0 0.01 9.0 0.009999999999999787 0.01 0.01 
0.009999999999999787 1.3085382347841161 0.3086994494019366 0.009999999999999787 0.010000000000000009 4.15923076923077 0.010000000000000009 0.04820750000000001 9.0 0.009999999999999787 0.5467164179104478 9.0 0.009999999999999787 1.15173 0.18530500000000003 
0.009999999999999787 1.2181238078723773 1.090438579836719 4.505 0.909 3.4676923076923076 0.010000000000000009 0.1965425 9.0 0.009999999999999787 0.14417910447761195 0.009999999999999787 0.009999999999999787 1.2686 0.017192 
9.0 3.9461453095196815 0.7063964306056578 4.505 0.909 5.542307692307692 1.13375 0.0661875 0.009999999999999787 0.009999999999999787 3.0961194029850745 0.009999999999999787 0.009999999999999787 2.0552249999999996 0.1211164 
9.0 5.388099531818971 0.2950446174292766 0.009999999999999787 0.010000000000000009 8.308461538461538 0.010000000000000009 0.23475000000000001 9.0 9.0 0.01 0.009999999999999787 0.009999999999999787 1.0888 0.0205183 
9.0 2.010029478064851 1.2184526295804063 0.009999999999999787 0.010000000000000009 2.0846153846153848 2.2575 0.23475000000000001 0.009999999999999787 9.0 0.01 0.009999999999999787 0.009999999999999787 0.778645 0.01 
0.009999999999999787 0.5680752557655624 3.7360622745395853 0.009999999999999787 0.010000000000000009 0.010000000000000009 2.2575 0.2729575 9.0 0.009999999999999787 0.2783582089552239 0.009999999999999787 0.009999999999999787 0.909 0.0106293 
9.0 5.738845153459338 2.3995955952154926 0.009999999999999787 0.010000000000000009 8.308461538461538 1.13375 1.3585 9.0 9.0 0.01 9.0 0.009999999999999787 0.01 0.01 
0.009999999999999787 2.21891798161956 0.6364154167457755 0.009999999999999787 0.010000000000000009 0.010000000000000009 1.13375 1.9585825000000001 0.009999999999999787 9.0 0.01 9.0 0.009999999999999787 1.1787 0.027979999999999998 
0.009999999999999787 0.854907230795908 0.3086994494019366 4.505 0.909 0.010000000000000009 1.13375 0.122375 9.0 9.0 0.01 9.0 0.009999999999999787 1.2686 0.0283396 
9.0 0.5041616091555405 3.08233719384849 0.009999999999999787 0.010000000000000009 8.308461538461538 0.010000000000000009 0.347125 0.009999999999999787 0.009999999999999787 0.2783582089552239 9.0 0.009999999999999787 0.40556 0.0631309 
0.009999999999999787 1.1666811166984572 0.01 0.009999999999999787 0.010000000000000009 6.9253846153846155 0.010000000000000009 0.04820750000000001 0.009999999999999787 9.0 0.01 9.0 0.009999999999999787 0.01 0.01 
9.0 1.5688694295127448 0.18068539965824948 0.009999999999999787 0.010000000000000009 0.010000000000000009 1.13375 0.4033125 0.009999999999999787 9.0 0.01 0.009999999999999787 0.009999999999999787 2.2170449999999997 0.01 
0.009999999999999787 3.9726460898213984 1.3891380292386557 0.009999999999999787 0.010000000000000009 6.9253846153846155 1.13375 3.1565 0.009999999999999787 0.009999999999999787 1.0834328358208956 9.0 0.009999999999999787 1.4484 0.01 
9.0 3.166710594763309 0.35137079931649895 0.009999999999999787 0.010000000000000009 0.010000000000000009 0.010000000000000009 0.909 0.009999999999999787 0.009999999999999787 1.4859701492537314 9.0 0.009999999999999787 0.01 0.0509944 
0.009999999999999787 0.9063499219698281 3.3383652933358645 0.009999999999999787 0.010000000000000009 0.010000000000000009 0.010000000000000009 0.122375 0.009999999999999787 9.0 0.01 9.0 0.009999999999999787 0.6393 0.01 
0.009999999999999787 1.6592838564244836 4.447820391114486 0.009999999999999787 0.010000000000000009 7.616923076923077 6.7524999999999995 0.01 9.0 9.0 0.01 0.009999999999999787 0.009999999999999787 0.6393 0.109789 
0.009999999999999787 5.595429165944165 5.130561989747484 0.009999999999999787 0.010000000000000009 0.010000000000000009 0.010000000000000009 3.83075 0.009999999999999787 0.009999999999999787 1.2176119402985075 9.0 0.009999999999999787 0.01 0.01 
9.0 1.4129824865614706 4.277134991456236 0.009999999999999787 0.010000000000000009 8.308461538461538 0.010000000000000009 0.68425 0.009999999999999787 0.009999999999999787 1.6201492537313433 0.009999999999999787 0.009999999999999787 0.5494 0.0609733 
9.0 0.048971735737818545 0.06632618188722232 0.009999999999999787 0.010000000000000009 8.308461538461538 0.010000000000000009 0.4595 9.0 0.009999999999999787 0.2783582089552239 0.009999999999999787 0.009999999999999787 1.4484 0.0100899 
0.009999999999999787 3.2181532859372286 0.7354129485475602 4.505 0.909 6.233846153846154 0.010000000000000009 0.04820750000000001 0.009999999999999787 0.009999999999999787 0.14417910447761195 9.0 0.009999999999999787 0.23475000000000001 0.1167113 
0.009999999999999787 0.295273105600832 3.423707993164989 0.009999999999999787 0.010000000000000009 6.233846153846154 1.13375 0.0841675 9.0 0.009999999999999787 0.14417910447761195 9.0 0.009999999999999787 0.5494 0.0100899 
0.009999999999999787 3.685814114791053 2.015553445984431 0.009999999999999787 0.010000000000000009 6.9253846153846155 1.13375 4.505 0.009999999999999787 0.009999999999999787 1.8885074626865672 0.009999999999999787 0.009999999999999787 1.803505 0.01 
0.009999999999999787 4.985911219004683 0.8634269982912474 0.009999999999999787 0.010000000000000009 4.15923076923077 2.2575 1.13375 0.009999999999999787 0.009999999999999787 1.6201492537313433 0.009999999999999787 0.009999999999999787 1.8529499999999999 0.23564900000000003 
0.009999999999999787 3.193211375065026 6.197345737611543 0.009999999999999787 0.010000000000000009 6.233846153846154 0.010000000000000009 0.04820750000000001 9.0 9.0 0.01 9.0 0.009999999999999787 1.4484 0.32932480000000003 
0.009999999999999787 2.1409745101439226 0.4367134991456237 0.009999999999999787 0.010000000000000009 6.233846153846154 0.010000000000000009 0.796625 9.0 9.0 0.01 9.0 0.009999999999999787 0.909 0.01 
0.009999999999999787 1.36153979538755 4.220808809569014 0.009999999999999787 0.010000000000000009 5.542307692307692 1.13375 0.7224575 0.009999999999999787 9.0 0.01 0.009999999999999787 0.009999999999999787 0.5494 0.01 
0.009999999999999787 2.5166620426564936 0.8634269982912474 0.009999999999999787 0.010000000000000009 8.308461538461538 0.010000000000000009 3.3812499999999996 0.009999999999999787 9.0 0.01 0.009999999999999787 0.009999999999999787 2.3608849999999997 0.01 
9.0 2.2968614530951967 0.4793848490601861 0.009999999999999787 0.010000000000000009 6.233846153846154 1.13375 0.027979999999999998 9.0 0.009999999999999787 0.41253731343283584 9.0 0.009999999999999787 0.01 0.012966700000000001 
9.0 1.0622368649211027 3.7650787924814884 4.505 0.909 5.542307692307692 0.010000000000000009 1.3585 0.009999999999999787 9.0 0.01 0.009999999999999787 0.009999999999999787 1.21466 0.01 
0.009999999999999787 4.465248829547425 0.18068539965824948 0.009999999999999787 0.010000000000000009 2.0846153846153848 1.13375 2.2575 0.009999999999999787 9.0 0.01 0.009999999999999787 0.009999999999999787 1.4484 0.01 
9.0 0.776963759320271 0.6364154167457755 0.009999999999999787 0.010000000000000009 5.542307692307692 0.010000000000000009 0.9472075 0.009999999999999787 0.009999999999999787 0.6808955223880597 9.0 0.009999999999999787 0.9989 0.23501970000000003 
0.009999999999999787 1.8026998439396564 0.5783823808619708 0.009999999999999787 0.010000000000000009 6.9253846153846155 1.13375 2.2957075 0.009999999999999787 0.009999999999999787 1.2176119402985075 9.0 0.009999999999999787 1.803505 0.0843473 
0.009999999999999787 4.218947459684411 1.4044997152078982 0.009999999999999787 0.010000000000000009 8.308461538461538 0.010000000000000009 0.027979999999999998 9.0 9.0 0.01 9.0 0.009999999999999787 0.49546 0.01899 
0.009999999999999787 1.7247563724640198 1.5461685969242451 4.505 0.909 0.010000000000000009 2.2575 1.13375 9.0 9.0 0.01 9.0 0.009999999999999787 0.909 0.118779 
9.0 5.6874024622854185 0.01 4.505 0.909 9.0 7.876250000000001 0.01 9.0 9.0 0.01 9.0 0.009999999999999787 0.01 0.01 
0.009999999999999787 1.5563984740766434 4.277134991456236 0.009999999999999787 0.010000000000000009 6.9253846153846155 0.010000000000000009 0.553895 0.009999999999999787 0.009999999999999787 9.0 0.009999999999999787 0.009999999999999787 0.6393 0.0331942 
9.0 2.010029478064851 1.290140497436871 0.009999999999999787 0.010000000000000009 0.010000000000000009 0.010000000000000009 0.122375 9.0 0.009999999999999787 0.14417910447761195 0.009999999999999787 0.009999999999999787 0.1898 0.0238446 
0.009999999999999787 3.777787411132305 0.19434023163090944 4.505 0.909 8.308461538461538 0.010000000000000009 0.23475000000000001 0.009999999999999787 0.009999999999999787 0.41253731343283584 9.0 0.009999999999999787 0.909 0.0999 
0.009999999999999787 2.7894641928212245 0.9487696981203722 0.009999999999999787 0.010000000000000009 4.15923076923077 0.010000000000000009 1.9203750000000002 0.009999999999999787 0.009999999999999787 0.8150746268656717 9.0 0.009999999999999787 0.92698 0.01 
0.009999999999999787 0.9718224380093639 0.19434023163090944 4.505 0.909 6.9253846153846155 0.010000000000000009 0.027979999999999998 0.009999999999999787 0.009999999999999787 0.14417910447761195 0.009999999999999787 0.009999999999999787 3.7857999999999996 0.015304100000000001 
0.009999999999999787 6.505808912779609 2.9116517941902407 0.009999999999999787 0.010000000000000009 7.616923076923077 1.13375 3.1565 0.009999999999999787 0.009999999999999787 0.41253731343283584 9.0 0.009999999999999787 0.01 0.01 
9.0 1.0622368649211027 2.9116517941902407 0.009999999999999787 0.010000000000000009 5.542307692307692 0.010000000000000009 0.796625 0.009999999999999787 0.009999999999999787 1.3517910447761194 9.0 0.009999999999999787 0.3696 0.09900099999999999 
9.0 1.451954222299289 0.3086994494019366 0.009999999999999787 0.010000000000000009 6.9253846153846155 1.13375 0.47748 0.009999999999999787 9.0 0.01 0.009999999999999787 0.009999999999999787 0.7292 0.536814 
0.009999999999999787 1.7372273279001211 0.19434023163090944 0.009999999999999787 0.010000000000000009 3.4676923076923076 7.876250000000001 0.01 9.0 9.0 0.01 9.0 0.009999999999999787 0.4595 0.01 
9.0 1.0232651291832844 0.4367134991456237 4.505 0.909 9.0 7.876250000000001 1.4708750000000002 9.0 9.0 0.01 9.0 0.009999999999999787 1.2686 0.01 
0.009999999999999787 2.920409224900295 0.4657300170875261 0.009999999999999787 0.010000000000000009 2.0846153846153848 2.2575 0.0661875 9.0 9.0 0.01 0.009999999999999787 0.009999999999999787 1.9878 0.41455000000000003 
0.009999999999999787 1.0107941737471826 4.14912094171255 0.009999999999999787 0.010000000000000009 0.010000000000000009 0.010000000000000009 1.5090825 9.0 0.009999999999999787 0.2783582089552239 0.009999999999999787 0.009999999999999787 0.8190999999999999 0.0255527 
0.009999999999999787 5.6344009016819845 0.7063964306056578 4.505 0.909 9.0 7.876250000000001 0.68425 9.0 9.0 0.01 9.0 0.009999999999999787 0.5494 0.0100899 
0.009999999999999787 3.2056823305011273 1.7168539965824947 0.009999999999999787 0.010000000000000009 0.010000000000000009 2.2575 1.13375 0.009999999999999787 0.009999999999999787 0.8150746268656717 9.0 0.009999999999999787 0.01 0.042993300000000005 
0.009999999999999787 3.5439569967053934 0.25066641351813174 0.009999999999999787 0.010000000000000009 0.010000000000000009 0.010000000000000009 0.1785625 9.0 0.009999999999999787 0.2783582089552239 9.0 0.009999999999999787 1.021375 0.054950000000000006 
0.009999999999999787 5.570487255071963 0.02365483197265996 0.009999999999999787 0.010000000000000009 6.9253846153846155 1.13375 0.027979999999999998 0.009999999999999787 9.0 0.01 9.0 0.009999999999999787 0.01 0.2797 
9.0 3.037324432113751 1.290140497436871 0.009999999999999787 0.010000000000000009 9.0 7.876250000000001 0.01 9.0 0.009999999999999787 0.8150746268656717 9.0 0.009999999999999787 0.01 0.027979999999999998 
9.0 1.257095543610196 0.25237326751471423 0.009999999999999787 0.010000000000000009 6.233846153846154 0.010000000000000009 0.122375 9.0 0.009999999999999787 0.14417910447761195 0.009999999999999787 0.009999999999999787 1.0888 0.0103596 
9.0 0.3872464019420847 3.423707993164989 4.505 0.909 5.542307692307692 1.13375 0.0841675 9.0 9.0 0.01 9.0 0.009999999999999787 1.5383 0.01 
9.0 1.4909259580371077 4.618505790772735 4.505 0.909 9.0 7.876250000000001 0.909 9.0 0.009999999999999787 0.14417910447761195 0.009999999999999787 0.009999999999999787 0.909 0.0100899 
9.0 0.39971735737818603 3.423707993164989 0.009999999999999787 0.010000000000000009 6.233846153846154 0.010000000000000009 0.4595 9.0 0.009999999999999787 0.14417910447761195 9.0 0.009999999999999787 0.5494 0.0100899 
9.0 0.6070469915033812 0.2370115815454718 0.009999999999999787 0.010000000000000009 6.233846153846154 0.010000000000000009 0.7584175000000001 9.0 9.0 0.01 9.0 0.009999999999999787 0.9989 0.0104495 
0.009999999999999787 1.5563984740766434 0.10899753180178468 4.505 0.909 0.010000000000000009 0.010000000000000009 0.68425 9.0 9.0 0.01 0.009999999999999787 0.009999999999999787 0.7292 0.01 
0.009999999999999787 2.0240593029304668 4.959876590089235 0.009999999999999787 0.010000000000000009 0.7015384615384616 0.010000000000000009 0.0661875 9.0 9.0 0.01 9.0 0.009999999999999787 0.01 0.035711400000000004 
0.009999999999999787 0.37321657707646905 1.8875393962407443 0.009999999999999787 0.010000000000000009 3.4676923076923076 0.010000000000000009 0.23475000000000001 0.009999999999999787 9.0 0.01 9.0 0.009999999999999787 0.3696 0.01 
0.009999999999999787 6.920468181029999 4.959876590089235 0.009999999999999787 0.010000000000000009 9.0 7.876250000000001 8.101 0.009999999999999787 0.009999999999999787 2.022686567164179 0.009999999999999787 0.009999999999999787 0.01 0.0999 
0.009999999999999787 1.6468129009883823 0.5357110309474084 0.009999999999999787 0.010000000000000009 6.233846153846154 0.010000000000000009 0.0661875 9.0 9.0 0.01 9.0 0.009999999999999787 0.4595 0.01 
0.009999999999999787 1.3225680596497313 0.3086994494019366 0.009999999999999787 0.010000000000000009 5.542307692307692 0.010000000000000009 2.0889374999999997 0.009999999999999787 0.009999999999999787 0.2783582089552239 0.009999999999999787 0.009999999999999787 2.3474 0.18980000000000002 
0.009999999999999787 0.7379920235824522 0.38038731725840136 0.009999999999999787 0.010000000000000009 5.542307692307692 0.010000000000000009 0.68425 9.0 9.0 0.01 9.0 0.009999999999999787 0.49546 0.0106293 
0.009999999999999787 4.284419975723947 1.7168539965824947 0.009999999999999787 0.010000000000000009 2.0846153846153848 2.2575 1.0213750000000001 9.0 9.0 0.01 0.009999999999999787 0.009999999999999787 0.643795 0.01 
0.009999999999999787 2.49172013178429 0.29333776343269413 0.009999999999999787 0.010000000000000009 6.9253846153846155 0.010000000000000009 0.6100825 0.009999999999999787 0.009999999999999787 1.0834328358208956 0.009999999999999787 0.009999999999999787 1.371985 0.305771 
0.009999999999999787 2.7255505462112017 0.35137079931649895 0.009999999999999787 0.010000000000000009 6.9253846153846155 0.010000000000000009 0.347125 0.009999999999999787 0.009999999999999787 0.9492537313432836 0.009999999999999787 0.009999999999999787 1.5383 0.3759829 
0.009999999999999787 3.3490983180163 1.3754831972659958 0.009999999999999787 0.010000000000000009 0.010000000000000009 2.2575 2.2575 0.009999999999999787 9.0 0.01 0.009999999999999787 9.0 1.2686 0.01 
0.009999999999999787 1.0887376452228197 0.5510727169166508 4.505 0.909 6.233846153846154 0.010000000000000009 1.3967075 0.009999999999999787 0.009999999999999787 0.8150746268656717 9.0 0.009999999999999787 0.3696 0.01 
0.009999999999999787 7.297714582972083 4.362477691285362 4.505 0.909 0.010000000000000009 1.13375 2.2575 0.009999999999999787 9.0 0.01 9.0 0.009999999999999787 0.51344 0.01 
0.009999999999999787 3.037324432113751 0.8634269982912474 0.009999999999999787 0.010000000000000009 3.4676923076923076 0.010000000000000009 2.03275 0.009999999999999787 0.009999999999999787 0.9492537313432836 9.0 0.009999999999999787 0.68425 0.124173 
0.009999999999999787 0.9328507022715451 0.4076969812037213 4.505 0.909 3.4676923076923076 0.010000000000000009 1.13375 0.009999999999999787 0.009999999999999787 0.14417910447761195 9.0 0.009999999999999787 0.8190999999999999 0.011798 
0.009999999999999787 1.7122854170279176 0.9351148661477121 4.505 0.909 6.9253846153846155 0.010000000000000009 2.369875 0.009999999999999787 0.009999999999999787 0.14417910447761195 9.0 0.009999999999999787 0.958445 0.01 
9.0 5.322627015779434 4.647522308714638 0.009999999999999787 0.010000000000000009 3.4676923076923076 1.13375 3.83075 0.009999999999999787 9.0 0.01 0.009999999999999787 0.009999999999999787 0.01 0.01 
9.0 7.544015952835097 0.06632618188722232 0.009999999999999787 0.010000000000000009 9.0 7.876250000000001 0.01 0.009999999999999787 0.009999999999999787 0.14417910447761195 9.0 0.009999999999999787 1.05284 0.01899 
0.009999999999999787 6.038148083925786 0.18068539965824948 4.505 0.909 3.4676923076923076 1.13375 1.79002 0.009999999999999787 9.0 0.01 9.0 0.009999999999999787 0.8190999999999999 0.0382286 
0.009999999999999787 2.036530258366568 0.4076969812037213 0.009999999999999787 0.010000000000000009 3.4676923076923076 0.010000000000000009 0.23475000000000001 0.009999999999999787 9.0 0.01 9.0 9.0 1.2686 0.01 
9.0 1.5033969134732095 0.7217581165749003 0.009999999999999787 0.010000000000000009 0.010000000000000009 1.13375 1.246125 0.009999999999999787 9.0 0.01 0.009999999999999787 0.009999999999999787 1.6281999999999999 0.0100899 
9.0 0.34827466620426595 0.19434023163090944 0.009999999999999787 0.010000000000000009 0.010000000000000009 0.010000000000000009 0.796625 9.0 0.009999999999999787 0.14417910447761195 0.009999999999999787 0.009999999999999787 0.3696 0.0104495 
9.0 0.801905670192474 0.18068539965824948 4.505 0.909 7.616923076923077 6.7524999999999995 0.4595 9.0 9.0 0.01 9.0 0.009999999999999787 1.1787 0.01 
0.009999999999999787 3.283625801976765 0.05267134991456237 4.505 0.909 0.010000000000000009 0.010000000000000009 0.68425 9.0 9.0 0.01 0.009999999999999787 0.009999999999999787 1.05284 0.0201587 
0.009999999999999787 1.7247563724640198 0.3940421492310613 0.009999999999999787 0.010000000000000009 6.9253846153846155 1.13375 0.571875 0.009999999999999787 9.0 0.01 9.0 0.009999999999999787 0.01 0.4862902 
0.009999999999999787 1.8026998439396564 0.22335674957281185 0.009999999999999787 0.010000000000000009 8.308461538461538 0.010000000000000009 0.21452250000000003 0.009999999999999787 9.0 0.01 0.009999999999999787 0.009999999999999787 0.909 0.01 
0.009999999999999787 1.3475099705219349 2.2715815454718054 4.505 0.909 0.7015384615384616 0.010000000000000009 2.4822499999999996 0.009999999999999787 9.0 0.01 0.009999999999999787 9.0 0.4595 0.01 
9.0 1.8026998439396564 0.10899753180178468 0.009999999999999787 0.010000000000000009 4.15923076923077 1.13375 0.0661875 9.0 0.009999999999999787 0.14417910447761195 0.009999999999999787 0.009999999999999787 1.23264 0.019709200000000003 
0.009999999999999787 1.451954222299289 4.277134991456236 0.009999999999999787 0.010000000000000009 8.308461538461538 0.010000000000000009 1.3585 0.009999999999999787 9.0 0.01 0.009999999999999787 9.0 0.09989999999999999 0.01 
0.009999999999999787 2.8034940176868393 0.7490677805202203 0.009999999999999787 0.010000000000000009 0.010000000000000009 0.010000000000000009 0.68425 9.0 9.0 0.01 9.0 4.505 0.5494 0.01 
0.009999999999999787 3.8806727934801453 1.7168539965824947 0.009999999999999787 0.010000000000000009 0.010000000000000009 0.010000000000000009 2.2575 0.009999999999999787 0.009999999999999787 0.9492537313432836 9.0 0.009999999999999787 0.01 0.2855435 
0.009999999999999787 3.5049852609675742 3.4663793430795518 0.009999999999999787 0.010000000000000009 6.9253846153846155 0.010000000000000009 1.13375 0.009999999999999787 0.009999999999999787 0.8150746268656717 9.0 0.009999999999999787 2.3474 0.027620400000000003 
0.009999999999999787 4.102032252470956 3.352020125308524 0.009999999999999787 0.010000000000000009 6.9253846153846155 1.13375 3.5880199999999998 0.009999999999999787 0.009999999999999787 1.0834328358208956 9.0 0.009999999999999787 0.01 0.01 
0.009999999999999787 4.089561297034854 0.15337573571292956 0.009999999999999787 0.010000000000000009 0.010000000000000009 1.13375 0.10439499999999999 0.009999999999999787 0.009999999999999787 0.8150746268656717 9.0 0.009999999999999787 0.9989 0.0952252 
9.0 0.2563013698630132 3.25302259350674 0.009999999999999787 0.010000000000000009 8.308461538461538 0.010000000000000009 0.796625 9.0 0.009999999999999787 1.3517910447761194 0.009999999999999787 0.009999999999999787 0.01 0.010899 
0.009999999999999787 1.1791520721345585 0.5220561989747484 0.009999999999999787 0.010000000000000009 5.542307692307692 0.010000000000000009 1.0775625 0.009999999999999787 0.009999999999999787 0.41253731343283584 0.009999999999999787 0.009999999999999787 0.01 0.062321800000000004 
0.009999999999999787 0.776963759320271 0.2950446174292766 4.505 0.909 0.010000000000000009 0.010000000000000009 0.909 9.0 9.0 0.01 0.009999999999999787 9.0 1.0888 0.01 
0.009999999999999787 1.1277093809606384 0.06803303588380483 0.009999999999999787 0.010000000000000009 4.15923076923077 0.010000000000000009 0.04820750000000001 9.0 9.0 0.01 9.0 9.0 0.01 0.01 
0.009999999999999787 1.7122854170279176 1.4608258970951205 0.009999999999999787 0.010000000000000009 6.9253846153846155 0.010000000000000009 1.938355 0.009999999999999787 0.009999999999999787 0.14417910447761195 0.009999999999999787 0.009999999999999787 0.5494 0.01 
0.009999999999999787 8.116121033466275 1.8875393962407443 0.009999999999999787 0.010000000000000009 7.616923076923077 5.62875 5.8535 0.009999999999999787 0.009999999999999787 0.14417910447761195 0.009999999999999787 0.009999999999999787 0.01 0.01 
0.009999999999999787 5.127768337090342 2.228910195557243 0.009999999999999787 0.010000000000000009 5.542307692307692 1.13375 2.707 0.009999999999999787 9.0 0.01 0.009999999999999787 0.009999999999999787 1.58325 0.01 
0.009999999999999787 7.427100745621641 0.19434023163090944 0.009999999999999787 0.010000000000000009 0.010000000000000009 0.010000000000000009 0.2729575 0.009999999999999787 0.009999999999999787 0.41253731343283584 0.009999999999999787 0.009999999999999787 0.8190999999999999 0.01 
0.009999999999999787 1.880643315415294 0.2097019176001519 4.505 0.909 6.9253846153846155 0.010000000000000009 0.122375 0.009999999999999787 0.009999999999999787 0.2783582089552239 9.0 0.009999999999999787 1.1787 0.054950000000000006 
0.009999999999999787 3.6608722039188493 0.5937440668312132 0.009999999999999787 0.010000000000000009 6.9253846153846155 0.010000000000000009 0.0661875 0.009999999999999787 0.009999999999999787 0.6808955223880597 0.009999999999999787 0.009999999999999787 2.1675999999999997 0.01 
0.009999999999999787 1.0622368649211027 0.05267134991456237 4.505 0.909 3.4676923076923076 0.010000000000000009 0.0661875 9.0 9.0 0.01 9.0 0.009999999999999787 0.909 0.016293000000000002 
0.009999999999999787 2.399746835443038 0.5220561989747484 4.505 0.909 6.233846153846154 0.010000000000000009 0.027979999999999998 9.0 9.0 0.01 9.0 9.0 0.7292 0.01 
0.009999999999999787 2.8814374891624768 3.140370229732295 0.009999999999999787 0.010000000000000009 0.010000000000000009 0.010000000000000009 2.03275 0.009999999999999787 0.009999999999999787 1.6201492537313433 0.009999999999999787 0.009999999999999787 0.01 0.029867900000000003 
0.009999999999999787 0.6725195075429165 2.3995955952154926 0.009999999999999787 0.010000000000000009 0.010000000000000009 0.010000000000000009 0.23475000000000001 9.0 9.0 0.01 9.0 0.009999999999999787 0.01 0.01 
0.009999999999999787 5.9602046124501475 3.295693943421302 0.009999999999999787 0.010000000000000009 7.616923076923077 0.010000000000000009 3.9049174999999994 0.009999999999999787 0.009999999999999787 0.6808955223880597 9.0 0.009999999999999787 0.01 0.01 
0.009999999999999787 1.5953702098144618 0.3086994494019366 0.009999999999999787 0.010000000000000009 3.4676923076923076 0.010000000000000009 0.1785625 9.0 0.009999999999999787 0.2783582089552239 0.009999999999999787 0.009999999999999787 0.79213 0.0102697 
9.0 1.7512571527657368 4.618505790772735 0.009999999999999787 0.010000000000000009 5.542307692307692 1.13375 2.2575 0.009999999999999787 0.009999999999999787 0.2783582089552239 9.0 0.009999999999999787 0.01 0.4595 
0.009999999999999787 3.8806727934801453 0.5220561989747484 0.009999999999999787 0.010000000000000009 2.0846153846153848 2.2575 0.01 9.0 9.0 0.01 9.0 9.0 1.3585 0.01 
0.009999999999999787 1.0357360846193857 3.7650787924814884 0.009999999999999787 0.010000000000000009 6.233846153846154 0.010000000000000009 0.909 0.009999999999999787 0.009999999999999787 0.14417910447761195 9.0 0.009999999999999787 0.3696 0.0349922 
9.0 0.723962198716837 3.423707993164989 0.009999999999999787 0.010000000000000009 0.010000000000000009 1.13375 0.4595 0.009999999999999787 0.009999999999999787 0.5467164179104478 9.0 0.009999999999999787 0.23475000000000001 0.1417035 
9.0 1.425453441997572 1.5461685969242451 0.009999999999999787 0.010000000000000009 6.233846153846154 0.010000000000000009 0.4595 9.0 9.0 0.01 0.009999999999999787 0.009999999999999787 1.6281999999999999 0.0105394 
0.009999999999999787 0.9967643488815674 3.922109360167078 0.009999999999999787 0.010000000000000009 3.4676923076923076 0.010000000000000009 0.7224575 9.0 9.0 0.01 0.009999999999999787 0.009999999999999787 0.4595 0.1189588 
0.009999999999999787 1.230594763308479 0.16703056768558952 4.505 0.909 6.233846153846154 0.010000000000000009 1.1899375 0.009999999999999787 0.009999999999999787 0.8150746268656717 0.009999999999999787 0.009999999999999787 0.94496 0.041195300000000004 
0.009999999999999787 0.9842933934454656 0.2796829314600342 0.009999999999999787 0.010000000000000009 6.233846153846154 0.010000000000000009 0.140355 9.0 0.009999999999999787 0.14417910447761195 9.0 0.009999999999999787 1.8979 0.0354417 
0.009999999999999787 3.8806727934801453 1.1331099297512814 0.009999999999999787 0.010000000000000009 4.15923076923077 0.010000000000000009 1.58325 9.0 9.0 0.01 0.009999999999999787 9.0 1.808 0.01 
0.009999999999999787 0.061442691173920316 0.2660280994873742 0.009999999999999787 0.010000000000000009 0.010000000000000009 0.010000000000000009 0.796625 0.009999999999999787 0.009999999999999787 0.6808955223880597 0.009999999999999787 0.009999999999999787 1.5922399999999999 0.072031 
9.0 1.1012086006589215 2.114550977786216 0.009999999999999787 0.010000000000000009 8.308461538461538 0.010000000000000009 0.0841675 9.0 9.0 0.01 9.0 0.009999999999999787 0.9989 0.0999 
0.009999999999999787 6.401364661002254 4.191792291627112 0.009999999999999787 0.010000000000000009 4.15923076923077 0.010000000000000009 0.571875 0.009999999999999787 0.009999999999999787 0.5467164179104478 0.009999999999999787 0.009999999999999787 0.909 0.01 
0.009999999999999787 1.478455002601006 1.0341123979494968 0.009999999999999787 0.010000000000000009 0.010000000000000009 0.010000000000000009 0.571875 9.0 0.009999999999999787 0.14417910447761195 9.0 0.009999999999999787 0.01 0.0119778 
