0.009999999999999787 5.087848722986248 8.064076785714285 0.009999999999999787 0.010000000000000009 6.233846153846154 0.010000000000000009 0.5620175438596491 0.009999999999999787 0.009999999999999787 0.41253731343283584 9.0 0.009999999999999787 1.2942857142857143 0.012463013698630137 
0.009999999999999787 1.5304109364767515 0.2909375 0.009999999999999787 0.010000000000000009 4.15923076923077 0.010000000000000009 0.036812280701754393 9.0 0.009999999999999787 0.5467164179104478 9.0 0.009999999999999787 2.7284047619047618 0.35306262230919766 
0.009999999999999787 2.242781597904388 4.826071428571428 0.009999999999999787 0.010000000000000009 0.010000000000000009 1.2942857142857143 1.6928649122807018 0.009999999999999787 0.009999999999999787 1.4859701492537314 9.0 0.009999999999999787 0.01 0.4116471624266145 
0.009999999999999787 3.015497707924035 2.9542249999999997 0.009999999999999787 0.010000000000000009 0.010000000000000009 0.010000000000000009 1.4294736842105265 0.009999999999999787 0.009999999999999787 1.6201492537313433 0.009999999999999787 0.009999999999999787 0.01 0.048880430528375735 
9.0 2.8550671250818596 1.494955357142857 0.009999999999999787 0.010000000000000009 5.542307692307692 1.2942857142857143 0.5225877192982457 0.009999999999999787 0.009999999999999787 0.2783582089552239 9.0 0.009999999999999787 0.01 0.01 
9.0 0.6973493778650952 2.979910714285714 0.009999999999999787 0.010000000000000009 5.542307692307692 0.010000000000000009 0.39168070175438596 0.009999999999999787 0.009999999999999787 0.5467164179104478 9.0 0.009999999999999787 0.6521428571428571 0.10500195694716243 
0.009999999999999787 3.383457760314342 1.427530357142857 4.505 0.909 3.4676923076923076 0.010000000000000009 0.08885964912280703 0.009999999999999787 0.009999999999999787 1.3517910447761194 0.009999999999999787 0.009999999999999787 3.4347619047619045 0.01 
9.0 1.8380255402750496 0.6521428571428571 0.009999999999999787 0.010000000000000009 2.7761538461538464 3.862857142857143 0.010000000000000002 9.0 9.0 0.01 0.009999999999999787 0.009999999999999787 2.963857142857143 0.010175929549902154 
0.009999999999999787 3.3098657498362805 0.14485 4.505 0.909 6.233846153846154 0.010000000000000009 0.10147719298245614 9.0 9.0 0.01 0.009999999999999787 0.009999999999999787 3.3170357142857143 0.010351859099804305 
0.009999999999999787 0.8813294040602493 0.1304017857142857 0.009999999999999787 0.010000000000000009 5.542307692307692 0.010000000000000009 0.6408771929824562 0.009999999999999787 0.009999999999999787 0.2783582089552239 0.009999999999999787 0.009999999999999787 0.8661904761904762 0.01 
0.009999999999999787 1.3228814669286186 3.3812499999999996 0.009999999999999787 0.010000000000000009 5.542307692307692 1.2942857142857143 0.4311105263157895 0.009999999999999787 9.0 0.01 9.0 0.009999999999999787 1.0802380952380952 0.01 
9.0 4.069335297969876 0.33107142857142857 0.009999999999999787 0.010000000000000009 2.0846153846153848 2.5785714285714283 0.7197368421052632 0.009999999999999787 9.0 0.01 0.009999999999999787 0.009999999999999787 0.01 0.06277886497064579 
0.009999999999999787 0.8680828421741977 0.19782678571428572 0.009999999999999787 0.010000000000000009 9.0 9.0 0.010000000000000002 9.0 0.009999999999999787 0.41253731343283584 9.0 0.009999999999999787 3.7558333333333334 0.1452898238747554 
0.009999999999999787 2.217760314341847 0.49160714285714285 4.505 0.909 0.010000000000000009 0.010000000000000009 0.4831578947368421 0.009999999999999787 9.0 0.01 0.009999999999999787 0.009999999999999787 0.01 0.04958414872798435 
0.009999999999999787 1.249289456450557 3.902991071428571 0.009999999999999787 0.010000000000000009 0.010000000000000009 0.010000000000000009 1.0619877192982456 9.0 0.009999999999999787 0.2783582089552239 0.009999999999999787 0.009999999999999787 1.9364285714285716 0.04043581213307241 
9.0 4.487337917485266 2.149941071428571 0.009999999999999787 0.010000000000000009 5.542307692307692 0.010000000000000009 2.336359649122807 0.009999999999999787 0.009999999999999787 0.41253731343283584 0.009999999999999787 0.009999999999999787 0.01 0.01 
0.009999999999999787 6.313891617550754 5.949821428571428 0.009999999999999787 0.010000000000000009 0.7015384615384616 2.5785714285714283 4.741578947368421 0.009999999999999787 0.009999999999999787 2.291044776119403 0.009999999999999787 0.009999999999999787 0.01 0.01 
9.0 6.387483628028814 0.11755892857142856 0.009999999999999787 0.010000000000000009 2.0846153846153848 2.5785714285714283 0.3254385964912281 0.009999999999999787 9.0 0.01 0.009999999999999787 0.009999999999999787 2.707 0.39651722113502935 
9.0 1.702616240995416 4.0233928571428565 0.009999999999999787 0.010000000000000009 0.7015384615384616 0.010000000000000009 0.3254385964912281 9.0 9.0 0.01 0.009999999999999787 0.009999999999999787 1.9364285714285716 0.1968371819960861 
0.009999999999999787 5.554422069417158 0.022842857142857144 0.009999999999999787 0.010000000000000009 6.9253846153846155 1.2942857142857143 0.022617543859649127 0.009999999999999787 9.0 0.01 9.0 0.009999999999999787 0.01 0.5377886497064579 
0.009999999999999787 1.125654878847413 3.3812499999999996 0.009999999999999787 0.010000000000000009 0.010000000000000009 0.010000000000000009 0.9563157894736842 0.009999999999999787 9.0 0.01 0.009999999999999787 0.009999999999999787 0.01 0.01 
0.009999999999999787 1.0770841519318926 0.9732142857142857 4.505 0.909 0.7015384615384616 0.010000000000000009 0.3522508771929825 0.009999999999999787 0.009999999999999787 1.0834328358208956 0.009999999999999787 0.009999999999999787 1.7223809523809523 0.010175929549902154 
0.009999999999999787 2.684333660772758 1.4419785714285713 0.009999999999999787 0.010000000000000009 6.9253846153846155 1.2942857142857143 1.9152491228070176 0.009999999999999787 0.009999999999999787 0.41253731343283584 9.0 0.009999999999999787 3.3384404761904762 0.06277886497064579 
9.0 3.480599214145383 0.8126785714285714 0.009999999999999787 0.010000000000000009 2.0846153846153848 1.2942857142857143 0.07624210526315789 9.0 9.0 0.01 9.0 0.009999999999999787 2.7926190476190476 0.05327866927592955 
0.009999999999999787 1.40824819908317 0.49160714285714285 0.009999999999999787 0.010000000000000009 5.542307692307692 0.010000000000000009 0.7591666666666667 0.009999999999999787 0.009999999999999787 0.41253731343283584 0.009999999999999787 0.009999999999999787 0.01 0.11239099804305283 
9.0 2.008759004584152 0.5445839285714286 0.009999999999999787 0.010000000000000009 9.0 9.0 0.010000000000000002 9.0 9.0 0.01 9.0 0.009999999999999787 3.6488095238095237 0.010175929549902154 
0.009999999999999787 1.3228814669286186 0.5188982142857143 4.505 0.909 6.233846153846154 0.010000000000000009 0.9831280701754386 0.009999999999999787 0.009999999999999787 0.8150746268656717 9.0 0.009999999999999787 0.8661904761904762 0.01 
0.009999999999999787 2.0455550098231825 1.0534821428571428 4.505 0.909 5.542307692307692 1.2942857142857143 1.6140052631578947 9.0 0.009999999999999787 0.2783582089552239 0.009999999999999787 0.009999999999999787 3.959178571428571 0.010175929549902154 
0.009999999999999787 2.4267616240995418 0.1705357142857143 0.009999999999999787 0.010000000000000009 0.010000000000000009 0.010000000000000009 0.5620175438596491 0.009999999999999787 0.009999999999999787 1.4859701492537314 9.0 0.009999999999999787 0.3524761904761905 0.10500195694716243 
0.009999999999999787 1.1992468893254746 3.541785714285714 0.009999999999999787 0.010000000000000009 6.9253846153846155 0.010000000000000009 0.10147719298245614 0.009999999999999787 0.009999999999999787 0.8150746268656717 9.0 0.009999999999999787 1.3049880952380952 0.01 
0.009999999999999787 2.107372298624755 0.9732142857142857 0.009999999999999787 0.010000000000000009 6.233846153846154 0.010000000000000009 0.24657894736842106 9.0 9.0 0.01 0.009999999999999787 0.009999999999999787 3.2207142857142856 0.021787279843444227 
0.009999999999999787 1.2360428945645054 0.7597017857142857 0.009999999999999787 0.010000000000000009 3.4676923076923076 0.010000000000000009 0.24657894736842106 9.0 9.0 0.01 9.0 0.009999999999999787 1.9364285714285716 0.01 
0.009999999999999787 1.8130042567125084 0.33107142857142857 0.009999999999999787 0.010000000000000009 5.542307692307692 0.010000000000000009 0.5620175438596491 0.009999999999999787 9.0 0.01 0.009999999999999787 0.009999999999999787 3.0066666666666664 0.01 
0.009999999999999787 3.137660445317617 1.0936160714285714 0.009999999999999787 0.010000000000000009 0.010000000000000009 1.2942857142857143 2.6249859649122804 9.0 9.0 0.01 0.009999999999999787 0.009999999999999787 0.01 0.01 
0.009999999999999787 1.4818402095612315 3.8628571428571425 0.009999999999999787 0.010000000000000009 0.010000000000000009 0.010000000000000009 0.6676894736842105 9.0 9.0 0.01 9.0 9.0 0.8661904761904762 0.01 
0.009999999999999787 4.499112639161756 0.1705357142857143 0.009999999999999787 0.010000000000000009 4.15923076923077 0.010000000000000009 3.4009649122807017 0.009999999999999787 9.0 0.01 9.0 9.0 4.290952380952381 0.01 
0.009999999999999787 3.4570497707924037 1.2942857142857143 0.009999999999999787 0.010000000000000009 0.010000000000000009 2.5785714285714283 1.5871929824561404 0.009999999999999787 9.0 0.01 0.009999999999999787 9.0 3.0066666666666664 0.01 
0.009999999999999787 0.9549214145383109 2.633153571428571 0.009999999999999787 0.010000000000000009 8.308461538461538 0.010000000000000009 0.6282596491228071 0.009999999999999787 0.009999999999999787 1.8885074626865672 9.0 0.009999999999999787 0.6521428571428571 0.03779686888454012 
0.009999999999999787 1.1021054354944337 0.01 0.009999999999999787 0.010000000000000009 0.010000000000000009 0.010000000000000009 0.16771929824561405 9.0 9.0 0.01 0.009999999999999787 9.0 0.01 0.01 
0.009999999999999787 5.223258022265881 0.7452535714285714 0.009999999999999787 0.010000000000000009 9.0 9.0 0.10147719298245614 9.0 9.0 0.01 9.0 0.009999999999999787 2.15047619047619 0.010527788649706459 
0.009999999999999787 0.6973493778650952 3.353958928571428 4.505 0.909 8.308461538461538 0.010000000000000009 0.04942982456140351 0.009999999999999787 9.0 0.01 9.0 0.009999999999999787 1.2942857142857143 0.07597358121330723 
0.009999999999999787 2.107372298624755 0.6521428571428571 0.009999999999999787 0.010000000000000009 3.4676923076923076 1.2942857142857143 1.323801754385965 0.009999999999999787 0.009999999999999787 0.2783582089552239 0.009999999999999787 0.009999999999999787 1.9471309523809526 0.01 
9.0 1.0034921414538314 3.809880357142857 0.009999999999999787 0.010000000000000009 0.010000000000000009 1.2942857142857143 1.9026315789473685 0.009999999999999787 9.0 0.01 9.0 0.009999999999999787 3.6488095238095237 0.01 
9.0 0.6605533726260644 3.220714285714285 4.505 0.909 5.542307692307692 1.2942857142857143 0.062047368421052636 9.0 9.0 0.01 9.0 0.009999999999999787 3.6488095238095237 0.01 
0.009999999999999787 1.6775949574328748 0.5590321428571429 0.009999999999999787 0.010000000000000009 6.9253846153846155 0.010000000000000009 0.5352052631578947 0.009999999999999787 0.009999999999999787 0.14417910447761195 0.009999999999999787 0.009999999999999787 4.237440476190476 0.013518590998043053 
9.0 3.162681728880158 1.214017857142857 0.009999999999999787 0.010000000000000009 9.0 9.0 0.010000000000000002 9.0 0.009999999999999787 0.8150746268656717 9.0 0.009999999999999787 0.01 0.04518590998043053 
0.009999999999999787 3.052293713163065 0.43863035714285714 0.009999999999999787 0.010000000000000009 2.0846153846153848 2.5785714285714283 0.04942982456140351 9.0 9.0 0.01 0.009999999999999787 0.009999999999999787 4.719047619047619 0.8016829745596868 
0.009999999999999787 1.3832269155206287 3.702321428571428 0.009999999999999787 0.010000000000000009 6.233846153846154 1.2942857142857143 0.6803070175438597 0.009999999999999787 0.009999999999999787 1.4859701492537314 0.009999999999999787 0.009999999999999787 3.113690476190476 0.05996399217221135 
9.0 0.9416748526522594 0.4113392857142857 0.009999999999999787 0.010000000000000009 0.010000000000000009 0.010000000000000009 0.010000000000000002 9.0 9.0 0.01 9.0 0.009999999999999787 0.01 0.01 
0.009999999999999787 4.29011132940406 0.4113392857142857 0.009999999999999787 0.010000000000000009 4.15923076923077 0.010000000000000009 4.386710526315789 9.0 0.009999999999999787 0.14417910447761195 0.009999999999999787 0.009999999999999787 3.7772380952380953 0.029704109589041093 
9.0 2.1809643091028166 0.9860571428571429 4.505 0.909 6.9253846153846155 1.2942857142857143 0.8112140350877193 0.009999999999999787 0.009999999999999787 0.14417910447761195 9.0 0.009999999999999787 0.7591666666666667 0.01 
9.0 3.395232481990832 1.6554910714285713 0.009999999999999787 0.010000000000000009 7.616923076923077 0.010000000000000009 1.5871929824561404 0.009999999999999787 9.0 0.01 0.009999999999999787 0.009999999999999787 0.01 0.7137181996086106 
0.009999999999999787 2.7446791093647676 1.13375 0.009999999999999787 0.010000000000000009 3.4676923076923076 0.010000000000000009 0.16771929824561405 9.0 9.0 0.01 0.009999999999999787 0.009999999999999787 2.492952380952381 0.01 
0.009999999999999787 3.714621807465619 0.571875 0.009999999999999787 0.010000000000000009 3.4676923076923076 0.010000000000000009 0.16771929824561405 9.0 9.0 0.01 0.009999999999999787 0.009999999999999787 3.2207142857142856 0.010351859099804305 
0.009999999999999787 4.340153896529142 0.7324107142857142 0.009999999999999787 0.010000000000000009 2.0846153846153848 2.5785714285714283 0.24657894736842106 0.009999999999999787 9.0 0.01 9.0 0.009999999999999787 6.003333333333333 0.01 
0.009999999999999787 2.8315176817288803 0.8126785714285714 0.009999999999999787 0.010000000000000009 8.308461538461538 0.010000000000000009 0.5620175438596491 9.0 0.009999999999999787 0.2783582089552239 0.009999999999999787 0.009999999999999787 7.715714285714286 0.01 
0.009999999999999787 1.9233922724296009 0.6521428571428571 0.009999999999999787 0.010000000000000009 0.7015384615384616 0.010000000000000009 0.24657894736842106 9.0 9.0 0.01 0.009999999999999787 0.009999999999999787 0.8661904761904762 0.01 
9.0 1.2124934512115262 3.755298214285714 0.009999999999999787 0.010000000000000009 3.4676923076923076 1.2942857142857143 0.036812280701754393 9.0 9.0 0.01 9.0 0.009999999999999787 3.4347619047619045 0.010879647749510763 
0.009999999999999787 5.68835952848723 0.4514732142857143 4.505 0.909 0.010000000000000009 1.2942857142857143 2.994049122807018 0.009999999999999787 9.0 0.01 0.009999999999999787 0.009999999999999787 2.15047619047619 0.027592954990215267 
0.009999999999999787 2.217760314341847 0.3840482142857143 0.009999999999999787 0.010000000000000009 3.4676923076923076 0.010000000000000009 0.16771929824561405 0.009999999999999787 9.0 0.01 9.0 9.0 3.0066666666666664 0.01 
9.0 6.1917288801571715 2.283185714285714 0.009999999999999787 0.010000000000000009 3.4676923076923076 1.2942857142857143 2.1392105263157895 0.009999999999999787 0.009999999999999787 0.41253731343283584 0.009999999999999787 0.009999999999999787 1.0802380952380952 0.018796477495107634 
0.009999999999999787 1.764433529796988 0.7195678571428571 4.505 0.909 8.308461538461538 0.010000000000000009 1.2717543859649123 0.009999999999999787 9.0 0.01 9.0 0.009999999999999787 2.022047619047619 0.01 
0.009999999999999787 1.40824819908317 0.33107142857142857 0.009999999999999787 0.010000000000000009 0.010000000000000009 0.010000000000000009 0.27339122807017546 0.009999999999999787 9.0 0.01 9.0 9.0 3.2207142857142856 0.01 
0.009999999999999787 3.1008644400785856 0.8126785714285714 0.009999999999999787 0.010000000000000009 6.9253846153846155 2.5785714285714283 0.16771929824561405 9.0 9.0 0.01 9.0 0.009999999999999787 3.7344285714285714 0.01 
0.009999999999999787 2.560699083169614 0.49160714285714285 4.505 0.909 6.233846153846154 0.010000000000000009 0.022617543859649127 9.0 9.0 0.01 9.0 9.0 1.7223809523809523 0.01 
9.0 1.6775949574328748 0.8255214285714285 4.505 0.909 8.308461538461538 0.010000000000000009 0.08885964912280703 0.009999999999999787 9.0 0.01 0.009999999999999787 0.009999999999999787 3.969880952380952 0.01 
0.009999999999999787 3.395232481990832 0.05013392857142857 4.505 0.909 0.010000000000000009 0.010000000000000009 0.4831578947368421 9.0 9.0 0.01 0.009999999999999787 0.009999999999999787 2.492952380952381 0.02988003913894325 
0.009999999999999787 0.7208988212180745 1.843317857142857 0.009999999999999787 0.010000000000000009 0.7015384615384616 0.010000000000000009 0.18033684210526318 9.0 9.0 0.01 9.0 0.009999999999999787 1.2942857142857143 0.01 
9.0 2.941905697445973 0.1304017857142857 0.009999999999999787 0.010000000000000009 6.9253846153846155 0.010000000000000009 0.12828947368421054 9.0 9.0 0.01 9.0 0.009999999999999787 3.2207142857142856 0.017740900195694714 
0.009999999999999787 1.9116175507531112 4.692826785714286 0.009999999999999787 0.010000000000000009 2.0846153846153848 2.5785714285714283 0.010000000000000002 9.0 9.0 0.01 0.009999999999999787 0.009999999999999787 1.9150238095238097 0.01 
0.009999999999999787 2.671087098886706 0.022842857142857144 4.505 0.909 4.15923076923077 0.010000000000000009 0.022617543859649127 9.0 9.0 0.01 9.0 0.009999999999999787 0.01 0.01 
9.0 4.045785854616897 2.0969642857142854 0.009999999999999787 0.010000000000000009 5.542307692307692 0.010000000000000009 0.16771929824561405 0.009999999999999787 0.009999999999999787 0.41253731343283584 0.009999999999999787 0.009999999999999787 1.5618452380952381 0.01 
9.0 0.32938932547478705 0.9330803571428571 0.009999999999999787 0.010000000000000009 5.542307692307692 0.010000000000000009 0.036812280701754393 9.0 9.0 0.01 9.0 0.009999999999999787 1.2942857142857143 0.01 
0.009999999999999787 1.6040029469548132 4.0233928571428565 0.009999999999999787 0.010000000000000009 6.233846153846154 0.010000000000000009 0.28600877192982455 0.009999999999999787 9.0 0.01 0.009999999999999787 0.009999999999999787 2.7926190476190476 0.01 
0.009999999999999787 2.5121283562540935 0.5188982142857143 0.009999999999999787 0.010000000000000009 0.7015384615384616 0.010000000000000009 0.19453157894736842 9.0 9.0 0.01 0.009999999999999787 9.0 0.01 0.01 
0.009999999999999787 0.8445333988212185 0.49160714285714285 4.505 0.909 6.9253846153846155 0.010000000000000009 0.6408771929824562 0.009999999999999787 9.0 0.01 0.009999999999999787 0.009999999999999787 1.0802380952380952 0.013518590998043053 
0.009999999999999787 3.125885723641127 0.8126785714285714 0.009999999999999787 0.010000000000000009 6.233846153846154 0.010000000000000009 0.010000000000000002 0.009999999999999787 9.0 0.01 0.009999999999999787 0.009999999999999787 2.5678690476190473 0.04518590998043053 
0.009999999999999787 0.9299001309757697 3.5562339285714284 0.009999999999999787 0.010000000000000009 0.010000000000000009 0.010000000000000009 0.6408771929824562 9.0 9.0 0.01 0.009999999999999787 0.009999999999999787 1.4655238095238097 0.01 
0.009999999999999787 1.2610641781270466 0.15769285714285716 0.009999999999999787 0.010000000000000009 3.4676923076923076 0.010000000000000009 0.04942982456140351 9.0 9.0 0.01 0.009999999999999787 0.009999999999999787 3.0066666666666664 0.019676125244618398 
9.0 1.3346561886051083 1.9894053571428572 0.009999999999999787 0.010000000000000009 8.308461538461538 0.010000000000000009 0.062047368421052636 9.0 9.0 0.01 9.0 0.009999999999999787 2.3645238095238095 0.18592954990215266 
9.0 1.346430910281598 0.7452535714285714 0.009999999999999787 0.010000000000000009 5.542307692307692 1.2942857142857143 0.7323543859649123 0.009999999999999787 0.009999999999999787 0.9492537313432836 0.009999999999999787 0.009999999999999787 1.5083333333333333 0.4294160469667319 
0.009999999999999787 5.701606090373281 0.49160714285714285 0.009999999999999787 0.010000000000000009 0.7015384615384616 0.010000000000000009 1.1928947368421052 9.0 9.0 0.01 0.009999999999999787 0.009999999999999787 0.01 0.07157534246575342 
0.009999999999999787 5.1614407334643095 2.7391071428571427 0.009999999999999787 0.010000000000000009 0.010000000000000009 1.2942857142857143 3.952982456140351 0.009999999999999787 0.009999999999999787 1.2176119402985075 9.0 0.009999999999999787 1.9471309523809526 0.3011634050880626 
0.009999999999999787 1.9351669941060905 0.18337857142857145 0.009999999999999787 0.010000000000000009 3.4676923076923076 9.0 0.010000000000000002 9.0 9.0 0.01 9.0 0.009999999999999787 1.0802380952380952 0.01 
0.009999999999999787 2.0588015717092345 0.2508035714285714 0.009999999999999787 0.010000000000000009 5.542307692307692 1.2942857142857143 0.062047368421052636 9.0 9.0 0.01 0.009999999999999787 0.009999999999999787 2.3645238095238095 0.054158317025440314 
0.009999999999999787 2.0823510150622138 0.50445 0.009999999999999787 0.010000000000000009 6.233846153846154 0.010000000000000009 1.1928947368421052 0.009999999999999787 0.009999999999999787 0.6808955223880597 0.009999999999999787 0.009999999999999787 1.0802380952380952 0.010527788649706459 
9.0 0.8680828421741977 0.2235125 0.009999999999999787 0.010000000000000009 6.233846153846154 0.010000000000000009 0.5352052631578947 9.0 9.0 0.01 9.0 0.009999999999999787 2.3645238095238095 0.010879647749510763 
0.009999999999999787 1.0770841519318926 1.5479321428571429 4.505 0.909 6.233846153846154 0.010000000000000009 0.7197368421052632 0.009999999999999787 0.009999999999999787 0.14417910447761195 0.009999999999999787 0.009999999999999787 0.8661904761904762 0.06277886497064579 
0.009999999999999787 3.002251146037983 0.8126785714285714 0.009999999999999787 0.010000000000000009 0.010000000000000009 0.010000000000000009 0.3254385964912281 9.0 9.0 0.01 9.0 0.009999999999999787 4.933095238095238 0.012814872798434442 
9.0 1.0520628683693514 0.9732142857142857 0.009999999999999787 0.010000000000000009 8.308461538461538 0.010000000000000009 0.022617543859649127 0.009999999999999787 9.0 0.01 9.0 0.009999999999999787 1.0802380952380952 0.01 
0.009999999999999787 0.6605533726260644 0.7998357142857143 0.009999999999999787 0.010000000000000009 0.010000000000000009 5.147142857142857 0.31282105263157894 9.0 0.009999999999999787 0.2783582089552239 0.009999999999999787 0.009999999999999787 1.7223809523809523 0.11327064579256359 
9.0 1.4568189259986903 3.702321428571428 4.505 0.909 3.4676923076923076 1.2942857142857143 0.9563157894736842 9.0 9.0 0.01 0.009999999999999787 0.009999999999999787 0.22404761904761905 0.012814872798434442 
0.009999999999999787 5.713380812049771 2.0969642857142854 0.009999999999999787 0.010000000000000009 3.4676923076923076 0.010000000000000009 1.9941087719298245 0.009999999999999787 0.009999999999999787 2.022686567164179 9.0 0.009999999999999787 0.01 1.9807628180039138 
9.0 4.965685985592666 2.5785714285714283 0.009999999999999787 0.010000000000000009 7.616923076923077 2.5785714285714283 2.0603508771929824 0.009999999999999787 0.009999999999999787 0.8150746268656717 9.0 0.009999999999999787 4.023392857142857 9.0 
0.009999999999999787 3.1744564505566473 5.307678571428571 4.505 0.909 0.010000000000000009 0.010000000000000009 1.2717543859649123 0.009999999999999787 9.0 0.01 9.0 0.009999999999999787 0.8661904761904762 0.01 
9.0 1.0285134250163726 0.9732142857142857 0.009999999999999787 0.010000000000000009 5.542307692307692 0.010000000000000009 0.062047368421052636 0.009999999999999787 0.009999999999999787 0.41253731343283584 9.0 0.009999999999999787 1.0802380952380952 0.011055577299412915 
9.0 5.382216764898494 0.27809464285714286 0.009999999999999787 0.010000000000000009 8.308461538461538 0.010000000000000009 0.16771929824561405 9.0 9.0 0.01 0.009999999999999787 0.009999999999999787 2.5785714285714283 0.030583757338551856 
0.009999999999999787 0.8445333988212185 2.0969642857142854 0.009999999999999787 0.010000000000000009 6.233846153846154 1.2942857142857143 0.470540350877193 0.009999999999999787 0.009999999999999787 0.9492537313432836 9.0 0.009999999999999787 0.8661904761904762 0.5296958904109589 
0.009999999999999787 2.1441683038637853 1.6281999999999999 4.505 0.909 0.010000000000000009 2.5785714285714283 0.4831578947368421 0.009999999999999787 0.009999999999999787 1.0834328358208956 0.009999999999999787 0.009999999999999787 1.5511428571428572 0.011231506849315068 
0.009999999999999787 3.8618058284217422 1.6153571428571427 0.009999999999999787 0.010000000000000009 2.0846153846153848 2.5785714285714283 0.07624210526315789 9.0 9.0 0.01 9.0 0.009999999999999787 5.896309523809524 0.01 
0.009999999999999787 1.7762082514734776 0.1705357142857143 0.009999999999999787 0.010000000000000009 0.010000000000000009 0.010000000000000009 0.470540350877193 0.009999999999999787 0.009999999999999787 0.6808955223880597 0.009999999999999787 0.009999999999999787 3.349142857142857 0.01 
0.009999999999999787 1.5922282252783235 4.2914875 4.505 0.909 8.308461538461538 0.010000000000000009 0.022617543859649127 9.0 9.0 0.01 0.009999999999999787 0.009999999999999787 1.2942857142857143 0.0935665362035225 
9.0 0.7208988212180745 3.220714285714285 0.009999999999999787 0.010000000000000009 0.7015384615384616 0.010000000000000009 0.14090701754385965 9.0 9.0 0.01 9.0 0.009999999999999787 0.8661904761904762 0.01738904109589041 
9.0 3.1126391617550757 0.4113392857142857 4.505 0.909 2.0846153846153848 1.2942857142857143 0.16771929824561405 9.0 9.0 0.01 0.009999999999999787 0.009999999999999787 1.7223809523809523 0.01 
0.009999999999999787 1.0888588736083822 1.3344196428571429 4.505 0.909 2.0846153846153848 1.2942857142857143 0.022617543859649127 9.0 9.0 0.01 9.0 0.009999999999999787 1.5083333333333333 0.027592954990215267 
9.0 2.328148330058939 0.3583625 4.505 0.909 6.9253846153846155 0.010000000000000009 0.3254385964912281 9.0 9.0 0.01 9.0 0.009999999999999787 3.0066666666666664 0.012287084148727985 
0.009999999999999787 1.2610641781270466 2.8996428571428567 0.009999999999999787 0.010000000000000009 8.308461538461538 0.010000000000000009 0.036812280701754393 9.0 9.0 0.01 9.0 0.009999999999999787 0.01 0.01 
9.0 1.8983709888670597 0.8255214285714285 4.505 0.909 9.0 9.0 0.010000000000000002 9.0 9.0 0.01 0.009999999999999787 0.009999999999999787 1.9364285714285716 0.02055577299412916 
0.009999999999999787 3.7514178127046502 0.5590321428571429 0.009999999999999787 0.010000000000000009 6.9253846153846155 0.010000000000000009 0.04942982456140351 0.009999999999999787 0.009999999999999787 0.6808955223880597 0.009999999999999787 0.009999999999999787 5.147142857142857 0.01 
9.0 1.4450442043222007 0.49160714285714285 0.009999999999999787 0.010000000000000009 6.233846153846154 0.010000000000000009 0.28600877192982455 9.0 9.0 0.01 0.009999999999999787 0.009999999999999787 1.7223809523809523 0.01 
0.009999999999999787 0.6237573673870336 0.07581964285714285 0.009999999999999787 0.010000000000000009 8.308461538461538 0.010000000000000009 0.022617543859649127 9.0 9.0 0.01 9.0 0.009999999999999787 3.0066666666666664 0.14194716242661448 
9.0 1.6658202357563852 0.2909375 0.009999999999999787 0.010000000000000009 6.9253846153846155 1.2942857142857143 0.3380561403508772 0.009999999999999787 9.0 0.01 0.009999999999999787 0.009999999999999787 1.7223809523809523 1.0409471624266144 
0.009999999999999787 9.0 6.110357142857143 4.505 0.909 9.0 9.0 0.022617543859649127 9.0 0.009999999999999787 0.2783582089552239 9.0 0.009999999999999787 0.01 0.07175127201565558 
9.0 0.35293876882776676 0.11755892857142856 0.009999999999999787 0.010000000000000009 9.0 9.0 0.010000000000000002 9.0 0.009999999999999787 0.14417910447761195 9.0 0.009999999999999787 1.7223809523809523 0.03216712328767123 
9.0 2.1927390307793058 1.214017857142857 0.009999999999999787 0.010000000000000009 0.010000000000000009 0.010000000000000009 0.08885964912280703 9.0 0.009999999999999787 0.14417910447761195 0.009999999999999787 0.009999999999999787 0.4380952380952381 0.037093150684931506 
0.009999999999999787 3.3098657498362805 5.829419642857142 0.009999999999999787 0.010000000000000009 6.233846153846154 0.010000000000000009 0.036812280701754393 9.0 9.0 0.01 9.0 0.009999999999999787 3.4347619047619045 0.6349017612524461 
0.009999999999999787 2.560699083169614 1.000505357142857 0.009999999999999787 0.010000000000000009 0.010000000000000009 0.010000000000000009 0.7985964912280702 9.0 0.009999999999999787 0.2783582089552239 0.009999999999999787 0.009999999999999787 1.7223809523809523 0.017213111545988258 
0.009999999999999787 3.1126391617550757 0.8126785714285714 4.505 0.909 6.233846153846154 0.010000000000000009 0.9563157894736842 9.0 9.0 0.01 9.0 9.0 2.15047619047619 0.01 
0.009999999999999787 1.1021054354944337 0.2909375 4.505 0.909 0.010000000000000009 1.2942857142857143 0.08885964912280703 9.0 9.0 0.01 9.0 0.009999999999999787 3.0066666666666664 0.04588962818003914 
0.009999999999999787 1.6040029469548132 0.4113392857142857 0.009999999999999787 0.010000000000000009 0.010000000000000009 0.010000000000000009 0.08885964912280703 9.0 9.0 0.01 9.0 0.009999999999999787 1.1872619047619049 0.01 
0.009999999999999787 2.916884413883432 0.571875 0.009999999999999787 0.010000000000000009 6.9253846153846155 1.2942857142857143 1.4294736842105265 0.009999999999999787 0.009999999999999787 0.5467164179104478 0.009999999999999787 0.009999999999999787 2.717702380952381 0.16077162426614483 
0.009999999999999787 2.2795776031434185 1.13375 0.009999999999999787 0.010000000000000009 6.233846153846154 0.010000000000000009 1.1140350877192982 0.009999999999999787 0.009999999999999787 0.41253731343283584 0.009999999999999787 0.009999999999999787 3.531083333333333 0.01 
0.009999999999999787 2.6342910936476756 0.2508035714285714 4.505 0.909 8.308461538461538 0.010000000000000009 1.1140350877192982 9.0 9.0 0.01 0.009999999999999787 0.009999999999999787 3.4347619047619045 0.01 
0.009999999999999787 2.9904764243614936 1.6426482142857142 4.505 0.909 2.0846153846153848 2.5785714285714283 0.3522508771929825 9.0 9.0 0.01 0.009999999999999787 0.009999999999999787 5.147142857142857 0.01 
9.0 1.5672069417157823 0.8126785714285714 4.505 0.909 2.0846153846153848 2.5785714285714283 1.4294736842105265 9.0 9.0 0.01 9.0 0.009999999999999787 2.15047619047619 0.0902238747553816 
0.009999999999999787 0.7576948264571053 0.01 0.009999999999999787 0.010000000000000009 5.542307692307692 0.010000000000000009 0.2197666666666667 9.0 9.0 0.01 9.0 0.009999999999999787 1.7223809523809523 0.010175929549902154 
0.009999999999999787 4.3519286182056325 8.104210714285713 0.009999999999999787 0.010000000000000009 5.542307692307692 1.2942857142857143 0.07624210526315789 0.009999999999999787 0.009999999999999787 0.14417910447761195 9.0 0.009999999999999787 8.143809523809525 0.02583365949119374 
0.009999999999999787 3.505620497707924 0.27809464285714286 0.009999999999999787 0.010000000000000009 7.616923076923077 0.010000000000000009 0.022617543859649127 9.0 9.0 0.01 9.0 0.009999999999999787 1.2942857142857143 0.010879647749510763 
0.009999999999999787 4.278336607727571 1.3215767857142857 0.009999999999999787 0.010000000000000009 8.308461538461538 0.010000000000000009 0.022617543859649127 9.0 9.0 0.01 9.0 0.009999999999999787 1.165857142857143 0.027592954990215267 
9.0 1.7143909626719056 0.6794339285714286 0.009999999999999787 0.010000000000000009 0.010000000000000009 1.2942857142857143 0.8774561403508772 0.009999999999999787 9.0 0.01 0.009999999999999787 0.009999999999999787 3.862857142857143 0.010175929549902154 
0.009999999999999787 3.125885723641127 1.6153571428571427 0.009999999999999787 0.010000000000000009 6.9253846153846155 1.2942857142857143 2.3757894736842102 0.009999999999999787 0.009999999999999787 0.8150746268656717 0.009999999999999787 0.009999999999999787 0.01 0.18592954990215266 
0.009999999999999787 3.3334151931892597 0.6922767857142857 4.505 0.909 6.233846153846154 0.010000000000000009 0.036812280701754393 0.009999999999999787 0.009999999999999787 0.14417910447761195 9.0 0.009999999999999787 0.5451190476190476 0.2188283757338552 
0.009999999999999787 3.1744564505566473 1.0261910714285714 0.009999999999999787 0.010000000000000009 6.9253846153846155 1.2942857142857143 1.1928947368421052 0.009999999999999787 9.0 0.01 0.009999999999999787 0.009999999999999787 7.287619047619048 0.01 
0.009999999999999787 3.6645792403405366 1.0807732142857143 0.009999999999999787 0.010000000000000009 6.233846153846154 0.010000000000000009 1.2717543859649123 0.009999999999999787 0.009999999999999787 1.8885074626865672 9.0 0.009999999999999787 4.109011904761905 0.24644931506849316 
0.009999999999999787 1.5068614931237727 0.2235125 0.009999999999999787 0.010000000000000009 0.010000000000000009 0.010000000000000009 0.062047368421052636 9.0 9.0 0.01 9.0 0.009999999999999787 1.0802380952380952 0.01 
0.009999999999999787 1.8615749836280289 4.183928571428571 0.009999999999999787 0.010000000000000009 7.616923076923077 7.715714285714286 0.010000000000000002 9.0 9.0 0.01 0.009999999999999787 0.009999999999999787 1.5083333333333333 0.20528180039138944 
9.0 6.350687622789785 1.3745535714285715 4.505 0.909 9.0 9.0 1.5871929824561404 9.0 9.0 0.01 0.009999999999999787 0.009999999999999787 0.01 0.01070371819960861 
0.009999999999999787 0.010000000000000231 1.2942857142857143 4.505 0.909 6.233846153846154 0.010000000000000009 0.5620175438596491 0.009999999999999787 0.009999999999999787 0.2783582089552239 0.009999999999999787 0.009999999999999787 1.2942857142857143 0.18592954990215266 
0.009999999999999787 2.3767190569744594 1.13375 0.009999999999999787 0.010000000000000009 0.010000000000000009 0.010000000000000009 0.062047368421052636 9.0 9.0 0.01 9.0 0.009999999999999787 2.3217142857142856 0.01 
0.009999999999999787 0.7576948264571053 0.14324464285714286 4.505 0.909 0.010000000000000009 0.010000000000000009 0.062047368421052636 9.0 0.009999999999999787 0.14417910447761195 9.0 0.009999999999999787 2.15047619047619 0.010175929549902154 
0.009999999999999787 2.35316961362148 0.2508035714285714 4.505 0.909 0.010000000000000009 0.010000000000000009 0.022617543859649127 9.0 9.0 0.01 9.0 0.009999999999999787 2.5785714285714283 0.01 
0.009999999999999787 4.9288899803536355 1.8834517857142856 0.009999999999999787 0.010000000000000009 6.233846153846154 0.010000000000000009 1.7449122807017543 9.0 9.0 0.01 9.0 0.009999999999999787 4.986607142857143 0.0363894324853229 
0.009999999999999787 2.450311067452521 0.1705357142857143 0.009999999999999787 0.010000000000000009 0.7015384615384616 1.2942857142857143 0.036812280701754393 9.0 9.0 0.01 0.009999999999999787 9.0 2.707 0.01 
9.0 0.3161427635887364 0.19782678571428572 0.009999999999999787 0.010000000000000009 0.010000000000000009 1.2942857142857143 0.4831578947368421 0.009999999999999787 0.009999999999999787 0.2783582089552239 9.0 0.009999999999999787 1.0802380952380952 0.01 
0.009999999999999787 2.5003536345776034 0.8126785714285714 0.009999999999999787 0.010000000000000009 6.9253846153846155 1.2942857142857143 0.7197368421052632 9.0 9.0 0.01 0.009999999999999787 9.0 3.6488095238095237 0.01 
9.0 4.756684675834971 1.2942857142857143 0.009999999999999787 0.010000000000000009 2.7761538461538464 3.862857142857143 0.010000000000000002 0.009999999999999787 9.0 0.01 9.0 0.009999999999999787 1.0802380952380952 0.17889236790606655 
0.009999999999999787 6.019523575638507 3.0328874999999993 0.009999999999999787 0.010000000000000009 9.0 9.0 4.557047368421053 0.009999999999999787 0.009999999999999787 1.4859701492537314 0.009999999999999787 0.009999999999999787 0.33107142857142857 0.06277886497064579 
0.009999999999999787 0.9299001309757697 0.01 0.009999999999999787 0.010000000000000009 0.7015384615384616 0.010000000000000009 0.16771929824561405 9.0 9.0 0.01 9.0 0.009999999999999787 1.5511428571428572 0.01 
9.0 1.6040029469548132 0.22511785714285715 0.009999999999999787 0.010000000000000009 8.308461538461538 1.2942857142857143 0.5620175438596491 0.009999999999999787 9.0 0.01 9.0 0.009999999999999787 4.290952380952381 0.01 
9.0 2.696108382449247 1.9364285714285714 0.009999999999999787 0.010000000000000009 0.7015384615384616 0.010000000000000009 0.4042982456140351 9.0 9.0 0.01 9.0 0.009999999999999787 2.921047619047619 0.01 
0.009999999999999787 1.2124934512115262 0.18337857142857145 4.505 0.909 6.9253846153846155 0.010000000000000009 0.022617543859649127 0.009999999999999787 0.009999999999999787 0.14417910447761195 0.009999999999999787 0.009999999999999787 9.0 0.020379843444227004 
9.0 8.215509168303864 1.9364285714285714 0.009999999999999787 0.010000000000000009 9.0 9.0 0.010000000000000002 9.0 9.0 0.01 9.0 9.0 0.01 0.01 
0.009999999999999787 2.7446791093647676 2.418035714285714 0.009999999999999787 0.010000000000000009 7.616923076923077 2.5785714285714283 0.5099701754385965 0.009999999999999787 9.0 0.01 0.009999999999999787 9.0 4.505 0.01 
0.009999999999999787 3.9103765553372627 6.913035714285714 0.009999999999999787 0.010000000000000009 7.616923076923077 6.4314285714285715 6.318771929824561 0.009999999999999787 0.009999999999999787 1.4859701492537314 9.0 0.009999999999999787 0.01 0.2211154598825832 
9.0 4.510887360838245 0.01 0.009999999999999787 0.010000000000000009 0.010000000000000009 0.010000000000000009 0.7985964912280702 0.009999999999999787 9.0 0.01 9.0 0.009999999999999787 0.01 0.01 
0.009999999999999787 4.499112639161756 3.541785714285714 4.505 0.909 0.7015384615384616 0.010000000000000009 0.4831578947368421 0.009999999999999787 9.0 0.01 9.0 9.0 0.01 0.01 
0.009999999999999787 1.996984282907662 0.5445839285714286 0.009999999999999787 0.010000000000000009 6.9253846153846155 1.2942857142857143 1.6140052631578947 0.009999999999999787 0.009999999999999787 1.2176119402985075 9.0 0.009999999999999787 4.28025 0.15549373776908024 
0.009999999999999787 2.132393582187296 0.05013392857142857 4.505 0.909 3.4676923076923076 0.010000000000000009 0.036812280701754393 9.0 9.0 0.01 9.0 0.009999999999999787 2.3217142857142856 0.37945205479452054 
0.009999999999999787 2.5239030779305827 0.01 0.009999999999999787 0.010000000000000009 6.233846153846154 0.010000000000000009 0.4042982456140351 0.009999999999999787 0.009999999999999787 0.14417910447761195 9.0 0.009999999999999787 2.171880952380952 0.01 
0.009999999999999787 3.8618058284217422 2.0038535714285715 0.009999999999999787 0.010000000000000009 5.542307692307692 0.010000000000000009 0.022617543859649127 0.009999999999999787 0.009999999999999787 0.14417910447761195 9.0 0.009999999999999787 2.15047619047619 0.06277886497064579 
0.009999999999999787 2.941905697445973 0.4113392857142857 0.009999999999999787 0.010000000000000009 6.233846153846154 0.010000000000000009 0.3774859649122807 9.0 9.0 0.01 9.0 0.009999999999999787 1.2942857142857143 0.01 
0.009999999999999787 1.5068614931237727 0.49160714285714285 0.009999999999999787 0.010000000000000009 0.7015384615384616 1.2942857142857143 0.6014473684210526 0.009999999999999787 0.009999999999999787 0.8150746268656717 9.0 0.009999999999999787 2.15047619047619 0.06752896281800391 
0.009999999999999787 4.24154060248854 1.5880660714285715 4.505 0.909 6.233846153846154 0.010000000000000009 1.0083631578947367 0.009999999999999787 9.0 0.01 0.009999999999999787 0.009999999999999787 0.5665238095238095 0.2636904109589041 
0.009999999999999787 0.8312868369351669 3.514494642857142 0.009999999999999787 0.010000000000000009 0.010000000000000009 2.5785714285714283 0.19453157894736842 9.0 0.009999999999999787 0.2783582089552239 0.009999999999999787 0.009999999999999787 2.15047619047619 0.011231506849315068 
0.009999999999999787 2.0823510150622138 1.2942857142857143 4.505 0.909 2.0846153846153848 1.2942857142857143 1.8237719298245614 0.009999999999999787 0.009999999999999787 0.2783582089552239 0.009999999999999787 0.009999999999999787 0.8126785714285715 0.01 
0.009999999999999787 5.136419449901768 0.07581964285714285 4.505 0.909 3.4676923076923076 0.010000000000000009 0.08885964912280703 0.009999999999999787 0.009999999999999787 1.4859701492537314 9.0 0.009999999999999787 4.076904761904762 0.49063953033268104 
0.009999999999999787 4.094356581532417 0.50445 0.009999999999999787 0.010000000000000009 2.0846153846153848 2.5785714285714283 1.1140350877192982 9.0 9.0 0.01 9.0 0.009999999999999787 2.3217142857142856 0.01 
0.009999999999999787 0.50012278978389 0.09026785714285714 0.009999999999999787 0.010000000000000009 5.542307692307692 0.010000000000000009 0.11567192982456143 9.0 0.009999999999999787 0.5467164179104478 9.0 0.009999999999999787 1.7223809523809523 0.011407436399217222 
9.0 1.2860854616895878 3.6220535714285713 4.505 0.909 6.9253846153846155 1.2942857142857143 0.24657894736842106 0.009999999999999787 0.009999999999999787 0.5467164179104478 9.0 0.009999999999999787 0.01 0.066473385518591 
0.009999999999999787 6.338912901113295 3.9431249999999998 0.009999999999999787 0.010000000000000009 4.15923076923077 0.010000000000000009 0.4042982456140351 0.009999999999999787 0.009999999999999787 0.5467164179104478 0.009999999999999787 0.009999999999999787 2.15047619047619 0.01 
9.0 8.093346430910282 4.826071428571428 0.009999999999999787 0.010000000000000009 7.616923076923077 6.4314285714285715 0.010000000000000002 0.009999999999999787 0.009999999999999787 1.8885074626865672 9.0 0.009999999999999787 0.01 0.6039381604696673 
0.009999999999999787 2.242781597904388 0.1304017857142857 0.009999999999999787 0.010000000000000009 0.010000000000000009 0.010000000000000009 0.10147719298245614 9.0 9.0 0.01 9.0 0.009999999999999787 2.3645238095238095 0.03463013698630137 
9.0 1.2610641781270466 0.4113392857142857 4.505 0.909 9.0 9.0 1.0351754385964913 9.0 9.0 0.01 9.0 0.009999999999999787 3.0066666666666664 0.01 
9.0 4.106131303208906 0.34391428571428573 0.009999999999999787 0.010000000000000009 8.308461538461538 0.010000000000000009 0.2197666666666667 9.0 9.0 0.01 9.0 0.009999999999999787 2.5785714285714283 0.051695303326810174 
0.009999999999999787 3.480599214145383 0.8656553571428571 0.009999999999999787 0.010000000000000009 6.9253846153846155 0.010000000000000009 0.062047368421052636 9.0 9.0 0.01 0.009999999999999787 0.009999999999999787 0.01 0.09814070450097846 
0.009999999999999787 1.346430910281598 0.9732142857142857 0.009999999999999787 0.010000000000000009 4.15923076923077 0.010000000000000009 0.41691578947368424 0.009999999999999787 0.009999999999999787 0.14417910447761195 9.0 0.009999999999999787 2.7926190476190476 0.15074363992172213 
0.009999999999999787 6.216750163719713 3.702321428571428 0.009999999999999787 0.010000000000000009 9.0 9.0 1.5871929824561404 0.009999999999999787 0.009999999999999787 0.6808955223880597 9.0 0.009999999999999787 0.01 1.567152446183953 
9.0 1.4818402095612315 0.23796071428571428 0.009999999999999787 0.010000000000000009 6.233846153846154 0.010000000000000009 0.08885964912280703 9.0 0.009999999999999787 0.14417910447761195 0.009999999999999787 0.009999999999999787 2.5785714285714283 0.01070371819960861 
0.009999999999999787 6.829035690897184 4.665535714285714 0.009999999999999787 0.010000000000000009 9.0 9.0 5.687894736842106 0.009999999999999787 0.009999999999999787 2.022686567164179 0.009999999999999787 0.009999999999999787 0.01 0.18592954990215266 
9.0 2.328148330058939 0.15769285714285716 0.009999999999999787 0.010000000000000009 3.4676923076923076 0.010000000000000009 0.18033684210526318 0.009999999999999787 0.009999999999999787 0.5467164179104478 9.0 0.009999999999999787 4.076904761904762 0.09796477495107632 
9.0 7.417771774721677 0.06297678571428571 0.009999999999999787 0.010000000000000009 9.0 9.0 0.010000000000000002 0.009999999999999787 0.009999999999999787 0.14417910447761195 9.0 0.009999999999999787 2.492952380952381 0.027592954990215267 
9.0 0.6473068107400128 0.1304017857142857 9.0 9.0 6.9253846153846155 9.0 3.1643859649122805 9.0 9.0 0.01 0.009999999999999787 9.0 3.2207142857142856 0.01 
9.0 1.3228814669286186 0.26364642857142856 0.009999999999999787 0.010000000000000009 2.0846153846153848 0.010000000000000009 0.036812280701754393 9.0 9.0 0.01 9.0 0.009999999999999787 1.5511428571428572 0.01 
0.009999999999999787 1.7143909626719056 0.19622142857142857 0.009999999999999787 0.010000000000000009 0.010000000000000009 0.010000000000000009 0.10147719298245614 0.009999999999999787 0.009999999999999787 0.9492537313432836 0.009999999999999787 0.009999999999999787 1.0374285714285716 0.9114630136986301 
0.009999999999999787 2.7329043876882775 4.505 4.505 0.909 9.0 9.0 0.010000000000000002 9.0 0.009999999999999787 0.2783582089552239 9.0 0.009999999999999787 1.7223809523809523 0.010175929549902154 
0.009999999999999787 1.433269482645711 0.33107142857142857 0.009999999999999787 0.010000000000000009 0.010000000000000009 0.010000000000000009 0.16771929824561405 9.0 9.0 0.01 0.009999999999999787 9.0 3.0066666666666664 0.01 
0.009999999999999787 4.0089898493778655 0.27809464285714286 0.009999999999999787 0.010000000000000009 9.0 9.0 0.010000000000000002 0.009999999999999787 9.0 0.01 9.0 0.009999999999999787 1.401309523809524 0.010175929549902154 
0.009999999999999787 1.2360428945645054 0.2764892857142857 0.009999999999999787 0.010000000000000009 0.010000000000000009 1.2942857142857143 0.6929245614035088 9.0 9.0 0.01 0.009999999999999787 0.009999999999999787 1.379904761904762 0.01 
9.0 1.3228814669286186 0.11755892857142856 0.009999999999999787 0.010000000000000009 5.542307692307692 0.010000000000000009 0.24657894736842106 9.0 9.0 0.01 9.0 9.0 1.7223809523809523 0.01 
0.009999999999999787 1.1756974459724954 0.3840482142857143 4.505 0.909 3.4676923076923076 0.010000000000000009 0.7985964912280702 0.009999999999999787 0.009999999999999787 0.14417910447761195 9.0 0.009999999999999787 1.9364285714285716 0.013518590998043053 
9.0 1.996984282907662 0.10311071428571428 0.009999999999999787 0.010000000000000009 4.15923076923077 1.2942857142857143 0.04942982456140351 9.0 0.009999999999999787 0.14417910447761195 0.009999999999999787 0.009999999999999787 2.921047619047619 0.029000391389432487 
0.009999999999999787 1.764433529796988 4.0233928571428565 0.009999999999999787 0.010000000000000009 6.9253846153846155 0.010000000000000009 0.39168070175438596 0.009999999999999787 0.009999999999999787 9.0 0.009999999999999787 0.009999999999999787 1.5083333333333333 0.055389823874755384 
9.0 2.1927390307793058 0.5445839285714286 0.009999999999999787 0.010000000000000009 5.542307692307692 0.010000000000000009 0.7717842105263159 0.009999999999999787 9.0 0.01 0.009999999999999787 0.009999999999999787 4.719047619047619 0.01 
0.009999999999999787 3.480599214145383 2.0969642857142854 0.009999999999999787 0.010000000000000009 4.15923076923077 1.2942857142857143 1.3506140350877194 0.009999999999999787 0.009999999999999787 1.6201492537313433 0.009999999999999787 0.009999999999999787 1.0053214285714285 0.01 
0.009999999999999787 1.3964734774066803 3.5819196428571427 0.009999999999999787 0.010000000000000009 6.9253846153846155 1.2942857142857143 0.15510175438596494 0.009999999999999787 0.009999999999999787 0.14417910447761195 9.0 0.009999999999999787 1.0802380952380952 0.01 
0.009999999999999787 4.179723313686968 0.34391428571428573 0.009999999999999787 0.010000000000000009 6.233846153846154 0.010000000000000009 1.5871929824561404 0.009999999999999787 0.009999999999999787 0.8150746268656717 0.009999999999999787 0.009999999999999787 5.361190476190476 1.7692954990215264 
9.0 2.8550671250818596 0.5317410714285714 0.009999999999999787 0.010000000000000009 0.7015384615384616 0.010000000000000009 0.18033684210526318 9.0 9.0 0.01 0.009999999999999787 0.009999999999999787 0.01 0.01 
9.0 1.6658202357563852 3.968810714285714 0.009999999999999787 0.010000000000000009 6.9253846153846155 1.2942857142857143 1.1140350877192982 0.009999999999999787 0.009999999999999787 0.8150746268656717 9.0 0.009999999999999787 4.290952380952381 0.0905757338551859 
9.0 0.3161427635887364 2.4581696428571425 0.009999999999999787 0.010000000000000009 5.542307692307692 0.010000000000000009 0.04942982456140351 9.0 0.009999999999999787 0.14417910447761195 0.009999999999999787 0.009999999999999787 0.01 0.038148727984344426 
9.0 3.6277832351015062 1.427530357142857 0.009999999999999787 0.010000000000000009 0.010000000000000009 0.010000000000000009 0.04942982456140351 9.0 9.0 0.01 9.0 0.009999999999999787 1.7223809523809523 0.01 
0.009999999999999787 1.8380255402750496 4.0233928571428565 4.505 0.909 3.4676923076923076 1.2942857142857143 0.4042982456140351 9.0 9.0 0.01 0.009999999999999787 0.009999999999999787 0.01 0.012990802348336595 
9.0 5.835543549443353 0.06297678571428571 0.009999999999999787 0.010000000000000009 9.0 9.0 0.010000000000000002 9.0 9.0 0.01 0.009999999999999787 9.0 0.6735476190476191 0.014750097847358121 
0.009999999999999787 3.958947282252783 0.49160714285714285 0.009999999999999787 0.010000000000000009 2.0846153846153848 2.5785714285714283 0.010000000000000002 9.0 9.0 0.01 9.0 9.0 3.2207142857142856 0.01 
9.0 2.1691895874263265 1.13375 0.009999999999999787 0.010000000000000009 6.233846153846154 0.010000000000000009 0.27339122807017546 0.009999999999999787 9.0 0.01 9.0 9.0 3.0066666666666664 0.01 
0.009999999999999787 0.5737148002619512 3.220714285714285 0.009999999999999787 0.010000000000000009 6.233846153846154 1.2942857142857143 0.062047368421052636 9.0 0.009999999999999787 0.14417910447761195 9.0 0.009999999999999787 1.2942857142857143 0.010175929549902154 
0.009999999999999787 3.958947282252783 1.066325 0.009999999999999787 0.010000000000000009 4.15923076923077 0.010000000000000009 1.1140350877192982 9.0 9.0 0.01 0.009999999999999787 9.0 4.290952380952381 0.01 
0.009999999999999787 1.309634905042567 0.49160714285714285 4.505 0.909 8.308461538461538 0.010000000000000009 0.18033684210526318 9.0 9.0 0.01 0.009999999999999787 0.009999999999999787 1.2942857142857143 0.021787279843444227 
9.0 0.8813294040602493 0.077425 0.009999999999999787 0.010000000000000009 5.542307692307692 1.2942857142857143 0.10147719298245614 0.009999999999999787 0.009999999999999787 1.4859701492537314 9.0 0.009999999999999787 0.8661904761904762 0.02741702544031311 
0.009999999999999787 3.6778258022265886 0.077425 0.009999999999999787 0.010000000000000009 3.4676923076923076 0.010000000000000009 0.036812280701754393 0.009999999999999787 9.0 0.01 0.009999999999999787 0.009999999999999787 3.0066666666666664 0.01 
9.0 0.6237573673870336 3.2881392857142857 0.009999999999999787 0.010000000000000009 9.0 9.0 0.010000000000000002 9.0 9.0 0.01 9.0 0.009999999999999787 0.01 0.018796477495107634 
0.009999999999999787 3.505620497707924 0.37120535714285713 4.505 0.909 0.7015384615384616 0.010000000000000009 0.4831578947368421 9.0 9.0 0.01 0.009999999999999787 0.009999999999999787 4.6227261904761905 0.01 
0.009999999999999787 1.5068614931237727 0.19782678571428572 4.505 0.909 6.9253846153846155 1.2942857142857143 0.04942982456140351 9.0 9.0 0.01 9.0 0.009999999999999787 2.5785714285714283 0.010175929549902154 
9.0 1.3228814669286186 0.2508035714285714 0.009999999999999787 0.010000000000000009 0.010000000000000009 0.010000000000000009 0.6408771929824562 9.0 0.009999999999999787 0.2783582089552239 0.009999999999999787 0.009999999999999787 2.15047619047619 0.07931624266144813 
9.0 4.76845939751146 0.9732142857142857 0.009999999999999787 0.010000000000000009 0.010000000000000009 0.010000000000000009 0.7591666666666667 0.009999999999999787 0.009999999999999787 1.0834328358208956 0.009999999999999787 0.009999999999999787 4.248142857142857 0.7416909980430528 
9.0 3.1994777341191885 3.8628571428571425 0.009999999999999787 0.010000000000000009 5.542307692307692 1.2942857142857143 4.426140350877192 0.009999999999999787 0.009999999999999787 1.0834328358208956 9.0 0.009999999999999787 0.01 1.1693757338551858 
0.009999999999999787 6.290342174197773 9.0 4.505 0.909 0.010000000000000009 0.010000000000000009 9.0 0.009999999999999787 0.009999999999999787 5.3771641791044775 9.0 0.009999999999999787 0.01 0.01263894324853229 
9.0 1.433269482645711 0.26364642857142856 4.505 0.909 5.542307692307692 0.010000000000000009 0.4831578947368421 0.009999999999999787 0.009999999999999787 0.2783582089552239 0.009999999999999787 0.009999999999999787 0.8661904761904762 0.08037181996086105 
9.0 2.684333660772758 1.0133482142857142 0.009999999999999787 0.010000000000000009 9.0 9.0 0.9689333333333333 9.0 0.009999999999999787 0.2783582089552239 0.009999999999999787 0.009999999999999787 2.15047619047619 0.01070371819960861 
9.0 1.4568189259986903 0.2764892857142857 0.009999999999999787 0.010000000000000009 5.542307692307692 0.010000000000000009 0.14090701754385965 9.0 0.009999999999999787 0.14417910447761195 0.009999999999999787 0.009999999999999787 2.15047619047619 0.011935225048923678 
0.009999999999999787 4.0089898493778655 0.1705357142857143 4.505 0.909 4.15923076923077 0.010000000000000009 0.16771929824561405 9.0 9.0 0.01 0.009999999999999787 0.009999999999999787 1.401309523809524 0.01 
0.009999999999999787 0.6605533726260644 3.3009821428571424 0.009999999999999787 0.010000000000000009 0.010000000000000009 1.2942857142857143 0.3522508771929825 9.0 9.0 0.01 9.0 0.009999999999999787 3.4347619047619045 0.012287084148727985 
0.009999999999999787 5.982727570399476 2.1772321428571426 0.009999999999999787 0.010000000000000009 0.010000000000000009 1.2942857142857143 0.8380263157894737 0.009999999999999787 0.009999999999999787 1.4859701492537314 0.009999999999999787 0.009999999999999787 0.01 0.05996399217221135 
0.009999999999999787 1.4818402095612315 0.14324464285714286 4.505 0.909 0.010000000000000009 0.010000000000000009 0.022617543859649127 9.0 0.009999999999999787 0.2783582089552239 9.0 0.009999999999999787 1.379904761904762 0.011055577299412915 
0.009999999999999787 4.3519286182056325 0.9732142857142857 0.009999999999999787 0.010000000000000009 5.542307692307692 1.2942857142857143 1.9026315789473685 0.009999999999999787 0.009999999999999787 1.4859701492537314 9.0 0.009999999999999787 0.8661904761904762 0.01 
0.009999999999999787 2.0588015717092345 0.6521428571428571 0.009999999999999787 0.010000000000000009 6.9253846153846155 1.2942857142857143 0.3254385964912281 0.009999999999999787 0.009999999999999787 0.5467164179104478 9.0 0.009999999999999787 1.5083333333333333 1.3372125244618396 
0.009999999999999787 1.4200229207596595 0.49160714285714285 0.009999999999999787 0.010000000000000009 0.010000000000000009 1.2942857142857143 0.4563456140350877 0.009999999999999787 9.0 0.01 9.0 0.009999999999999787 4.526404761904762 0.04518590998043053 
0.009999999999999787 5.541175507531107 3.220714285714285 0.009999999999999787 0.010000000000000009 2.0846153846153848 2.5785714285714283 0.010000000000000002 0.009999999999999787 0.009999999999999787 1.4859701492537314 9.0 0.009999999999999787 0.01 0.22973600782778866 
0.009999999999999787 5.076074001309758 1.13375 0.009999999999999787 0.010000000000000009 8.308461538461538 0.010000000000000009 1.1140350877192982 0.009999999999999787 9.0 0.01 9.0 9.0 2.471547619047619 0.01 
0.009999999999999787 1.5672069417157823 2.137098214285714 4.505 0.909 0.7015384615384616 0.010000000000000009 1.7449122807017543 0.009999999999999787 9.0 0.01 0.009999999999999787 9.0 1.0802380952380952 0.01 
0.009999999999999787 1.996984282907662 0.21066964285714285 0.009999999999999787 0.010000000000000009 8.308461538461538 0.010000000000000009 0.15352456140350879 0.009999999999999787 9.0 0.01 0.009999999999999787 0.009999999999999787 2.15047619047619 0.01 
9.0 2.132393582187296 0.1304017857142857 0.009999999999999787 0.010000000000000009 5.542307692307692 0.010000000000000009 0.19453157894736842 0.009999999999999787 0.009999999999999787 0.5467164179104478 9.0 0.009999999999999787 0.8661904761904762 0.01 
9.0 2.339923051735429 0.571875 4.505 0.909 3.4676923076923076 0.010000000000000009 0.4042982456140351 9.0 9.0 0.01 0.009999999999999787 0.009999999999999787 3.0066666666666664 0.01 
0.009999999999999787 5.6147675180091685 0.6649857142857143 4.505 0.909 9.0 9.0 0.4831578947368421 9.0 9.0 0.01 9.0 0.009999999999999787 1.2942857142857143 0.010175929549902154 
0.009999999999999787 1.0285134250163726 0.4113392857142857 4.505 0.909 0.010000000000000009 1.2942857142857143 0.4437280701754386 0.009999999999999787 0.009999999999999787 0.41253731343283584 0.009999999999999787 0.009999999999999787 1.5083333333333333 0.04694520547945206 
0.009999999999999787 1.9116175507531112 0.8801035714285714 4.505 0.909 6.9253846153846155 0.010000000000000009 1.6660526315789475 0.009999999999999787 0.009999999999999787 0.14417910447761195 9.0 0.009999999999999787 2.268202380952381 0.01 
9.0 2.9787017026850036 0.5188982142857143 4.505 0.909 9.0 9.0 0.010000000000000002 0.009999999999999787 9.0 0.01 9.0 0.009999999999999787 3.4347619047619045 0.01 
9.0 1.2978601833660774 2.7391071428571427 0.009999999999999787 0.010000000000000009 5.542307692307692 0.010000000000000009 0.5620175438596491 0.009999999999999787 0.009999999999999787 1.3517910447761194 9.0 0.009999999999999787 0.8661904761904762 0.18417025440313112 
0.009999999999999787 2.928659135559921 0.11755892857142856 4.505 0.909 6.9253846153846155 0.010000000000000009 0.036812280701754393 9.0 9.0 0.01 9.0 0.009999999999999787 1.9364285714285716 0.01 
0.009999999999999787 1.4568189259986903 0.5847178571428572 0.009999999999999787 0.010000000000000009 0.010000000000000009 0.010000000000000009 0.18033684210526318 9.0 9.0 0.01 0.009999999999999787 0.009999999999999787 1.4655238095238097 0.010175929549902154 
0.009999999999999787 2.2913523248199086 4.183928571428571 0.009999999999999787 0.010000000000000009 0.7015384615384616 1.2942857142857143 0.16771929824561405 9.0 9.0 0.01 9.0 0.009999999999999787 2.450142857142857 0.01 
9.0 2.9536804191224624 0.2508035714285714 0.009999999999999787 0.010000000000000009 3.4676923076923076 2.5785714285714283 0.3254385964912281 0.009999999999999787 0.009999999999999787 0.41253731343283584 0.009999999999999787 0.009999999999999787 2.2789047619047618 0.01 
0.009999999999999787 4.131152586771448 0.3182285714285714 0.009999999999999787 0.010000000000000009 6.9253846153846155 0.010000000000000009 0.7985964912280702 0.009999999999999787 9.0 0.01 9.0 0.009999999999999787 5.468214285714286 0.11555772994129158 
0.009999999999999787 1.0402881466928622 1.6426482142857142 4.505 0.909 2.7761538461538464 0.010000000000000009 0.10147719298245614 9.0 9.0 0.01 9.0 0.009999999999999787 1.5083333333333333 0.042371037181996085 
0.009999999999999787 3.8618058284217422 0.18337857142857145 4.505 0.909 8.308461538461538 0.010000000000000009 0.16771929824561405 0.009999999999999787 0.009999999999999787 0.41253731343283584 9.0 0.009999999999999787 2.15047619047619 0.18592954990215266 
0.009999999999999787 2.0705762933857237 0.19782678571428572 4.505 0.909 6.9253846153846155 0.010000000000000009 0.08885964912280703 0.009999999999999787 0.009999999999999787 0.2783582089552239 9.0 0.009999999999999787 2.7926190476190476 0.09796477495107632 
0.009999999999999787 3.002251146037983 2.0969642857142854 0.009999999999999787 0.010000000000000009 8.308461538461538 0.010000000000000009 0.04942982456140351 0.009999999999999787 9.0 0.01 0.009999999999999787 0.009999999999999787 4.751154761904762 0.01 
0.009999999999999787 2.548924361493124 0.6794339285714286 0.009999999999999787 0.010000000000000009 0.010000000000000009 0.010000000000000009 0.036812280701754393 9.0 9.0 0.01 9.0 0.009999999999999787 3.2207142857142856 0.01 
0.009999999999999787 2.0455550098231825 0.6649857142857143 4.505 0.909 8.308461538461538 0.010000000000000009 0.6408771929824562 0.009999999999999787 0.009999999999999787 0.41253731343283584 0.009999999999999787 0.009999999999999787 3.969880952380952 0.10852054794520548 
0.009999999999999787 2.1441683038637853 0.2909375 0.009999999999999787 0.010000000000000009 4.15923076923077 0.010000000000000009 0.31282105263157894 0.009999999999999787 0.009999999999999787 0.41253731343283584 0.009999999999999787 0.009999999999999787 4.248142857142857 0.01 
0.009999999999999787 6.608259659463 0.8801035714285714 0.009999999999999787 0.010000000000000009 0.010000000000000009 0.010000000000000009 0.7717842105263159 9.0 9.0 0.01 0.009999999999999787 0.009999999999999787 3.4347619047619045 0.01 
0.009999999999999787 5.283603470857892 6.110357142857143 0.009999999999999787 0.010000000000000009 9.0 9.0 0.010000000000000002 0.009999999999999787 0.009999999999999787 0.14417910447761195 9.0 0.009999999999999787 1.0160238095238097 0.01 
0.009999999999999787 2.6107416502946963 4.986607142857142 0.009999999999999787 0.010000000000000009 0.010000000000000009 0.010000000000000009 0.16771929824561405 0.009999999999999787 9.0 0.01 9.0 0.009999999999999787 1.2942857142857143 0.01 
0.009999999999999787 8.792470530451867 5.7090178571428565 0.009999999999999787 0.010000000000000009 9.0 9.0 0.010000000000000002 0.009999999999999787 9.0 0.01 0.009999999999999787 0.009999999999999787 0.01 0.01 
0.009999999999999787 1.8380255402750496 0.09026785714285714 0.009999999999999787 0.010000000000000009 2.0846153846153848 2.5785714285714283 0.010000000000000002 0.009999999999999787 9.0 0.01 0.009999999999999787 0.009999999999999787 0.01 0.01 
9.0 1.0520628683693514 2.7391071428571427 0.009999999999999787 0.010000000000000009 0.010000000000000009 0.010000000000000009 0.062047368421052636 9.0 9.0 0.01 9.0 0.009999999999999787 0.01 0.07175127201565558 
0.009999999999999787 1.249289456450557 0.19782678571428572 4.505 0.909 9.0 9.0 0.010000000000000002 9.0 9.0 0.01 9.0 0.009999999999999787 1.0802380952380952 0.01 
0.009999999999999787 0.8312868369351669 3.060178571428571 0.009999999999999787 0.010000000000000009 5.542307692307692 0.010000000000000009 0.3254385964912281 0.009999999999999787 9.0 0.01 0.009999999999999787 0.009999999999999787 0.6521428571428571 0.08037181996086105 
0.009999999999999787 3.015497707924035 1.695625 0.009999999999999787 0.010000000000000009 6.233846153846154 0.010000000000000009 0.036812280701754393 9.0 9.0 0.01 0.009999999999999787 0.009999999999999787 3.113690476190476 0.011055577299412915 
0.009999999999999787 1.9601882776686317 0.2508035714285714 0.009999999999999787 0.010000000000000009 0.010000000000000009 1.2942857142857143 1.3506140350877194 0.009999999999999787 0.009999999999999787 0.41253731343283584 0.009999999999999787 0.009999999999999787 3.349142857142857 0.0363894324853229 
0.009999999999999787 3.027272429600524 0.9732142857142857 0.009999999999999787 0.010000000000000009 6.9253846153846155 1.2942857142857143 2.348977192982456 0.009999999999999787 9.0 0.01 0.009999999999999787 0.009999999999999787 0.01 0.01 
0.009999999999999787 1.3228814669286186 0.06297678571428571 0.009999999999999787 0.010000000000000009 0.010000000000000009 3.862857142857143 0.7197368421052632 9.0 9.0 0.01 0.009999999999999787 9.0 0.01 0.01 
0.009999999999999787 3.162681728880158 8.076919642857142 0.009999999999999787 0.010000000000000009 6.9253846153846155 1.2942857142857143 0.5225877192982457 0.009999999999999787 0.009999999999999787 0.14417910447761195 0.009999999999999787 0.009999999999999787 5.5217261904761905 0.09796477495107632 
0.009999999999999787 2.818271119842829 0.8126785714285714 0.009999999999999787 0.010000000000000009 6.9253846153846155 1.2942857142857143 0.8774561403508772 0.009999999999999787 0.009999999999999787 0.8150746268656717 9.0 0.009999999999999787 1.7223809523809523 0.37452602739726026 
9.0 0.41475605762933876 0.4113392857142857 0.009999999999999787 0.010000000000000009 5.542307692307692 0.010000000000000009 0.08885964912280703 9.0 0.009999999999999787 0.14417910447761195 9.0 0.009999999999999787 1.165857142857143 0.02724109589041096 
0.009999999999999787 1.2360428945645054 3.541785714285714 0.009999999999999787 0.010000000000000009 6.9253846153846155 0.010000000000000009 0.2197666666666667 0.009999999999999787 9.0 0.01 9.0 0.009999999999999787 1.0802380952380952 0.01 
9.0 1.3596774721676494 0.4113392857142857 0.009999999999999787 0.010000000000000009 5.542307692307692 0.010000000000000009 0.08885964912280703 9.0 9.0 0.01 0.009999999999999787 0.009999999999999787 1.2942857142857143 0.1523270058708415 
0.009999999999999787 3.0890897184020965 0.3567571428571429 0.009999999999999787 0.010000000000000009 4.15923076923077 0.010000000000000009 0.3774859649122807 9.0 9.0 0.01 9.0 9.0 0.3096666666666667 0.01 
9.0 5.761951538965292 4.826071428571428 0.009999999999999787 0.010000000000000009 0.010000000000000009 0.010000000000000009 1.7449122807017543 0.009999999999999787 0.009999999999999787 1.8885074626865672 9.0 0.009999999999999787 0.01 0.39704500978473584 
0.009999999999999787 3.002251146037983 0.035685714285714286 4.505 0.909 4.15923076923077 2.5785714285714283 0.022617543859649127 0.009999999999999787 0.009999999999999787 0.14417910447761195 0.009999999999999787 0.009999999999999787 3.0066666666666664 0.3618590998043053 
0.009999999999999787 1.764433529796988 0.10311071428571428 4.505 0.909 0.010000000000000009 0.010000000000000009 0.4831578947368421 9.0 9.0 0.01 0.009999999999999787 0.009999999999999787 1.7223809523809523 0.01 
0.009999999999999787 1.1389014407334646 0.2508035714285714 4.505 0.909 4.850769230769231 5.147142857142857 0.24657894736842106 9.0 9.0 0.01 0.009999999999999787 0.009999999999999787 1.4227142857142858 0.010351859099804305 
0.009999999999999787 1.9601882776686317 0.49160714285714285 4.505 0.909 6.233846153846154 0.010000000000000009 0.12828947368421054 0.009999999999999787 9.0 0.01 0.009999999999999787 0.009999999999999787 2.7926190476190476 0.19736497064579256 
9.0 2.0455550098231825 0.9732142857142857 0.009999999999999787 0.010000000000000009 4.15923076923077 0.010000000000000009 0.8900736842105264 9.0 0.009999999999999787 0.14417910447761195 0.009999999999999787 0.009999999999999787 3.0066666666666664 0.011759295499021527 
0.009999999999999787 0.8077373935821877 3.060178571428571 0.009999999999999787 0.010000000000000009 6.233846153846154 0.010000000000000009 0.4831578947368421 0.009999999999999787 9.0 0.01 9.0 0.009999999999999787 1.2942857142857143 0.39810058708414875 
0.009999999999999787 7.417771774721677 6.431428571428571 0.009999999999999787 0.010000000000000009 6.9253846153846155 1.2942857142857143 5.530175438596491 0.009999999999999787 0.009999999999999787 1.2176119402985075 0.009999999999999787 0.009999999999999787 0.01 0.18592954990215266 
9.0 6.952670268500329 1.6153571428571427 0.009999999999999787 0.010000000000000009 8.308461538461538 0.010000000000000009 1.2717543859649123 0.009999999999999787 0.009999999999999787 0.5467164179104478 9.0 0.009999999999999787 0.01 0.02741702544031311 
0.009999999999999787 1.1624508840864438 0.26364642857142856 4.505 0.909 6.9253846153846155 0.010000000000000009 0.2197666666666667 9.0 9.0 0.01 9.0 0.009999999999999787 1.7223809523809523 0.01 
9.0 3.9957432874918144 3.220714285714285 0.009999999999999787 0.010000000000000009 5.542307692307692 1.2942857142857143 0.5620175438596491 0.009999999999999787 9.0 0.01 9.0 0.009999999999999787 0.32036904761904766 0.15725303326810178 
9.0 1.6658202357563852 3.541785714285714 4.505 0.909 8.308461538461538 0.010000000000000009 1.4294736842105265 0.009999999999999787 9.0 0.01 9.0 0.009999999999999787 1.2942857142857143 0.01 
9.0 6.902627701375247 5.307678571428571 0.009999999999999787 0.010000000000000009 5.542307692307692 0.010000000000000009 3.4798245614035084 0.009999999999999787 9.0 0.01 0.009999999999999787 0.009999999999999787 0.23475000000000001 1.867991976516634 
9.0 1.702616240995416 4.3444642857142854 4.505 0.909 9.0 9.0 0.6408771929824562 9.0 0.009999999999999787 0.14417910447761195 0.009999999999999787 0.009999999999999787 2.15047619047619 0.010175929549902154 
0.009999999999999787 0.6473068107400128 1.7758928571428572 0.009999999999999787 0.010000000000000009 3.4676923076923076 0.010000000000000009 0.16771929824561405 0.009999999999999787 9.0 0.01 9.0 0.009999999999999787 0.8661904761904762 0.01 
9.0 0.7709413883431568 2.8996428571428567 0.009999999999999787 0.010000000000000009 8.308461538461538 0.010000000000000009 0.24657894736842106 0.009999999999999787 0.009999999999999787 0.2783582089552239 9.0 0.009999999999999787 0.9518095238095239 0.1139743639921722 
0.009999999999999787 0.5251440733464312 0.9732142857142857 0.009999999999999787 0.010000000000000009 3.4676923076923076 0.010000000000000009 0.022617543859649127 9.0 9.0 0.01 0.009999999999999787 0.009999999999999787 1.7223809523809523 0.017037181996086108 
0.009999999999999787 0.7091240995415848 0.6521428571428571 0.009999999999999787 0.010000000000000009 2.0846153846153848 0.010000000000000009 0.4831578947368421 0.009999999999999787 0.009999999999999787 0.2783582089552239 9.0 0.009999999999999787 1.2942857142857143 0.06277886497064579 
0.009999999999999787 6.437526195153897 2.7391071428571427 0.009999999999999787 0.010000000000000009 7.616923076923077 1.2942857142857143 2.218070175438596 0.009999999999999787 0.009999999999999787 0.41253731343283584 9.0 0.009999999999999787 0.01 0.01 
0.009999999999999787 4.020764571054356 0.022842857142857144 0.009999999999999787 0.010000000000000009 7.616923076923077 0.010000000000000009 0.022617543859649127 9.0 0.009999999999999787 0.14417910447761195 9.0 9.0 6.003333333333333 0.01 
0.009999999999999787 0.9917174197773417 0.5991660714285714 0.009999999999999787 0.010000000000000009 0.010000000000000009 0.010000000000000009 0.7197368421052632 0.009999999999999787 0.009999999999999787 0.14417910447761195 9.0 0.009999999999999787 1.0802380952380952 0.0363894324853229 
0.009999999999999787 3.726396529142109 1.6153571428571427 0.009999999999999787 0.010000000000000009 6.9253846153846155 0.010000000000000009 1.1140350877192982 0.009999999999999787 0.009999999999999787 1.3517910447761194 0.009999999999999787 0.009999999999999787 0.01 0.01 
9.0 1.187472167648985 3.7825892857142853 0.009999999999999787 0.010000000000000009 0.010000000000000009 0.010000000000000009 0.08885964912280703 9.0 9.0 0.01 0.009999999999999787 0.009999999999999787 1.9364285714285716 0.01 
9.0 5.713380812049771 2.2575 0.009999999999999787 0.010000000000000009 8.308461538461538 1.2942857142857143 0.9563157894736842 9.0 9.0 0.01 9.0 0.009999999999999787 0.01 0.01 
0.009999999999999787 2.3163736083824498 0.4113392857142857 0.009999999999999787 0.010000000000000009 0.010000000000000009 1.2942857142857143 0.08885964912280703 9.0 0.009999999999999787 0.2783582089552239 0.009999999999999787 0.009999999999999787 4.290952380952381 0.029000391389432487 
0.009999999999999787 0.8077373935821877 1.2942857142857143 4.505 0.909 2.0846153846153848 0.010000000000000009 0.3254385964912281 9.0 9.0 0.01 0.009999999999999787 0.009999999999999787 3.862857142857143 0.18592954990215266 
9.0 1.6290242305173543 4.0233928571428565 0.009999999999999787 0.010000000000000009 8.308461538461538 0.010000000000000009 0.4831578947368421 0.009999999999999787 0.009999999999999787 1.6201492537313433 0.009999999999999787 0.009999999999999787 1.2942857142857143 0.10975205479452053 
9.0 5.320399476096922 4.371755357142857 0.009999999999999787 0.010000000000000009 3.4676923076923076 1.2942857142857143 2.6912280701754385 0.009999999999999787 9.0 0.01 0.009999999999999787 0.009999999999999787 0.01 0.01 
9.0 1.2860854616895878 1.828869642857143 0.009999999999999787 0.010000000000000009 5.542307692307692 0.010000000000000009 0.8254087719298245 0.009999999999999787 0.009999999999999787 0.9492537313432836 9.0 0.009999999999999787 1.390607142857143 0.5830025440313111 
0.009999999999999787 2.4135150622134907 0.34391428571428573 4.505 0.909 2.0846153846153848 2.5785714285714283 0.16771929824561405 0.009999999999999787 0.009999999999999787 1.3517910447761194 0.009999999999999787 0.009999999999999787 1.4227142857142858 0.014926027397260275 
0.009999999999999787 3.1008644400785856 4.826071428571428 0.009999999999999787 0.010000000000000009 4.850769230769231 5.147142857142857 1.705482456140351 0.009999999999999787 0.009999999999999787 1.2176119402985075 0.009999999999999787 0.009999999999999787 0.01 0.03357455968688845 
9.0 1.6290242305173543 0.9732142857142857 0.009999999999999787 0.010000000000000009 5.542307692307692 1.2942857142857143 0.5888298245614035 0.009999999999999787 0.009999999999999787 2.5594029850746267 9.0 0.009999999999999787 0.01 0.09796477495107632 
9.0 1.309634905042567 3.461517857142857 0.009999999999999787 0.010000000000000009 5.542307692307692 0.010000000000000009 0.14090701754385965 0.009999999999999787 0.009999999999999787 0.6808955223880597 0.009999999999999787 0.009999999999999787 0.01 0.10852054794520548 
0.009999999999999787 2.585720366732155 0.9202374999999999 0.009999999999999787 0.010000000000000009 9.0 9.0 0.010000000000000002 9.0 0.009999999999999787 0.6808955223880597 9.0 0.009999999999999787 1.8936190476190478 0.035685714285714286 
0.009999999999999787 1.2728388998035363 3.541785714285714 0.009999999999999787 0.010000000000000009 6.233846153846154 0.010000000000000009 0.6408771929824562 0.009999999999999787 0.009999999999999787 0.14417910447761195 9.0 0.009999999999999787 0.8661904761904762 0.05890841487279844 
0.009999999999999787 3.383457760314342 0.6521428571428571 0.009999999999999787 0.010000000000000009 2.0846153846153848 0.010000000000000009 0.08885964912280703 9.0 9.0 0.01 0.009999999999999787 0.009999999999999787 2.3752261904761904 0.01 
0.009999999999999787 1.996984282907662 0.5188982142857143 0.009999999999999787 0.010000000000000009 6.9253846153846155 1.2942857142857143 0.5888298245614035 0.009999999999999787 0.009999999999999787 1.6201492537313433 0.009999999999999787 0.009999999999999787 6.249488095238095 0.13543776908023483 
0.009999999999999787 3.383457760314342 1.0534821428571428 0.009999999999999787 0.010000000000000009 5.542307692307692 1.2942857142857143 2.8489473684210527 0.009999999999999787 9.0 0.01 0.009999999999999787 0.009999999999999787 1.1016428571428571 0.12241898238747553 
9.0 6.58471021611002 6.7524999999999995 0.009999999999999787 0.010000000000000009 2.0846153846153848 2.5785714285714283 3.1643859649122805 0.009999999999999787 0.009999999999999787 1.7543283582089553 9.0 0.009999999999999787 0.01 1.1887279843444227 
9.0 2.217760314341847 1.214017857142857 0.009999999999999787 0.010000000000000009 0.010000000000000009 0.010000000000000009 0.3522508771929825 0.009999999999999787 0.009999999999999787 0.14417910447761195 0.009999999999999787 0.009999999999999787 3.980583333333333 0.01 
0.009999999999999787 1.1021054354944337 0.09026785714285714 4.505 0.909 0.010000000000000009 1.2942857142857143 0.08885964912280703 9.0 9.0 0.01 9.0 0.009999999999999787 3.0066666666666664 0.04588962818003914 
0.009999999999999787 2.8683136869679116 0.34391428571428573 0.009999999999999787 0.010000000000000009 4.850769230769231 1.2942857142857143 2.0603508771929824 0.009999999999999787 9.0 0.01 0.009999999999999787 0.009999999999999787 1.7651904761904762 5.513955968688845 
0.009999999999999787 0.6473068107400128 2.1772321428571426 4.505 0.909 4.15923076923077 0.010000000000000009 0.022617543859649127 9.0 9.0 0.01 9.0 0.009999999999999787 1.5083333333333333 0.01 
0.009999999999999787 0.9549214145383109 1.8160267857142858 0.009999999999999787 0.010000000000000009 6.233846153846154 0.010000000000000009 0.5494 0.009999999999999787 9.0 0.01 9.0 9.0 1.2942857142857143 0.01 
0.009999999999999787 4.510887360838245 0.1705357142857143 0.009999999999999787 0.010000000000000009 2.0846153846153848 1.2942857142857143 1.5871929824561404 0.009999999999999787 9.0 0.01 0.009999999999999787 0.009999999999999787 3.4347619047619045 0.01 
0.009999999999999787 1.9233922724296009 1.4548214285714285 4.505 0.909 0.010000000000000009 2.5785714285714283 0.7985964912280702 9.0 9.0 0.01 9.0 0.009999999999999787 2.15047619047619 0.2228747553816047 
0.009999999999999787 1.7511869679109364 0.11755892857142856 0.009999999999999787 0.010000000000000009 3.4676923076923076 1.2942857142857143 1.1140350877192982 9.0 9.0 0.01 0.009999999999999787 0.009999999999999787 3.6488095238095237 0.01 
9.0 1.6908415193189263 0.9330803571428571 0.009999999999999787 0.010000000000000009 6.9253846153846155 1.2942857142857143 0.28600877192982455 0.009999999999999787 9.0 0.01 9.0 0.009999999999999787 3.862857142857143 0.01 
9.0 1.5922282252783235 0.34391428571428573 4.505 0.909 9.0 9.0 0.16771929824561405 0.009999999999999787 0.009999999999999787 0.41253731343283584 9.0 0.009999999999999787 1.9364285714285716 0.035861643835616436 
0.009999999999999787 1.0888588736083822 3.248005357142857 4.505 0.909 7.616923076923077 1.2942857142857143 0.4042982456140351 9.0 9.0 0.01 9.0 0.009999999999999787 2.7926190476190476 0.01 
9.0 1.1138801571709234 0.7597017857142857 0.009999999999999787 0.010000000000000009 2.0846153846153848 2.5785714285714283 0.16771929824561405 0.009999999999999787 0.009999999999999787 0.5467164179104478 9.0 9.0 0.8661904761904762 0.01 
0.009999999999999787 2.2913523248199086 4.758646428571428 0.009999999999999787 0.010000000000000009 8.308461538461538 0.010000000000000009 1.5998105263157896 0.009999999999999787 0.009999999999999787 0.6808955223880597 0.009999999999999787 0.009999999999999787 1.808 0.01 
0.009999999999999787 3.2966191879502293 0.8255214285714285 0.009999999999999787 0.010000000000000009 9.0 9.0 0.010000000000000002 9.0 9.0 0.01 9.0 0.009999999999999787 0.01 0.18592954990215266 
0.009999999999999787 1.40824819908317 4.063526785714285 0.009999999999999787 0.010000000000000009 0.010000000000000009 0.010000000000000009 0.04942982456140351 9.0 0.009999999999999787 0.2783582089552239 9.0 0.009999999999999787 0.01 0.9867608610567514 
0.009999999999999787 2.8432924034053704 0.8126785714285714 4.505 0.909 6.233846153846154 0.010000000000000009 2.218070175438596 9.0 9.0 0.01 0.009999999999999787 0.009999999999999787 3.0066666666666664 0.01 
0.009999999999999787 3.7631925343811394 3.060178571428571 0.009999999999999787 0.010000000000000009 4.15923076923077 0.010000000000000009 2.0603508771929824 0.009999999999999787 0.009999999999999787 1.8885074626865672 9.0 0.009999999999999787 2.5785714285714283 0.8205074363992172 
9.0 4.903868696791094 4.183928571428571 0.009999999999999787 0.010000000000000009 2.0846153846153848 2.5785714285714283 1.639240350877193 0.009999999999999787 0.009999999999999787 1.2176119402985075 0.009999999999999787 0.009999999999999787 0.01 0.01 
0.009999999999999787 0.37796005239030794 0.01 4.505 0.909 8.308461538461538 0.010000000000000009 0.08885964912280703 9.0 9.0 0.01 9.0 0.009999999999999787 0.6521428571428571 0.01 
0.009999999999999787 2.339923051735429 1.4548214285714285 0.009999999999999787 0.010000000000000009 6.233846153846154 0.010000000000000009 2.3757894736842102 0.009999999999999787 0.009999999999999787 0.2783582089552239 0.009999999999999787 0.009999999999999787 3.541785714285714 0.01 
