0.009999999999999787 1.2776313197636249 0.7267630057803468 0.009999999999999787 0.010000000000000009 7.616923076923077 6.7524999999999995 0.0841675 9.0 0.009999999999999787 0.2783582089552239 9.0 0.009999999999999787 3.4347619047619045 0.12687 
0.009999999999999787 1.4857058437294812 4.609826589595376 0.009999999999999787 0.010000000000000009 6.9253846153846155 0.010000000000000009 0.23475000000000001 9.0 9.0 0.01 9.0 0.009999999999999787 0.01 0.010179800000000001 
0.009999999999999787 1.3632222586999347 4.310578034682081 0.009999999999999787 0.010000000000000009 3.4676923076923076 0.010000000000000009 1.0213750000000001 0.009999999999999787 0.009999999999999787 0.2783582089552239 0.009999999999999787 0.009999999999999787 1.2942857142857143 0.0104495 
0.009999999999999787 1.388309258043336 1.2643352601156068 0.009999999999999787 0.010000000000000009 6.9253846153846155 0.010000000000000009 0.2909375 0.009999999999999787 0.009999999999999787 0.9492537313432836 9.0 0.009999999999999787 0.01 0.6446041 
9.0 0.4158191070256074 3.5938150289017337 0.009999999999999787 0.010000000000000009 0.7015384615384616 0.010000000000000009 0.1965425 9.0 9.0 0.01 9.0 0.009999999999999787 0.8661904761904762 0.013775800000000001 
9.0 2.027289888378201 0.3988439306358381 4.505 0.909 6.9253846153846155 0.010000000000000009 0.4595 9.0 9.0 0.01 9.0 0.009999999999999787 3.0066666666666664 0.0111687 
0.009999999999999787 5.322541037426133 1.0851445086705203 4.505 0.909 9.0 7.876250000000001 0.68425 9.0 9.0 0.01 9.0 0.009999999999999787 1.9364285714285716 0.0103596 
0.009999999999999787 4.868023637557452 3.0562427745664738 0.009999999999999787 0.010000000000000009 0.010000000000000009 1.13375 5.62875 0.009999999999999787 0.009999999999999787 1.2176119402985075 9.0 0.009999999999999787 1.9471309523809526 0.15878450000000002 
0.009999999999999787 1.019382797110966 3.7730057803468204 0.009999999999999787 0.010000000000000009 5.542307692307692 1.13375 0.6100825 0.009999999999999787 9.0 0.01 9.0 0.009999999999999787 1.0802380952380952 0.01 
0.009999999999999787 0.03508699934340154 1.129942196531792 0.009999999999999787 0.010000000000000009 6.233846153846154 0.010000000000000009 0.04820750000000001 9.0 0.009999999999999787 0.14417910447761195 9.0 0.009999999999999787 0.01 0.0105394 
0.009999999999999787 0.3553151674326993 3.683410404624277 0.009999999999999787 0.010000000000000009 0.010000000000000009 1.13375 0.4977075 9.0 9.0 0.01 9.0 0.009999999999999787 3.4347619047619045 0.0111687 
9.0 1.473900196979646 0.1891907514450867 0.009999999999999787 0.010000000000000009 0.010000000000000009 1.13375 0.4033125 0.009999999999999787 9.0 0.01 0.009999999999999787 0.009999999999999787 5.264869047619047 0.01 
0.009999999999999787 0.625369336835194 2.5186705202312134 0.009999999999999787 0.010000000000000009 0.010000000000000009 0.010000000000000009 0.23475000000000001 9.0 9.0 0.01 9.0 0.009999999999999787 0.01 0.01 
9.0 5.543896913985555 0.0691329479768786 0.009999999999999787 0.010000000000000009 9.0 7.876250000000001 0.01 9.0 9.0 0.01 0.009999999999999787 9.0 0.6735476190476191 0.0124273 
0.009999999999999787 4.031298424162836 0.14439306358381504 4.505 0.909 0.010000000000000009 0.010000000000000009 0.1785625 0.009999999999999787 0.009999999999999787 1.0834328358208956 0.009999999999999787 0.009999999999999787 3.2207142857142856 0.0245638 
0.009999999999999787 0.4291004596191734 1.801907514450867 0.009999999999999787 0.010000000000000009 5.542307692307692 0.010000000000000009 0.1785625 0.009999999999999787 0.009999999999999787 0.2783582089552239 9.0 0.009999999999999787 0.01 0.0134162 
0.009999999999999787 1.5358798424162843 4.489768786127168 4.505 0.909 3.4676923076923076 1.13375 0.571875 9.0 9.0 0.01 0.009999999999999787 0.009999999999999787 0.01 0.0115283 
0.009999999999999787 1.0680810899540383 0.23398843930635838 4.505 0.909 8.308461538461538 0.010000000000000009 0.0661875 0.009999999999999787 9.0 0.01 9.0 0.009999999999999787 1.9364285714285716 0.0100899 
9.0 3.4174047931713725 0.6067052023121388 0.009999999999999787 0.010000000000000009 8.308461538461538 0.010000000000000009 0.122375 9.0 9.0 0.01 9.0 0.009999999999999787 0.01 0.045061000000000004 
0.009999999999999787 0.4527117531188445 1.2786705202312139 4.505 0.909 9.0 7.876250000000001 0.01 9.0 9.0 0.01 0.009999999999999787 0.009999999999999787 1.9364285714285716 0.0100899 
0.009999999999999787 0.5766710439921212 0.14439306358381504 0.009999999999999787 0.010000000000000009 5.542307692307692 0.010000000000000009 0.909 0.009999999999999787 0.009999999999999787 0.2783582089552239 0.009999999999999787 0.009999999999999787 0.8661904761904762 0.01 
0.009999999999999787 1.473900196979646 0.27878612716763007 0.009999999999999787 0.010000000000000009 0.010000000000000009 2.2575 0.122375 0.009999999999999787 9.0 0.01 9.0 0.009999999999999787 3.7451309523809524 0.0120677 
0.009999999999999787 0.8467252133946164 3.5042196531791903 0.009999999999999787 0.010000000000000009 0.010000000000000009 0.010000000000000009 0.122375 0.009999999999999787 9.0 0.01 9.0 0.009999999999999787 1.5083333333333333 0.01 
9.0 2.8138411030860144 0.45797687861271674 4.505 0.909 2.0846153846153848 1.13375 0.23475000000000001 9.0 9.0 0.01 0.009999999999999787 0.009999999999999787 1.7223809523809523 0.01 
9.0 0.3420338148391333 0.14439306358381504 9.0 9.0 6.9253846153846155 7.876250000000001 4.505 9.0 9.0 0.01 0.009999999999999787 9.0 3.2207142857142856 0.01 
0.009999999999999787 0.9323161523309258 0.8468208092485549 0.009999999999999787 0.010000000000000009 3.4676923076923076 0.010000000000000009 0.347125 9.0 9.0 0.01 9.0 0.009999999999999787 1.9364285714285716 0.01 
0.009999999999999787 4.634862114248195 2.1011560693641615 0.009999999999999787 0.010000000000000009 6.233846153846154 0.010000000000000009 2.4822499999999996 9.0 9.0 0.01 9.0 0.009999999999999787 4.986607142857143 0.023485 
9.0 4.782432698621143 0.4884393063583815 0.009999999999999787 0.010000000000000009 2.0846153846153848 9.0 0.16058250000000002 9.0 9.0 0.01 9.0 0.009999999999999787 0.01 0.020788 
0.009999999999999787 1.0311884438608012 4.131387283236994 0.009999999999999787 0.010000000000000009 2.0846153846153848 0.010000000000000009 0.1965425 9.0 9.0 0.01 9.0 0.009999999999999787 0.01 0.01 
0.009999999999999787 3.45429743926461 0.6228323699421965 0.009999999999999787 0.010000000000000009 6.9253846153846155 0.010000000000000009 0.0661875 0.009999999999999787 0.009999999999999787 0.6808955223880597 0.009999999999999787 0.009999999999999787 5.147142857142857 0.01 
0.009999999999999787 2.5688739330269215 0.3683815028901734 0.009999999999999787 0.010000000000000009 6.9253846153846155 0.010000000000000009 0.347125 0.009999999999999787 0.009999999999999787 0.9492537313432836 0.009999999999999787 0.009999999999999787 3.6488095238095237 0.3759829 
0.009999999999999787 1.5476854891661196 0.5619075144508671 0.009999999999999787 0.010000000000000009 6.233846153846154 0.010000000000000009 0.0661875 9.0 9.0 0.01 9.0 0.009999999999999787 1.0802380952380952 0.01 
0.009999999999999787 1.9166119500984902 0.42751445086705203 0.009999999999999787 0.010000000000000009 3.4676923076923076 0.010000000000000009 0.23475000000000001 0.009999999999999787 9.0 0.01 9.0 9.0 3.0066666666666664 0.01 
0.009999999999999787 3.182767564018385 2.339479768786127 0.009999999999999787 0.010000000000000009 4.15923076923077 1.13375 1.9203750000000002 0.009999999999999787 0.009999999999999787 1.6201492537313433 0.009999999999999787 0.009999999999999787 1.0053214285714285 0.01 
0.009999999999999787 2.444914642153644 0.9059537572254335 0.009999999999999787 0.010000000000000009 0.010000000000000009 0.010000000000000009 0.571875 9.0 9.0 0.01 0.009999999999999787 0.009999999999999787 3.0066666666666664 0.01 
0.009999999999999787 2.0390955351280367 1.6227167630057804 0.009999999999999787 0.010000000000000009 6.233846153846154 0.010000000000000009 3.3812499999999996 0.009999999999999787 0.009999999999999787 0.2783582089552239 0.009999999999999787 0.009999999999999787 3.541785714285714 0.01 
9.0 4.19215036112935 2.3986127167630054 0.009999999999999787 0.010000000000000009 5.542307692307692 0.010000000000000009 3.3250625 0.009999999999999787 0.009999999999999787 0.41253731343283584 0.009999999999999787 0.009999999999999787 0.01 0.01 
0.009999999999999787 4.215761654629022 0.1891907514450867 0.009999999999999787 0.010000000000000009 2.0846153846153848 1.13375 2.2575 0.009999999999999787 9.0 0.01 0.009999999999999787 0.009999999999999787 3.4347619047619045 0.01 
0.009999999999999787 1.9903972422849643 4.668959537572254 0.009999999999999787 0.010000000000000009 0.7015384615384616 1.13375 0.23475000000000001 9.0 9.0 0.01 9.0 0.009999999999999787 2.450142857142857 0.01 
0.009999999999999787 3.712545961917269 0.8163583815028902 4.505 0.909 6.9253846153846155 1.13375 4.505 0.009999999999999787 9.0 0.01 0.009999999999999787 0.009999999999999787 1.8936190476190478 0.01 
9.0 0.8718122127380177 4.131387283236994 4.505 0.909 2.7761538461538464 3.38125 0.01 0.009999999999999787 0.009999999999999787 1.4859701492537314 0.009999999999999787 0.009999999999999787 0.01 0.01 
0.009999999999999787 0.4158191070256074 3.697745664739884 0.009999999999999787 0.010000000000000009 9.0 7.876250000000001 0.1965425 9.0 9.0 0.01 9.0 0.009999999999999787 0.8661904761904762 0.01 
0.009999999999999787 7.881414970453053 3.2354335260115605 0.009999999999999787 0.010000000000000009 9.0 7.876250000000001 1.808 9.0 0.009999999999999787 0.14417910447761195 9.0 0.009999999999999787 0.7591666666666667 0.0105394 
0.009999999999999787 1.9048063033486544 3.3554913294797686 0.009999999999999787 0.010000000000000009 5.542307692307692 1.13375 2.5564175 0.009999999999999787 0.009999999999999787 0.8150746268656717 9.0 0.009999999999999787 4.087607142857143 0.0251032 
9.0 0.31842252133946225 3.6690751445086707 0.009999999999999787 0.010000000000000009 9.0 7.876250000000001 0.01 9.0 9.0 0.01 9.0 0.009999999999999787 0.01 0.014495000000000001 
9.0 1.351416611950099 0.45797687861271674 0.009999999999999787 0.010000000000000009 9.0 7.876250000000001 0.01 0.009999999999999787 9.0 0.01 9.0 0.009999999999999787 0.8661904761904762 0.01 
0.009999999999999787 2.8271224556795804 0.9059537572254335 0.009999999999999787 0.010000000000000009 6.233846153846154 0.010000000000000009 0.01 0.009999999999999787 9.0 0.01 0.009999999999999787 0.009999999999999787 2.5678690476190473 0.027979999999999998 
0.009999999999999787 1.3263296126066977 0.20352601156069366 0.009999999999999787 0.010000000000000009 4.15923076923077 0.010000000000000009 0.4595 9.0 9.0 0.01 0.009999999999999787 0.009999999999999787 1.2942857142857143 0.0100899 
0.009999999999999787 2.6293778726198296 0.9955491329479769 0.009999999999999787 0.010000000000000009 4.15923076923077 0.010000000000000009 1.9203750000000002 0.009999999999999787 0.009999999999999787 0.8150746268656717 9.0 0.009999999999999787 2.193285714285714 0.01 
9.0 0.4659931057124105 3.325028901734104 4.505 0.909 0.010000000000000009 0.010000000000000009 0.4595 0.009999999999999787 0.009999999999999787 0.5467164179104478 0.009999999999999787 0.009999999999999787 0.8661904761904762 0.054950000000000006 
0.009999999999999787 1.7808470124753777 1.4435260115606936 4.505 0.909 2.0846153846153848 1.13375 2.5946249999999997 0.009999999999999787 0.009999999999999787 0.2783582089552239 0.009999999999999787 0.009999999999999787 0.8126785714285715 0.01 
0.009999999999999787 6.048588312541038 4.400173410404624 0.009999999999999787 0.010000000000000009 4.15923076923077 0.010000000000000009 0.571875 0.009999999999999787 0.009999999999999787 0.5467164179104478 0.009999999999999787 0.009999999999999787 2.15047619047619 0.01 
9.0 4.646667760998031 0.27878612716763007 0.009999999999999787 0.010000000000000009 5.542307692307692 1.13375 1.246125 0.009999999999999787 0.009999999999999787 0.14417910447761195 9.0 0.009999999999999787 3.573892857142857 0.0901908 
0.009999999999999787 0.9942957977675642 4.131387283236994 4.505 0.909 4.15923076923077 0.010000000000000009 0.68425 9.0 9.0 0.01 0.009999999999999787 0.009999999999999787 0.01 0.36960000000000004 
0.009999999999999787 4.978701575837164 2.728323699421965 0.009999999999999787 0.010000000000000009 2.0846153846153848 2.2575 3.4194575 0.009999999999999787 0.009999999999999787 2.022686567164179 0.009999999999999787 0.009999999999999787 0.01 0.4595 
9.0 5.470111621799081 5.385722543352601 0.009999999999999787 0.010000000000000009 0.010000000000000009 0.010000000000000009 2.4822499999999996 0.009999999999999787 0.009999999999999787 1.8885074626865672 9.0 0.009999999999999787 0.01 0.20778000000000002 
9.0 0.5028857518056475 3.086705202312139 0.009999999999999787 0.010000000000000009 6.9253846153846155 1.13375 0.347125 0.009999999999999787 0.009999999999999787 0.9492537313432836 9.0 0.009999999999999787 1.0374285714285716 0.01 
9.0 3.699264609323703 3.5938150289017337 0.009999999999999787 0.010000000000000009 5.542307692307692 1.13375 0.796625 0.009999999999999787 9.0 0.01 9.0 0.009999999999999787 0.32036904761904766 0.0852463 
0.009999999999999787 0.6504563361785953 2.9379768786127163 0.009999999999999787 0.010000000000000009 8.308461538461538 0.010000000000000009 0.89102 0.009999999999999787 0.009999999999999787 1.8885074626865672 9.0 0.009999999999999787 0.6521428571428571 0.024204200000000002 
9.0 1.1536720288903481 0.21965317919075145 4.505 0.909 9.0 7.876250000000001 0.0661875 9.0 9.0 0.01 9.0 0.009999999999999787 1.2942857142857143 0.017821299999999998 
0.009999999999999787 4.806043992120814 4.310578034682081 0.009999999999999787 0.010000000000000009 4.15923076923077 0.010000000000000009 7.202 0.009999999999999787 9.0 0.01 9.0 9.0 1.1872619047619049 0.01 
0.009999999999999787 0.3671208141825346 0.0691329479768786 0.009999999999999787 0.010000000000000009 0.7015384615384616 0.010000000000000009 0.122375 9.0 9.0 0.01 0.009999999999999787 9.0 3.0066666666666664 0.01 
0.009999999999999787 1.1049737360472753 0.5475722543352601 0.009999999999999787 0.010000000000000009 5.542307692307692 0.010000000000000009 1.0775625 0.009999999999999787 0.009999999999999787 0.41253731343283584 0.009999999999999787 0.009999999999999787 0.01 0.062321800000000004 
9.0 0.39220781352593637 3.325028901734104 0.009999999999999787 0.010000000000000009 5.542307692307692 0.010000000000000009 0.553895 0.009999999999999787 0.009999999999999787 0.5467164179104478 9.0 0.009999999999999787 0.6521428571428571 0.058546 
0.009999999999999787 4.203956007879186 3.952196531791907 4.505 0.909 0.7015384615384616 0.010000000000000009 0.68425 0.009999999999999787 9.0 0.01 9.0 9.0 0.01 0.01 
0.009999999999999787 1.042994090610637 1.0851445086705203 0.009999999999999787 0.010000000000000009 4.15923076923077 0.010000000000000009 0.589855 0.009999999999999787 0.009999999999999787 0.14417910447761195 9.0 0.009999999999999787 2.7926190476190476 0.08191999999999999 
0.009999999999999787 2.838928102429416 1.2195375722543351 0.009999999999999787 0.010000000000000009 0.010000000000000009 1.13375 3.7363549999999996 9.0 9.0 0.01 0.009999999999999787 0.009999999999999787 0.01 0.01 
0.009999999999999787 3.514801378857518 1.801907514450867 0.009999999999999787 0.010000000000000009 9.0 7.876250000000001 0.01 9.0 0.009999999999999787 0.2783582089552239 9.0 0.009999999999999787 0.19194047619047622 0.0100899 
0.009999999999999787 1.2894369665134606 4.789017341040462 4.505 0.909 8.308461538461538 0.010000000000000009 0.027979999999999998 9.0 9.0 0.01 0.009999999999999787 0.009999999999999787 1.2942857142857143 0.052702500000000006 
0.009999999999999787 0.5028857518056475 0.01 4.505 0.909 4.15923076923077 2.2575 0.01 9.0 9.0 0.01 0.009999999999999787 9.0 5.361190476190476 0.0100899 
0.009999999999999787 2.875820748522653 1.1442774566473988 0.009999999999999787 0.010000000000000009 6.9253846153846155 1.13375 1.695625 0.009999999999999787 9.0 0.01 0.009999999999999787 0.009999999999999787 7.287619047619048 0.01 
0.009999999999999787 5.396326329612607 0.5027745664739884 4.505 0.909 0.010000000000000009 1.13375 4.26227 0.009999999999999787 9.0 0.01 0.009999999999999787 0.009999999999999787 2.15047619047619 0.01899 
0.009999999999999787 1.079886736703874 4.131387283236994 0.009999999999999787 0.010000000000000009 6.233846153846154 1.13375 0.9651875000000001 0.009999999999999787 0.009999999999999787 1.4859701492537314 0.009999999999999787 0.009999999999999787 3.113690476190476 0.0355316 
0.009999999999999787 3.9826001313197636 1.4739884393063583 0.009999999999999787 0.010000000000000009 8.308461538461538 0.010000000000000009 0.027979999999999998 9.0 9.0 0.01 9.0 0.009999999999999787 1.165857142857143 0.01899 
9.0 0.588476690741957 0.27878612716763007 0.009999999999999787 0.010000000000000009 0.010000000000000009 0.010000000000000009 0.3673525 0.009999999999999787 0.009999999999999787 0.6808955223880597 0.009999999999999787 0.009999999999999787 1.5083333333333333 0.0104495 
9.0 7.930113263296126 2.1602890173410403 0.009999999999999787 0.010000000000000009 9.0 7.876250000000001 0.01 9.0 9.0 0.01 9.0 9.0 0.01 0.01 
0.009999999999999787 2.1261621799080768 0.3988439306358381 4.505 0.909 0.010000000000000009 0.010000000000000009 0.027979999999999998 9.0 9.0 0.01 9.0 0.009999999999999787 1.829404761904762 0.0260921 
0.009999999999999787 0.8349195666447806 0.27878612716763007 4.505 0.909 4.850769230769231 4.505000000000001 0.347125 9.0 9.0 0.01 0.009999999999999787 0.009999999999999787 1.4227142857142858 0.010179800000000001 
9.0 4.314633946158897 1.653179190751445 0.009999999999999787 0.010000000000000009 3.4676923076923076 1.13375 0.4595 9.0 9.0 0.01 0.009999999999999787 9.0 2.5785714285714283 0.01 
9.0 0.6873489822718324 3.7730057803468204 4.505 0.909 6.9253846153846155 1.13375 0.01 9.0 9.0 0.01 0.009999999999999787 0.009999999999999787 1.6581666666666668 0.0128768 
0.009999999999999787 1.019382797110966 0.27878612716763007 0.009999999999999787 0.010000000000000009 2.0846153846153848 0.010000000000000009 0.7224575 9.0 0.009999999999999787 0.14417910447761195 0.009999999999999787 0.009999999999999787 4.290952380952381 0.0108091 
0.009999999999999787 2.4950886408404473 1.9810982658959537 0.009999999999999787 0.010000000000000009 5.542307692307692 1.13375 2.4822499999999996 0.009999999999999787 0.009999999999999787 1.6201492537313433 0.009999999999999787 0.009999999999999787 4.376571428571428 0.0999 
0.009999999999999787 1.1049737360472753 4.534566473988439 0.009999999999999787 0.010000000000000009 0.010000000000000009 0.010000000000000009 0.0661875 9.0 0.009999999999999787 0.2783582089552239 9.0 0.009999999999999787 0.01 0.5091248 
0.009999999999999787 4.708647406434669 0.11393063583815027 0.009999999999999787 0.010000000000000009 0.010000000000000009 2.2575 6.7524999999999995 0.009999999999999787 0.009999999999999787 2.6935820895522387 9.0 0.009999999999999787 0.01 1.3585 
9.0 3.182767564018385 0.9059537572254335 0.009999999999999787 0.010000000000000009 2.0846153846153848 1.13375 0.10439499999999999 9.0 9.0 0.01 9.0 0.009999999999999787 2.7926190476190476 0.0321154 
0.009999999999999787 0.7980269205515436 0.3235838150289017 4.505 0.909 0.010000000000000009 1.13375 0.122375 9.0 9.0 0.01 9.0 0.009999999999999787 3.0066666666666664 0.0283396 
0.009999999999999787 4.73225869993434 1.5026589595375721 0.009999999999999787 0.010000000000000009 6.9253846153846155 2.2575 0.04820750000000001 9.0 9.0 0.01 0.009999999999999787 0.009999999999999787 5.575238095238095 0.01 
0.009999999999999787 0.625369336835194 0.01 0.009999999999999787 0.010000000000000009 0.7015384615384616 0.010000000000000009 0.23475000000000001 9.0 9.0 0.01 9.0 0.009999999999999787 1.5511428571428572 0.01 
9.0 0.7847455679579776 1.801907514450867 4.505 0.909 9.0 7.876250000000001 0.01 9.0 9.0 0.01 9.0 0.009999999999999787 0.01 0.01 
9.0 0.5028857518056475 1.950635838150289 0.009999999999999787 0.010000000000000009 2.0846153846153848 1.13375 0.140355 9.0 9.0 0.01 9.0 0.009999999999999787 0.8661904761904762 0.053511600000000006 
0.009999999999999787 2.1497734734077483 0.1891907514450867 0.009999999999999787 0.010000000000000009 0.7015384615384616 1.13375 0.04820750000000001 9.0 9.0 0.01 0.009999999999999787 9.0 2.707 0.01 
0.009999999999999787 1.7439543663821402 0.7410982658959537 4.505 0.909 8.308461538461538 0.010000000000000009 0.909 0.009999999999999787 0.009999999999999787 0.41253731343283584 0.009999999999999787 0.009999999999999787 3.969880952380952 0.060344 
0.009999999999999787 1.4620945502298102 4.489768786127168 0.009999999999999787 0.010000000000000009 6.9253846153846155 0.010000000000000009 0.553895 0.009999999999999787 0.009999999999999787 9.0 0.009999999999999787 0.009999999999999787 1.5083333333333333 0.0331942 
0.009999999999999787 2.444914642153644 1.2643352601156068 0.009999999999999787 0.010000000000000009 3.4676923076923076 0.010000000000000009 0.23475000000000001 9.0 9.0 0.01 0.009999999999999787 0.009999999999999787 2.492952380952381 0.01 
0.009999999999999787 2.3844107025607357 1.6083815028901733 0.009999999999999787 0.010000000000000009 6.9253846153846155 1.13375 2.72498 0.009999999999999787 0.009999999999999787 0.41253731343283584 9.0 0.009999999999999787 3.3384404761904762 0.03697 
0.009999999999999787 2.3711293499671697 0.9059537572254335 0.009999999999999787 0.010000000000000009 8.308461538461538 0.010000000000000009 3.3812499999999996 0.009999999999999787 9.0 0.01 0.009999999999999787 0.009999999999999787 5.607345238095238 0.01 
0.009999999999999787 3.7243516086671047 0.024335260115606938 0.009999999999999787 0.010000000000000009 7.616923076923077 0.010000000000000009 0.027979999999999998 9.0 0.009999999999999787 0.14417910447761195 9.0 9.0 6.003333333333333 0.01 
0.009999999999999787 1.0061014445174 0.5475722543352601 4.505 0.909 8.308461538461538 0.010000000000000009 0.25273 9.0 9.0 0.01 0.009999999999999787 0.009999999999999787 1.2942857142857143 0.0160233 
0.009999999999999787 2.7031631648063037 0.9059537572254335 0.009999999999999787 0.010000000000000009 0.010000000000000009 0.010000000000000009 0.4595 9.0 9.0 0.01 9.0 0.009999999999999787 4.933095238095238 0.0114384 
0.009999999999999787 2.8138411030860144 0.9059537572254335 4.505 0.909 6.233846153846154 0.010000000000000009 1.3585 9.0 9.0 0.01 9.0 9.0 2.15047619047619 0.01 
9.0 0.08378529218647435 0.0852601156069364 0.009999999999999787 0.010000000000000009 8.308461538461538 0.010000000000000009 0.0661875 9.0 9.0 0.01 9.0 0.009999999999999787 2.15047619047619 0.0100899 
9.0 0.8836178594878534 4.220982658959537 0.009999999999999787 0.010000000000000009 0.010000000000000009 0.010000000000000009 0.122375 9.0 9.0 0.01 0.009999999999999787 0.009999999999999787 1.9364285714285716 0.01 
0.009999999999999787 2.716444517399869 0.9955491329479769 0.009999999999999787 0.010000000000000009 2.0846153846153848 2.2575 1.13375 9.0 9.0 0.01 0.009999999999999787 0.009999999999999787 2.492952380952381 0.027979999999999998 
0.009999999999999787 2.691357518056468 1.8323699421965318 4.505 0.909 2.0846153846153848 2.2575 0.4977075 9.0 9.0 0.01 0.009999999999999787 0.009999999999999787 5.147142857142857 0.01 
9.0 0.3671208141825346 3.5938150289017337 0.009999999999999787 0.010000000000000009 6.233846153846154 0.010000000000000009 0.4595 9.0 0.009999999999999787 0.14417910447761195 9.0 0.009999999999999787 1.2942857142857143 0.0100899 
0.009999999999999787 9.0 7.998323699421965 0.009999999999999787 0.010000000000000009 7.616923076923077 5.62875 5.741125 0.009999999999999787 0.009999999999999787 0.14417910447761195 0.009999999999999787 0.009999999999999787 0.01 0.0197991 
0.009999999999999787 1.6332764281024295 0.20352601156069366 0.009999999999999787 0.010000000000000009 3.4676923076923076 7.876250000000001 0.01 9.0 9.0 0.01 9.0 0.009999999999999787 1.0802380952380952 0.01 
9.0 2.1379678266579125 1.9810982658959537 0.009999999999999787 0.010000000000000009 3.4676923076923076 0.010000000000000009 2.4822499999999996 9.0 9.0 0.01 0.009999999999999787 9.0 1.0802380952380952 0.01 
0.009999999999999787 5.421413328956008 2.339479768786127 0.009999999999999787 0.010000000000000009 3.4676923076923076 0.010000000000000009 2.837355 0.009999999999999787 0.009999999999999787 2.022686567164179 9.0 0.009999999999999787 0.01 1.0170598 
0.009999999999999787 1.1300607353906766 0.21965317919075145 0.009999999999999787 0.010000000000000009 0.010000000000000009 1.13375 0.04820750000000001 0.009999999999999787 9.0 0.01 9.0 0.009999999999999787 1.9364285714285716 0.01 
9.0 6.663957649376232 1.801907514450867 0.009999999999999787 0.010000000000000009 8.308461538461538 0.010000000000000009 1.808 0.009999999999999787 0.009999999999999787 0.5467164179104478 9.0 0.009999999999999787 0.01 0.018900100000000003 
9.0 0.010000000000000231 0.21965317919075145 0.009999999999999787 0.010000000000000009 0.010000000000000009 1.13375 0.68425 0.009999999999999787 0.009999999999999787 0.2783582089552239 9.0 0.009999999999999787 1.0802380952380952 0.01 
0.009999999999999787 4.794238345370978 9.0 0.009999999999999787 0.010000000000000009 6.233846153846154 0.010000000000000009 0.796625 0.009999999999999787 0.009999999999999787 0.41253731343283584 9.0 0.009999999999999787 1.2942857142857143 0.0112586 
0.009999999999999787 1.4620945502298102 0.8020231213872832 4.505 0.909 8.308461538461538 0.010000000000000009 1.808 0.009999999999999787 9.0 0.01 9.0 0.009999999999999787 2.022047619047619 0.01 
9.0 5.0893795141168745 0.3092485549132948 0.009999999999999787 0.010000000000000009 8.308461538461538 0.010000000000000009 0.23475000000000001 9.0 9.0 0.01 0.009999999999999787 0.009999999999999787 2.5785714285714283 0.0205183 
0.009999999999999787 1.411920551543007 0.21786127167630057 0.009999999999999787 0.010000000000000009 0.010000000000000009 0.010000000000000009 0.140355 0.009999999999999787 0.009999999999999787 0.9492537313432836 0.009999999999999787 0.009999999999999787 1.0374285714285716 0.4706476 
0.009999999999999787 5.2487557452396585 3.5938150289017337 0.009999999999999787 0.010000000000000009 2.0846153846153848 2.2575 0.01 0.009999999999999787 0.009999999999999787 1.4859701492537314 9.0 0.009999999999999787 0.01 0.1222851 
0.009999999999999787 0.0719796454366386 0.3092485549132948 0.009999999999999787 0.010000000000000009 4.15923076923077 0.010000000000000009 0.04820750000000001 0.009999999999999787 9.0 0.01 9.0 9.0 2.15047619047619 0.01 
0.009999999999999787 1.2643499671700593 2.3842774566473985 4.505 0.909 0.7015384615384616 0.010000000000000009 2.4822499999999996 0.009999999999999787 9.0 0.01 0.009999999999999787 9.0 1.0802380952380952 0.01 
0.009999999999999787 4.3397209455022985 0.5475722543352601 0.009999999999999787 0.010000000000000009 0.010000000000000009 0.010000000000000009 1.13375 0.009999999999999787 9.0 0.01 0.009999999999999787 0.009999999999999787 1.5083333333333333 0.01 
0.009999999999999787 2.444914642153644 2.6978612716763 0.009999999999999787 0.010000000000000009 7.616923076923077 2.2575 0.7224575 0.009999999999999787 9.0 0.01 0.009999999999999787 9.0 4.505 0.01 
9.0 4.561076822061721 0.17485549132947978 0.009999999999999787 0.010000000000000009 6.9253846153846155 1.13375 0.1965425 0.009999999999999787 0.009999999999999787 1.4859701492537314 0.009999999999999787 0.009999999999999787 4.719047619047619 0.0105394 
0.009999999999999787 1.1418663821405124 1.1442774566473988 4.505 0.909 3.4676923076923076 0.010000000000000009 0.1965425 9.0 0.009999999999999787 0.14417910447761195 0.009999999999999787 0.009999999999999787 3.0066666666666664 0.017192 
0.009999999999999787 3.0853709783322394 1.5922543352601155 4.505 0.909 3.4676923076923076 0.010000000000000009 0.122375 0.009999999999999787 0.009999999999999787 1.3517910447761194 0.009999999999999787 0.009999999999999787 3.4347619047619045 0.01 
0.009999999999999787 8.508589954038083 6.3712716763005774 0.009999999999999787 0.010000000000000009 9.0 7.876250000000001 0.01 0.009999999999999787 9.0 0.01 0.009999999999999787 0.009999999999999787 0.01 0.01 
9.0 1.3012426132632964 0.2501156069364162 0.009999999999999787 0.010000000000000009 8.308461538461538 1.13375 0.796625 0.009999999999999787 9.0 0.01 9.0 0.009999999999999787 4.290952380952381 0.01 
9.0 0.9824901510177289 4.04179190751445 4.505 0.909 6.9253846153846155 1.13375 0.347125 0.009999999999999787 0.009999999999999787 0.5467164179104478 9.0 0.009999999999999787 0.01 0.0388579 
9.0 1.7439543663821402 1.0851445086705203 0.009999999999999787 0.010000000000000009 4.15923076923077 0.010000000000000009 1.264105 9.0 0.009999999999999787 0.14417910447761195 0.009999999999999787 0.009999999999999787 3.0066666666666664 0.010899 
0.009999999999999787 3.429210439921208 1.801907514450867 0.009999999999999787 0.010000000000000009 6.9253846153846155 0.010000000000000009 1.58325 0.009999999999999787 0.009999999999999787 1.3517910447761194 0.009999999999999787 0.009999999999999787 0.01 0.01 
9.0 1.3632222586999347 0.3235838150289017 0.009999999999999787 0.010000000000000009 6.9253846153846155 1.13375 0.47748 0.009999999999999787 9.0 0.01 0.009999999999999787 0.009999999999999787 1.7223809523809523 0.536814 
0.009999999999999787 1.6952560735390678 0.23398843930635838 0.009999999999999787 0.010000000000000009 8.308461538461538 0.010000000000000009 0.21452250000000003 0.009999999999999787 9.0 0.01 0.009999999999999787 0.009999999999999787 2.15047619047619 0.01 
0.009999999999999787 1.09316808929744 3.9969942196531787 0.009999999999999787 0.010000000000000009 6.9253846153846155 1.13375 0.21677000000000002 0.009999999999999787 0.009999999999999787 0.14417910447761195 9.0 0.009999999999999787 1.0802380952380952 0.01 
0.009999999999999787 2.5688739330269215 0.38271676300578034 0.009999999999999787 0.010000000000000009 4.850769230769231 1.13375 2.93175 0.009999999999999787 9.0 0.01 0.009999999999999787 0.009999999999999787 1.7651904761904762 2.8225214999999997 
0.009999999999999787 0.9692087984241629 3.952196531791907 0.009999999999999787 0.010000000000000009 6.233846153846154 0.010000000000000009 0.909 0.009999999999999787 0.009999999999999787 0.14417910447761195 9.0 0.009999999999999787 0.8661904761904762 0.0349922 
0.009999999999999787 1.1787590282337495 0.15872832369942197 4.505 0.909 0.010000000000000009 0.010000000000000009 0.027979999999999998 9.0 0.009999999999999787 0.2783582089552239 9.0 0.009999999999999787 1.379904761904762 0.0105394 
9.0 0.7478529218647405 0.1891907514450867 4.505 0.909 7.616923076923077 6.7524999999999995 0.4595 9.0 9.0 0.01 9.0 0.009999999999999787 2.7926190476190476 0.01 
9.0 3.3185325016414975 2.1602890173410403 0.009999999999999787 0.010000000000000009 3.4676923076923076 0.010000000000000009 0.4595 0.009999999999999787 9.0 0.01 0.009999999999999787 0.009999999999999787 0.01 0.01 
0.009999999999999787 2.8271224556795804 1.801907514450867 0.009999999999999787 0.010000000000000009 6.9253846153846155 1.13375 3.3812499999999996 0.009999999999999787 0.009999999999999787 0.8150746268656717 0.009999999999999787 0.009999999999999787 0.01 0.0999 
0.009999999999999787 1.4488131976362442 0.1300578034682081 0.009999999999999787 0.010000000000000009 3.4676923076923076 1.13375 1.58325 9.0 9.0 0.01 0.009999999999999787 0.009999999999999787 3.6488095238095237 0.01 
0.009999999999999787 1.1418663821405124 0.9955491329479769 0.009999999999999787 0.010000000000000009 9.0 7.876250000000001 2.03275 9.0 9.0 0.01 9.0 0.009999999999999787 1.7223809523809523 0.0122475 
9.0 1.7572357189757062 0.7410982658959537 0.009999999999999787 0.010000000000000009 6.233846153846154 0.010000000000000009 0.122375 9.0 9.0 0.01 0.009999999999999787 0.009999999999999787 1.9364285714285716 0.014495000000000001 
0.009999999999999787 1.6952560735390678 0.5780346820809248 0.009999999999999787 0.010000000000000009 6.9253846153846155 1.13375 0.8348325 0.009999999999999787 0.009999999999999787 1.6201492537313433 0.009999999999999787 0.009999999999999787 6.249488095238095 0.0740987 
0.009999999999999787 1.019382797110966 0.5780346820809248 4.505 0.909 6.233846153846154 0.010000000000000009 1.3967075 0.009999999999999787 0.009999999999999787 0.8150746268656717 9.0 0.009999999999999787 0.8661904761904762 0.01 
9.0 2.3962163493105715 2.1602890173410403 0.009999999999999787 0.010000000000000009 0.7015384615384616 0.010000000000000009 0.571875 9.0 9.0 0.01 9.0 0.009999999999999787 2.921047619047619 0.01 
0.009999999999999787 3.945707485226527 1.7714450867052023 4.505 0.909 6.233846153846154 0.010000000000000009 1.4326675 0.009999999999999787 9.0 0.01 0.009999999999999787 0.009999999999999787 0.5665238095238095 0.1396358 
0.009999999999999787 2.075988181221274 1.2643352601156068 0.009999999999999787 0.010000000000000009 0.010000000000000009 0.010000000000000009 0.0841675 9.0 9.0 0.01 9.0 0.009999999999999787 2.3217142857142856 0.01 
0.009999999999999787 0.4158191070256074 2.05635838150289 0.009999999999999787 0.010000000000000009 0.7015384615384616 0.010000000000000009 0.25273 9.0 9.0 0.01 9.0 0.009999999999999787 1.2942857142857143 0.01 
0.009999999999999787 0.7242416283650694 0.45797687861271674 4.505 0.909 0.010000000000000009 1.13375 0.6280625 0.009999999999999787 0.009999999999999787 0.41253731343283584 0.009999999999999787 0.009999999999999787 1.5083333333333333 0.028879000000000002 
9.0 1.8915249507550884 1.3539306358381502 0.009999999999999787 0.010000000000000009 0.010000000000000009 0.010000000000000009 0.122375 9.0 0.009999999999999787 0.14417910447761195 0.009999999999999787 0.009999999999999787 0.4380952380952381 0.0238446 
9.0 0.5515840446487199 0.0691329479768786 0.009999999999999787 0.010000000000000009 5.542307692307692 0.010000000000000009 0.027979999999999998 9.0 9.0 0.01 0.009999999999999787 0.009999999999999787 4.076904761904762 0.01 
0.009999999999999787 1.388309258043336 2.1602890173410403 0.009999999999999787 0.010000000000000009 0.010000000000000009 0.010000000000000009 0.4595 0.009999999999999787 0.009999999999999787 0.41253731343283584 9.0 0.009999999999999787 0.01 0.01 
0.009999999999999787 1.7203430728824696 4.489768786127168 0.009999999999999787 0.010000000000000009 8.308461538461538 2.2575 0.122375 9.0 9.0 0.01 0.009999999999999787 0.009999999999999787 7.715714285714286 0.01 
0.009999999999999787 0.9323161523309258 3.952196531791907 0.009999999999999787 0.010000000000000009 6.9253846153846155 0.010000000000000009 0.3089175 0.009999999999999787 9.0 0.01 9.0 0.009999999999999787 1.0802380952380952 0.01 
0.009999999999999787 6.207964543663821 2.5330057803468207 0.009999999999999787 0.010000000000000009 4.15923076923077 0.010000000000000009 6.303 0.009999999999999787 0.009999999999999787 0.8150746268656717 0.009999999999999787 0.009999999999999787 3.862857142857143 0.1297468 
0.009999999999999787 1.941698949441892 5.385722543352601 0.009999999999999787 0.010000000000000009 0.010000000000000009 1.13375 2.4080825 0.009999999999999787 0.009999999999999787 1.4859701492537314 9.0 0.009999999999999787 0.01 0.2152417 
0.009999999999999787 4.314633946158897 3.0562427745664738 0.009999999999999787 0.010000000000000009 6.9253846153846155 1.13375 6.303 0.009999999999999787 0.009999999999999787 0.14417910447761195 0.009999999999999787 0.009999999999999787 0.9518095238095239 0.18980000000000002 
0.009999999999999787 1.4620945502298102 1.1747398843930636 0.009999999999999787 0.010000000000000009 0.010000000000000009 1.13375 1.039355 9.0 0.009999999999999787 0.14417910447761195 0.009999999999999787 0.009999999999999787 4.462190476190476 0.0118879 
0.009999999999999787 2.864015101772817 1.6227167630057804 0.009999999999999787 0.010000000000000009 6.9253846153846155 1.13375 2.5946249999999997 9.0 9.0 0.01 0.009999999999999787 9.0 7.6193928571428575 0.01 
0.009999999999999787 1.473900196979646 0.1891907514450867 0.009999999999999787 0.010000000000000009 0.010000000000000009 0.010000000000000009 0.66627 0.009999999999999787 0.009999999999999787 0.6808955223880597 0.009999999999999787 0.009999999999999787 3.349142857142857 0.01 
0.009999999999999787 3.7494386080105064 0.45797687861271674 4.505 0.909 6.233846153846154 0.010000000000000009 0.122375 9.0 9.0 0.01 9.0 0.009999999999999787 0.01 0.0275305 
0.009999999999999787 0.6504563361785953 2.025895953757225 0.009999999999999787 0.010000000000000009 6.233846153846154 0.010000000000000009 0.778645 0.009999999999999787 9.0 0.01 9.0 9.0 1.2942857142857143 0.01 
0.009999999999999787 2.8020354563361787 5.385722543352601 0.009999999999999787 0.010000000000000009 4.850769230769231 4.505000000000001 2.4260625 0.009999999999999787 0.009999999999999787 1.2176119402985075 0.009999999999999787 0.009999999999999787 0.01 0.0220466 
9.0 1.2894369665134606 0.38271676300578034 4.505 0.909 9.0 7.876250000000001 0.23475000000000001 0.009999999999999787 0.009999999999999787 0.41253731343283584 9.0 0.009999999999999787 1.9364285714285716 0.0232153 
0.009999999999999787 1.2038460275771508 0.24832369942196533 0.009999999999999787 0.010000000000000009 0.010000000000000009 0.010000000000000009 0.0841675 9.0 9.0 0.01 9.0 0.009999999999999787 1.0802380952380952 0.01 
0.009999999999999787 2.617572225869994 0.6371676300578034 0.009999999999999787 0.010000000000000009 6.9253846153846155 1.13375 2.03275 0.009999999999999787 0.009999999999999787 0.5467164179104478 0.009999999999999787 0.009999999999999787 2.717702380952381 0.08704429999999999 
0.009999999999999787 2.2855384110308608 0.4131791907514451 0.009999999999999787 0.010000000000000009 9.0 7.876250000000001 0.01 9.0 0.009999999999999787 0.14417910447761195 9.0 0.009999999999999787 1.0374285714285716 0.0117081 
9.0 1.3263296126066977 4.489768786127168 0.009999999999999787 0.010000000000000009 8.308461538461538 0.010000000000000009 0.68425 0.009999999999999787 0.009999999999999787 1.6201492537313433 0.009999999999999787 0.009999999999999787 1.2942857142857143 0.0609733 
9.0 3.7243516086671047 0.7410982658959537 4.505 0.909 5.542307692307692 1.13375 0.0661875 0.009999999999999787 0.009999999999999787 3.0961194029850745 0.009999999999999787 0.009999999999999787 4.879583333333334 0.1211164 
0.009999999999999787 2.2235587655942215 0.01 0.009999999999999787 0.010000000000000009 6.233846153846154 0.010000000000000009 0.571875 0.009999999999999787 0.009999999999999787 0.14417910447761195 9.0 0.009999999999999787 2.171880952380952 0.01 
0.009999999999999787 0.7729399212081423 1.7266473988439306 4.505 0.909 6.233846153846154 0.010000000000000009 1.0213750000000001 0.009999999999999787 0.009999999999999787 0.14417910447761195 0.009999999999999787 0.009999999999999787 0.8661904761904762 0.03697 
0.009999999999999787 0.4777987524622458 0.01 4.505 0.909 9.0 7.876250000000001 0.01 9.0 0.009999999999999787 0.5467164179104478 9.0 0.009999999999999787 0.4916071428571429 0.0100899 
0.009999999999999787 1.5358798424162843 0.09959537572254334 0.009999999999999787 0.010000000000000009 2.0846153846153848 2.2575 0.01 0.009999999999999787 9.0 0.01 0.009999999999999787 0.009999999999999787 0.01 0.01 
0.009999999999999787 6.454407419566645 0.9955491329479769 0.009999999999999787 0.010000000000000009 6.233846153846154 0.010000000000000009 0.796625 0.009999999999999787 0.009999999999999787 0.6808955223880597 0.009999999999999787 0.009999999999999787 0.6521428571428571 0.0152142 
0.009999999999999787 0.6991546290216681 0.8754913294797688 0.009999999999999787 0.010000000000000009 0.010000000000000009 0.010000000000000009 0.909 0.009999999999999787 0.009999999999999787 1.4859701492537314 0.009999999999999787 0.009999999999999787 2.15047619047619 0.2797 
9.0 1.37502790544977 0.9202890173410404 4.505 0.909 8.308461538461538 0.010000000000000009 0.122375 0.009999999999999787 9.0 0.01 0.009999999999999787 0.009999999999999787 3.969880952380952 0.01 
0.009999999999999787 1.941698949441892 0.14439306358381504 0.009999999999999787 0.010000000000000009 0.010000000000000009 0.010000000000000009 0.140355 9.0 9.0 0.01 9.0 0.009999999999999787 2.3645238095238095 0.022586000000000002 
9.0 6.613783650689428 5.923294797687861 0.009999999999999787 0.010000000000000009 5.542307692307692 0.010000000000000009 4.9544999999999995 0.009999999999999787 9.0 0.01 0.009999999999999787 0.009999999999999787 0.23475000000000001 0.9594339000000001 
0.009999999999999787 6.023501313197635 6.640057803468208 0.009999999999999787 0.010000000000000009 0.7015384615384616 2.2575 6.7524999999999995 0.009999999999999787 0.009999999999999787 2.291044776119403 0.009999999999999787 0.009999999999999787 0.01 0.01 
0.009999999999999787 1.842826657912016 1.8467052023121386 0.009999999999999787 0.010000000000000009 6.9253846153846155 0.010000000000000009 2.1451249999999997 0.009999999999999787 0.009999999999999787 0.2783582089552239 9.0 0.009999999999999787 4.505 0.0106293 
0.009999999999999787 0.5397783978988842 2.608265895953757 0.009999999999999787 0.010000000000000009 4.15923076923077 0.010000000000000009 0.027979999999999998 9.0 0.009999999999999787 0.14417910447761195 9.0 0.009999999999999787 1.0802380952380952 0.0100899 
0.009999999999999787 1.1049737360472753 0.3683815028901734 0.009999999999999787 0.010000000000000009 0.010000000000000009 0.010000000000000009 0.3853325 0.009999999999999787 9.0 0.01 9.0 9.0 3.2207142857142856 0.01 
0.009999999999999787 1.3632222586999347 4.489768786127168 0.009999999999999787 0.010000000000000009 8.308461538461538 0.010000000000000009 1.3585 0.009999999999999787 9.0 0.01 0.009999999999999787 9.0 0.22404761904761905 0.01 
0.009999999999999787 1.6096651346027584 0.9812138728323699 4.505 0.909 6.9253846153846155 0.010000000000000009 2.369875 0.009999999999999787 0.009999999999999787 0.14417910447761195 9.0 0.009999999999999787 2.268202380952381 0.01 
9.0 0.7360472751149052 3.4289595375722537 0.009999999999999787 0.010000000000000009 2.0846153846153848 0.010000000000000009 0.027979999999999998 9.0 9.0 0.01 9.0 0.009999999999999787 2.15047619047619 0.0999 
0.009999999999999787 5.926104727511491 4.131387283236994 0.009999999999999787 0.010000000000000009 9.0 7.876250000000001 2.2575 0.009999999999999787 0.009999999999999787 0.6808955223880597 9.0 0.009999999999999787 0.01 0.8057049000000001 
0.009999999999999787 1.4620945502298102 0.11393063583815027 4.505 0.909 0.010000000000000009 0.010000000000000009 0.68425 9.0 9.0 0.01 0.009999999999999787 0.009999999999999787 1.7223809523809523 0.01 
0.009999999999999787 4.769151346027577 2.174624277456647 0.009999999999999787 0.010000000000000009 3.4676923076923076 0.010000000000000009 0.027979999999999998 9.0 9.0 0.01 9.0 0.009999999999999787 0.01 0.251831 
0.009999999999999787 5.2620370978332245 0.024335260115606938 0.009999999999999787 0.010000000000000009 6.9253846153846155 1.13375 0.027979999999999998 0.009999999999999787 9.0 0.01 9.0 0.009999999999999787 0.01 0.2797 
9.0 6.0116956664478005 5.744104046242774 0.009999999999999787 0.010000000000000009 2.7761538461538464 7.876250000000001 0.01 0.009999999999999787 0.009999999999999787 2.022686567164179 9.0 0.009999999999999787 0.01 0.0322053 
0.009999999999999787 2.716444517399869 1.8915028901734103 0.009999999999999787 0.010000000000000009 6.233846153846154 0.010000000000000009 0.04820750000000001 9.0 9.0 0.01 0.009999999999999787 0.009999999999999787 3.113690476190476 0.0105394 
0.009999999999999787 0.8216382140512146 2.6978612716763 0.009999999999999787 0.010000000000000009 8.308461538461538 0.010000000000000009 0.6460425000000001 0.009999999999999787 0.009999999999999787 0.14417910447761195 9.0 0.009999999999999787 0.8661904761904762 0.89102 
9.0 2.949606040709127 0.3379190751445087 0.009999999999999787 0.010000000000000009 8.308461538461538 0.010000000000000009 0.347125 0.009999999999999787 0.009999999999999787 0.5467164179104478 9.0 0.009999999999999787 0.01 0.15231170000000002 
0.009999999999999787 0.19446323046618508 0.04046242774566474 4.505 0.909 0.010000000000000009 0.010000000000000009 0.027979999999999998 9.0 9.0 0.01 9.0 0.009999999999999787 1.5083333333333333 0.0749078 
0.009999999999999787 2.6293778726198296 0.1300578034682081 4.505 0.909 6.9253846153846155 0.010000000000000009 0.04820750000000001 9.0 9.0 0.01 9.0 0.009999999999999787 1.9364285714285716 0.01 
9.0 1.8679136572554178 1.2643352601156068 0.009999999999999787 0.010000000000000009 6.233846153846154 0.010000000000000009 0.3853325 0.009999999999999787 9.0 0.01 9.0 9.0 3.0066666666666664 0.01 
9.0 1.056275443204203 4.161849710982659 0.009999999999999787 0.010000000000000009 6.9253846153846155 0.010000000000000009 0.027979999999999998 0.009999999999999787 9.0 0.01 9.0 0.009999999999999787 0.8661904761904762 0.1312751 
0.009999999999999787 1.3012426132632964 0.45797687861271674 0.009999999999999787 0.010000000000000009 0.010000000000000009 0.010000000000000009 0.122375 9.0 9.0 0.01 9.0 0.009999999999999787 1.1872619047619049 0.01 
0.009999999999999787 1.8059340118187786 1.0851445086705203 0.009999999999999787 0.010000000000000009 6.233846153846154 0.010000000000000009 0.347125 9.0 9.0 0.01 0.009999999999999787 0.009999999999999787 3.2207142857142856 0.0160233 
0.009999999999999787 0.5766710439921212 3.5938150289017337 4.505 0.909 3.4676923076923076 1.13375 0.3853325 0.009999999999999787 9.0 0.01 0.009999999999999787 0.009999999999999787 1.5083333333333333 0.01 
0.009999999999999787 2.199947472094551 0.9059537572254335 0.009999999999999787 0.010000000000000009 6.9253846153846155 1.13375 1.0213750000000001 9.0 9.0 0.01 0.009999999999999787 9.0 3.6488095238095237 0.01 
0.009999999999999787 0.9087048588312547 0.1891907514450867 0.009999999999999787 0.010000000000000009 0.010000000000000009 0.010000000000000009 0.0661875 9.0 9.0 0.01 9.0 0.009999999999999787 3.862857142857143 0.01 
0.009999999999999787 2.506894287590282 0.8468208092485549 0.009999999999999787 0.010000000000000009 0.7015384615384616 1.13375 2.5946249999999997 9.0 9.0 0.01 0.009999999999999787 0.009999999999999787 3.135095238095238 0.01 
0.009999999999999787 2.4080219960604072 1.4435260115606936 4.505 0.909 6.9253846153846155 0.010000000000000009 0.68425 9.0 9.0 0.01 0.009999999999999787 0.009999999999999787 1.2942857142857143 0.01 
0.009999999999999787 2.691357518056468 1.6227167630057804 0.009999999999999787 0.010000000000000009 8.308461538461538 0.010000000000000009 0.4595 0.009999999999999787 9.0 0.01 0.009999999999999787 0.009999999999999787 2.5785714285714283 0.01 
0.009999999999999787 3.4661030860144457 3.414624277456647 0.009999999999999787 0.010000000000000009 4.15923076923077 0.010000000000000009 2.93175 0.009999999999999787 0.009999999999999787 1.8885074626865672 9.0 0.009999999999999787 2.5785714285714283 0.4241693 
0.009999999999999787 2.506894287590282 0.5475722543352601 0.009999999999999787 0.010000000000000009 6.9253846153846155 1.13375 2.4822499999999996 0.009999999999999787 0.009999999999999787 0.41253731343283584 0.009999999999999787 0.009999999999999787 0.01 0.01 
0.009999999999999787 3.8350295469468154 0.3540462427745665 0.009999999999999787 0.010000000000000009 6.9253846153846155 0.010000000000000009 1.13375 0.009999999999999787 9.0 0.01 9.0 0.009999999999999787 5.468214285714286 0.06394 
0.009999999999999787 0.06017399868680284 0.024335260115606938 0.009999999999999787 0.010000000000000009 0.010000000000000009 0.010000000000000009 0.027979999999999998 9.0 9.0 0.01 9.0 0.009999999999999787 0.01 0.01 
9.0 0.31842252133946225 0.20352601156069366 0.009999999999999787 0.010000000000000009 0.010000000000000009 0.010000000000000009 0.796625 9.0 0.009999999999999787 0.14417910447761195 0.009999999999999787 0.009999999999999787 0.8661904761904762 0.0104495 
0.009999999999999787 3.5649753775443207 2.2355491329479764 0.009999999999999787 0.010000000000000009 5.542307692307692 0.010000000000000009 0.027979999999999998 0.009999999999999787 0.009999999999999787 0.14417910447761195 9.0 0.009999999999999787 2.15047619047619 0.03697 
0.009999999999999787 2.0523768877216026 0.27878612716763007 4.505 0.909 0.010000000000000009 0.010000000000000009 0.027979999999999998 9.0 9.0 0.01 9.0 0.009999999999999787 2.5785714285714283 0.01 
0.009999999999999787 1.5358798424162843 0.3092485549132948 0.009999999999999787 0.010000000000000009 6.9253846153846155 0.010000000000000009 0.5336675000000001 9.0 9.0 0.01 9.0 0.009999999999999787 1.0802380952380952 0.01 
9.0 1.2894369665134606 0.1891907514450867 0.009999999999999787 0.010000000000000009 5.542307692307692 1.13375 0.68425 0.009999999999999787 9.0 0.01 9.0 0.009999999999999787 3.0066666666666664 0.0840776 
9.0 2.027289888378201 0.17485549132947978 0.009999999999999787 0.010000000000000009 3.4676923076923076 0.010000000000000009 0.25273 0.009999999999999787 0.009999999999999787 0.5467164179104478 9.0 0.009999999999999787 4.076904761904762 0.054950000000000006 
0.009999999999999787 2.5437869336835197 0.9059537572254335 4.505 0.909 6.233846153846154 0.010000000000000009 3.1565 9.0 9.0 0.01 0.009999999999999787 0.009999999999999787 3.0066666666666664 0.01 
0.009999999999999787 2.2117531188443866 0.5780346820809248 0.009999999999999787 0.010000000000000009 0.7015384615384616 0.010000000000000009 0.2729575 9.0 9.0 0.01 0.009999999999999787 9.0 0.01 0.01 
9.0 1.7572357189757062 0.5475722543352601 0.009999999999999787 0.010000000000000009 4.15923076923077 0.010000000000000009 0.909 0.009999999999999787 9.0 0.01 9.0 9.0 3.9484761904761903 0.01 
0.009999999999999787 5.704748850952069 0.1891907514450867 4.505 0.909 3.4676923076923076 1.13375 1.79002 0.009999999999999787 9.0 0.01 9.0 0.009999999999999787 1.9364285714285716 0.0382286 
9.0 1.042994090610637 0.8306936416184971 0.009999999999999787 0.010000000000000009 5.542307692307692 1.13375 1.039355 0.009999999999999787 0.009999999999999787 0.9492537313432836 0.009999999999999787 0.009999999999999787 1.5083333333333333 0.2243216 
0.009999999999999787 4.1670633617859485 0.7267630057803468 0.009999999999999787 0.010000000000000009 4.15923076923077 0.010000000000000009 0.796625 0.009999999999999787 0.009999999999999787 0.2783582089552239 0.009999999999999787 0.009999999999999787 0.01 0.011348500000000001 
0.009999999999999787 1.2274573210768223 3.2354335260115605 0.009999999999999787 0.010000000000000009 8.308461538461538 0.010000000000000009 0.122375 9.0 9.0 0.01 0.009999999999999787 0.009999999999999787 0.01 0.01 
9.0 1.1418663821405124 0.5475722543352601 0.009999999999999787 0.010000000000000009 6.233846153846154 0.010000000000000009 0.4033125 9.0 9.0 0.01 0.009999999999999787 0.009999999999999787 1.7223809523809523 0.01 
0.009999999999999787 2.716444517399869 3.29635838150289 0.009999999999999787 0.010000000000000009 0.010000000000000009 0.010000000000000009 2.03275 0.009999999999999787 0.009999999999999787 1.6201492537313433 0.009999999999999787 0.009999999999999787 0.01 0.029867900000000003 
0.009999999999999787 2.2486457649376232 0.7572254335260116 0.009999999999999787 0.010000000000000009 0.010000000000000009 0.010000000000000009 0.04820750000000001 9.0 9.0 0.01 9.0 0.009999999999999787 3.2207142857142856 0.01 
9.0 0.10887229152987565 0.45797687861271674 0.009999999999999787 0.010000000000000009 5.542307692307692 0.010000000000000009 0.122375 9.0 0.009999999999999787 0.14417910447761195 9.0 0.009999999999999787 1.165857142857143 0.0188102 
9.0 2.5806795797767563 1.0851445086705203 4.505 0.909 8.308461538461538 0.010000000000000009 0.909 9.0 9.0 0.01 9.0 0.009999999999999787 1.9364285714285716 0.01 
0.009999999999999787 4.044579776756402 1.801907514450867 0.009999999999999787 0.010000000000000009 2.0846153846153848 2.2575 1.0213750000000001 9.0 9.0 0.01 0.009999999999999787 0.009999999999999787 1.5190357142857143 0.01 
0.009999999999999787 0.9455975049244918 0.21965317919075145 4.505 0.909 9.0 7.876250000000001 0.01 9.0 9.0 0.01 9.0 0.009999999999999787 1.0802380952380952 0.01 
0.009999999999999787 3.097176625082075 0.05479768786127168 4.505 0.909 0.010000000000000009 0.010000000000000009 0.68425 9.0 9.0 0.01 0.009999999999999787 0.009999999999999787 2.492952380952381 0.0201587 
0.009999999999999787 2.6426592252133947 0.7858959537572254 0.009999999999999787 0.010000000000000009 0.010000000000000009 0.010000000000000009 0.68425 9.0 9.0 0.01 9.0 4.505 1.2942857142857143 0.01 
0.009999999999999787 0.8954235062376887 3.952196531791907 0.009999999999999787 0.010000000000000009 6.9253846153846155 0.010000000000000009 0.140355 0.009999999999999787 0.009999999999999787 0.8150746268656717 9.0 0.009999999999999787 1.3049880952380952 0.01 
9.0 1.019382797110966 0.27878612716763007 0.009999999999999787 0.010000000000000009 0.010000000000000009 0.010000000000000009 0.909 9.0 0.009999999999999787 0.2783582089552239 0.009999999999999787 0.009999999999999787 2.15047619047619 0.045420600000000005 
9.0 3.3303381483913332 1.5922543352601155 0.009999999999999787 0.010000000000000009 0.010000000000000009 0.010000000000000009 0.0661875 9.0 9.0 0.01 9.0 0.009999999999999787 1.7223809523809523 0.01 
0.009999999999999787 0.2564428759028239 7.894393063583815 9.0 9.0 9.0 9.0 0.01 9.0 9.0 0.01 0.009999999999999787 4.505 4.826071428571429 9.0 
0.009999999999999787 0.4527117531188445 0.01 0.009999999999999787 0.010000000000000009 5.542307692307692 0.010000000000000009 0.3089175 9.0 9.0 0.01 9.0 0.009999999999999787 1.7223809523809523 0.0100899 
9.0 0.5633896913985557 0.24832369942196533 0.009999999999999787 0.010000000000000009 6.233846153846154 0.010000000000000009 0.7584175000000001 9.0 9.0 0.01 9.0 0.009999999999999787 2.3645238095238095 0.0104495 
9.0 2.2855384110308608 1.3539306358381502 0.009999999999999787 0.010000000000000009 6.9253846153846155 1.13375 0.2909375 0.009999999999999787 0.009999999999999787 1.2176119402985075 0.009999999999999787 0.009999999999999787 1.9471309523809526 0.01 
0.009999999999999787 4.203956007879186 0.1891907514450867 0.009999999999999787 0.010000000000000009 4.15923076923077 0.010000000000000009 4.842125 0.009999999999999787 9.0 0.01 9.0 9.0 4.290952380952381 0.01 
9.0 0.9942957977675642 3.952196531791907 4.505 0.909 5.542307692307692 0.010000000000000009 1.3585 0.009999999999999787 9.0 0.01 0.009999999999999787 0.009999999999999787 2.8782380952380953 0.01 
0.009999999999999787 0.9455975049244918 0.8163583815028902 0.009999999999999787 0.010000000000000009 2.0846153846153848 0.010000000000000009 0.0661875 9.0 9.0 0.01 9.0 0.009999999999999787 1.7223809523809523 0.010899 
0.009999999999999787 0.7980269205515436 0.09959537572254334 4.505 0.909 0.010000000000000009 1.13375 0.122375 9.0 9.0 0.01 9.0 0.009999999999999787 3.0066666666666664 0.0283396 
0.009999999999999787 4.019492777413001 0.11393063583815027 4.505 0.909 6.9253846153846155 1.13375 0.796625 0.009999999999999787 0.009999999999999787 1.0834328358208956 9.0 0.009999999999999787 1.0802380952380952 0.0437125 
0.009999999999999787 2.5688739330269215 1.099479768786127 4.505 0.909 0.010000000000000009 1.13375 0.92698 0.009999999999999787 0.009999999999999787 0.14417910447761195 0.009999999999999787 0.009999999999999787 1.9364285714285716 1.6306273 
9.0 0.9574031516743271 0.45797687861271674 4.505 0.909 9.0 7.876250000000001 1.4708750000000002 9.0 9.0 0.01 9.0 0.009999999999999787 3.0066666666666664 0.01 
0.009999999999999787 0.7847455679579776 1.4883236994219653 4.505 0.909 2.0846153846153848 1.13375 0.027979999999999998 9.0 9.0 0.01 9.0 0.009999999999999787 1.5083333333333333 0.01899 
0.009999999999999787 3.9826001313197636 1.0851445086705203 0.009999999999999787 0.010000000000000009 2.0846153846153848 2.2575 0.4595 0.009999999999999787 9.0 0.01 9.0 0.009999999999999787 0.01 0.027979999999999998 
9.0 0.8836178594878534 0.6371676300578034 4.505 0.909 2.7761538461538464 3.38125 0.01 9.0 9.0 0.01 9.0 0.009999999999999787 1.7223809523809523 0.01 
9.0 3.441016086671044 1.4435260115606936 0.009999999999999787 0.010000000000000009 0.010000000000000009 0.010000000000000009 1.3585 9.0 9.0 0.01 9.0 0.009999999999999787 5.147142857142857 0.01 
9.0 7.2911326329612605 5.027341040462427 0.009999999999999787 0.010000000000000009 9.0 7.876250000000001 0.01 0.009999999999999787 0.009999999999999787 1.4859701492537314 0.009999999999999787 0.009999999999999787 0.01 0.13586 
0.009999999999999787 4.708647406434669 0.9059537572254335 0.009999999999999787 0.010000000000000009 4.15923076923077 2.2575 1.13375 0.009999999999999787 0.009999999999999787 1.6201492537313433 0.009999999999999787 0.009999999999999787 4.39797619047619 0.23564900000000003 
0.009999999999999787 0.7360472751149052 1.8323699421965318 4.505 0.909 2.7761538461538464 0.010000000000000009 0.140355 9.0 9.0 0.01 9.0 0.009999999999999787 1.5083333333333333 0.0265416 
0.009999999999999787 1.6214707813525937 0.4131791907514451 0.009999999999999787 0.010000000000000009 6.9253846153846155 1.13375 0.571875 0.009999999999999787 9.0 0.01 9.0 0.009999999999999787 0.01 0.4862902 
9.0 0.5028857518056475 0.21965317919075145 4.505 0.909 8.308461538461538 0.010000000000000009 0.2729575 0.009999999999999787 9.0 0.01 0.009999999999999787 0.009999999999999787 1.7223809523809523 0.01 
0.009999999999999787 2.3962163493105715 0.6371676300578034 4.505 0.909 7.616923076923077 1.13375 0.027979999999999998 0.009999999999999787 9.0 0.01 0.009999999999999787 0.009999999999999787 4.216035714285714 0.01 
0.009999999999999787 1.3012426132632964 4.489768786127168 0.009999999999999787 0.010000000000000009 6.233846153846154 0.010000000000000009 0.4033125 0.009999999999999787 9.0 0.01 0.009999999999999787 0.009999999999999787 2.7926190476190476 0.01 
0.009999999999999787 2.7031631648063037 2.339479768786127 0.009999999999999787 0.010000000000000009 8.308461538461538 0.010000000000000009 0.0661875 0.009999999999999787 9.0 0.01 0.009999999999999787 0.009999999999999787 4.751154761904762 0.01 
0.009999999999999787 0.4040134602757717 0.7267630057803468 0.009999999999999787 0.010000000000000009 2.0846153846153848 0.010000000000000009 0.68425 0.009999999999999787 0.009999999999999787 0.2783582089552239 9.0 0.009999999999999787 1.2942857142857143 0.03697 
0.009999999999999787 1.2274573210768223 0.3235838150289017 0.009999999999999787 0.010000000000000009 4.15923076923077 0.010000000000000009 0.04820750000000001 9.0 0.009999999999999787 0.5467164179104478 9.0 0.009999999999999787 2.7284047619047618 0.18530500000000003 
0.009999999999999787 0.5633896913985557 0.21965317919075145 0.009999999999999787 0.010000000000000009 9.0 7.876250000000001 0.01 9.0 0.009999999999999787 0.41253731343283584 9.0 0.009999999999999787 3.7558333333333334 0.0791331 
0.009999999999999787 7.0196027577150355 0.20352601156069366 0.009999999999999787 0.010000000000000009 0.010000000000000009 0.010000000000000009 0.2729575 0.009999999999999787 0.009999999999999787 0.41253731343283584 0.009999999999999787 0.009999999999999787 1.9364285714285716 0.01 
0.009999999999999787 0.7729399212081423 1.0851445086705203 4.505 0.909 0.7015384615384616 0.010000000000000009 0.4977075 0.009999999999999787 0.009999999999999787 1.0834328358208956 0.009999999999999787 0.009999999999999787 1.7223809523809523 0.0100899 
0.009999999999999787 0.7242416283650694 0.15872832369942197 0.009999999999999787 0.010000000000000009 0.010000000000000009 0.010000000000000009 0.0661875 9.0 9.0 0.01 9.0 0.009999999999999787 0.01 0.0139556 
9.0 1.1300607353906766 0.293121387283237 4.505 0.909 5.542307692307692 0.010000000000000009 0.68425 0.009999999999999787 0.009999999999999787 0.2783582089552239 0.009999999999999787 0.009999999999999787 0.8661904761904762 0.04596 
0.009999999999999787 1.6214707813525937 0.7267630057803468 0.009999999999999787 0.010000000000000009 0.7015384615384616 0.010000000000000009 0.347125 9.0 9.0 0.01 0.009999999999999787 0.009999999999999787 0.8661904761904762 0.01 
9.0 3.625479317137229 2.712196531791907 4.505 0.909 5.542307692307692 1.13375 3.606 0.009999999999999787 0.009999999999999787 1.8885074626865672 9.0 0.009999999999999787 0.01 0.21677000000000002 
0.009999999999999787 1.079886736703874 0.01 0.009999999999999787 0.010000000000000009 3.4676923076923076 0.010000000000000009 0.4595 9.0 0.009999999999999787 1.4859701492537314 9.0 9.0 0.01 0.01 
9.0 1.1787590282337495 0.2644508670520231 0.009999999999999787 0.010000000000000009 6.233846153846154 0.010000000000000009 0.122375 9.0 0.009999999999999787 0.14417910447761195 0.009999999999999787 0.009999999999999787 2.5785714285714283 0.0103596 
0.009999999999999787 2.433108995403808 5.027341040462427 4.505 0.909 9.0 7.876250000000001 0.01 9.0 0.009999999999999787 0.2783582089552239 9.0 0.009999999999999787 1.7223809523809523 0.0100899 
0.009999999999999787 3.0115856861457653 6.505664739884392 0.009999999999999787 0.010000000000000009 6.233846153846154 0.010000000000000009 0.04820750000000001 9.0 9.0 0.01 9.0 0.009999999999999787 3.4347619047619045 0.32932480000000003 
0.009999999999999787 1.7808470124753777 0.5619075144508671 0.009999999999999787 0.010000000000000009 6.233846153846154 0.010000000000000009 1.695625 0.009999999999999787 0.009999999999999787 0.6808955223880597 0.009999999999999787 0.009999999999999787 1.0802380952380952 0.0102697 
0.009999999999999787 1.079886736703874 4.131387283236994 0.009999999999999787 0.010000000000000009 2.0846153846153848 0.010000000000000009 1.58325 0.009999999999999787 0.009999999999999787 1.2176119402985075 9.0 0.009999999999999787 0.6093333333333334 0.07670579999999999 
9.0 1.411920551543007 0.7572254335260116 0.009999999999999787 0.010000000000000009 0.010000000000000009 1.13375 1.246125 0.009999999999999787 9.0 0.01 0.009999999999999787 0.009999999999999787 3.862857142857143 0.0100899 
0.009999999999999787 4.056385423506238 1.0851445086705203 0.009999999999999787 0.010000000000000009 5.542307692307692 1.13375 2.707 0.009999999999999787 0.009999999999999787 1.4859701492537314 9.0 0.009999999999999787 0.8661904761904762 0.01 
0.009999999999999787 0.19446323046618508 1.1890751445086705 0.009999999999999787 0.010000000000000009 2.0846153846153848 0.010000000000000009 0.16058250000000002 9.0 9.0 0.01 0.009999999999999787 0.009999999999999787 1.5083333333333333 0.010179800000000001 
0.009999999999999787 2.8020354563361787 0.9059537572254335 0.009999999999999787 0.010000000000000009 6.9253846153846155 2.2575 0.23475000000000001 9.0 9.0 0.01 9.0 0.009999999999999787 3.7344285714285714 0.01 
0.009999999999999787 5.163164806303349 0.21965317919075145 0.009999999999999787 0.010000000000000009 9.0 7.876250000000001 0.01 9.0 9.0 0.01 9.0 0.009999999999999787 1.5618452380952381 0.01 
0.009999999999999787 3.3067268548916617 3.6386127167630056 0.009999999999999787 0.010000000000000009 6.9253846153846155 0.010000000000000009 1.13375 0.009999999999999787 0.009999999999999787 0.8150746268656717 9.0 0.009999999999999787 5.575238095238095 0.027620400000000003 
0.009999999999999787 0.9942957977675642 0.05479768786127168 4.505 0.909 3.4676923076923076 0.010000000000000009 0.0661875 9.0 9.0 0.01 9.0 0.009999999999999787 2.15047619047619 0.016293000000000002 
0.009999999999999787 1.8059340118187786 0.7267630057803468 0.009999999999999787 0.010000000000000009 3.4676923076923076 1.13375 1.8821675 0.009999999999999787 0.009999999999999787 0.2783582089552239 0.009999999999999787 0.009999999999999787 1.9471309523809526 0.01 
9.0 0.3553151674326993 3.5938150289017337 4.505 0.909 5.542307692307692 1.13375 0.0841675 9.0 9.0 0.01 9.0 0.009999999999999787 3.6488095238095237 0.01 
0.009999999999999787 8.716664478003938 6.819248554913294 4.505 0.909 9.0 7.876250000000001 0.027979999999999998 9.0 0.009999999999999787 0.2783582089552239 9.0 0.009999999999999787 0.01 0.041554900000000006 
0.009999999999999787 0.7980269205515436 0.01 0.009999999999999787 0.010000000000000009 0.010000000000000009 0.010000000000000009 0.23475000000000001 9.0 9.0 0.01 0.009999999999999787 9.0 0.01 0.01 
0.009999999999999787 2.1261621799080768 2.339479768786127 0.009999999999999787 0.010000000000000009 6.9253846153846155 0.010000000000000009 1.4146875 0.009999999999999787 0.009999999999999787 1.0834328358208956 9.0 0.009999999999999787 3.541785714285714 0.11788 
9.0 0.8467252133946164 2.1602890173410403 0.009999999999999787 0.010000000000000009 8.308461538461538 0.010000000000000009 1.13375 0.009999999999999787 0.009999999999999787 0.41253731343283584 9.0 0.009999999999999787 0.8661904761904762 0.0925282 
0.009999999999999787 3.613673670387393 7.715202312138728 0.009999999999999787 0.010000000000000009 7.616923076923077 5.62875 9.0 0.009999999999999787 0.009999999999999787 1.4859701492537314 9.0 0.009999999999999787 0.01 0.11788 
9.0 4.437117531188444 3.7730057803468204 0.009999999999999787 0.010000000000000009 5.542307692307692 0.010000000000000009 2.2575 0.009999999999999787 0.009999999999999787 0.9492537313432836 0.009999999999999787 0.009999999999999787 0.01 0.01 
0.009999999999999787 3.6623719632304663 0.5475722543352601 0.009999999999999787 0.010000000000000009 2.0846153846153848 2.2575 0.01 9.0 9.0 0.01 9.0 9.0 3.2207142857142856 0.01 
9.0 4.474010177281681 1.0851445086705203 0.009999999999999787 0.010000000000000009 0.010000000000000009 0.010000000000000009 1.0775625 0.009999999999999787 0.009999999999999787 1.0834328358208956 0.009999999999999787 0.009999999999999787 4.248142857142857 0.3838941 
0.009999999999999787 3.0115856861457653 1.9810982658959537 0.009999999999999787 0.010000000000000009 2.0846153846153848 2.2575 2.2575 9.0 9.0 0.01 9.0 0.009999999999999787 2.2575 0.0717613 
9.0 6.29503118844386 7.536011560693641 0.009999999999999787 0.010000000000000009 2.0846153846153848 2.2575 4.505 0.009999999999999787 0.009999999999999787 1.7543283582089553 9.0 0.009999999999999787 0.01 0.61233 
9.0 6.09728660538411 0.1300578034682081 0.009999999999999787 0.010000000000000009 2.0846153846153848 2.2575 0.4595 0.009999999999999787 9.0 0.01 0.009999999999999787 0.009999999999999787 2.707 0.2075103 
0.009999999999999787 0.5028857518056475 3.414624277456647 0.009999999999999787 0.010000000000000009 6.233846153846154 0.010000000000000009 0.68425 0.009999999999999787 9.0 0.01 9.0 0.009999999999999787 1.2942857142857143 0.20831940000000002 
0.009999999999999787 0.6991546290216681 3.5938150289017337 4.505 0.909 0.010000000000000009 0.010000000000000009 1.13375 0.009999999999999787 9.0 0.01 9.0 9.0 0.4380952380952381 0.01 
0.009999999999999787 3.6623719632304663 1.1890751445086705 0.009999999999999787 0.010000000000000009 4.15923076923077 0.010000000000000009 1.58325 9.0 9.0 0.01 0.009999999999999787 9.0 4.290952380952381 0.01 
0.009999999999999787 1.6583634274458308 0.27878612716763007 0.009999999999999787 0.010000000000000009 0.010000000000000009 1.13375 1.9203750000000002 0.009999999999999787 0.009999999999999787 0.41253731343283584 0.009999999999999787 0.009999999999999787 3.349142857142857 0.023485 
0.009999999999999787 1.8915249507550884 1.3091329479768785 0.009999999999999787 0.010000000000000009 8.308461538461538 0.010000000000000009 0.122375 9.0 9.0 0.01 0.009999999999999787 0.009999999999999787 1.0802380952380952 0.01 
9.0 0.4527117531188445 3.4289595375722537 0.009999999999999787 0.010000000000000009 8.308461538461538 0.010000000000000009 0.04820750000000001 0.009999999999999787 9.0 0.01 9.0 0.009999999999999787 1.0802380952380952 0.01 
9.0 2.359323703217335 1.0851445086705203 4.505 0.909 2.7761538461538464 3.38125 0.01 9.0 9.0 0.01 9.0 0.009999999999999787 1.7223809523809523 0.011798 
0.009999999999999787 5.285648391332895 5.385722543352601 0.009999999999999787 0.010000000000000009 0.010000000000000009 0.010000000000000009 3.83075 0.009999999999999787 0.009999999999999787 1.2176119402985075 9.0 0.009999999999999787 0.01 0.01 
0.009999999999999787 3.871922193040053 3.518554913294797 0.009999999999999787 0.010000000000000009 6.9253846153846155 1.13375 3.5880199999999998 0.009999999999999787 0.009999999999999787 1.0834328358208956 9.0 0.009999999999999787 0.01 0.01 
0.009999999999999787 3.5649753775443207 1.801907514450867 0.009999999999999787 0.010000000000000009 2.0846153846153848 2.2575 0.10439499999999999 9.0 9.0 0.01 9.0 0.009999999999999787 5.896309523809524 0.01 
9.0 4.215761654629022 0.01 0.009999999999999787 0.010000000000000009 0.010000000000000009 0.010000000000000009 1.13375 0.009999999999999787 9.0 0.01 9.0 0.009999999999999787 0.01 0.01 
9.0 1.019382797110966 0.293121387283237 0.009999999999999787 0.010000000000000009 2.0846153846153848 0.010000000000000009 0.04820750000000001 9.0 9.0 0.01 9.0 0.009999999999999787 1.5511428571428572 0.01 
0.009999999999999787 0.9323161523309258 0.30745664739884393 0.009999999999999787 0.010000000000000009 0.010000000000000009 1.13375 0.9831675000000001 9.0 9.0 0.01 0.009999999999999787 0.009999999999999787 1.379904761904762 0.01 
9.0 4.671754760341432 1.0851445086705203 0.009999999999999787 0.010000000000000009 6.9253846153846155 0.010000000000000009 6.2468125 0.009999999999999787 0.009999999999999787 0.2783582089552239 0.009999999999999787 0.009999999999999787 5.564535714285714 0.16318960000000002 
0.009999999999999787 2.864015101772817 0.9059537572254335 0.009999999999999787 0.010000000000000009 3.4676923076923076 0.010000000000000009 2.03275 0.009999999999999787 0.009999999999999787 0.9492537313432836 9.0 0.009999999999999787 1.615357142857143 0.124173 
0.009999999999999787 0.9087048588312547 0.20352601156069366 4.505 0.909 6.9253846153846155 0.010000000000000009 0.027979999999999998 0.009999999999999787 0.009999999999999787 0.14417910447761195 0.009999999999999787 0.009999999999999787 9.0 0.015304100000000001 
0.009999999999999787 1.842826657912016 1.816242774566474 4.505 0.909 0.010000000000000009 2.2575 0.68425 0.009999999999999787 0.009999999999999787 1.0834328358208956 0.009999999999999787 0.009999999999999787 1.5511428571428572 0.0106293 
0.009999999999999787 0.8585308601444517 0.293121387283237 4.505 0.909 6.9253846153846155 0.010000000000000009 0.3089175 9.0 9.0 0.01 9.0 0.009999999999999787 1.7223809523809523 0.01 
9.0 5.421413328956008 2.5186705202312134 0.009999999999999787 0.010000000000000009 8.308461538461538 1.13375 1.3585 9.0 9.0 0.01 9.0 0.009999999999999787 0.01 0.01 
0.009999999999999787 1.6096651346027584 1.533121387283237 0.009999999999999787 0.010000000000000009 6.9253846153846155 0.010000000000000009 1.938355 0.009999999999999787 0.009999999999999787 0.14417910447761195 0.009999999999999787 0.009999999999999787 1.2942857142857143 0.01 
0.009999999999999787 5.691467498358503 2.42907514450867 0.009999999999999787 0.010000000000000009 0.010000000000000009 1.13375 1.1899375 0.009999999999999787 0.009999999999999787 1.4859701492537314 0.009999999999999787 0.009999999999999787 0.01 0.0355316 
0.009999999999999787 1.019382797110966 0.0691329479768786 0.009999999999999787 0.010000000000000009 0.010000000000000009 3.38125 1.0213750000000001 9.0 9.0 0.01 0.009999999999999787 9.0 0.01 0.01 
9.0 2.5555925804333555 0.5923699421965318 0.009999999999999787 0.010000000000000009 0.7015384615384616 0.010000000000000009 0.25273 9.0 9.0 0.01 0.009999999999999787 0.009999999999999787 0.01 0.01 
9.0 2.6426592252133947 0.14439306358381504 0.009999999999999787 0.010000000000000009 6.9253846153846155 0.010000000000000009 0.1785625 9.0 9.0 0.01 9.0 0.009999999999999787 3.2207142857142856 0.0139556 
0.009999999999999787 3.798136900853579 0.5619075144508671 0.009999999999999787 0.010000000000000009 2.0846153846153848 2.2575 1.58325 9.0 9.0 0.01 9.0 0.009999999999999787 2.3217142857142856 0.01 
9.0 0.4527117531188445 1.5922543352601155 4.505 0.909 0.010000000000000009 1.13375 1.3585 0.009999999999999787 9.0 0.01 9.0 0.009999999999999787 2.5785714285714283 0.01 
9.0 1.3632222586999347 3.952196531791907 4.505 0.909 8.308461538461538 0.010000000000000009 2.03275 0.009999999999999787 9.0 0.01 9.0 0.009999999999999787 1.2942857142857143 0.01 
0.009999999999999787 2.6426592252133947 0.45797687861271674 0.009999999999999787 0.010000000000000009 6.233846153846154 0.010000000000000009 0.5336675000000001 9.0 9.0 0.01 9.0 0.009999999999999787 1.2942857142857143 0.01 
0.009999999999999787 0.7242416283650694 0.3092485549132948 4.505 0.909 0.010000000000000009 0.010000000000000009 0.909 9.0 9.0 0.01 0.009999999999999787 9.0 2.5785714285714283 0.01 
9.0 1.8915249507550884 1.2786705202312139 0.009999999999999787 0.010000000000000009 2.0846153846153848 2.2575 0.23475000000000001 0.009999999999999787 9.0 0.01 0.009999999999999787 0.009999999999999787 1.840107142857143 0.01 
0.009999999999999787 3.2447472094550234 2.5186705202312134 0.009999999999999787 0.010000000000000009 5.542307692307692 1.13375 5.17925 0.009999999999999787 0.009999999999999787 0.9492537313432836 0.009999999999999787 0.009999999999999787 3.2207142857142856 0.0104495 
0.009999999999999787 3.0484783322390028 0.27878612716763007 4.505 0.909 0.7015384615384616 0.010000000000000009 0.2729575 9.0 9.0 0.01 9.0 0.009999999999999787 2.5785714285714283 0.0102697 
9.0 1.0311884438608012 2.2194219653179186 0.009999999999999787 0.010000000000000009 8.308461538461538 0.010000000000000009 0.0841675 9.0 9.0 0.01 9.0 0.009999999999999787 2.3645238095238095 0.0999 
0.009999999999999787 2.838928102429416 0.9059537572254335 0.009999999999999787 0.010000000000000009 2.0846153846153848 0.010000000000000009 0.4595 9.0 9.0 0.01 0.009999999999999787 0.009999999999999787 2.2575 0.01 
0.009999999999999787 0.08378529218647435 0.9955491329479769 0.009999999999999787 0.010000000000000009 8.308461538461538 0.010000000000000009 0.3089175 9.0 0.009999999999999787 0.14417910447761195 9.0 0.009999999999999787 0.8661904761904762 0.0118879 
