0.009999999999999787 3.4042432607989617 0.23635535714285713 0.009999999999999787 0.009999999999999787 0.010000000000000009 0.010000000000000009 0.12828947368421054 9.0 0.009999999999999787 0.2783582089552239 9.0 0.009999999999999787 1.021375 0.35022101120193766 
0.009999999999999787 1.5428840532640478 4.0233928571428565 0.009999999999999787 0.009999999999999787 6.9253846153846155 0.010000000000000009 0.39168070175438596 0.009999999999999787 0.009999999999999787 9.0 0.009999999999999787 0.009999999999999787 0.6393 0.18555404178019982 
9.0 3.8655683663527127 0.34391428571428573 0.009999999999999787 0.009999999999999787 8.308461538461538 0.010000000000000009 0.2197666666666667 9.0 9.0 0.01 9.0 0.009999999999999787 1.0888 0.17126475930971843 
9.0 3.050949983760962 0.33107142857142857 0.009999999999999787 0.009999999999999787 0.010000000000000009 0.010000000000000009 0.6408771929824562 0.009999999999999787 0.009999999999999787 1.4859701492537314 9.0 0.009999999999999787 0.01 0.3202815622161671 
0.009999999999999787 3.0757681065280944 1.7758928571428572 0.009999999999999787 0.009999999999999787 2.0846153846153848 2.5785714285714283 1.5871929824561404 9.0 9.0 0.01 9.0 0.009999999999999787 0.95395 0.47746366939146234 
0.009999999999999787 1.6888730107177663 0.571875 9.0 9.0 0.010000000000000009 0.010000000000000009 0.3254385964912281 0.009999999999999787 0.009999999999999787 0.6808955223880597 0.009999999999999787 0.009999999999999787 0.7292 3.9409135634271872 
9.0 1.8348619681714848 0.49160714285714285 0.009999999999999787 0.009999999999999787 4.15923076923077 0.010000000000000009 0.6408771929824562 0.009999999999999787 9.0 0.01 9.0 9.0 1.6641599999999999 0.01 
0.009999999999999787 5.3619551802533305 0.6649857142857143 9.0 9.0 9.0 9.0 0.4831578947368421 9.0 9.0 0.01 9.0 0.009999999999999787 0.5494 0.010680442022403876 
0.009999999999999787 1.7735466060409228 0.5445839285714286 0.009999999999999787 0.009999999999999787 6.9253846153846155 1.2942857142857143 1.6140052631578947 0.009999999999999787 0.009999999999999787 1.2176119402985075 9.0 0.009999999999999787 1.803505 0.5727255525280048 
9.0 0.6538113023709 0.2235125 9.0 9.0 0.010000000000000009 0.010000000000000009 0.3254385964912281 9.0 0.009999999999999787 0.14417910447761195 9.0 0.009999999999999787 9.0 0.011360884044807751 
0.009999999999999787 4.827635595972719 1.13375 0.009999999999999787 0.009999999999999787 8.308461538461538 0.010000000000000009 1.1140350877192982 0.009999999999999787 9.0 0.01 9.0 9.0 1.04385 0.01 
0.009999999999999787 1.141414420266321 1.0261910714285714 9.0 9.0 0.010000000000000009 0.010000000000000009 0.062047368421052636 9.0 9.0 0.01 9.0 0.009999999999999787 0.7292 0.7299076597033001 
0.009999999999999787 2.45531503734979 1.4419785714285713 0.009999999999999787 0.009999999999999787 6.9253846153846155 1.2942857142857143 1.9152491228070176 0.009999999999999787 0.009999999999999787 0.41253731343283584 9.0 0.009999999999999787 1.407945 0.21413260672116258 
9.0 1.4202533290029233 1.4548214285714285 0.009999999999999787 0.009999999999999787 6.233846153846154 0.010000000000000009 0.3254385964912281 9.0 9.0 0.01 0.009999999999999787 0.009999999999999787 1.6281999999999999 0.014082652134423251 
0.009999999999999787 1.8582202013640798 0.49160714285714285 0.009999999999999787 0.009999999999999787 6.233846153846154 0.010000000000000009 0.7197368421052632 9.0 0.009999999999999787 0.14417910447761195 0.009999999999999787 0.009999999999999787 0.4595 0.012041326067211627 
9.0 0.872794738551478 1.6153571428571427 9.0 9.0 9.0 9.0 0.010000000000000002 9.0 9.0 0.01 9.0 0.009999999999999787 0.01 0.01 
9.0 1.4085742124066263 4.397441071428571 0.009999999999999787 0.009999999999999787 5.542307692307692 1.2942857142857143 0.4831578947368421 9.0 9.0 0.01 9.0 0.009999999999999787 1.2686 0.010680442022403876 
9.0 1.4085742124066263 4.0233928571428565 0.009999999999999787 0.009999999999999787 8.308461538461538 0.010000000000000009 0.4831578947368421 0.009999999999999787 0.009999999999999787 1.6201492537313433 0.009999999999999787 0.009999999999999787 0.5494 0.39581062670299727 
0.009999999999999787 0.6421321857746025 0.10311071428571428 0.009999999999999787 0.009999999999999787 3.4676923076923076 0.010000000000000009 0.10147719298245614 9.0 9.0 0.01 9.0 0.009999999999999787 1.2686 0.2576808961550106 
9.0 1.237767132185775 0.2764892857142857 0.009999999999999787 0.009999999999999787 5.542307692307692 0.010000000000000009 0.14090701754385965 9.0 0.009999999999999787 0.14417910447761195 0.009999999999999787 0.009999999999999787 0.909 0.017484862246442627 
9.0 2.1020217603117906 0.3583625 9.0 9.0 6.9253846153846155 0.010000000000000009 0.3254385964912281 9.0 9.0 0.01 9.0 0.009999999999999787 1.2686 0.018845746291250378 
9.0 2.45531503734979 1.0133482142857142 0.009999999999999787 0.009999999999999787 9.0 9.0 0.9689333333333333 9.0 0.009999999999999787 0.2783582089552239 0.009999999999999787 0.009999999999999787 0.909 0.0127217680896155 
0.009999999999999787 0.26548067554400845 0.11755892857142856 9.0 9.0 3.4676923076923076 0.010000000000000009 0.10147719298245614 9.0 9.0 0.01 9.0 9.0 0.909 0.01 
0.009999999999999787 1.5662422864566423 4.130951785714285 0.009999999999999787 0.009999999999999787 6.9253846153846155 0.010000000000000009 0.16771929824561405 9.0 9.0 0.01 9.0 0.009999999999999787 0.01 0.011360884044807751 
0.009999999999999787 0.1676680740500167 0.27809464285714286 0.009999999999999787 0.009999999999999787 4.15923076923077 0.010000000000000009 0.036812280701754393 0.009999999999999787 9.0 0.01 9.0 9.0 0.909 0.01 
0.009999999999999787 3.5254140954855484 3.060178571428571 0.009999999999999787 0.009999999999999787 4.15923076923077 0.010000000000000009 2.0603508771929824 0.009999999999999787 0.009999999999999787 1.8885074626865672 9.0 0.009999999999999787 1.0888 3.144796397214653 
0.009999999999999787 3.2582543033452427 0.6649857142857143 0.009999999999999787 0.009999999999999787 6.233846153846154 0.010000000000000009 0.022617543859649127 0.009999999999999787 9.0 0.01 0.009999999999999787 0.009999999999999787 1.808 3.9565637299424763 
0.009999999999999787 0.5443195842806108 1.1465928571428572 9.0 9.0 9.0 9.0 0.010000000000000002 9.0 9.0 0.01 0.009999999999999787 0.009999999999999787 0.8190999999999999 0.010680442022403876 
0.009999999999999787 6.91965735628451 4.103660714285714 9.0 9.0 0.010000000000000009 1.2942857142857143 1.5871929824561404 0.009999999999999787 9.0 0.01 9.0 0.009999999999999787 0.51344 0.01 
0.009999999999999787 3.8538892497564157 0.50445 0.009999999999999787 0.009999999999999787 2.0846153846153848 2.5785714285714283 1.1140350877192982 9.0 9.0 0.01 9.0 0.009999999999999787 0.98092 0.01 
9.0 3.1356235790841187 0.10311071428571428 0.009999999999999787 0.009999999999999787 9.0 9.0 0.010000000000000002 9.0 0.009999999999999787 1.3517910447761194 9.0 0.009999999999999787 0.909 0.022247956403269757 
0.009999999999999787 0.5939558298148757 3.060178571428571 0.009999999999999787 0.009999999999999787 6.233846153846154 0.010000000000000009 0.4831578947368421 0.009999999999999787 9.0 0.01 9.0 0.009999999999999787 0.5494 1.5110551014229487 
0.009999999999999787 5.667072101331602 3.1003125 0.009999999999999787 0.009999999999999787 7.616923076923077 0.010000000000000009 2.743275438596491 0.009999999999999787 0.009999999999999787 0.6808955223880597 9.0 0.009999999999999787 0.01 0.01 
0.009999999999999787 1.0187836960051966 0.2764892857142857 0.009999999999999787 0.009999999999999787 0.010000000000000009 1.2942857142857143 0.6929245614035088 9.0 9.0 0.01 0.009999999999999787 0.009999999999999787 0.58536 0.01 
0.009999999999999787 1.1779116596297508 0.01 0.009999999999999787 0.009999999999999787 6.9253846153846155 0.010000000000000009 0.036812280701754393 0.009999999999999787 9.0 0.01 9.0 0.009999999999999787 0.01 0.01 
0.009999999999999787 1.2625852549529073 3.8628571428571425 0.009999999999999787 0.009999999999999787 0.010000000000000009 0.010000000000000009 0.6676894736842105 9.0 9.0 0.01 9.0 9.0 0.3696 0.01 
0.009999999999999787 1.5545631698603448 0.2508035714285714 0.009999999999999787 0.009999999999999787 0.010000000000000009 2.5785714285714283 0.08885964912280703 0.009999999999999787 9.0 0.01 9.0 0.009999999999999787 1.578755 0.025650166515289133 
0.009999999999999787 1.725370250081196 0.7324107142857142 0.009999999999999787 0.009999999999999787 2.0846153846153848 2.5785714285714283 0.16771929824561405 9.0 9.0 0.01 0.009999999999999787 0.009999999999999787 2.8867999999999996 2.731768089615501 
0.009999999999999787 5.434949658980189 0.4514732142857143 9.0 9.0 0.010000000000000009 1.2942857142857143 2.994049122807018 0.009999999999999787 9.0 0.01 0.009999999999999787 0.009999999999999787 0.909 0.07804420224038752 
0.009999999999999787 4.7546411172458605 0.8126785714285714 0.009999999999999787 0.009999999999999787 4.15923076923077 2.5785714285714283 0.7985964912280702 0.009999999999999787 0.009999999999999787 1.6201492537313433 0.009999999999999787 0.009999999999999787 1.8529499999999999 1.717909476233727 
0.009999999999999787 3.5735904514452748 4.4777089285714275 0.009999999999999787 0.009999999999999787 6.233846153846154 0.010000000000000009 2.730657894736842 0.009999999999999787 0.009999999999999787 0.8150746268656717 0.009999999999999787 0.009999999999999787 0.32465 0.01 
9.0 1.4815686911334853 4.0233928571428565 0.009999999999999787 0.009999999999999787 0.7015384615384616 0.010000000000000009 0.3254385964912281 9.0 9.0 0.01 0.009999999999999787 0.009999999999999787 0.8190999999999999 0.7326294277929155 
9.0 1.8947174407275091 4.826071428571428 9.0 9.0 7.616923076923077 6.4314285714285715 0.010000000000000002 0.009999999999999787 9.0 0.01 9.0 0.009999999999999787 0.01 9.0 
9.0 1.080099058135759 0.14324464285714286 0.009999999999999787 0.009999999999999787 2.0846153846153848 0.010000000000000009 0.11567192982456143 9.0 9.0 0.01 0.009999999999999787 9.0 0.65728 0.01 
0.009999999999999787 4.255358882754141 0.1705357142857143 0.009999999999999787 0.009999999999999787 4.15923076923077 0.010000000000000009 3.4009649122807017 0.009999999999999787 9.0 0.01 9.0 9.0 1.808 0.01 
0.009999999999999787 2.8202874309840866 0.43863035714285714 0.009999999999999787 0.009999999999999787 2.0846153846153848 2.5785714285714283 0.04942982456140351 9.0 9.0 0.01 0.009999999999999787 0.009999999999999787 1.9878 3.0719891008174387 
0.009999999999999787 3.7195794088989937 1.6153571428571427 0.009999999999999787 0.009999999999999787 0.010000000000000009 0.010000000000000009 1.5871929824561404 0.009999999999999787 0.009999999999999787 0.9492537313432836 9.0 0.009999999999999787 0.01 2.0955547986678775 
0.009999999999999787 1.5910604092237746 0.33107142857142857 0.009999999999999787 0.009999999999999787 5.542307692307692 0.010000000000000009 0.5620175438596491 0.009999999999999787 9.0 0.01 0.009999999999999787 0.009999999999999787 1.2686 0.01 
0.009999999999999787 4.814496589801884 1.214017857142857 0.009999999999999787 0.009999999999999787 2.0846153846153848 2.5785714285714283 0.3254385964912281 9.0 9.0 0.01 9.0 0.009999999999999787 0.4595 0.011360884044807751 
0.009999999999999787 2.332684313088665 1.000505357142857 0.009999999999999787 0.009999999999999787 0.010000000000000009 0.010000000000000009 0.7985964912280702 9.0 0.009999999999999787 0.2783582089552239 0.009999999999999787 0.009999999999999787 0.7292 0.03789812291855889 
9.0 7.8204092237739555 4.826071428571428 0.009999999999999787 0.009999999999999787 7.616923076923077 6.4314285714285715 0.010000000000000002 0.009999999999999787 0.009999999999999787 1.8885074626865672 9.0 0.009999999999999787 0.01 2.3071722676354827 
0.009999999999999787 4.0480545631698615 0.4113392857142857 0.009999999999999787 0.009999999999999787 4.15923076923077 0.010000000000000009 4.386710526315789 9.0 0.009999999999999787 0.14417910447761195 0.009999999999999787 0.009999999999999787 1.5922399999999999 0.08620950650923402 
0.009999999999999787 3.0991263397206894 1.2268607142857142 0.009999999999999787 0.009999999999999787 6.233846153846154 0.010000000000000009 0.3774859649122807 0.009999999999999787 9.0 0.01 0.009999999999999787 0.009999999999999787 0.909 0.01 
0.009999999999999787 3.890386489119845 0.3182285714285714 0.009999999999999787 0.009999999999999787 6.9253846153846155 0.010000000000000009 0.7985964912280702 0.009999999999999787 9.0 0.01 9.0 0.009999999999999787 2.30245 0.41826521344232515 
9.0 4.51083955829815 1.2942857142857143 0.009999999999999787 0.009999999999999787 2.7761538461538464 3.862857142857143 0.010000000000000002 0.009999999999999787 9.0 0.01 9.0 0.009999999999999787 0.4595 0.6632243415077202 
0.009999999999999787 0.8129392659954537 0.14324464285714286 0.009999999999999787 0.009999999999999787 0.010000000000000009 0.010000000000000009 0.04942982456140351 9.0 9.0 0.01 9.0 0.009999999999999787 0.01 0.03993944898577051 
0.009999999999999787 1.4698895745371883 1.13375 0.009999999999999787 0.009999999999999787 6.9253846153846155 0.010000000000000009 0.20714912280701755 0.009999999999999787 0.009999999999999787 0.9492537313432836 9.0 0.009999999999999787 0.01 4.813240236148955 
0.009999999999999787 0.6173140630074703 3.514494642857142 0.009999999999999787 0.009999999999999787 0.010000000000000009 2.5785714285714283 0.19453157894736842 9.0 0.009999999999999787 0.2783582089552239 0.009999999999999787 0.009999999999999787 0.909 0.014763094156827127 
9.0 0.9589282234491727 3.702321428571428 9.0 9.0 2.7761538461538464 3.862857142857143 0.010000000000000002 0.009999999999999787 0.009999999999999787 1.4859701492537314 0.009999999999999787 0.009999999999999787 0.01 0.01 
0.009999999999999787 1.1049171809028913 0.06297678571428571 0.009999999999999787 0.009999999999999787 0.010000000000000009 3.862857142857143 0.7197368421052632 9.0 9.0 0.01 0.009999999999999787 9.0 0.01 0.01 
0.009999999999999787 4.097690808704126 0.7324107142857142 0.009999999999999787 0.009999999999999787 2.0846153846153848 2.5785714285714283 0.24657894736842106 0.009999999999999787 9.0 0.01 9.0 0.009999999999999787 2.5271999999999997 0.01 
0.009999999999999787 0.13117083468658697 1.0133482142857142 0.009999999999999787 0.009999999999999787 6.233846153846154 0.010000000000000009 0.036812280701754393 9.0 0.009999999999999787 0.14417910447761195 9.0 0.009999999999999787 0.01 0.014082652134423251 
9.0 1.3720769730431965 0.1705357142857143 0.009999999999999787 0.009999999999999787 5.542307692307692 1.2942857142857143 0.4831578947368421 0.009999999999999787 9.0 0.01 9.0 0.009999999999999787 1.2686 0.5706842264607932 
0.009999999999999787 0.43482786619032154 2.1772321428571426 9.0 9.0 4.15923076923077 0.010000000000000009 0.022617543859649127 9.0 9.0 0.01 9.0 0.009999999999999787 0.6393 0.01 
0.009999999999999787 4.267037999350439 0.1705357142857143 0.009999999999999787 0.009999999999999787 2.0846153846153848 1.2942857142857143 1.5871929824561404 0.009999999999999787 9.0 0.01 0.009999999999999787 0.009999999999999787 1.4484 0.01 
9.0 0.8362974991880483 0.1705357142857143 9.0 9.0 7.616923076923077 7.715714285714286 0.3254385964912281 9.0 9.0 0.01 9.0 0.009999999999999787 1.1787 0.01 
0.009999999999999787 5.204287106203314 0.19782678571428572 0.009999999999999787 0.009999999999999787 9.0 9.0 0.010000000000000002 9.0 9.0 0.01 9.0 0.009999999999999787 0.661775 0.01 
0.009999999999999787 3.8422101331601177 1.6153571428571427 0.009999999999999787 0.009999999999999787 5.542307692307692 1.2942857142857143 1.5871929824561404 0.009999999999999787 0.009999999999999787 0.8150746268656717 0.009999999999999787 0.009999999999999787 2.1226499999999997 0.01 
9.0 0.5443195842806108 3.073021428571428 0.009999999999999787 0.009999999999999787 8.308461538461538 0.010000000000000009 0.036812280701754393 0.009999999999999787 9.0 0.01 9.0 0.009999999999999787 0.4595 0.01 
0.009999999999999787 3.5735904514452748 1.6153571428571427 0.009999999999999787 0.009999999999999787 9.0 9.0 0.010000000000000002 9.0 0.009999999999999787 0.2783582089552239 9.0 0.009999999999999787 0.08641499999999999 0.010680442022403876 
9.0 0.8246183825917512 3.3009821428571424 0.009999999999999787 0.009999999999999787 5.542307692307692 0.010000000000000009 0.23396140350877193 0.009999999999999787 0.009999999999999787 0.2783582089552239 0.009999999999999787 0.009999999999999787 0.23025500000000002 0.01 
9.0 1.080099058135759 2.7262642857142856 9.0 9.0 6.9253846153846155 0.010000000000000009 0.7859789473684211 9.0 9.0 0.01 9.0 0.009999999999999787 0.74718 0.01 
0.009999999999999787 1.506386813900618 0.18337857142857145 0.009999999999999787 0.009999999999999787 6.233846153846154 0.010000000000000009 0.062047368421052636 9.0 0.009999999999999787 0.14417910447761195 9.0 0.009999999999999787 1.23264 0.3121162579473206 
0.009999999999999787 2.1020217603117906 0.19622142857142857 0.009999999999999787 0.009999999999999787 6.233846153846154 0.010000000000000009 0.10147719298245614 9.0 0.009999999999999787 0.14417910447761195 9.0 0.009999999999999787 1.5383 1.9172789887980624 
9.0 0.9954254628126025 3.755298214285714 0.009999999999999787 0.009999999999999787 3.4676923076923076 1.2942857142857143 0.036812280701754393 9.0 9.0 0.01 9.0 0.009999999999999787 1.4484 0.013402210112019378 
9.0 0.45964598895745423 3.220714285714285 0.009999999999999787 0.009999999999999787 6.233846153846154 0.010000000000000009 0.3254385964912281 9.0 0.009999999999999787 0.14417910447761195 9.0 0.009999999999999787 0.5494 0.010680442022403876 
9.0 4.948806430659307 0.49160714285714285 0.009999999999999787 0.009999999999999787 2.7761538461538464 3.862857142857143 0.010000000000000002 0.009999999999999787 9.0 0.01 0.009999999999999787 0.009999999999999787 0.4595 0.028371934604904635 
0.009999999999999787 1.2260880155894776 1.0261910714285714 9.0 9.0 3.4676923076923076 0.010000000000000009 0.14090701754385965 9.0 0.009999999999999787 0.14417910447761195 0.009999999999999787 0.009999999999999787 1.2686 0.06443536179231002 
0.009999999999999787 3.148762585254954 1.0534821428571428 0.009999999999999787 0.009999999999999787 5.542307692307692 1.2942857142857143 2.8489473684210527 0.009999999999999787 9.0 0.01 0.009999999999999787 0.009999999999999787 0.46849 0.4448024523160763 
9.0 6.128397206885353 6.270892857142857 0.009999999999999787 0.009999999999999787 0.010000000000000009 0.010000000000000009 1.7449122807017543 0.009999999999999787 0.009999999999999787 0.9492537313432836 9.0 0.009999999999999787 0.01 2.0513260672116256 
0.009999999999999787 6.055402728158494 5.949821428571428 0.009999999999999787 0.009999999999999787 0.7015384615384616 2.5785714285714283 4.741578947368421 0.009999999999999787 0.009999999999999787 2.291044776119403 0.009999999999999787 0.009999999999999787 0.01 0.01 
0.009999999999999787 6.95615459564794 2.2575 0.009999999999999787 0.009999999999999787 7.616923076923077 6.4314285714285715 0.010000000000000002 9.0 9.0 0.01 9.0 0.009999999999999787 0.01 0.0181653042688465 
9.0 1.2260880155894776 0.49160714285714285 0.009999999999999787 0.009999999999999787 6.233846153846154 0.010000000000000009 0.28600877192982455 9.0 9.0 0.01 0.009999999999999787 0.009999999999999787 0.7292 0.01 
0.009999999999999787 1.080099058135759 0.05013392857142857 9.0 9.0 3.4676923076923076 0.010000000000000009 0.04942982456140351 9.0 9.0 0.01 9.0 0.009999999999999787 0.909 0.05763094156827127 
0.009999999999999787 1.153093536862618 0.2508035714285714 0.009999999999999787 0.009999999999999787 4.15923076923077 0.010000000000000009 0.16771929824561405 0.009999999999999787 9.0 0.01 0.009999999999999787 9.0 1.4484 0.01 
0.009999999999999787 3.769215654433259 0.7324107142857142 9.0 9.0 6.9253846153846155 1.2942857142857143 3.1643859649122805 0.009999999999999787 9.0 0.01 0.009999999999999787 0.009999999999999787 0.8011199999999999 0.01 
0.009999999999999787 1.4815686911334853 0.33107142857142857 0.009999999999999787 0.009999999999999787 8.308461538461538 0.010000000000000009 0.16771929824561405 9.0 9.0 0.01 9.0 0.009999999999999787 0.909 0.01 
0.009999999999999787 1.737049366677493 0.49160714285714285 9.0 9.0 6.233846153846154 0.010000000000000009 0.12828947368421054 0.009999999999999787 9.0 0.01 0.009999999999999787 0.009999999999999787 1.1787 0.7346707538601271 
0.009999999999999787 1.1647726534589156 0.8126785714285714 0.009999999999999787 0.009999999999999787 0.010000000000000009 0.010000000000000009 0.3522508771929825 0.009999999999999787 0.009999999999999787 1.4859701492537314 0.009999999999999787 0.009999999999999787 0.2797 1.4960853769300635 
0.009999999999999787 0.5209613510880162 1.6153571428571427 0.009999999999999787 0.009999999999999787 5.542307692307692 0.010000000000000009 0.12828947368421054 0.009999999999999787 0.009999999999999787 0.2783582089552239 9.0 0.009999999999999787 0.01 0.03585679685134726 
9.0 4.6086521597921415 0.15769285714285716 0.009999999999999787 0.009999999999999787 6.9253846153846155 1.2942857142857143 0.14090701754385965 0.009999999999999787 0.009999999999999787 1.4859701492537314 0.009999999999999787 0.009999999999999787 1.9878 0.014082652134423251 
0.009999999999999787 2.9297791490743754 1.4548214285714285 0.009999999999999787 0.009999999999999787 6.9253846153846155 1.2942857142857143 1.8237719298245614 9.0 9.0 0.01 0.009999999999999787 9.0 3.205945 0.01 
0.009999999999999787 0.715126664501462 2.2575 0.009999999999999787 0.009999999999999787 0.010000000000000009 0.010000000000000009 0.16771929824561405 9.0 9.0 0.01 9.0 0.009999999999999787 0.01 0.01 
0.009999999999999787 0.6304530691783055 2.337767857142857 0.009999999999999787 0.009999999999999787 4.15923076923077 0.010000000000000009 0.022617543859649127 9.0 0.009999999999999787 0.14417910447761195 9.0 0.009999999999999787 0.4595 0.010680442022403876 
0.009999999999999787 1.1049171809028913 0.2508035714285714 0.009999999999999787 0.009999999999999787 2.0846153846153848 0.010000000000000009 0.5099701754385965 9.0 0.009999999999999787 0.14417910447761195 0.009999999999999787 0.009999999999999787 1.808 0.01612397820163488 
0.009999999999999787 1.2625852549529073 0.14324464285714286 9.0 9.0 0.010000000000000009 0.010000000000000009 0.022617543859649127 9.0 0.009999999999999787 0.2783582089552239 9.0 0.009999999999999787 0.58536 0.014082652134423251 
0.009999999999999787 2.126839883078923 0.2508035714285714 9.0 9.0 0.010000000000000009 0.010000000000000009 0.022617543859649127 9.0 9.0 0.01 9.0 0.009999999999999787 1.0888 0.01 
0.009999999999999787 0.5939558298148757 1.2942857142857143 9.0 9.0 2.0846153846153848 0.010000000000000009 0.3254385964912281 9.0 9.0 0.01 0.009999999999999787 0.009999999999999787 1.6281999999999999 0.6904420224038753 
0.009999999999999787 0.861115621955181 1.5479321428571429 9.0 9.0 6.233846153846154 0.010000000000000009 0.7197368421052632 0.009999999999999787 0.009999999999999787 0.14417910447761195 0.009999999999999787 0.009999999999999787 0.3696 0.21413260672116258 
0.009999999999999787 0.9092919779149078 3.3812499999999996 0.009999999999999787 0.009999999999999787 0.010000000000000009 0.010000000000000009 0.9563157894736842 0.009999999999999787 9.0 0.01 0.009999999999999787 0.009999999999999787 0.01 0.01 
0.009999999999999787 0.4713251055537513 0.3984964285714286 9.0 9.0 7.616923076923077 7.715714285714286 0.010000000000000002 9.0 9.0 0.01 9.0 0.009999999999999787 0.4595 0.01 
0.009999999999999787 0.715126664501462 3.5562339285714284 0.009999999999999787 0.009999999999999787 0.010000000000000009 0.010000000000000009 0.6408771929824562 9.0 9.0 0.01 0.009999999999999787 0.009999999999999787 0.62132 0.01 
9.0 0.32533614810003275 3.060178571428571 0.009999999999999787 0.009999999999999787 8.308461538461538 0.010000000000000009 0.5620175438596491 9.0 0.009999999999999787 1.3517910447761194 0.009999999999999787 0.009999999999999787 0.01 0.016804420224038753 
0.009999999999999787 3.6714030529392665 6.913035714285714 0.009999999999999787 0.009999999999999787 7.616923076923077 6.4314285714285715 6.318771929824561 0.009999999999999787 0.009999999999999787 1.4859701492537314 9.0 0.009999999999999787 0.01 0.8265304268846503 
9.0 0.10635271191945472 0.19782678571428572 0.009999999999999787 0.009999999999999787 0.010000000000000009 1.2942857142857143 0.4831578947368421 0.009999999999999787 0.009999999999999787 0.2783582089552239 9.0 0.009999999999999787 0.4595 0.01 
9.0 3.477237739525821 0.5445839285714286 0.009999999999999787 0.009999999999999787 8.308461538461538 0.010000000000000009 0.08885964912280703 9.0 9.0 0.01 9.0 0.009999999999999787 0.01 0.27537238873751135 
0.009999999999999787 0.496143228320884 0.6521428571428571 0.009999999999999787 0.009999999999999787 2.0846153846153848 0.010000000000000009 0.4831578947368421 0.009999999999999787 0.009999999999999787 0.2783582089552239 9.0 0.009999999999999787 0.5494 0.21413260672116258 
0.009999999999999787 1.9195355634946414 1.6554910714285713 0.009999999999999787 0.009999999999999787 6.9253846153846155 0.010000000000000009 1.5083333333333333 0.009999999999999787 0.009999999999999787 0.2783582089552239 9.0 0.009999999999999787 1.8979 0.014763094156827127 
9.0 0.776442026632024 0.27809464285714286 0.009999999999999787 0.009999999999999787 5.542307692307692 0.010000000000000009 0.5099701754385965 0.009999999999999787 0.009999999999999787 0.14417910447761195 9.0 0.009999999999999787 0.01 0.01 
0.009999999999999787 0.9822864566417673 3.541785714285714 0.009999999999999787 0.009999999999999787 6.9253846153846155 0.010000000000000009 0.10147719298245614 0.009999999999999787 0.009999999999999787 0.8150746268656717 9.0 0.009999999999999787 0.553895 0.01 
9.0 2.9297791490743754 1.214017857142857 0.009999999999999787 0.009999999999999787 9.0 9.0 0.010000000000000002 9.0 0.009999999999999787 0.8150746268656717 9.0 0.009999999999999787 0.01 0.14608840448077506 
0.009999999999999787 2.770651185449822 0.8126785714285714 0.009999999999999787 0.009999999999999787 0.010000000000000009 0.010000000000000009 0.3254385964912281 9.0 9.0 0.01 9.0 0.009999999999999787 2.0776999999999997 0.020887072358462003 
0.009999999999999787 1.445071451770056 4.0233928571428565 0.009999999999999787 0.009999999999999787 8.308461538461538 0.010000000000000009 0.9563157894736842 0.009999999999999787 9.0 0.01 0.009999999999999787 9.0 0.09989999999999999 0.01 
9.0 2.624662227996103 1.494955357142857 0.009999999999999787 0.009999999999999787 5.542307692307692 1.2942857142857143 0.5225877192982457 0.009999999999999787 0.009999999999999787 0.2783582089552239 9.0 0.009999999999999787 0.01 0.01 
0.009999999999999787 0.288838908736603 0.03729107142857143 9.0 9.0 0.010000000000000009 0.010000000000000009 0.022617543859649127 9.0 9.0 0.01 9.0 0.009999999999999787 0.6393 0.5012791401755979 
0.009999999999999787 1.0552809353686263 3.541785714285714 0.009999999999999787 0.009999999999999787 6.233846153846154 0.010000000000000009 0.6408771929824562 0.009999999999999787 0.009999999999999787 0.14417910447761195 9.0 0.009999999999999787 0.3696 0.19916288222827733 
0.009999999999999787 1.9078564468983443 0.05013392857142857 9.0 9.0 3.4676923076923076 0.010000000000000009 0.036812280701754393 9.0 9.0 0.01 9.0 0.009999999999999787 0.98092 1.4389282470481382 
0.009999999999999787 2.0655245209483604 4.758646428571428 0.009999999999999787 0.009999999999999787 8.308461538461538 0.010000000000000009 1.5998105263157896 0.009999999999999787 0.009999999999999787 0.6808955223880597 0.009999999999999787 0.009999999999999787 0.76516 0.01 
9.0 4.718143877882431 0.9732142857142857 0.009999999999999787 0.009999999999999787 6.9253846153846155 0.010000000000000009 4.386710526315789 0.009999999999999787 0.009999999999999787 0.2783582089552239 0.009999999999999787 0.009999999999999787 2.3429049999999996 1.1694732061762034 
0.009999999999999787 1.4698895745371883 0.9732142857142857 0.009999999999999787 0.009999999999999787 0.010000000000000009 0.010000000000000009 0.4042982456140351 9.0 0.009999999999999787 0.14417910447761195 9.0 0.009999999999999787 0.01 0.024969724492885256 
9.0 1.7852257226372203 0.5445839285714286 0.009999999999999787 0.009999999999999787 9.0 9.0 0.010000000000000002 9.0 9.0 0.01 9.0 0.009999999999999787 1.5383 0.010680442022403876 
0.009999999999999787 1.7122312439103609 0.18337857142857145 0.009999999999999787 0.009999999999999787 3.4676923076923076 9.0 0.010000000000000002 9.0 9.0 0.01 9.0 0.009999999999999787 0.4595 0.01 
0.009999999999999787 3.926883728483275 0.07581964285714285 0.009999999999999787 0.009999999999999787 2.0846153846153848 1.2942857142857143 1.626622807017544 0.009999999999999787 9.0 0.01 9.0 0.009999999999999787 1.808 0.01 
0.009999999999999787 0.4231487495940245 0.06297678571428571 0.009999999999999787 0.009999999999999787 5.542307692307692 5.147142857142857 0.07624210526315789 9.0 9.0 0.01 9.0 0.009999999999999787 0.909 0.037217680896155014 
9.0 5.580938616433908 0.06297678571428571 0.009999999999999787 0.009999999999999787 9.0 9.0 0.010000000000000002 9.0 9.0 0.01 0.009999999999999787 9.0 0.28869 0.028371934604904635 
0.009999999999999787 4.097690808704126 1.6153571428571427 0.009999999999999787 0.009999999999999787 2.0846153846153848 2.5785714285714283 0.7197368421052632 9.0 9.0 0.01 0.009999999999999787 0.009999999999999787 0.643795 0.01 
0.009999999999999787 3.440740500162392 0.077425 0.009999999999999787 0.009999999999999787 3.4676923076923076 0.010000000000000009 0.036812280701754393 0.009999999999999787 9.0 0.01 0.009999999999999787 0.009999999999999787 1.2686 0.01 
0.009999999999999787 3.014452744397533 0.7853875 0.009999999999999787 0.009999999999999787 6.233846153846154 0.010000000000000009 0.04942982456140351 9.0 0.009999999999999787 0.2783582089552239 9.0 0.009999999999999787 0.9989 0.010680442022403876 
9.0 0.5443195842806108 3.060178571428571 0.009999999999999787 0.009999999999999787 6.233846153846154 0.010000000000000009 0.5225877192982457 0.009999999999999787 0.009999999999999787 0.8150746268656717 0.009999999999999787 0.009999999999999787 0.1898 0.41826521344232515 
0.009999999999999787 2.758972068853525 1.4548214285714285 0.009999999999999787 0.009999999999999787 8.308461538461538 0.010000000000000009 0.3254385964912281 0.009999999999999787 9.0 0.01 0.009999999999999787 0.009999999999999787 1.0888 0.01 
9.0 1.3720769730431965 0.7853875 9.0 9.0 0.010000000000000009 0.010000000000000009 0.010000000000000002 9.0 9.0 0.01 9.0 0.009999999999999787 0.5494 0.01 
0.009999999999999787 2.0538454043520633 1.13375 0.009999999999999787 0.009999999999999787 6.233846153846154 0.010000000000000009 1.1140350877192982 0.009999999999999787 0.009999999999999787 0.41253731343283584 0.009999999999999787 0.009999999999999787 1.488855 0.01 
0.009999999999999787 1.8582202013640798 1.2942857142857143 9.0 9.0 2.0846153846153848 1.2942857142857143 1.8237719298245614 0.009999999999999787 0.009999999999999787 0.2783582089552239 0.009999999999999787 0.009999999999999787 0.347125 0.01 
0.009999999999999787 1.7005521273140638 1.4548214285714285 9.0 9.0 0.010000000000000009 2.5785714285714283 0.7985964912280702 9.0 9.0 0.01 9.0 0.009999999999999787 0.909 0.8333348471086891 
0.009999999999999787 0.569137707047743 0.01 9.0 9.0 9.0 9.0 0.010000000000000002 9.0 0.009999999999999787 0.5467164179104478 9.0 0.009999999999999787 0.212275 0.010680442022403876 
0.009999999999999787 0.9822864566417673 0.09026785714285714 0.009999999999999787 0.009999999999999787 0.7015384615384616 1.2942857142857143 0.2197666666666667 0.009999999999999787 9.0 0.01 0.009999999999999787 0.009999999999999787 0.01 0.01 
0.009999999999999787 0.922430984085743 0.2508035714285714 9.0 9.0 4.850769230769231 5.147142857142857 0.24657894736842106 9.0 9.0 0.01 0.009999999999999787 0.009999999999999787 0.60334 0.011360884044807751 
0.009999999999999787 5.726927573887627 2.1772321428571426 0.009999999999999787 0.009999999999999787 0.010000000000000009 1.2942857142857143 0.8380263157894737 0.009999999999999787 0.009999999999999787 1.4859701492537314 0.009999999999999787 0.009999999999999787 0.01 0.2032455343627006 
0.009999999999999787 6.347380643065932 0.8801035714285714 0.009999999999999787 0.009999999999999787 0.010000000000000009 0.010000000000000009 0.7717842105263159 9.0 9.0 0.01 0.009999999999999787 0.009999999999999787 1.4484 0.01 
0.009999999999999787 3.3677460214355324 3.260848214285714 0.009999999999999787 0.009999999999999787 6.9253846153846155 0.010000000000000009 0.7985964912280702 0.009999999999999787 0.009999999999999787 0.8150746268656717 9.0 0.009999999999999787 2.3474 0.14336663639115957 
0.009999999999999787 1.1895907762260478 1.2942857142857143 0.009999999999999787 0.009999999999999787 0.010000000000000009 2.5785714285714283 0.08885964912280703 0.009999999999999787 9.0 0.01 0.009999999999999787 0.009999999999999787 0.7292 0.01 
0.009999999999999787 4.814496589801884 1.9492714285714285 0.009999999999999787 0.009999999999999787 3.4676923076923076 0.010000000000000009 0.022617543859649127 9.0 9.0 0.01 9.0 0.009999999999999787 0.01 1.8403890402664245 
9.0 2.6494803507632354 0.8126785714285714 9.0 9.0 0.010000000000000009 0.010000000000000009 0.7985964912280702 9.0 9.0 0.01 0.009999999999999787 0.009999999999999787 0.01 0.011360884044807751 
0.009999999999999787 0.9954254628126025 0.18337857142857145 9.0 9.0 6.9253846153846155 0.010000000000000009 0.022617543859649127 0.009999999999999787 0.009999999999999787 0.14417910447761195 0.009999999999999787 0.009999999999999787 3.7857999999999996 0.05014607932182864 
0.009999999999999787 1.5793812926274775 0.2909375 0.009999999999999787 0.009999999999999787 3.4676923076923076 0.010000000000000009 0.12828947368421054 9.0 0.009999999999999787 0.2783582089552239 0.009999999999999787 0.009999999999999787 0.79213 0.012041326067211627 
9.0 6.3605196492367675 1.4419785714285713 0.009999999999999787 0.009999999999999787 5.542307692307692 1.2942857142857143 0.9689333333333333 0.009999999999999787 0.009999999999999787 0.8150746268656717 9.0 0.009999999999999787 0.203285 0.39104753254617014 
9.0 2.466994153946087 1.9364285714285714 0.009999999999999787 0.009999999999999787 0.7015384615384616 0.010000000000000009 0.4042982456140351 9.0 9.0 0.01 9.0 0.009999999999999787 1.23264 0.01 
9.0 1.0684199415394615 1.828869642857143 0.009999999999999787 0.009999999999999787 5.542307692307692 0.010000000000000009 0.8254087719298245 0.009999999999999787 0.009999999999999787 0.9492537313432836 9.0 0.009999999999999787 0.589855 2.2261996669694217 
9.0 1.456750568366353 0.8255214285714285 9.0 9.0 8.308461538461538 0.010000000000000009 0.08885964912280703 0.009999999999999787 9.0 0.01 0.009999999999999787 0.009999999999999787 1.67315 0.01 
0.009999999999999787 1.2260880155894776 0.8929464285714286 0.009999999999999787 0.009999999999999787 9.0 9.0 1.4294736842105265 9.0 9.0 0.01 9.0 0.009999999999999787 0.7292 0.02701105056009688 
0.009999999999999787 1.360397856446899 3.9704160714285712 0.009999999999999787 0.009999999999999787 5.542307692307692 1.2942857142857143 0.5099701754385965 0.009999999999999787 9.0 0.01 0.009999999999999787 0.009999999999999787 0.5494 0.01 
0.009999999999999787 5.459767781747322 2.0969642857142854 0.009999999999999787 0.009999999999999787 3.4676923076923076 0.010000000000000009 1.9941087719298245 0.009999999999999787 0.009999999999999787 2.022686567164179 9.0 0.009999999999999787 0.01 7.632311534968211 
0.009999999999999787 2.770651185449822 2.0969642857142854 0.009999999999999787 0.009999999999999787 8.308461538461538 0.010000000000000009 0.04942982456140351 0.009999999999999787 9.0 0.01 0.009999999999999787 0.009999999999999787 2.0012849999999998 0.01 
9.0 1.1049171809028913 0.11755892857142856 0.009999999999999787 0.009999999999999787 5.542307692307692 0.010000000000000009 0.24657894736842106 9.0 9.0 0.01 9.0 9.0 0.7292 0.01 
0.009999999999999787 0.8859337447223132 0.2909375 9.0 9.0 0.010000000000000009 1.2942857142857143 0.08885964912280703 9.0 9.0 0.01 9.0 0.009999999999999787 1.2686 0.14881017257039056 
0.009999999999999787 2.7954693082169544 0.571875 0.009999999999999787 0.009999999999999787 6.233846153846154 2.5785714285714283 0.08885964912280703 0.009999999999999787 9.0 0.01 0.009999999999999787 0.009999999999999787 0.742685 0.01 
0.009999999999999787 0.43482786619032154 1.7758928571428572 0.009999999999999787 0.009999999999999787 3.4676923076923076 0.010000000000000009 0.16771929824561405 0.009999999999999787 9.0 0.01 9.0 0.009999999999999787 0.3696 0.01 
9.0 0.6786294251380323 0.2508035714285714 0.009999999999999787 0.009999999999999787 0.010000000000000009 0.010000000000000009 0.2607736842105263 0.009999999999999787 0.009999999999999787 0.6808955223880597 0.009999999999999787 0.009999999999999787 0.6393 0.013402210112019378 
0.009999999999999787 0.776442026632024 0.3583625 0.009999999999999787 0.009999999999999787 5.542307692307692 0.010000000000000009 0.4831578947368421 9.0 9.0 0.01 9.0 0.009999999999999787 0.49546 0.014763094156827127 
9.0 0.507822344917181 3.220714285714285 0.009999999999999787 0.009999999999999787 0.7015384615384616 0.010000000000000009 0.14090701754385965 9.0 9.0 0.01 9.0 0.009999999999999787 0.3696 0.03857856494096276 
0.009999999999999787 3.2451152971744075 2.0969642857142854 0.009999999999999787 0.009999999999999787 4.15923076923077 1.2942857142857143 1.3506140350877194 0.009999999999999787 0.009999999999999787 1.6201492537313433 0.009999999999999787 0.009999999999999787 0.428035 0.01 
0.009999999999999787 1.1165962974991888 3.541785714285714 0.009999999999999787 0.009999999999999787 5.542307692307692 0.010000000000000009 0.7985964912280702 0.009999999999999787 0.009999999999999787 0.9492537313432836 0.009999999999999787 0.009999999999999787 0.4595 0.5604775961247351 
0.009999999999999787 0.6304530691783055 2.0969642857142854 0.009999999999999787 0.009999999999999787 6.233846153846154 1.2942857142857143 0.470540350877193 0.009999999999999787 0.009999999999999787 0.9492537313432836 9.0 0.009999999999999787 0.3696 2.0200257341810475 
0.009999999999999787 3.5137349788892505 0.5590321428571429 0.009999999999999787 0.009999999999999787 6.9253846153846155 0.010000000000000009 0.04942982456140351 0.009999999999999787 0.009999999999999787 0.6808955223880597 0.009999999999999787 0.009999999999999787 2.1675999999999997 0.01 
9.0 1.9808509256252038 0.34391428571428573 0.009999999999999787 0.009999999999999787 0.010000000000000009 0.010000000000000009 0.7985964912280702 0.009999999999999787 0.009999999999999787 0.6808955223880597 0.009999999999999787 0.009999999999999787 1.3585 0.9830320920375416 
9.0 3.452419616758689 0.49160714285714285 0.009999999999999787 0.009999999999999787 9.0 9.0 0.010000000000000002 9.0 9.0 0.01 9.0 0.009999999999999787 0.35162 0.01 
9.0 0.7633030204611888 3.220714285714285 0.009999999999999787 0.009999999999999787 0.010000000000000009 1.2942857142857143 0.3254385964912281 0.009999999999999787 0.009999999999999787 0.5467164179104478 9.0 0.009999999999999787 0.23475000000000001 1.0068475628216773 
0.009999999999999787 1.28740337772004 0.19782678571428572 9.0 9.0 6.9253846153846155 1.2942857142857143 0.04942982456140351 9.0 9.0 0.01 9.0 0.009999999999999787 1.0888 0.010680442022403876 
0.009999999999999787 1.9195355634946414 1.6281999999999999 9.0 9.0 0.010000000000000009 2.5785714285714283 0.4831578947368421 0.009999999999999787 0.009999999999999787 1.0834328358208956 0.009999999999999787 0.009999999999999787 0.65728 0.014763094156827127 
9.0 1.6027395258200716 2.792083928571428 0.009999999999999787 0.009999999999999787 8.308461538461538 0.010000000000000009 0.4563456140350877 0.009999999999999787 9.0 0.01 9.0 0.009999999999999787 0.7292 0.11206630336058128 
0.009999999999999787 1.310761610912634 0.2909375 0.009999999999999787 0.009999999999999787 4.15923076923077 0.010000000000000009 0.036812280701754393 9.0 0.009999999999999787 0.5467164179104478 9.0 0.009999999999999787 1.15173 1.3368619436875568 
9.0 1.080099058135759 3.541785714285714 9.0 9.0 5.542307692307692 0.010000000000000009 0.9563157894736842 0.009999999999999787 9.0 0.01 0.009999999999999787 0.009999999999999787 1.21466 0.01 
0.009999999999999787 2.564806755440079 1.7758928571428572 0.009999999999999787 0.009999999999999787 5.542307692307692 1.2942857142857143 1.7449122807017543 0.009999999999999787 0.009999999999999787 1.6201492537313433 0.009999999999999787 0.009999999999999787 1.84396 0.6904420224038753 
0.009999999999999787 1.5545631698603448 0.1705357142857143 0.009999999999999787 0.009999999999999787 0.010000000000000009 0.010000000000000009 0.470540350877193 0.009999999999999787 0.009999999999999787 0.6808955223880597 0.009999999999999787 0.009999999999999787 1.41244 0.01 
0.009999999999999787 3.2699334199415406 0.571875 9.0 9.0 0.010000000000000009 2.5785714285714283 0.08885964912280703 0.009999999999999787 9.0 0.01 0.009999999999999787 0.009999999999999787 0.74718 0.2821768089615501 
9.0 1.9443536862617745 1.13375 0.009999999999999787 0.009999999999999787 6.233846153846154 0.010000000000000009 0.27339122807017546 0.009999999999999787 9.0 0.01 9.0 9.0 1.2686 0.01 
0.009999999999999787 1.0319227021760318 0.7324107142857142 0.009999999999999787 0.009999999999999787 2.0846153846153848 0.010000000000000009 0.04942982456140351 9.0 9.0 0.01 9.0 0.009999999999999787 0.7292 0.016804420224038753 
0.009999999999999787 0.93411010068204 3.1404464285714284 0.009999999999999787 0.009999999999999787 0.010000000000000009 0.010000000000000009 0.08885964912280703 0.009999999999999787 9.0 0.01 9.0 0.009999999999999787 0.6393 0.01 
0.009999999999999787 2.186695355634947 0.34391428571428573 9.0 9.0 2.0846153846153848 2.5785714285714283 0.16771929824561405 0.009999999999999787 0.009999999999999787 1.3517910447761194 0.009999999999999787 0.009999999999999787 0.60334 0.02905237662730851 
9.0 1.1049171809028913 0.2508035714285714 0.009999999999999787 0.009999999999999787 0.010000000000000009 0.010000000000000009 0.6408771929824562 9.0 0.009999999999999787 0.2783582089552239 0.009999999999999787 0.009999999999999787 0.909 0.27809415682712685 
0.009999999999999787 3.2451152971744075 0.8656553571428571 0.009999999999999787 0.009999999999999787 6.9253846153846155 0.010000000000000009 0.062047368421052636 9.0 9.0 0.01 0.009999999999999787 0.009999999999999787 0.01 0.3509014532243415 
0.009999999999999787 3.938562845079572 0.34391428571428573 0.009999999999999787 0.009999999999999787 6.233846153846154 0.010000000000000009 1.5871929824561404 0.009999999999999787 0.009999999999999787 0.8150746268656717 0.009999999999999787 0.009999999999999787 2.2575 6.814420224038752 
0.009999999999999787 2.7837901916206573 2.9542249999999997 0.009999999999999787 0.009999999999999787 0.010000000000000009 0.010000000000000009 1.4294736842105265 0.009999999999999787 0.009999999999999787 1.6201492537313433 0.009999999999999787 0.009999999999999787 0.01 0.16037768695125645 
0.009999999999999787 2.5034913933095164 4.505 9.0 9.0 9.0 9.0 0.010000000000000002 9.0 0.009999999999999787 0.2783582089552239 9.0 0.009999999999999787 0.7292 0.010680442022403876 
0.009999999999999787 1.237767132185775 0.15769285714285716 9.0 9.0 6.233846153846154 0.010000000000000009 0.8380263157894737 0.009999999999999787 0.009999999999999787 0.8150746268656717 0.009999999999999787 0.009999999999999787 0.94496 0.2461133817741447 
0.009999999999999787 0.872794738551478 3.248005357142857 9.0 9.0 7.616923076923077 1.2942857142857143 0.4042982456140351 9.0 9.0 0.01 9.0 0.009999999999999787 1.1787 0.01 
0.009999999999999787 7.893403702500814 2.8996428571428567 0.009999999999999787 0.009999999999999787 9.0 9.0 1.2717543859649123 9.0 0.009999999999999787 0.14417910447761195 9.0 0.009999999999999787 0.32465 0.014082652134423251 
0.009999999999999787 1.9677119194543686 1.1738839285714286 0.009999999999999787 0.009999999999999787 8.308461538461538 0.010000000000000009 0.08885964912280703 9.0 9.0 0.01 0.009999999999999787 0.009999999999999787 0.4595 0.01 
0.009999999999999787 1.5428840532640478 1.0534821428571428 0.009999999999999787 0.009999999999999787 0.010000000000000009 1.2942857142857143 0.7323543859649123 9.0 0.009999999999999787 0.14417910447761195 0.009999999999999787 0.009999999999999787 1.87992 0.02428928247048138 
0.009999999999999787 0.4844641117245865 3.353958928571428 9.0 9.0 8.308461538461538 0.010000000000000009 0.04942982456140351 0.009999999999999787 9.0 0.01 9.0 0.009999999999999787 0.5494 0.26516575840145323 
0.009999999999999787 4.681646638519 1.8834517857142856 0.009999999999999787 0.009999999999999787 6.233846153846154 0.010000000000000009 1.7449122807017543 9.0 9.0 0.01 9.0 0.009999999999999787 2.1001749999999997 0.11206630336058128 
9.0 5.131292627476455 0.27809464285714286 0.009999999999999787 0.009999999999999787 8.308461538461538 0.010000000000000009 0.16771929824561405 9.0 9.0 0.01 0.009999999999999787 0.009999999999999787 1.0888 0.0896117166212534 
9.0 0.8129392659954537 0.5991660714285714 0.009999999999999787 0.009999999999999787 5.542307692307692 0.010000000000000009 0.6676894736842105 0.009999999999999787 0.009999999999999787 0.6808955223880597 9.0 0.009999999999999787 0.9989 1.7131463820768997 
9.0 1.9925300422215009 1.214017857142857 0.009999999999999787 0.009999999999999787 0.010000000000000009 0.010000000000000009 0.3522508771929825 0.009999999999999787 0.009999999999999787 0.14417910447761195 0.009999999999999787 0.009999999999999787 1.677645 0.01 
0.009999999999999787 5.3619551802533305 0.9732142857142857 9.0 9.0 9.0 9.0 0.4831578947368421 9.0 9.0 0.01 9.0 0.009999999999999787 0.8190999999999999 0.0127217680896155 
9.0 0.8362974991880483 0.9732142857142857 0.009999999999999787 0.009999999999999787 8.308461538461538 0.010000000000000009 0.022617543859649127 0.009999999999999787 9.0 0.01 9.0 0.009999999999999787 0.4595 0.01 
0.009999999999999787 2.710795712893798 0.4113392857142857 0.009999999999999787 0.009999999999999787 6.233846153846154 0.010000000000000009 0.3774859649122807 9.0 9.0 0.01 9.0 0.009999999999999787 0.5494 0.01 
0.009999999999999787 2.710795712893798 0.7051196428571429 0.009999999999999787 0.009999999999999787 0.010000000000000009 0.010000000000000009 0.4831578947368421 9.0 9.0 0.01 9.0 4.505 0.5494 0.01 
0.009999999999999787 7.040828190971096 0.18337857142857145 0.009999999999999787 0.009999999999999787 0.010000000000000009 0.010000000000000009 0.19453157894736842 0.009999999999999787 0.009999999999999787 0.41253731343283584 0.009999999999999787 0.009999999999999787 0.8190999999999999 0.01 
9.0 0.7268057810977591 0.4113392857142857 0.009999999999999787 0.009999999999999787 0.010000000000000009 0.010000000000000009 0.010000000000000002 9.0 9.0 0.01 9.0 0.009999999999999787 0.01 0.01 
9.0 1.1165962974991888 1.9894053571428572 0.009999999999999787 0.009999999999999787 8.308461538461538 0.010000000000000009 0.062047368421052636 9.0 9.0 0.01 9.0 0.009999999999999787 0.9989 0.6904420224038753 
0.009999999999999787 0.9092919779149078 2.418035714285714 0.009999999999999787 0.009999999999999787 8.308461538461538 0.010000000000000009 0.4563456140350877 0.009999999999999787 0.009999999999999787 0.14417910447761195 9.0 0.009999999999999787 0.3696 6.678331819557977 
9.0 1.3720769730431965 0.571875 9.0 9.0 0.010000000000000009 0.010000000000000009 0.062047368421052636 9.0 9.0 0.01 9.0 0.009999999999999787 0.60334 0.01 
0.009999999999999787 1.3472588502760638 2.137098214285714 9.0 9.0 0.7015384615384616 0.010000000000000009 1.7449122807017543 0.009999999999999787 9.0 0.01 0.009999999999999787 9.0 0.4595 0.01 
0.009999999999999787 2.5283095160766496 0.7051196428571429 9.0 9.0 3.4676923076923076 9.0 0.010000000000000002 9.0 9.0 0.01 9.0 0.009999999999999787 0.5494 0.01 
0.009999999999999787 3.160441701851251 0.05013392857142857 9.0 9.0 0.010000000000000009 0.010000000000000009 0.4831578947368421 9.0 9.0 0.01 0.009999999999999787 0.009999999999999787 1.05284 0.0868899485316379 
0.009999999999999787 2.576485872036376 0.7597017857142857 0.009999999999999787 0.009999999999999787 0.7015384615384616 1.2942857142857143 1.8237719298245614 9.0 9.0 0.01 0.009999999999999787 0.009999999999999787 1.32254 0.01 
0.009999999999999787 0.507822344917181 3.3138249999999996 0.009999999999999787 0.009999999999999787 9.0 9.0 0.14090701754385965 9.0 9.0 0.01 9.0 0.009999999999999787 0.3696 0.01 
0.009999999999999787 1.1895907762260478 0.49160714285714285 0.009999999999999787 0.009999999999999787 5.542307692307692 0.010000000000000009 0.7591666666666667 0.009999999999999787 0.009999999999999787 0.41253731343283584 0.009999999999999787 0.009999999999999787 0.01 0.4060172570390554 
9.0 1.445071451770056 3.968810714285714 0.009999999999999787 0.009999999999999787 6.9253846153846155 1.2942857142857143 1.1140350877192982 0.009999999999999787 0.009999999999999787 0.8150746268656717 9.0 0.009999999999999787 1.808 0.3216424462609749 
0.009999999999999787 2.41881779798636 5.200119642857143 0.009999999999999787 0.009999999999999787 0.7015384615384616 0.010000000000000009 0.9563157894736842 0.009999999999999787 0.009999999999999787 1.2176119402985075 9.0 0.009999999999999787 1.13375 0.5067226763548289 
0.009999999999999787 2.6976567067229626 0.8929464285714286 0.009999999999999787 0.009999999999999787 4.15923076923077 0.010000000000000009 1.3506140350877194 0.009999999999999787 0.009999999999999787 0.8150746268656717 9.0 0.009999999999999787 0.92698 0.01 
9.0 4.243679766157845 2.149941071428571 0.009999999999999787 0.009999999999999787 5.542307692307692 0.010000000000000009 2.336359649122807 0.009999999999999787 0.009999999999999787 0.41253731343283584 0.009999999999999787 0.009999999999999787 0.01 0.01 
0.009999999999999787 1.7735466060409228 0.5188982142857143 0.009999999999999787 0.009999999999999787 6.9253846153846155 1.2942857142857143 0.5888298245614035 0.009999999999999787 0.009999999999999787 1.6201492537313433 0.009999999999999787 0.009999999999999787 2.6305849999999995 0.4951551619739631 
0.009999999999999787 1.1049171809028913 3.3812499999999996 0.009999999999999787 0.009999999999999787 5.542307692307692 1.2942857142857143 0.4311105263157895 0.009999999999999787 9.0 0.01 9.0 0.009999999999999787 0.4595 0.01 
0.009999999999999787 1.4698895745371883 1.9364285714285714 0.009999999999999787 0.009999999999999787 0.010000000000000009 0.010000000000000009 0.3254385964912281 0.009999999999999787 0.009999999999999787 0.41253731343283584 9.0 0.009999999999999787 0.01 0.01 
0.009999999999999787 2.1998343618057823 2.0969642857142854 0.009999999999999787 0.009999999999999787 6.9253846153846155 0.010000000000000009 0.9957456140350878 0.009999999999999787 0.009999999999999787 1.0834328358208956 9.0 0.009999999999999787 1.49335 0.8265304268846503 
0.009999999999999787 2.3575024358557983 0.37120535714285713 0.009999999999999787 0.009999999999999787 9.0 9.0 0.010000000000000002 9.0 0.009999999999999787 0.14417910447761195 9.0 0.009999999999999787 0.44152 0.02292839842567363 
9.0 2.4918122767132194 0.4787642857142857 0.009999999999999787 0.009999999999999787 6.233846153846154 0.010000000000000009 0.3522508771929825 0.009999999999999787 0.009999999999999787 2.156865671641791 9.0 0.009999999999999787 0.5494 1.4246389645776567 
0.009999999999999787 1.1647726534589156 0.01 0.009999999999999787 0.009999999999999787 3.4676923076923076 0.010000000000000009 0.3254385964912281 9.0 0.009999999999999787 1.4859701492537314 9.0 9.0 0.01 0.01 
0.009999999999999787 1.1049171809028913 0.8255214285714285 9.0 9.0 0.010000000000000009 1.2942857142857143 0.8254087719298245 0.009999999999999787 9.0 0.01 9.0 0.009999999999999787 0.01 0.01 
0.009999999999999787 2.856784670347517 0.3567571428571429 0.009999999999999787 0.009999999999999787 4.15923076923077 0.010000000000000009 0.3774859649122807 9.0 9.0 0.01 9.0 9.0 0.13586 0.01 
0.009999999999999787 5.970729132835338 4.0233928571428565 0.009999999999999787 0.009999999999999787 3.4676923076923076 1.2942857142857143 2.5335087719298244 0.009999999999999787 9.0 0.01 0.009999999999999787 0.009999999999999787 0.11788 1.3899364214350591 
0.009999999999999787 3.5502322182526806 0.5590321428571429 9.0 9.0 4.15923076923077 0.010000000000000009 0.062047368421052636 9.0 9.0 0.01 9.0 9.0 1.808 0.01 
0.009999999999999787 7.686099382916533 1.7758928571428572 0.009999999999999787 0.009999999999999787 7.616923076923077 6.4314285714285715 4.110701754385965 0.009999999999999787 0.009999999999999787 0.14417910447761195 0.009999999999999787 0.009999999999999787 0.01 0.01 
0.009999999999999787 3.62322669697954 2.0038535714285715 0.009999999999999787 0.009999999999999787 5.542307692307692 0.010000000000000009 0.022617543859649127 0.009999999999999787 0.009999999999999787 0.14417910447761195 9.0 0.009999999999999787 0.909 0.21413260672116258 
0.009999999999999787 1.1895907762260478 4.063526785714285 0.009999999999999787 0.009999999999999787 0.010000000000000009 0.010000000000000009 0.04942982456140351 9.0 0.009999999999999787 0.2783582089552239 9.0 0.009999999999999787 0.01 3.787814108386315 
0.009999999999999787 4.875811951932446 1.3745535714285715 0.009999999999999787 0.009999999999999787 4.15923076923077 0.010000000000000009 0.04942982456140351 0.009999999999999787 9.0 0.01 0.009999999999999787 0.009999999999999787 1.021375 0.01 
9.0 6.043723611562196 5.147142857142857 0.009999999999999787 0.009999999999999787 2.7761538461538464 9.0 0.010000000000000002 0.009999999999999787 0.009999999999999787 2.022686567164179 9.0 0.009999999999999787 0.01 0.1780691795337572 
0.009999999999999787 0.17934719064631377 1.3215767857142857 0.009999999999999787 0.009999999999999787 2.0846153846153848 1.2942857142857143 0.14090701754385965 9.0 9.0 0.01 0.009999999999999787 0.009999999999999787 0.5494 0.01 
0.009999999999999787 4.850993829165315 3.8628571428571425 0.009999999999999787 0.009999999999999787 4.15923076923077 0.010000000000000009 5.057017543859649 0.009999999999999787 9.0 0.01 9.0 9.0 0.50445 0.01 
0.009999999999999787 1.153093536862618 0.2508035714285714 0.009999999999999787 0.009999999999999787 4.15923076923077 0.010000000000000009 0.16771929824561405 9.0 9.0 0.01 0.009999999999999787 9.0 1.4484 0.01 
9.0 0.8246183825917512 3.073021428571428 0.009999999999999787 0.009999999999999787 2.0846153846153848 0.010000000000000009 0.022617543859649127 9.0 9.0 0.01 9.0 0.009999999999999787 0.909 0.6904420224038753 
0.009999999999999787 1.6888730107177663 0.8801035714285714 9.0 9.0 6.9253846153846155 0.010000000000000009 1.6660526315789475 0.009999999999999787 0.009999999999999787 0.14417910447761195 9.0 0.009999999999999787 0.958445 0.01 
9.0 1.5545631698603448 0.1705357142857143 0.009999999999999787 0.009999999999999787 0.010000000000000009 1.2942857142857143 0.28600877192982455 0.009999999999999787 9.0 0.01 0.009999999999999787 0.009999999999999787 2.2170449999999997 0.01 
0.009999999999999787 3.0757681065280944 5.829419642857142 0.009999999999999787 0.009999999999999787 6.233846153846154 0.010000000000000009 0.036812280701754393 9.0 9.0 0.01 9.0 0.009999999999999787 1.4484 2.4269300635785647 
9.0 4.486021435531017 3.3812499999999996 0.009999999999999787 0.009999999999999787 5.542307692307692 0.010000000000000009 1.5871929824561404 0.009999999999999787 0.009999999999999787 0.9492537313432836 0.009999999999999787 0.009999999999999787 0.01 0.01 
0.009999999999999787 9.000000000000002 7.166682142857142 0.009999999999999787 0.009999999999999787 7.616923076923077 6.4314285714285715 4.0318421052631574 0.009999999999999787 0.009999999999999787 0.14417910447761195 0.009999999999999787 0.009999999999999787 0.01 0.0841681804420224 
0.009999999999999787 2.8319665475803837 1.3071285714285714 9.0 9.0 2.0846153846153848 2.5785714285714283 2.6912280701754385 0.009999999999999787 0.009999999999999787 0.9492537313432836 0.009999999999999787 0.009999999999999787 0.886525 0.01 
0.009999999999999787 1.237767132185775 0.5847178571428572 0.009999999999999787 0.009999999999999787 0.010000000000000009 0.010000000000000009 0.18033684210526318 9.0 9.0 0.01 0.009999999999999787 0.009999999999999787 0.62132 0.010680442022403876 
0.009999999999999787 0.5443195842806108 0.01 0.009999999999999787 0.009999999999999787 5.542307692307692 0.010000000000000009 0.2197666666666667 9.0 9.0 0.01 9.0 0.009999999999999787 0.7292 0.010680442022403876 
0.009999999999999787 2.1998343618057823 0.1705357142857143 0.009999999999999787 0.009999999999999787 0.010000000000000009 0.010000000000000009 0.5620175438596491 0.009999999999999787 0.009999999999999787 1.4859701492537314 9.0 0.009999999999999787 0.15384 0.37743869209809267 
9.0 7.150319909061386 0.06297678571428571 0.009999999999999787 0.009999999999999787 9.0 9.0 0.010000000000000002 0.009999999999999787 0.009999999999999787 0.14417910447761195 9.0 0.009999999999999787 1.05284 0.07804420224038752 
0.009999999999999787 1.0071045794088995 0.26364642857142856 0.009999999999999787 0.009999999999999787 6.233846153846154 0.010000000000000009 0.10147719298245614 9.0 0.009999999999999787 0.14417910447761195 9.0 0.009999999999999787 1.8979 0.2025650923402967 
0.009999999999999787 1.7005521273140638 0.37120535714285713 0.009999999999999787 0.009999999999999787 6.9253846153846155 1.2942857142857143 0.4042982456140351 0.009999999999999787 9.0 0.01 9.0 0.009999999999999787 0.01 3.614981834695731 
0.009999999999999787 1.141414420266321 0.06458214285714285 0.009999999999999787 0.009999999999999787 4.15923076923077 0.010000000000000009 0.036812280701754393 9.0 9.0 0.01 9.0 9.0 0.01 0.01 
0.009999999999999787 0.41146963299772743 0.07581964285714285 0.009999999999999787 0.009999999999999787 8.308461538461538 0.010000000000000009 0.022617543859649127 9.0 9.0 0.01 9.0 0.009999999999999787 1.2686 0.5203315168029065 
0.009999999999999787 2.0655245209483604 4.183928571428571 0.009999999999999787 0.009999999999999787 0.7015384615384616 1.2942857142857143 0.16771929824561405 9.0 9.0 0.01 9.0 0.009999999999999787 1.03486 0.01 
0.009999999999999787 2.2231925949983764 0.1705357142857143 0.009999999999999787 0.009999999999999787 0.7015384615384616 1.2942857142857143 0.036812280701754393 9.0 9.0 0.01 0.009999999999999787 9.0 1.1427399999999999 0.01 
0.009999999999999787 2.6976567067229626 0.11755892857142856 9.0 9.0 6.9253846153846155 0.010000000000000009 0.036812280701754393 9.0 9.0 0.01 9.0 0.009999999999999787 0.8190999999999999 0.01 
0.009999999999999787 0.7881211432283215 3.220714285714285 9.0 9.0 0.010000000000000009 0.010000000000000009 0.7985964912280702 0.009999999999999787 9.0 0.01 9.0 9.0 0.1898 0.01 
0.009999999999999787 5.7999220526144875 4.986607142857142 0.009999999999999787 0.009999999999999787 7.616923076923077 6.4314285714285715 0.010000000000000002 0.009999999999999787 0.009999999999999787 2.6935820895522387 9.0 0.009999999999999787 0.69324 0.09845746291250378 
0.009999999999999787 6.0320444949659 9.0 9.0 9.0 0.010000000000000009 0.010000000000000009 9.0 0.009999999999999787 0.009999999999999787 5.3771641791044775 9.0 0.009999999999999787 0.01 0.02020663033605813 
9.0 1.1282754140954858 0.7452535714285714 0.009999999999999787 0.009999999999999787 5.542307692307692 1.2942857142857143 0.7323543859649123 0.009999999999999787 0.009999999999999787 0.9492537313432836 0.009999999999999787 0.009999999999999787 0.6393 1.6321737814108386 
9.0 2.2115134784020793 1.7758928571428572 0.009999999999999787 0.009999999999999787 3.4676923076923076 0.010000000000000009 1.7449122807017543 9.0 9.0 0.01 0.009999999999999787 9.0 0.4595 0.01 
9.0 1.8348619681714848 0.6649857142857143 0.009999999999999787 0.009999999999999787 6.233846153846154 0.010000000000000009 0.08885964912280703 9.0 9.0 0.01 0.009999999999999787 0.009999999999999787 0.8190999999999999 0.044022101120193766 
9.0 0.6538113023709 0.2235125 0.009999999999999787 0.009999999999999787 6.233846153846154 0.010000000000000009 0.5352052631578947 9.0 9.0 0.01 9.0 0.009999999999999787 0.9989 0.013402210112019378 
0.009999999999999787 0.7399447872685943 2.979910714285714 0.009999999999999787 0.009999999999999787 0.010000000000000009 0.010000000000000009 0.5352052631578947 0.009999999999999787 0.009999999999999787 0.41253731343283584 0.009999999999999787 0.009999999999999787 0.1898 0.02905237662730851 
0.009999999999999787 3.5619113348489777 1.3745535714285715 0.009999999999999787 0.009999999999999787 0.010000000000000009 2.5785714285714283 2.0603508771929824 0.009999999999999787 0.009999999999999787 2.156865671641791 9.0 0.009999999999999787 0.535915 0.8333348471086891 
0.009999999999999787 5.28896070152647 3.220714285714285 0.009999999999999787 0.009999999999999787 2.0846153846153848 2.5785714285714283 0.010000000000000002 0.009999999999999787 0.009999999999999787 1.4859701492537314 9.0 0.009999999999999787 0.01 0.8598720859824402 
9.0 6.201391685612213 0.6521428571428571 0.009999999999999787 0.009999999999999787 9.0 9.0 2.0603508771929824 9.0 0.009999999999999787 0.14417910447761195 9.0 0.009999999999999787 0.01 0.016804420224038753 
9.0 1.8217229620006496 0.9732142857142857 0.009999999999999787 0.009999999999999787 4.15923076923077 0.010000000000000009 0.8900736842105264 9.0 0.009999999999999787 0.14417910447761195 0.009999999999999787 0.009999999999999787 1.2686 0.016804420224038753 
9.0 1.7983647288080555 4.665535714285714 0.009999999999999787 0.009999999999999787 6.9253846153846155 1.2942857142857143 0.9831280701754386 0.009999999999999787 0.009999999999999787 0.14417910447761195 9.0 0.009999999999999787 0.5494 0.017484862246442627 
0.009999999999999787 4.072872685936993 0.10311071428571428 9.0 9.0 6.9253846153846155 1.2942857142857143 0.5620175438596491 0.009999999999999787 0.009999999999999787 1.0834328358208956 9.0 0.009999999999999787 0.4595 0.26516575840145323 
0.009999999999999787 3.148762585254954 0.6521428571428571 0.009999999999999787 0.009999999999999787 2.0846153846153848 0.010000000000000009 0.08885964912280703 9.0 9.0 0.01 0.009999999999999787 0.009999999999999787 1.0033949999999998 0.01 
9.0 4.522518674894448 0.9732142857142857 0.009999999999999787 0.009999999999999787 0.010000000000000009 0.010000000000000009 0.7591666666666667 0.009999999999999787 0.009999999999999787 1.0834328358208956 0.009999999999999787 0.009999999999999787 1.79002 2.839958371177717 
9.0 5.459767781747322 2.2575 0.009999999999999787 0.009999999999999787 8.308461538461538 1.2942857142857143 0.9563157894736842 9.0 9.0 0.01 9.0 0.009999999999999787 0.01 0.01 
0.009999999999999787 2.1137008769080876 1.4548214285714285 0.009999999999999787 0.009999999999999787 6.233846153846154 0.010000000000000009 2.3757894736842102 0.009999999999999787 0.009999999999999787 0.2783582089552239 0.009999999999999787 0.009999999999999787 1.49335 0.01 
0.009999999999999787 0.9457892172783375 0.26364642857142856 9.0 9.0 6.9253846153846155 0.010000000000000009 0.2197666666666667 9.0 9.0 0.01 9.0 0.009999999999999787 0.7292 0.01 
0.009999999999999787 0.010000000000000231 2.2575 0.009999999999999787 0.009999999999999787 7.616923076923077 0.010000000000000009 0.3254385964912281 9.0 9.0 0.01 9.0 0.009999999999999787 2.707 0.01 
9.0 6.63935855797337 5.307678571428571 0.009999999999999787 0.009999999999999787 5.542307692307692 0.010000000000000009 3.4798245614035084 0.009999999999999787 9.0 0.01 0.009999999999999787 0.009999999999999787 0.10439499999999999 7.196148198607326 
0.009999999999999787 2.5034913933095164 0.06297678571428571 9.0 9.0 0.010000000000000009 1.2942857142857143 1.0351754385964913 0.009999999999999787 0.009999999999999787 0.14417910447761195 0.009999999999999787 0.009999999999999787 1.95184 5.453536179231002 
9.0 6.091899967521924 1.3745535714285715 9.0 9.0 9.0 9.0 1.5871929824561404 9.0 9.0 0.01 0.009999999999999787 0.009999999999999787 0.01 0.0127217680896155 
0.009999999999999787 1.9925300422215009 0.3840482142857143 0.009999999999999787 0.009999999999999787 3.4676923076923076 0.010000000000000009 0.16771929824561405 0.009999999999999787 9.0 0.01 9.0 9.0 1.2686 0.01 
0.009999999999999787 6.5065086066904865 0.50445 0.009999999999999787 0.009999999999999787 5.542307692307692 0.010000000000000009 0.04942982456140351 0.009999999999999787 9.0 0.01 0.009999999999999787 0.009999999999999787 1.1787 0.01 
9.0 0.557458590451446 2.979910714285714 9.0 9.0 0.010000000000000009 0.010000000000000009 0.3254385964912281 0.009999999999999787 0.009999999999999787 0.5467164179104478 0.009999999999999787 0.009999999999999787 0.3696 0.35022101120193766 
0.009999999999999787 0.8129392659954537 1.708467857142857 0.009999999999999787 0.009999999999999787 5.542307692307692 0.010000000000000009 0.12828947368421054 0.009999999999999787 0.009999999999999787 0.14417910447761195 9.0 0.009999999999999787 0.7292 0.01 
9.0 3.6830821695355644 2.430878571428571 9.0 9.0 5.542307692307692 1.2942857142857143 2.5335087719298244 0.009999999999999787 0.009999999999999787 1.8885074626865672 9.0 0.009999999999999787 0.01 1.575016651528913 
0.009999999999999787 4.887491068528744 0.07581964285714285 9.0 9.0 3.4676923076923076 0.010000000000000009 0.08885964912280703 0.009999999999999787 0.009999999999999787 1.4859701492537314 9.0 0.009999999999999787 1.7181 1.8689676052073871 
0.009999999999999787 3.5005959727184153 1.9364285714285714 0.009999999999999787 0.009999999999999787 4.15923076923077 0.010000000000000009 0.41691578947368424 0.009999999999999787 0.009999999999999787 0.6808955223880597 0.009999999999999787 0.009999999999999787 0.49546 0.7564448985770512 
9.0 1.4815686911334853 4.3444642857142854 9.0 9.0 9.0 9.0 0.6408771929824562 9.0 0.009999999999999787 0.14417910447761195 0.009999999999999787 0.009999999999999787 0.909 0.010680442022403876 
9.0 0.3618333874634625 2.8996428571428567 0.009999999999999787 0.009999999999999787 8.308461538461538 0.010000000000000009 0.4437280701754386 0.009999999999999787 9.0 0.01 0.009999999999999787 0.009999999999999787 0.01 0.01 
9.0 1.9560328028580716 0.33107142857142857 0.009999999999999787 0.009999999999999787 5.542307692307692 0.010000000000000009 0.3254385964912281 0.009999999999999787 0.009999999999999787 0.2783582089552239 0.009999999999999787 0.009999999999999787 0.760665 0.35022101120193766 
0.009999999999999787 0.8129392659954537 0.4113392857142857 9.0 9.0 0.010000000000000009 1.2942857142857143 0.4437280701754386 0.009999999999999787 0.009999999999999787 0.41253731343283584 0.009999999999999787 0.009999999999999787 0.6393 0.1528928247048138 
9.0 0.44796687236115673 3.220714285714285 9.0 9.0 5.542307692307692 1.2942857142857143 0.062047368421052636 9.0 9.0 0.01 9.0 0.009999999999999787 1.5383 0.01 
0.009999999999999787 2.588164988632674 0.8126785714285714 0.009999999999999787 0.009999999999999787 6.9253846153846155 1.2942857142857143 0.8774561403508772 0.009999999999999787 0.009999999999999787 0.8150746268656717 9.0 0.009999999999999787 0.7292 1.4198758704208296 
0.009999999999999787 0.20416531341344646 0.05013392857142857 0.009999999999999787 0.009999999999999787 0.010000000000000009 0.010000000000000009 0.062047368421052636 9.0 9.0 0.01 9.0 0.009999999999999787 0.60334 0.01 
0.009999999999999787 1.1165962974991888 3.702321428571428 0.009999999999999787 0.009999999999999787 2.0846153846153848 0.010000000000000009 0.14090701754385965 9.0 9.0 0.01 9.0 0.009999999999999787 0.01 0.01 
9.0 1.141414420266321 3.7296125 0.009999999999999787 0.009999999999999787 6.9253846153846155 0.010000000000000009 0.022617543859649127 0.009999999999999787 9.0 0.01 9.0 0.009999999999999787 0.3696 0.9279162882228278 
0.009999999999999787 2.6976567067229626 0.09026785714285714 0.009999999999999787 0.009999999999999787 2.0846153846153848 2.5785714285714283 1.2717543859649123 9.0 9.0 0.01 0.009999999999999787 9.0 1.8979 0.01 
9.0 2.624662227996103 0.5317410714285714 0.009999999999999787 0.009999999999999787 0.7015384615384616 0.010000000000000009 0.18033684210526318 9.0 9.0 0.01 0.009999999999999787 0.009999999999999787 0.01 0.01 
0.009999999999999787 2.576485872036376 0.49160714285714285 0.009999999999999787 0.009999999999999787 6.9253846153846155 1.2942857142857143 1.7449122807017543 0.009999999999999787 0.009999999999999787 0.41253731343283584 0.009999999999999787 0.009999999999999787 0.01 0.01 
9.0 1.445071451770056 3.541785714285714 9.0 9.0 8.308461538461538 0.010000000000000009 1.4294736842105265 0.009999999999999787 9.0 0.01 9.0 0.009999999999999787 0.5494 0.01 
0.009999999999999787 1.9808509256252038 3.007201785714286 0.009999999999999787 0.009999999999999787 5.542307692307692 1.2942857142857143 1.796959649122807 0.009999999999999787 0.009999999999999787 0.8150746268656717 9.0 0.009999999999999787 1.7225949999999999 0.12431425976385103 
0.009999999999999787 3.5137349788892505 0.5317410714285714 0.009999999999999787 0.009999999999999787 0.010000000000000009 0.010000000000000009 0.4831578947368421 0.009999999999999787 0.009999999999999787 1.3517910447761194 9.0 0.009999999999999787 0.84607 3.2080775052982133 
0.009999999999999787 1.883038324131212 0.6521428571428571 0.009999999999999787 0.009999999999999787 3.4676923076923076 1.2942857142857143 1.323801754385965 0.009999999999999787 0.009999999999999787 0.2783582089552239 0.009999999999999787 0.009999999999999787 0.823595 0.01 
0.009999999999999787 1.9808509256252038 4.665535714285714 0.009999999999999787 0.009999999999999787 0.7015384615384616 0.010000000000000009 0.04942982456140351 9.0 9.0 0.01 9.0 0.009999999999999787 0.01 0.20460641840750834 
0.009999999999999787 2.601303994803509 0.8126785714285714 0.009999999999999787 0.009999999999999787 8.308461538461538 0.010000000000000009 0.5620175438596491 9.0 0.009999999999999787 0.2783582089552239 0.009999999999999787 0.009999999999999787 3.2463999999999995 0.01 
0.009999999999999787 0.7268057810977591 0.09026785714285714 0.009999999999999787 0.009999999999999787 5.542307692307692 0.010000000000000009 0.04942982456140351 9.0 9.0 0.01 9.0 0.009999999999999787 0.909 0.01 
9.0 0.14284995128288402 0.11755892857142856 0.009999999999999787 0.009999999999999787 9.0 9.0 0.010000000000000002 9.0 0.009999999999999787 0.14417910447761195 9.0 0.009999999999999787 0.7292 0.09573569482288828 
0.009999999999999787 1.6275576485872043 0.50445 0.009999999999999787 0.009999999999999787 6.233846153846154 0.010000000000000009 0.04942982456140351 9.0 9.0 0.01 9.0 0.009999999999999787 0.4595 0.01 
0.009999999999999787 1.2012698928223453 0.49160714285714285 0.009999999999999787 0.009999999999999787 0.010000000000000009 1.2942857142857143 0.4563456140350877 0.009999999999999787 9.0 0.01 9.0 0.009999999999999787 1.90689 0.14608840448077506 
0.009999999999999787 2.017348164988634 4.826071428571428 0.009999999999999787 0.009999999999999787 0.010000000000000009 1.2942857142857143 1.6928649122807018 0.009999999999999787 0.009999999999999787 1.4859701492537314 9.0 0.009999999999999787 0.01 1.5634491371480472 
9.0 1.725370250081196 4.3444642857142854 0.009999999999999787 0.009999999999999787 5.542307692307692 1.2942857142857143 1.5871929824561404 0.009999999999999787 0.009999999999999787 0.2783582089552239 9.0 0.009999999999999787 0.01 3.412210112019376 
9.0 1.3720769730431965 0.34391428571428573 9.0 9.0 9.0 9.0 0.16771929824561405 0.009999999999999787 0.009999999999999787 0.41253731343283584 9.0 0.009999999999999787 0.8190999999999999 0.11002497729336966 
0.009999999999999787 3.9517018512504074 1.6281999999999999 0.009999999999999787 0.009999999999999787 5.542307692307692 1.2942857142857143 4.0318421052631574 0.009999999999999787 9.0 0.01 0.009999999999999787 0.009999999999999787 0.42353999999999997 0.01 
9.0 0.5939558298148757 2.766398214285714 0.009999999999999787 0.009999999999999787 6.9253846153846155 1.2942857142857143 0.24657894736842106 0.009999999999999787 0.009999999999999787 0.9492537313432836 9.0 0.009999999999999787 0.44152 0.01 
9.0 1.2260880155894776 2.8996428571428567 0.009999999999999787 0.009999999999999787 5.542307692307692 0.010000000000000009 2.6912280701754385 0.009999999999999787 0.009999999999999787 0.6808955223880597 0.009999999999999787 0.009999999999999787 0.5494 0.01 
0.009999999999999787 1.2012698928223453 3.7424553571428567 9.0 9.0 6.233846153846154 0.010000000000000009 0.27339122807017546 0.009999999999999787 9.0 0.01 0.009999999999999787 0.009999999999999787 0.7292 0.21413260672116258 
0.009999999999999787 1.3837560896394936 0.4113392857142857 0.009999999999999787 0.009999999999999787 0.010000000000000009 0.010000000000000009 0.08885964912280703 9.0 9.0 0.01 9.0 0.009999999999999787 0.50445 0.01 
9.0 0.3749723936342977 0.01 9.0 9.0 2.7761538461538464 9.0 0.010000000000000002 9.0 9.0 0.01 9.0 0.009999999999999787 0.39657 0.01 
9.0 0.9706073400454698 0.571875 9.0 9.0 2.7761538461538464 3.862857142857143 0.010000000000000002 9.0 9.0 0.01 9.0 0.009999999999999787 0.7292 0.01 
9.0 1.153093536862618 0.5991660714285714 0.009999999999999787 0.009999999999999787 2.7761538461538464 3.862857142857143 0.010000000000000002 9.0 0.009999999999999787 0.14417910447761195 9.0 0.009999999999999787 0.909 0.046063427187405394 
0.009999999999999787 0.5939558298148757 0.01 9.0 9.0 4.15923076923077 2.5785714285714283 0.010000000000000002 9.0 9.0 0.01 0.009999999999999787 9.0 2.2575 0.010680442022403876 
9.0 1.3472588502760638 0.8126785714285714 9.0 9.0 2.0846153846153848 2.5785714285714283 1.4294736842105265 9.0 9.0 0.01 9.0 0.009999999999999787 0.909 0.3202815622161671 
9.0 0.8246183825917512 3.3282732142857143 0.009999999999999787 0.009999999999999787 6.9253846153846155 1.2942857142857143 0.11567192982456143 0.009999999999999787 0.009999999999999787 0.14417910447761195 0.009999999999999787 0.009999999999999787 0.3696 0.044022101120193766 
0.009999999999999787 2.150198116271517 1.13375 0.009999999999999787 0.009999999999999787 0.010000000000000009 0.010000000000000009 0.062047368421052636 9.0 9.0 0.01 9.0 0.009999999999999787 0.98092 0.01 
9.0 0.8362974991880483 2.7391071428571427 0.009999999999999787 0.009999999999999787 0.010000000000000009 0.010000000000000009 0.062047368421052636 9.0 9.0 0.01 9.0 0.009999999999999787 0.01 0.24883514986376024 
0.009999999999999787 2.9896346216303997 0.2508035714285714 0.009999999999999787 0.009999999999999787 3.4676923076923076 0.010000000000000009 0.4831578947368421 9.0 9.0 0.01 0.009999999999999787 0.009999999999999787 1.048345 0.01 
0.009999999999999787 4.827635595972719 2.4581696428571425 0.009999999999999787 0.009999999999999787 6.233846153846154 1.2942857142857143 4.899298245614035 0.009999999999999787 0.009999999999999787 1.6201492537313433 9.0 0.009999999999999787 0.01 0.5475491976990615 
9.0 0.557458590451446 2.8996428571428567 0.009999999999999787 0.009999999999999787 8.308461538461538 0.010000000000000009 0.24657894736842106 0.009999999999999787 0.009999999999999787 0.2783582089552239 9.0 0.009999999999999787 0.40556 0.4121412352406903 
0.009999999999999787 3.1239444624878216 1.3745535714285715 0.009999999999999787 0.009999999999999787 5.542307692307692 0.010000000000000009 1.1140350877192982 9.0 9.0 0.01 9.0 0.009999999999999787 2.0507299999999997 0.044022101120193766 
0.009999999999999787 0.6538113023709 0.19782678571428572 0.009999999999999787 0.009999999999999787 9.0 9.0 0.010000000000000002 9.0 0.009999999999999787 0.41253731343283584 9.0 0.009999999999999787 1.58325 0.5332599152285801 
0.009999999999999787 0.9589282234491727 0.3840482142857143 9.0 9.0 3.4676923076923076 0.010000000000000009 0.7985964912280702 0.009999999999999787 0.009999999999999787 0.14417910447761195 9.0 0.009999999999999787 0.8190999999999999 0.023608840448077505 
9.0 1.0684199415394615 3.6220535714285713 9.0 9.0 6.9253846153846155 1.2942857142857143 0.24657894736842106 0.009999999999999787 0.009999999999999787 0.5467164179104478 9.0 0.009999999999999787 0.01 0.22842188919164397 
9.0 0.6421321857746025 0.06297678571428571 0.009999999999999787 0.009999999999999787 5.542307692307692 0.010000000000000009 0.022617543859649127 9.0 9.0 0.01 0.009999999999999787 0.009999999999999787 1.7181 0.01 
