0.009999999999999787 1.4013095238095241 0.9906624355414517 0.009999999999999787 0.009999999999999787 9.0 7.876250000000001 2.03275 9.0 9.0 0.01 9.0 0.009999999999999787 0.7292 0.014398238747553816 
9.0 0.7477507936507939 3.3085918286394285 9.0 9.0 0.010000000000000009 0.010000000000000009 0.4595 0.009999999999999787 0.009999999999999787 1.5734782608695652 0.009999999999999787 0.009999999999999787 0.3696 0.09796477495107632 
0.009999999999999787 1.0445634920634923 1.0798135660452202 9.0 9.0 0.7015384615384616 0.010000000000000009 0.4977075 0.009999999999999787 0.009999999999999787 3.13695652173913 0.009999999999999787 0.009999999999999787 0.7292 0.010175929549902154 
0.009999999999999787 0.6992333333333334 2.046211820706069 0.009999999999999787 0.009999999999999787 0.7015384615384616 0.010000000000000009 0.25273 9.0 9.0 0.01 9.0 0.009999999999999787 0.5494 0.01 
0.009999999999999787 1.2229365079365082 3.21944069813566 0.009999999999999787 0.009999999999999787 8.308461538461538 0.010000000000000009 0.04820750000000001 9.0 9.0 0.01 9.0 0.009999999999999787 0.01 0.01 
0.009999999999999787 2.2575000000000003 0.21683062276874254 0.009999999999999787 0.009999999999999787 6.233846153846154 0.010000000000000009 0.140355 9.0 0.009999999999999787 0.4008695652173913 9.0 0.009999999999999787 1.5383 0.5031305283757338 
0.009999999999999787 3.6959 4.972151923839745 0.009999999999999787 0.009999999999999787 6.233846153846154 0.010000000000000009 3.8869374999999997 0.009999999999999787 0.009999999999999787 2.3552173913043477 0.009999999999999787 0.009999999999999787 0.32465 0.01 
0.009999999999999787 1.4013095238095241 1.1386533121777072 9.0 9.0 3.4676923076923076 0.010000000000000009 0.1965425 9.0 0.009999999999999787 0.4008695652173913 0.009999999999999787 0.009999999999999787 1.2686 0.024074363992172214 
0.009999999999999787 3.2806476190476195 1.584408964696549 9.0 9.0 3.4676923076923076 0.010000000000000009 0.122375 0.009999999999999787 0.009999999999999787 3.9186956521739127 0.009999999999999787 0.009999999999999787 1.4484 0.01 
0.009999999999999787 0.7349079365079363 0.15799087663625544 9.0 9.0 0.010000000000000009 0.010000000000000009 0.0841675 9.0 0.009999999999999787 0.4008695652173913 9.0 0.009999999999999787 0.909 0.010175929549902154 
9.0 6.193122222222223 6.96378817929393 0.009999999999999787 0.009999999999999787 0.010000000000000009 0.010000000000000009 2.4822499999999996 0.009999999999999787 0.009999999999999787 2.7460869565217387 9.0 0.009999999999999787 0.01 0.5377886497064579 
0.009999999999999787 1.9963619047619052 4.913312177707258 0.009999999999999787 0.009999999999999787 6.233846153846154 0.010000000000000009 2.5946249999999997 0.009999999999999787 9.0 0.01 0.009999999999999787 0.009999999999999787 2.1990649999999996 0.09796477495107632 
9.0 3.898531746031747 0.7374732249107497 9.0 9.0 5.542307692307692 1.13375 0.0661875 0.009999999999999787 0.009999999999999787 9.0 0.009999999999999787 0.009999999999999787 2.0552249999999996 0.22744892367906067 
9.0 3.8742730158730163 3.5760452201507333 0.009999999999999787 0.009999999999999787 5.542307692307692 1.13375 0.796625 0.009999999999999787 9.0 0.01 9.0 0.009999999999999787 0.140355 0.15725303326810178 
0.009999999999999787 1.0688222222222228 0.3220289567631892 9.0 9.0 0.010000000000000009 1.13375 0.122375 9.0 9.0 0.01 9.0 0.009999999999999787 1.2686 0.04588962818003914 
0.009999999999999787 1.9364285714285718 0.23287782625942086 0.009999999999999787 0.009999999999999787 8.308461538461538 0.010000000000000009 0.21452250000000003 0.009999999999999787 9.0 0.01 0.009999999999999787 0.009999999999999787 0.909 0.01 
9.0 2.6613365079365083 0.20256644188813963 0.009999999999999787 0.009999999999999787 6.9253846153846155 0.010000000000000009 0.027979999999999998 0.009999999999999787 9.0 0.01 9.0 0.009999999999999787 1.9878 1.97636457925636 
0.009999999999999787 6.5627111111111125 0.559170963903213 0.009999999999999787 0.009999999999999787 5.542307692307692 0.010000000000000009 0.0661875 0.009999999999999787 9.0 0.01 0.009999999999999787 0.009999999999999787 1.1787 0.01 
0.009999999999999787 1.140171428571429 0.4254442681475605 9.0 9.0 3.4676923076923076 0.010000000000000009 1.13375 0.009999999999999787 0.009999999999999787 0.4008695652173913 9.0 0.009999999999999787 0.8190999999999999 0.013518590998043053 
0.009999999999999787 3.945622222222222 0.009999999999999998 0.009999999999999787 0.009999999999999787 0.010000000000000009 2.2575 6.7524999999999995 0.009999999999999787 9.0 0.01 9.0 0.009999999999999787 0.01 0.01 
0.009999999999999787 2.12621746031746 1.302691392304641 0.009999999999999787 0.009999999999999787 8.308461538461538 0.010000000000000009 0.122375 9.0 9.0 0.01 0.009999999999999787 0.009999999999999787 0.4595 0.01 
0.009999999999999787 3.006666666666667 0.9015113050376834 0.009999999999999787 0.009999999999999787 6.9253846153846155 2.2575 0.23475000000000001 9.0 9.0 0.01 9.0 0.009999999999999787 1.57426 0.01 
9.0 3.4347619047619053 1.9713248710829034 0.009999999999999787 0.009999999999999787 5.542307692307692 0.010000000000000009 0.0661875 0.009999999999999787 9.0 0.01 0.009999999999999787 0.009999999999999787 1.03486 0.01 
9.0 2.6385047619047626 0.5306426021420071 0.009999999999999787 0.009999999999999787 6.233846153846154 0.010000000000000009 0.4977075 0.009999999999999787 0.009999999999999787 6.263913043478261 9.0 0.009999999999999787 0.5494 0.3757575342465753 
9.0 2.12621746031746 1.2723800079333598 0.009999999999999787 0.009999999999999787 2.0846153846153848 2.2575 0.23475000000000001 0.009999999999999787 9.0 0.01 0.009999999999999787 0.009999999999999787 0.778645 0.01 
0.009999999999999787 1.5325920634920638 4.40871677905593 0.009999999999999787 0.009999999999999787 5.542307692307692 1.13375 0.7224575 0.009999999999999787 9.0 0.01 0.009999999999999787 0.009999999999999787 0.5494 0.01 
0.009999999999999787 2.531480952380953 5.537370091233637 0.009999999999999787 0.009999999999999787 0.010000000000000009 0.010000000000000009 0.23475000000000001 0.009999999999999787 9.0 0.01 9.0 0.009999999999999787 0.5494 0.01 
0.009999999999999787 4.112579365079365 1.7627112257040856 9.0 9.0 6.233846153846154 0.010000000000000009 1.4326675 0.009999999999999787 9.0 0.01 0.009999999999999787 0.009999999999999787 0.24374 0.2636904109589041 
0.009999999999999787 2.7569444444444446 0.9015113050376834 9.0 9.0 6.233846153846154 0.010000000000000009 3.1565 9.0 9.0 0.01 0.009999999999999787 0.009999999999999787 1.2686 0.01 
0.009999999999999787 2.139060317460318 3.33890321301071 0.009999999999999787 0.009999999999999787 5.542307692307692 1.13375 2.5564175 0.009999999999999787 0.009999999999999787 2.3552173913043477 9.0 0.009999999999999787 1.7225949999999999 0.039556164383561646 
0.009999999999999787 1.412725396825397 0.6483220944069813 0.009999999999999787 0.009999999999999787 0.010000000000000009 0.010000000000000009 0.25273 9.0 9.0 0.01 0.009999999999999787 0.009999999999999787 0.62132 0.010175929549902154 
0.009999999999999787 0.4851857142857141 0.040311384371281234 9.0 9.0 0.010000000000000009 0.010000000000000009 0.027979999999999998 9.0 9.0 0.01 9.0 0.009999999999999787 0.6393 0.1370211350293542 
0.009999999999999787 1.3898936507936512 0.21861364537881792 0.009999999999999787 0.009999999999999787 0.010000000000000009 1.13375 0.04820750000000001 0.009999999999999787 9.0 0.01 9.0 0.009999999999999787 0.8190999999999999 0.01 
0.009999999999999787 2.9595761904761915 1.525569218564062 0.009999999999999787 0.009999999999999787 2.0846153846153848 2.2575 1.4708750000000002 0.009999999999999787 0.009999999999999787 0.7917391304347826 9.0 0.009999999999999787 1.24163 0.11731702544031311 
0.009999999999999787 2.043452380952381 1.0798135660452202 0.009999999999999787 0.009999999999999787 6.233846153846154 0.010000000000000009 0.347125 9.0 9.0 0.01 0.009999999999999787 0.009999999999999787 1.3585 0.021787279843444227 
0.009999999999999787 1.270026984126984 0.5449067830226101 9.0 9.0 8.308461538461538 0.010000000000000009 0.25273 9.0 9.0 0.01 0.009999999999999787 0.009999999999999787 0.5494 0.021787279843444227 
0.009999999999999787 1.6396158730158734 1.0798135660452202 0.009999999999999787 0.009999999999999787 0.010000000000000009 0.010000000000000009 0.571875 9.0 0.009999999999999787 0.4008695652173913 9.0 0.009999999999999787 0.01 0.013870450097847358 
0.009999999999999787 5.872050793650794 5.537370091233637 0.009999999999999787 0.009999999999999787 7.616923076923077 5.62875 0.01 0.009999999999999787 0.009999999999999787 7.827391304347826 9.0 0.009999999999999787 0.69324 0.032870841487279846 
9.0 1.3656349206349208 2.1050515668385557 0.009999999999999787 0.009999999999999787 5.542307692307692 0.010000000000000009 1.434915 0.009999999999999787 0.009999999999999787 3.9186956521739127 9.0 0.009999999999999787 0.5494 0.0531027397260274 
0.009999999999999787 0.973214285714286 3.5760452201507333 9.0 9.0 0.010000000000000009 0.010000000000000009 1.13375 0.009999999999999787 9.0 0.01 9.0 9.0 0.1898 0.01 
9.0 1.4840746031746033 0.1883022610075367 0.009999999999999787 0.009999999999999787 5.542307692307692 1.13375 0.571875 0.009999999999999787 0.009999999999999787 0.4008695652173913 9.0 0.009999999999999787 0.01 0.1292802348336595 
9.0 2.0677111111111115 0.14372669575565253 0.009999999999999787 0.009999999999999787 5.542307692307692 0.010000000000000009 0.2729575 0.009999999999999787 0.009999999999999787 1.5734782608695652 9.0 0.009999999999999787 0.3696 0.01 
0.009999999999999787 3.2806476190476195 0.7232090440301467 0.009999999999999787 0.009999999999999787 2.0846153846153848 0.010000000000000009 0.122375 9.0 9.0 0.01 0.009999999999999787 0.009999999999999787 1.0033949999999998 0.01 
0.009999999999999787 3.6017190476190484 0.6340579135263784 0.009999999999999787 0.009999999999999787 3.4676923076923076 0.010000000000000009 0.23475000000000001 9.0 9.0 0.01 0.009999999999999787 0.009999999999999787 1.3585 0.010351859099804305 
9.0 2.1148015873015877 1.0940777469258232 9.0 9.0 6.9253846153846155 1.13375 1.1517300000000001 0.009999999999999787 0.009999999999999787 0.4008695652173913 9.0 0.009999999999999787 0.32465 0.01 
9.0 1.8893380952380956 4.82416104720349 0.009999999999999787 0.009999999999999787 5.542307692307692 1.13375 2.2575 0.009999999999999787 0.009999999999999787 0.7917391304347826 9.0 0.009999999999999787 0.01 0.8896477495107632 
0.009999999999999787 1.7109650793650797 0.11341531138437126 9.0 9.0 0.010000000000000009 0.010000000000000009 0.68425 9.0 9.0 0.01 0.009999999999999787 0.009999999999999787 0.7292 0.01 
9.0 4.623439682539683 1.0798135660452202 0.009999999999999787 0.009999999999999787 0.010000000000000009 0.010000000000000009 1.0775625 0.009999999999999787 0.009999999999999787 3.13695652173913 0.009999999999999787 0.009999999999999787 1.79002 0.7416909980430528 
9.0 1.3299603174603178 0.6643692978976596 0.009999999999999787 0.009999999999999787 2.7761538461538464 3.38125 0.01 9.0 0.009999999999999787 0.4008695652173913 9.0 0.009999999999999787 0.909 0.01932426614481409 
0.009999999999999787 6.241639682539684 3.0411384371281236 0.009999999999999787 0.009999999999999787 7.616923076923077 1.13375 3.1565 0.009999999999999787 0.009999999999999787 1.182608695652174 9.0 0.009999999999999787 0.01 0.01 
0.009999999999999787 2.9952507936507944 0.39513288377627925 0.009999999999999787 0.009999999999999787 4.15923076923077 0.010000000000000009 0.5336675000000001 9.0 9.0 0.01 9.0 9.0 0.13586 0.01 
0.009999999999999787 2.5072222222222225 0.41118008726695754 0.009999999999999787 0.009999999999999787 9.0 7.876250000000001 0.01 9.0 0.009999999999999787 0.4008695652173913 9.0 0.009999999999999787 0.44152 0.0133426614481409 
9.0 0.973214285714286 4.230414518048393 0.009999999999999787 0.009999999999999787 0.010000000000000009 1.13375 2.707 0.009999999999999787 9.0 0.01 9.0 0.009999999999999787 1.5383 0.01 
0.009999999999999787 1.3542190476190479 0.009999999999999998 0.009999999999999787 0.009999999999999787 6.9253846153846155 0.010000000000000009 0.04820750000000001 0.009999999999999787 9.0 0.01 9.0 0.009999999999999787 0.01 0.01 
0.009999999999999787 2.6613365079365083 2.68453391511305 0.009999999999999787 0.009999999999999787 7.616923076923077 2.2575 0.7224575 0.009999999999999787 9.0 0.01 0.009999999999999787 9.0 1.8979 0.01 
0.009999999999999787 4.183928571428572 0.11341531138437126 9.0 9.0 6.9253846153846155 1.13375 0.796625 0.009999999999999787 0.009999999999999787 3.13695652173913 9.0 0.009999999999999787 0.4595 0.07597358121330723 
9.0 2.1504761904761907 1.347266957556525 0.009999999999999787 0.009999999999999787 0.010000000000000009 0.010000000000000009 0.4977075 0.009999999999999787 0.009999999999999787 0.4008695652173913 0.009999999999999787 0.009999999999999787 1.677645 0.01 
0.009999999999999787 2.6741793650793655 0.7820487901626338 9.0 9.0 3.4676923076923076 7.876250000000001 0.01 9.0 9.0 0.01 9.0 0.009999999999999787 0.5494 0.01 
9.0 2.768360317460318 0.5894823482744942 0.009999999999999787 0.009999999999999787 0.7015384615384616 0.010000000000000009 0.25273 9.0 9.0 0.01 0.009999999999999787 0.009999999999999787 0.01 0.01 
0.009999999999999787 1.6510317460317463 0.3666045220150734 0.009999999999999787 0.009999999999999787 8.308461538461538 0.010000000000000009 0.23475000000000001 9.0 9.0 0.01 9.0 0.009999999999999787 0.909 0.01 
0.009999999999999787 2.210409523809524 1.2581158270527568 0.009999999999999787 0.009999999999999787 6.233846153846154 0.010000000000000009 1.58325 0.009999999999999787 0.009999999999999787 1.182608695652174 0.009999999999999787 0.009999999999999787 1.488855 0.01 
9.0 2.8882269841269848 0.5752181673938913 9.0 9.0 9.0 7.876250000000001 0.01 0.009999999999999787 9.0 0.01 9.0 0.009999999999999787 1.4484 0.01 
0.009999999999999787 4.326626984126984 0.7232090440301467 0.009999999999999787 0.009999999999999787 4.15923076923077 0.010000000000000009 0.796625 0.009999999999999787 0.009999999999999787 0.7917391304347826 0.009999999999999787 0.009999999999999787 0.01 0.01263894324853229 
0.009999999999999787 1.746639682539683 0.3220289567631892 0.009999999999999787 0.009999999999999787 3.4676923076923076 0.010000000000000009 0.1785625 9.0 0.009999999999999787 0.7917391304347826 0.009999999999999787 0.009999999999999787 0.79213 0.010527788649706459 
0.009999999999999787 2.7212698412698417 0.5449067830226101 0.009999999999999787 0.009999999999999787 6.9253846153846155 1.13375 2.4822499999999996 0.009999999999999787 0.009999999999999787 1.182608695652174 0.009999999999999787 0.009999999999999787 0.01 0.01 
0.009999999999999787 2.019193650793651 0.559170963903213 0.009999999999999787 0.009999999999999787 6.233846153846154 0.010000000000000009 1.695625 0.009999999999999787 0.009999999999999787 1.9643478260869565 0.009999999999999787 0.009999999999999787 0.4595 0.010527788649706459 
9.0 0.3781619047619045 0.0848869496231654 0.009999999999999787 0.009999999999999787 8.308461538461538 0.010000000000000009 0.0661875 9.0 9.0 0.01 9.0 0.009999999999999787 0.909 0.010175929549902154 
9.0 1.0802380952380952 0.8426715589051963 0.009999999999999787 0.009999999999999787 2.0846153846153848 2.2575 0.23475000000000001 0.009999999999999787 0.009999999999999787 1.5734782608695652 9.0 9.0 0.3696 0.01 
0.009999999999999787 2.0677111111111115 0.05457556525188417 9.0 9.0 3.4676923076923076 0.010000000000000009 0.04820750000000001 9.0 9.0 0.01 9.0 0.009999999999999787 0.98092 0.37945205479452054 
9.0 1.2942857142857145 2.2084668782229273 0.009999999999999787 0.009999999999999787 8.308461538461538 0.010000000000000009 0.0841675 9.0 9.0 0.01 9.0 0.009999999999999787 0.9989 0.18592954990215266 
9.0 1.0203047619047618 1.0798135660452202 0.009999999999999787 0.009999999999999787 8.308461538461538 0.010000000000000009 0.027979999999999998 0.009999999999999787 9.0 0.01 9.0 0.009999999999999787 0.4595 0.01 
9.0 0.30681269841269865 2.7291094803649343 0.009999999999999787 0.009999999999999787 5.542307692307692 0.010000000000000009 0.0661875 9.0 0.009999999999999787 0.4008695652173913 0.009999999999999787 0.009999999999999787 0.01 0.038148727984344426 
0.009999999999999787 1.5554238095238095 4.467556525188417 0.009999999999999787 0.009999999999999787 6.233846153846154 0.010000000000000009 0.4033125 0.009999999999999787 9.0 0.01 0.009999999999999787 0.009999999999999787 1.1787 0.01 
0.009999999999999787 0.712076190476191 1.7930226100753668 0.009999999999999787 0.009999999999999787 5.542307692307692 0.010000000000000009 0.1785625 0.009999999999999787 0.009999999999999787 0.7917391304347826 9.0 0.009999999999999787 0.01 0.0166853228962818 
0.009999999999999787 3.006666666666667 5.3590678302261 0.009999999999999787 0.009999999999999787 4.850769230769231 4.505000000000001 2.4260625 0.009999999999999787 0.009999999999999787 3.5278260869565217 0.009999999999999787 0.009999999999999787 0.01 0.03357455968688845 
0.009999999999999787 2.3045904761904765 1.2581158270527568 0.009999999999999787 0.009999999999999787 0.010000000000000009 0.010000000000000009 0.0841675 9.0 9.0 0.01 9.0 0.009999999999999787 0.98092 0.01 
0.009999999999999787 4.029814285714286 0.1597738992463308 0.009999999999999787 0.009999999999999787 0.010000000000000009 1.13375 0.10439499999999999 0.009999999999999787 0.009999999999999787 2.3552173913043477 9.0 0.009999999999999787 0.9989 0.1767812133072407 
0.009999999999999787 2.899642857142857 1.823333994446648 9.0 9.0 2.0846153846153848 2.2575 0.4977075 9.0 9.0 0.01 0.009999999999999787 0.009999999999999787 2.1675999999999997 0.01 
9.0 5.658003174603175 0.06883974613248711 0.009999999999999787 0.009999999999999787 9.0 7.876250000000001 0.01 9.0 9.0 0.01 0.009999999999999787 9.0 0.28869 0.014750097847358121 
0.009999999999999787 2.6256619047619045 1.4364180880602935 9.0 9.0 6.9253846153846155 0.010000000000000009 0.68425 9.0 9.0 0.01 0.009999999999999787 0.009999999999999787 0.5494 0.01 
0.009999999999999787 0.9261238095238098 2.923458944863149 0.009999999999999787 0.009999999999999787 8.308461538461538 0.010000000000000009 0.89102 0.009999999999999787 0.009999999999999787 5.482173913043478 9.0 0.009999999999999787 0.2797 0.03779686888454012 
0.009999999999999787 3.0309253968253973 0.9015113050376834 0.009999999999999787 0.009999999999999787 6.233846153846154 0.010000000000000009 0.01 0.009999999999999787 9.0 0.01 0.009999999999999787 0.009999999999999787 1.084305 0.04518590998043053 
0.009999999999999787 6.039007936507937 4.467556525188417 0.009999999999999787 0.009999999999999787 3.4676923076923076 1.13375 3.606 0.009999999999999787 9.0 0.01 0.009999999999999787 0.009999999999999787 0.11788 0.3667851272015656 
0.009999999999999787 2.935317460317461 0.6340579135263784 0.009999999999999787 0.009999999999999787 6.233846153846154 2.2575 0.122375 0.009999999999999787 9.0 0.01 0.009999999999999787 0.009999999999999787 0.742685 0.01 
0.009999999999999787 1.3413761904761903 0.9015113050376834 0.009999999999999787 0.009999999999999787 0.010000000000000009 0.010000000000000009 0.4977075 0.009999999999999787 0.009999999999999787 4.309565217391304 0.009999999999999787 0.009999999999999787 0.2797 0.3942301369863014 
0.009999999999999787 3.791507936507937 7.6769972233240775 0.009999999999999787 0.009999999999999787 7.616923076923077 5.62875 9.0 0.009999999999999787 0.009999999999999787 4.309565217391304 9.0 0.009999999999999787 0.01 0.2211154598825832 
9.0 0.5565349206349204 3.21944069813566 0.009999999999999787 0.009999999999999787 8.308461538461538 0.010000000000000009 0.6280625 0.009999999999999787 9.0 0.01 0.009999999999999787 0.009999999999999787 0.01 0.01 
9.0 0.40242063492063496 0.4557556525188417 0.009999999999999787 0.009999999999999787 5.542307692307692 0.010000000000000009 0.122375 9.0 0.009999999999999787 0.4008695652173913 9.0 0.009999999999999787 0.49546 0.02724109589041096 
0.009999999999999787 3.5532015873015874 1.1992760809202696 0.009999999999999787 0.009999999999999787 6.233846153846154 0.010000000000000009 1.808 0.009999999999999787 0.009999999999999787 5.482173913043478 9.0 0.009999999999999787 1.731585 0.24644931506849316 
0.009999999999999787 0.8191000000000006 2.3279293930979765 0.009999999999999787 0.009999999999999787 6.233846153846154 1.13375 0.66627 0.009999999999999787 0.009999999999999787 2.7460869565217387 9.0 0.009999999999999787 0.3696 0.5296958904109589 
0.009999999999999787 2.567155555555556 5.774512098373661 0.009999999999999787 0.009999999999999787 0.7015384615384616 0.010000000000000009 1.3585 0.009999999999999787 0.009999999999999787 3.5278260869565217 9.0 0.009999999999999787 1.13375 0.13842857142857143 
9.0 3.5532015873015874 1.7930226100753668 0.009999999999999787 0.009999999999999787 6.9253846153846155 0.010000000000000009 6.07825 0.009999999999999787 9.0 0.01 0.009999999999999787 0.009999999999999787 4.4151 0.01 
0.009999999999999787 4.159669841269841 0.4557556525188417 0.009999999999999787 0.009999999999999787 4.15923076923077 0.010000000000000009 6.2468125 9.0 0.009999999999999787 0.4008695652173913 0.009999999999999787 0.009999999999999787 1.5922399999999999 0.029704109589041093 
0.009999999999999787 1.3413761904761903 4.1109520031733435 0.009999999999999787 0.009999999999999787 2.0846153846153848 0.010000000000000009 1.58325 0.009999999999999787 0.009999999999999787 3.5278260869565217 9.0 0.009999999999999787 0.26172 0.14053972602739725 
0.009999999999999787 2.019193650793651 0.5449067830226101 0.009999999999999787 0.009999999999999787 6.233846153846154 0.010000000000000009 0.909 0.009999999999999787 0.009999999999999787 4.309565217391304 0.009999999999999787 0.009999999999999787 1.9608299999999999 0.016157534246575345 
9.0 6.193122222222223 0.1294625148750496 0.009999999999999787 0.009999999999999787 2.0846153846153848 2.2575 0.4595 0.009999999999999787 9.0 0.01 0.009999999999999787 0.009999999999999787 1.1427399999999999 0.39651722113502935 
0.009999999999999787 3.5303698412698417 0.2614061880206267 0.009999999999999787 0.009999999999999787 0.010000000000000009 0.010000000000000009 0.1785625 9.0 0.009999999999999787 0.7917391304347826 9.0 0.009999999999999787 1.021375 0.09796477495107632 
9.0 3.5175269841269845 1.584408964696549 0.009999999999999787 0.009999999999999787 0.010000000000000009 0.010000000000000009 0.0661875 9.0 9.0 0.01 9.0 0.009999999999999787 0.7292 0.01 
0.009999999999999787 0.8191000000000006 0.5449067830226101 9.0 9.0 6.9253846153846155 0.010000000000000009 0.909 0.009999999999999787 9.0 0.01 0.009999999999999787 0.009999999999999787 0.4595 0.013518590998043053 
0.009999999999999787 5.443955555555556 0.7374732249107497 9.0 9.0 9.0 7.876250000000001 0.68425 9.0 9.0 0.01 9.0 0.009999999999999787 0.5494 0.010175929549902154 
9.0 6.384338095238097 7.498694962316541 0.009999999999999787 0.009999999999999787 2.0846153846153848 2.2575 4.505 0.009999999999999787 0.009999999999999787 5.091304347826087 9.0 0.009999999999999787 0.01 1.1887279843444227 
0.009999999999999787 1.5197492063492062 2.372504958349861 9.0 9.0 0.7015384615384616 0.010000000000000009 2.4822499999999996 0.009999999999999787 9.0 0.01 0.009999999999999787 9.0 0.4595 0.01 
0.009999999999999787 2.732685714285714 0.9015113050376834 0.009999999999999787 0.009999999999999787 6.9253846153846155 1.13375 1.246125 0.009999999999999787 0.009999999999999787 2.3552173913043477 9.0 0.009999999999999787 0.7292 0.37452602739726026 
0.009999999999999787 1.2115206349206353 0.8123601745339151 0.009999999999999787 0.009999999999999787 2.0846153846153848 0.010000000000000009 0.0661875 9.0 9.0 0.01 9.0 0.009999999999999787 0.7292 0.011759295499021527 
9.0 2.411614285714286 3.813187227290757 0.009999999999999787 0.009999999999999787 5.542307692307692 1.13375 0.04820750000000001 9.0 0.009999999999999787 4.700434782608696 0.009999999999999787 0.009999999999999787 0.589855 0.010527788649706459 
0.009999999999999787 2.649920634920635 5.002463308211027 9.0 9.0 9.0 7.876250000000001 0.01 9.0 0.009999999999999787 0.7917391304347826 9.0 0.009999999999999787 0.7292 0.010175929549902154 
0.009999999999999787 1.0559793650793652 1.4809936533121777 9.0 9.0 2.0846153846153848 1.13375 0.027979999999999998 9.0 9.0 0.01 9.0 0.009999999999999787 0.6393 0.027592954990215267 
0.009999999999999787 0.9261238095238098 2.0159004363347877 0.009999999999999787 0.009999999999999787 6.233846153846154 0.010000000000000009 0.778645 0.009999999999999787 9.0 0.01 9.0 9.0 0.5494 0.01 
0.009999999999999787 3.3990873015873024 0.3077647758825863 0.009999999999999787 0.009999999999999787 7.616923076923077 0.010000000000000009 0.027979999999999998 9.0 9.0 0.01 9.0 0.009999999999999787 0.5494 0.010879647749510763 
0.009999999999999787 2.139060317460318 5.180765569218564 0.009999999999999787 0.009999999999999787 0.7015384615384616 0.010000000000000009 0.0661875 9.0 9.0 0.01 9.0 0.009999999999999787 0.01 0.06031585127201566 
0.009999999999999787 2.852552380952382 0.7820487901626338 0.009999999999999787 0.009999999999999787 0.010000000000000009 0.010000000000000009 0.68425 9.0 9.0 0.01 9.0 4.505 0.5494 0.01 
9.0 2.1033857142857144 1.2581158270527568 0.009999999999999787 0.009999999999999787 6.233846153846154 0.010000000000000009 0.3853325 0.009999999999999787 9.0 0.01 9.0 9.0 1.2686 0.01 
9.0 7.347552380952382 5.002463308211027 0.009999999999999787 0.009999999999999787 9.0 7.876250000000001 0.01 0.009999999999999787 0.009999999999999787 4.309565217391304 0.009999999999999787 0.009999999999999787 0.01 0.25630136986301366 
0.009999999999999787 2.079126984126985 1.837598175327251 0.009999999999999787 0.009999999999999787 6.9253846153846155 0.010000000000000009 2.1451249999999997 0.009999999999999787 0.009999999999999787 0.7917391304347826 9.0 0.009999999999999787 1.8979 0.011231506849315068 
0.009999999999999787 0.6521428571428571 0.06883974613248711 0.009999999999999787 0.009999999999999787 0.7015384615384616 0.010000000000000009 0.122375 9.0 9.0 0.01 0.009999999999999787 9.0 1.2686 0.01 
0.009999999999999787 0.34248730158730156 0.27745339151130505 0.009999999999999787 0.009999999999999787 0.010000000000000009 0.010000000000000009 0.796625 0.009999999999999787 0.009999999999999787 1.9643478260869565 0.009999999999999787 0.009999999999999787 1.5922399999999999 0.13139138943248532 
0.009999999999999787 0.8419317460317459 0.21861364537881792 0.009999999999999787 0.009999999999999787 9.0 7.876250000000001 0.01 9.0 0.009999999999999787 1.182608695652174 9.0 0.009999999999999787 1.58325 0.1452898238747554 
0.009999999999999787 1.3299603174603178 0.27745339151130505 0.009999999999999787 0.009999999999999787 4.15923076923077 0.010000000000000009 0.23475000000000001 9.0 9.0 0.01 0.009999999999999787 9.0 1.4484 0.01 
9.0 0.6050523809523813 3.650932169773899 0.009999999999999787 0.009999999999999787 9.0 7.876250000000001 0.01 9.0 9.0 0.01 9.0 0.009999999999999787 0.01 0.018796477495107634 
0.009999999999999787 0.3310714285714287 1.1243891312971044 0.009999999999999787 0.009999999999999787 6.233846153846154 0.010000000000000009 0.04820750000000001 9.0 0.009999999999999787 0.4008695652173913 9.0 0.009999999999999787 0.01 0.011055577299412915 
0.009999999999999787 1.412725396825397 0.17403808012693375 9.0 9.0 6.233846153846154 0.010000000000000009 1.1899375 0.009999999999999787 0.009999999999999787 2.3552173913043477 0.009999999999999787 0.009999999999999787 0.94496 0.07104755381604697 
9.0 2.7926190476190476 1.0798135660452202 9.0 9.0 8.308461538461538 0.010000000000000009 0.909 9.0 9.0 0.01 9.0 0.009999999999999787 0.8190999999999999 0.01 
9.0 1.1159126984126986 2.14962713209044 0.009999999999999787 0.009999999999999787 8.308461538461538 0.010000000000000009 1.13375 0.009999999999999787 0.009999999999999787 1.182608695652174 9.0 0.009999999999999787 0.3696 0.17150332681017613 
0.009999999999999787 1.3770507936507936 4.155527568425228 9.0 9.0 6.233846153846154 0.010000000000000009 0.3853325 0.009999999999999787 9.0 0.01 0.009999999999999787 0.009999999999999787 0.7292 0.06277886497064579 
0.009999999999999787 2.019193650793651 1.4364180880602935 9.0 9.0 2.0846153846153848 1.13375 2.5946249999999997 0.009999999999999787 0.009999999999999787 0.7917391304347826 0.009999999999999787 0.009999999999999787 0.347125 0.01 
0.009999999999999787 2.9239015873015877 3.2800634668782225 0.009999999999999787 0.009999999999999787 0.010000000000000009 0.010000000000000009 2.03275 0.009999999999999787 0.009999999999999787 4.700434782608696 0.009999999999999787 0.009999999999999787 0.01 0.048880430528375735 
9.0 1.2471952380952387 2.0301646172153904 0.009999999999999787 0.009999999999999787 5.542307692307692 0.010000000000000009 1.1719575 0.009999999999999787 0.009999999999999787 2.7460869565217387 9.0 0.009999999999999787 0.589855 0.5830025440313111 
9.0 1.175846031746032 4.169791749305831 0.009999999999999787 0.009999999999999787 3.4676923076923076 1.13375 0.04820750000000001 9.0 9.0 0.01 9.0 0.009999999999999787 1.4484 0.010879647749510763 
0.009999999999999787 4.944511111111112 4.28925426418088 0.009999999999999787 0.009999999999999787 4.15923076923077 0.010000000000000009 7.202 0.009999999999999787 9.0 0.01 9.0 9.0 0.50445 0.01 
0.009999999999999787 3.01808253968254 0.9015113050376834 9.0 9.0 6.233846153846154 0.010000000000000009 1.3585 9.0 9.0 0.01 9.0 9.0 0.909 0.01 
9.0 0.9974730158730165 1.0798135660452202 0.009999999999999787 0.009999999999999787 5.542307692307692 0.010000000000000009 0.0841675 0.009999999999999787 0.009999999999999787 1.182608695652174 9.0 0.009999999999999787 0.4595 0.011055577299412915 
9.0 0.7477507936507939 3.21944069813566 0.009999999999999787 0.009999999999999787 8.308461538461538 0.010000000000000009 0.347125 0.009999999999999787 0.009999999999999787 0.7917391304347826 9.0 0.009999999999999787 0.40556 0.1139743639921722 
9.0 0.3196555555555558 1.035238000793336 0.009999999999999787 0.009999999999999787 5.542307692307692 0.010000000000000009 0.04820750000000001 9.0 9.0 0.01 9.0 0.009999999999999787 0.5494 0.01 
0.009999999999999787 1.9007539682539685 0.5449067830226101 9.0 9.0 6.233846153846154 0.010000000000000009 0.1785625 0.009999999999999787 9.0 0.01 0.009999999999999787 0.009999999999999787 1.1787 0.19736497064579256 
0.009999999999999787 0.7349079365079363 1.2723800079333598 9.0 9.0 9.0 7.876250000000001 0.01 9.0 9.0 0.01 0.009999999999999787 0.009999999999999787 0.8190999999999999 0.010175929549902154 
0.009999999999999787 3.0780158730158735 1.1386533121777072 0.009999999999999787 0.009999999999999787 6.9253846153846155 1.13375 1.695625 0.009999999999999787 9.0 0.01 0.009999999999999787 0.009999999999999787 3.0665999999999998 0.01 
9.0 0.7349079365079363 3.397742959143197 0.009999999999999787 0.009999999999999787 6.233846153846154 0.010000000000000009 0.7404375000000001 0.009999999999999787 0.009999999999999787 2.3552173913043477 0.009999999999999787 0.009999999999999787 0.1898 0.11555772994129158 
0.009999999999999787 5.813544444444445 0.1883022610075367 9.0 9.0 3.4676923076923076 1.13375 1.79002 0.009999999999999787 9.0 0.01 9.0 0.009999999999999787 0.8190999999999999 0.06524187866927593 
0.009999999999999787 1.2828698412698416 0.27745339151130505 0.009999999999999787 0.009999999999999787 2.0846153846153848 0.010000000000000009 0.7224575 9.0 0.009999999999999787 0.4008695652173913 0.009999999999999787 0.009999999999999787 1.808 0.011583365949119373 
0.009999999999999787 2.7098539682539693 1.9713248710829034 0.009999999999999787 0.009999999999999787 5.542307692307692 1.13375 2.4822499999999996 0.009999999999999787 0.009999999999999787 4.700434782608696 0.009999999999999787 0.009999999999999787 1.84396 0.18592954990215266 
9.0 1.57968253968254 4.467556525188417 0.009999999999999787 0.009999999999999787 8.308461538461538 0.010000000000000009 0.68425 0.009999999999999787 0.009999999999999787 4.700434782608696 0.009999999999999787 0.009999999999999787 0.5494 0.10975205479452053 
0.009999999999999787 4.373717460317461 0.1883022610075367 0.009999999999999787 0.009999999999999787 2.0846153846153848 1.13375 2.2575 0.009999999999999787 9.0 0.01 0.009999999999999787 0.009999999999999787 1.4484 0.01 
0.009999999999999787 2.3045904761904765 0.4557556525188417 9.0 9.0 3.4676923076923076 0.010000000000000009 0.122375 9.0 9.0 0.01 9.0 0.009999999999999787 1.01688 0.01 
0.009999999999999787 3.8871158730158735 0.8123601745339151 9.0 9.0 6.9253846153846155 1.13375 4.505 0.009999999999999787 9.0 0.01 0.009999999999999787 0.009999999999999787 0.8011199999999999 0.01 
9.0 0.34248730158730156 0.1294625148750496 0.009999999999999787 0.009999999999999787 9.0 7.876250000000001 0.01 9.0 0.009999999999999787 0.4008695652173913 9.0 0.009999999999999787 0.7292 0.03216712328767123 
0.009999999999999787 4.469325396825397 3.0411384371281236 0.009999999999999787 0.009999999999999787 6.9253846153846155 1.13375 6.303 0.009999999999999787 0.009999999999999787 0.4008695652173913 0.009999999999999787 0.009999999999999787 0.40556 0.3618590998043053 
0.009999999999999787 7.715714285714287 1.9713248710829034 0.009999999999999787 0.009999999999999787 7.616923076923077 5.62875 5.8535 0.009999999999999787 0.009999999999999787 0.4008695652173913 0.009999999999999787 0.009999999999999787 0.01 0.01 
0.009999999999999787 0.9617984126984132 0.6643692978976596 0.009999999999999787 0.009999999999999787 0.010000000000000009 0.010000000000000009 1.0213750000000001 0.009999999999999787 0.009999999999999787 0.4008695652173913 9.0 0.009999999999999787 0.4595 0.0363894324853229 
9.0 0.8661904761904764 0.27745339151130505 0.009999999999999787 0.009999999999999787 0.010000000000000009 0.010000000000000009 0.3673525 0.009999999999999787 0.009999999999999787 1.9643478260869565 0.009999999999999787 0.009999999999999787 0.6393 0.010879647749510763 
0.009999999999999787 2.174734920634921 0.14372669575565253 0.009999999999999787 0.009999999999999787 0.010000000000000009 0.010000000000000009 0.140355 9.0 9.0 0.01 9.0 0.009999999999999787 0.9989 0.03463013698630137 
0.009999999999999787 0.7834253968253972 1.4364180880602935 9.0 9.0 2.0846153846153848 0.010000000000000009 0.4595 9.0 9.0 0.01 0.009999999999999787 0.009999999999999787 1.6281999999999999 0.18592954990215266 
0.009999999999999787 1.270026984126984 3.590309401031336 0.009999999999999787 0.009999999999999787 6.9253846153846155 0.010000000000000009 0.027979999999999998 0.009999999999999787 0.009999999999999787 3.5278260869565217 9.0 0.009999999999999787 0.2797 0.07966810176125244 
0.009999999999999787 0.9261238095238098 3.3085918286394285 0.009999999999999787 0.009999999999999787 0.010000000000000009 0.010000000000000009 0.7584175000000001 0.009999999999999787 0.009999999999999787 1.182608695652174 0.009999999999999787 0.009999999999999787 0.1898 0.014926027397260275 
9.0 1.2828698412698416 2.5062316541055134 0.009999999999999787 0.009999999999999787 0.010000000000000009 0.010000000000000009 0.0841675 9.0 9.0 0.01 9.0 0.009999999999999787 0.7292 0.01 
0.009999999999999787 1.6752904761904768 0.20256644188813963 0.009999999999999787 0.009999999999999787 6.233846153846154 0.010000000000000009 0.0841675 9.0 0.009999999999999787 0.4008695652173913 9.0 0.009999999999999787 1.23264 0.08811272015655576 
0.009999999999999787 1.234352380952381 3.9326497421658067 0.009999999999999787 0.009999999999999787 6.233846153846154 0.010000000000000009 0.909 0.009999999999999787 0.009999999999999787 0.4008695652173913 9.0 0.009999999999999787 0.3696 0.05890841487279844 
0.009999999999999787 3.2806476190476195 1.1689646965489884 0.009999999999999787 0.009999999999999787 5.542307692307692 1.13375 4.0555 0.009999999999999787 9.0 0.01 0.009999999999999787 0.009999999999999787 0.46849 0.12241898238747553 
0.009999999999999787 1.3656349206349208 1.4364180880602935 0.009999999999999787 0.009999999999999787 0.010000000000000009 2.2575 0.122375 0.009999999999999787 9.0 0.01 0.009999999999999787 0.009999999999999787 0.7292 0.01 
9.0 4.707631746031747 0.17403808012693375 0.009999999999999787 0.009999999999999787 6.9253846153846155 1.13375 0.1965425 0.009999999999999787 0.009999999999999787 4.309565217391304 0.009999999999999787 0.009999999999999787 1.9878 0.011055577299412915 
0.009999999999999787 4.208187301587302 0.8123601745339151 0.009999999999999787 0.009999999999999787 2.0846153846153848 2.2575 0.347125 0.009999999999999787 9.0 0.01 9.0 0.009999999999999787 2.5271999999999997 0.01 
9.0 1.6396158730158734 1.035238000793336 0.009999999999999787 0.009999999999999787 6.9253846153846155 1.13375 0.4033125 0.009999999999999787 9.0 0.01 9.0 0.009999999999999787 1.6281999999999999 0.01 
0.009999999999999787 2.3174333333333337 0.6643692978976596 0.009999999999999787 0.009999999999999787 0.010000000000000009 1.13375 1.9585825000000001 0.009999999999999787 9.0 0.01 9.0 0.009999999999999787 1.1787 0.04518590998043053 
0.009999999999999787 5.443955555555556 1.0798135660452202 9.0 9.0 9.0 7.876250000000001 0.68425 9.0 9.0 0.01 9.0 0.009999999999999787 0.8190999999999999 0.01070371819960861 
0.009999999999999787 2.899642857142857 1.6147203490678301 0.009999999999999787 0.009999999999999787 8.308461538461538 0.010000000000000009 0.4595 0.009999999999999787 9.0 0.01 0.009999999999999787 0.009999999999999787 1.0888 0.01 
0.009999999999999787 3.660225396825397 2.1050515668385557 0.009999999999999787 0.009999999999999787 6.9253846153846155 1.13375 4.505 0.009999999999999787 0.009999999999999787 5.482173913043478 0.009999999999999787 0.009999999999999787 1.803505 0.01 
0.009999999999999787 3.3990873015873024 0.6340579135263784 9.0 9.0 0.010000000000000009 2.2575 0.122375 0.009999999999999787 9.0 0.01 0.009999999999999787 0.009999999999999787 0.74718 0.08037181996086105 
0.009999999999999787 9.0 7.958714795715985 0.009999999999999787 0.009999999999999787 7.616923076923077 5.62875 5.741125 0.009999999999999787 0.009999999999999787 0.4008695652173913 0.009999999999999787 0.009999999999999787 0.01 0.029176320939334636 
9.0 3.374828571428572 0.9015113050376834 0.009999999999999787 0.009999999999999787 2.0846153846153848 1.13375 0.10439499999999999 9.0 9.0 0.01 9.0 0.009999999999999787 1.1787 0.05327866927592955 
0.009999999999999787 2.6613365079365083 1.2581158270527568 0.009999999999999787 0.009999999999999787 3.4676923076923076 0.010000000000000009 0.23475000000000001 9.0 9.0 0.01 0.009999999999999787 0.009999999999999787 1.05284 0.01 
0.009999999999999787 1.876495238095238 0.20256644188813963 0.009999999999999787 0.009999999999999787 3.4676923076923076 7.876250000000001 0.01 9.0 9.0 0.01 9.0 0.009999999999999787 0.4595 0.01 
0.009999999999999787 0.569377777777778 1.6004561681872271 0.009999999999999787 0.009999999999999787 0.010000000000000009 0.010000000000000009 0.122375 9.0 9.0 0.01 9.0 9.0 0.3696 0.01 
0.009999999999999787 0.9018650793650798 3.948696945656485 0.009999999999999787 0.009999999999999787 0.010000000000000009 0.010000000000000009 0.909 9.0 9.0 0.01 0.009999999999999787 0.009999999999999787 0.62132 0.01 
0.009999999999999787 2.2817587301587308 0.5145953986513289 0.009999999999999787 0.009999999999999787 6.233846153846154 1.13375 0.347125 0.009999999999999787 0.009999999999999787 0.4008695652173913 9.0 0.009999999999999787 1.0888 0.027592954990215267 
0.009999999999999787 1.6867063492063497 0.14372669575565253 0.009999999999999787 0.009999999999999787 4.15923076923077 0.010000000000000009 0.122375 0.009999999999999787 0.009999999999999787 1.182608695652174 9.0 0.009999999999999787 1.1787 2.667943639921722 
0.009999999999999787 2.6256619047619045 1.4364180880602935 0.009999999999999787 0.009999999999999787 4.15923076923077 0.010000000000000009 1.13375 0.009999999999999787 9.0 0.01 0.009999999999999787 0.009999999999999787 1.6281999999999999 0.01 
0.009999999999999787 3.1964555555555556 0.9157754859182864 0.009999999999999787 0.009999999999999787 9.0 7.876250000000001 0.01 9.0 9.0 0.01 9.0 0.009999999999999787 0.01 0.18592954990215266 
0.009999999999999787 4.219603174603175 1.0798135660452202 0.009999999999999787 0.009999999999999787 5.542307692307692 1.13375 2.707 0.009999999999999787 0.009999999999999787 4.309565217391304 9.0 0.009999999999999787 0.3696 0.01 
9.0 5.586653968253969 5.3590678302261 0.009999999999999787 0.009999999999999787 0.010000000000000009 0.010000000000000009 2.4822499999999996 0.009999999999999787 0.009999999999999787 5.482173913043478 9.0 0.009999999999999787 0.01 0.39704500978473584 
9.0 1.3898936507936512 0.291717572391908 9.0 9.0 5.542307692307692 0.010000000000000009 0.68425 0.009999999999999787 0.009999999999999787 0.7917391304347826 0.009999999999999787 0.009999999999999787 0.3696 0.08037181996086105 
0.009999999999999787 2.649920634920635 0.06883974613248711 9.0 9.0 0.010000000000000009 1.13375 1.4708750000000002 0.009999999999999787 0.009999999999999787 0.4008695652173913 0.009999999999999787 0.009999999999999787 1.95184 1.4174363992172212 
9.0 2.5072222222222225 1.347266957556525 0.009999999999999787 0.009999999999999787 6.9253846153846155 1.13375 0.2909375 0.009999999999999787 0.009999999999999787 3.5278260869565217 0.009999999999999787 0.009999999999999787 0.823595 0.01 
0.009999999999999787 0.6407269841269847 3.6651963506545018 0.009999999999999787 0.009999999999999787 0.010000000000000009 1.13375 0.4977075 9.0 9.0 0.01 9.0 0.009999999999999787 1.4484 0.012287084148727985 
0.009999999999999787 5.836376190476191 3.3674315747719152 0.009999999999999787 0.009999999999999787 9.0 7.876250000000001 6.4895425 0.009999999999999787 0.009999999999999787 4.309565217391304 0.009999999999999787 0.009999999999999787 0.14485 0.06277886497064579 
9.0 1.7823142857142864 0.7232090440301467 0.009999999999999787 0.009999999999999787 2.7761538461538464 3.38125 0.01 9.0 9.0 0.01 0.009999999999999787 0.009999999999999787 1.25062 0.010175929549902154 
9.0 6.2644714285714285 0.7232090440301467 0.009999999999999787 0.009999999999999787 9.0 7.876250000000001 2.93175 9.0 0.009999999999999787 0.4008695652173913 9.0 0.009999999999999787 0.01 0.011759295499021527 
9.0 4.754722222222223 4.645858786195953 0.009999999999999787 0.009999999999999787 2.0846153846153848 2.2575 2.3316675 0.009999999999999787 0.009999999999999787 3.5278260869565217 0.009999999999999787 0.009999999999999787 0.01 0.01 
0.009999999999999787 0.973214285714286 0.8711999206664022 0.009999999999999787 0.009999999999999787 0.010000000000000009 0.010000000000000009 0.909 0.009999999999999787 0.009999999999999787 4.309565217391304 0.009999999999999787 0.009999999999999787 0.909 0.5377886497064579 
0.009999999999999787 0.830515873015873 0.11341531138437126 0.009999999999999787 0.009999999999999787 3.4676923076923076 0.010000000000000009 0.140355 9.0 9.0 0.01 9.0 0.009999999999999787 1.2686 0.07403835616438356 
0.009999999999999787 3.6844841269841275 1.525569218564062 0.009999999999999787 0.009999999999999787 0.010000000000000009 2.2575 2.93175 0.009999999999999787 0.009999999999999787 6.263913043478261 9.0 0.009999999999999787 0.535915 0.2228747553816047 
0.009999999999999787 1.2828698412698416 3.75434748115827 0.009999999999999787 0.009999999999999787 5.542307692307692 1.13375 0.6100825 0.009999999999999787 9.0 0.01 9.0 0.009999999999999787 0.4595 0.01 
0.009999999999999787 3.6373936507936513 0.9015113050376834 9.0 9.0 2.0846153846153848 1.13375 4.505 9.0 9.0 0.01 0.009999999999999787 9.0 0.909 0.01 
0.009999999999999787 0.9375396825396827 3.561781039270131 0.009999999999999787 0.009999999999999787 7.616923076923077 6.7524999999999995 0.01 0.009999999999999787 9.0 0.01 9.0 0.009999999999999787 0.01 0.01 
9.0 1.2586111111111111 3.0411384371281236 0.009999999999999787 0.009999999999999787 5.542307692307692 0.010000000000000009 0.796625 0.009999999999999787 0.009999999999999787 3.9186956521739127 9.0 0.009999999999999787 0.3696 0.18417025440313112 
0.009999999999999787 4.873161904761905 1.4952578341927807 0.009999999999999787 0.009999999999999787 6.9253846153846155 2.2575 0.04820750000000001 9.0 9.0 0.01 0.009999999999999787 0.009999999999999787 2.3474 0.01 
0.009999999999999787 0.7591666666666668 0.6340579135263784 9.0 9.0 0.010000000000000009 0.010000000000000009 1.0595825 9.0 9.0 0.01 0.009999999999999787 0.009999999999999787 0.51344 0.011055577299412915 
0.009999999999999787 2.567155555555556 0.30598175327251087 0.009999999999999787 0.009999999999999787 6.9253846153846155 0.010000000000000009 0.6100825 0.009999999999999787 0.009999999999999787 3.13695652173913 0.009999999999999787 0.009999999999999787 1.371985 0.5888082191780822 
0.009999999999999787 1.1159126984126986 4.1109520031733435 0.009999999999999787 0.009999999999999787 2.0846153846153848 0.010000000000000009 0.23475000000000001 0.009999999999999787 9.0 0.01 0.009999999999999787 0.009999999999999787 0.4595 0.02196320939334638 
0.009999999999999787 3.95846507936508 1.7930226100753668 0.009999999999999787 0.009999999999999787 5.542307692307692 1.13375 2.2575 0.009999999999999787 0.009999999999999787 2.3552173913043477 0.009999999999999787 0.009999999999999787 2.1226499999999997 0.01 
0.009999999999999787 1.2828698412698416 0.06883974613248711 0.009999999999999787 0.009999999999999787 0.010000000000000009 3.38125 1.0213750000000001 9.0 9.0 0.01 0.009999999999999787 9.0 0.01 0.01 
0.009999999999999787 1.1986777777777777 0.30598175327251087 0.009999999999999787 0.009999999999999787 0.010000000000000009 1.13375 0.9831675000000001 9.0 9.0 0.01 0.009999999999999787 0.009999999999999787 0.58536 0.01 
9.0 1.7694714285714288 3.0999781832606104 0.009999999999999787 0.009999999999999787 8.308461538461538 0.010000000000000009 0.6460425000000001 0.009999999999999787 9.0 0.01 9.0 0.009999999999999787 0.7292 0.0363894324853229 
9.0 1.140171428571429 4.1109520031733435 9.0 9.0 2.7761538461538464 3.38125 0.01 0.009999999999999787 0.009999999999999787 4.309565217391304 0.009999999999999787 0.009999999999999787 0.01 0.01 
0.009999999999999787 5.515304761904762 0.5003312177707259 9.0 9.0 0.010000000000000009 1.13375 4.26227 0.009999999999999787 9.0 0.01 0.009999999999999787 0.009999999999999787 0.909 0.027592954990215267 
0.009999999999999787 1.318544444444445 0.07062276874256247 0.009999999999999787 0.009999999999999787 4.15923076923077 0.010000000000000009 0.04820750000000001 9.0 9.0 0.01 9.0 9.0 0.01 0.01 
9.0 2.12621746031746 1.347266957556525 0.009999999999999787 0.009999999999999787 0.010000000000000009 0.010000000000000009 0.122375 9.0 0.009999999999999787 0.4008695652173913 0.009999999999999787 0.009999999999999787 0.1898 0.037093150684931506 
0.009999999999999787 5.004444444444445 3.0411384371281236 0.009999999999999787 0.009999999999999787 0.010000000000000009 1.13375 5.62875 0.009999999999999787 0.009999999999999787 3.5278260869565217 9.0 0.009999999999999787 0.823595 0.3011634050880626 
9.0 4.921679365079366 0.4860670368901229 0.009999999999999787 0.009999999999999787 2.0846153846153848 9.0 0.16058250000000002 9.0 9.0 0.01 9.0 0.009999999999999787 0.01 0.03111154598825832 
0.009999999999999787 1.2828698412698416 0.9157754859182864 9.0 9.0 0.010000000000000009 1.13375 1.1719575 0.009999999999999787 9.0 0.01 9.0 0.009999999999999787 0.01 0.01 
9.0 4.469325396825397 1.6450317334391114 0.009999999999999787 0.009999999999999787 3.4676923076923076 1.13375 0.4595 9.0 9.0 0.01 0.009999999999999787 9.0 1.0888 0.01 
0.009999999999999787 0.010000000000000009 1.4364180880602935 9.0 9.0 6.233846153846154 0.010000000000000009 0.796625 0.009999999999999787 0.009999999999999787 0.7917391304347826 0.009999999999999787 0.009999999999999787 0.5494 0.18592954990215266 
0.009999999999999787 5.385449206349207 0.024264180880602934 0.009999999999999787 0.009999999999999787 6.9253846153846155 1.13375 0.027979999999999998 0.009999999999999787 9.0 0.01 9.0 0.009999999999999787 0.01 0.5377886497064579 
9.0 1.6752904761904768 0.41118008726695754 0.009999999999999787 0.009999999999999787 5.542307692307692 0.010000000000000009 0.589855 0.009999999999999787 0.009999999999999787 0.7917391304347826 9.0 0.009999999999999787 0.909 0.01 
9.0 1.2586111111111111 3.026874256247521 9.0 9.0 6.9253846153846155 0.010000000000000009 1.11577 9.0 9.0 0.01 9.0 0.009999999999999787 0.74718 0.01 
9.0 1.5197492063492062 0.9015113050376834 9.0 9.0 2.0846153846153848 2.2575 2.03275 9.0 9.0 0.01 9.0 0.009999999999999787 0.909 0.0902238747553816 
9.0 0.7834253968253972 3.071449821499405 0.009999999999999787 0.009999999999999787 6.9253846153846155 1.13375 0.347125 0.009999999999999787 0.009999999999999787 2.7460869565217387 9.0 0.009999999999999787 0.44152 0.01 
0.009999999999999787 1.0802380952380952 0.5449067830226101 0.009999999999999787 0.009999999999999787 6.233846153846154 0.010000000000000009 0.68425 9.0 9.0 0.01 9.0 0.009999999999999787 0.68425 0.011407436399217222 
0.009999999999999787 4.148253968253969 1.0798135660452202 0.009999999999999787 0.009999999999999787 2.0846153846153848 2.2575 0.4595 0.009999999999999787 9.0 0.01 9.0 0.009999999999999787 0.01 0.04518590998043053 
0.009999999999999787 3.220714285714286 1.7930226100753668 0.009999999999999787 0.009999999999999787 0.010000000000000009 2.2575 1.13375 0.009999999999999787 0.009999999999999787 2.3552173913043477 9.0 0.009999999999999787 0.01 0.07456614481409002 
9.0 1.008888888888889 3.4120071400237992 0.009999999999999787 0.009999999999999787 2.0846153846153848 0.010000000000000009 0.027979999999999998 9.0 9.0 0.01 9.0 0.009999999999999787 0.909 0.18592954990215266 
0.009999999999999787 1.5554238095238095 0.4557556525188417 0.009999999999999787 0.009999999999999787 0.010000000000000009 0.010000000000000009 0.122375 9.0 9.0 0.01 9.0 0.009999999999999787 0.50445 0.01 
0.009999999999999787 1.3299603174603178 0.27745339151130505 0.009999999999999787 0.009999999999999787 4.15923076923077 0.010000000000000009 0.23475000000000001 0.009999999999999787 9.0 0.01 0.009999999999999787 9.0 1.4484 0.01 
9.0 2.139060317460318 0.3808687028956763 0.009999999999999787 0.009999999999999787 0.010000000000000009 0.010000000000000009 1.13375 0.009999999999999787 0.009999999999999787 1.9643478260869565 0.009999999999999787 0.009999999999999787 1.3585 0.2615792563600783 
0.009999999999999787 3.0666 1.6147203490678301 0.009999999999999787 0.009999999999999787 6.9253846153846155 1.13375 2.5946249999999997 9.0 9.0 0.01 0.009999999999999787 9.0 3.205945 0.01 
0.009999999999999787 4.208187301587302 1.7930226100753668 0.009999999999999787 0.009999999999999787 2.0846153846153848 2.2575 1.0213750000000001 9.0 9.0 0.01 0.009999999999999787 0.009999999999999787 0.643795 0.01 
0.009999999999999787 3.9227904761904773 1.4506822689408965 0.009999999999999787 0.009999999999999787 6.9253846153846155 1.13375 3.1565 0.009999999999999787 0.009999999999999787 3.13695652173913 9.0 0.009999999999999787 1.4484 0.01 
9.0 5.194233333333334 4.481820706069019 0.009999999999999787 0.009999999999999787 8.308461538461538 0.010000000000000009 1.039355 0.009999999999999787 0.009999999999999787 1.182608695652174 0.009999999999999787 0.009999999999999787 0.71122 0.01 
0.009999999999999787 0.8191000000000006 2.595382784609282 0.009999999999999787 0.009999999999999787 4.15923076923077 0.010000000000000009 0.027979999999999998 9.0 0.009999999999999787 0.4008695652173913 9.0 0.009999999999999787 0.4595 0.010175929549902154 
0.009999999999999787 4.362301587301588 0.1883022610075367 0.009999999999999787 0.009999999999999787 4.15923076923077 0.010000000000000009 4.842125 0.009999999999999787 9.0 0.01 9.0 9.0 1.808 0.01 
0.009999999999999787 0.35533015873015916 0.024264180880602934 0.009999999999999787 0.009999999999999787 0.010000000000000009 0.010000000000000009 0.027979999999999998 9.0 9.0 0.01 9.0 0.009999999999999787 0.01 0.01 
0.009999999999999787 3.0423412698412706 0.9015113050376834 0.009999999999999787 0.009999999999999787 2.0846153846153848 0.010000000000000009 0.4595 9.0 9.0 0.01 0.009999999999999787 0.009999999999999787 0.95395 0.01 
0.009999999999999787 1.615357142857143 4.467556525188417 0.009999999999999787 0.009999999999999787 8.308461538461538 0.010000000000000009 1.3585 0.009999999999999787 9.0 0.01 0.009999999999999787 9.0 0.09989999999999999 0.01 
0.009999999999999787 4.148253968253969 1.4667294724315747 0.009999999999999787 0.009999999999999787 8.308461538461538 0.010000000000000009 0.027979999999999998 9.0 9.0 0.01 9.0 0.009999999999999787 0.49546 0.027592954990215267 
9.0 0.9132809523809522 0.4557556525188417 0.009999999999999787 0.009999999999999787 0.010000000000000009 0.010000000000000009 0.01 9.0 9.0 0.01 9.0 0.009999999999999787 0.01 0.01 
9.0 1.5440079365079367 0.3808687028956763 9.0 9.0 9.0 7.876250000000001 0.23475000000000001 0.009999999999999787 0.009999999999999787 1.182608695652174 9.0 0.009999999999999787 0.8190999999999999 0.035861643835616436 
9.0 0.8419317460317459 0.24714200714002382 9.0 9.0 0.010000000000000009 0.010000000000000009 0.4595 9.0 0.009999999999999787 0.4008695652173913 9.0 0.009999999999999787 9.0 0.010351859099804305 
0.009999999999999787 2.2689158730158727 1.6147203490678301 0.009999999999999787 0.009999999999999787 6.233846153846154 0.010000000000000009 3.3812499999999996 0.009999999999999787 0.009999999999999787 0.7917391304347826 0.009999999999999787 0.009999999999999787 1.49335 0.01 
0.009999999999999787 2.852552380952382 0.4557556525188417 0.009999999999999787 0.009999999999999787 6.233846153846154 0.010000000000000009 0.5336675000000001 9.0 9.0 0.01 9.0 0.009999999999999787 0.5494 0.01 
0.009999999999999787 3.1251063492063498 0.27745339151130505 0.009999999999999787 0.009999999999999787 3.4676923076923076 0.010000000000000009 0.68425 9.0 9.0 0.01 0.009999999999999787 0.009999999999999787 1.048345 0.01 
0.009999999999999787 2.5543126984126987 0.27745339151130505 9.0 9.0 8.308461538461538 0.010000000000000009 1.58325 9.0 9.0 0.01 0.009999999999999787 0.009999999999999787 1.4484 0.01 
0.009999999999999787 2.079126984126985 1.8072867909559698 9.0 9.0 0.010000000000000009 2.2575 0.68425 0.009999999999999787 0.009999999999999787 3.13695652173913 0.009999999999999787 0.009999999999999787 0.65728 0.011231506849315068 
9.0 1.318544444444445 0.4557556525188417 0.009999999999999787 0.009999999999999787 5.542307692307692 0.010000000000000009 0.122375 9.0 9.0 0.01 0.009999999999999787 0.009999999999999787 0.5494 0.1523270058708415 
0.009999999999999787 1.1044968253968257 0.27745339151130505 9.0 9.0 4.850769230769231 4.505000000000001 0.347125 9.0 9.0 0.01 0.009999999999999787 0.009999999999999787 0.60334 0.010351859099804305 
0.009999999999999787 3.898531746031747 0.024264180880602934 0.009999999999999787 0.009999999999999787 7.616923076923077 0.010000000000000009 0.027979999999999998 9.0 0.009999999999999787 0.4008695652173913 9.0 9.0 2.5271999999999997 0.01 
0.009999999999999787 3.1493650793650794 0.8711999206664022 0.009999999999999787 0.009999999999999787 6.233846153846154 0.010000000000000009 0.0661875 9.0 0.009999999999999787 0.7917391304347826 9.0 0.009999999999999787 0.9989 0.010175929549902154 
0.009999999999999787 2.0905428571428573 1.7930226100753668 0.009999999999999787 0.009999999999999787 6.233846153846154 0.010000000000000009 4.9544999999999995 0.009999999999999787 9.0 0.01 0.009999999999999787 0.009999999999999787 0.32465 0.01 
9.0 4.58776507936508 3.75434748115827 0.009999999999999787 0.009999999999999787 5.542307692307692 0.010000000000000009 2.2575 0.009999999999999787 0.009999999999999787 2.7460869565217387 0.009999999999999787 0.009999999999999787 0.01 0.01 
9.0 0.2953968253968253 0.14372669575565253 0.009999999999999787 0.009999999999999787 0.010000000000000009 0.010000000000000009 0.4595 9.0 9.0 0.01 9.0 0.009999999999999787 0.5494 0.013166731898238748 
9.0 3.292063492063493 1.837598175327251 0.009999999999999787 0.009999999999999787 7.616923076923077 0.010000000000000009 2.2575 0.009999999999999787 9.0 0.01 0.009999999999999787 0.009999999999999787 0.01 0.7137181996086106 
0.009999999999999787 2.019193650793651 0.3666045220150734 9.0 9.0 0.7015384615384616 1.13375 1.3585 9.0 9.0 0.01 9.0 0.009999999999999787 0.8011199999999999 0.10447416829745595 
0.009999999999999787 0.9974730158730165 0.15799087663625544 0.009999999999999787 0.009999999999999787 0.010000000000000009 0.010000000000000009 0.0661875 9.0 9.0 0.01 9.0 0.009999999999999787 0.01 0.017740900195694714 
0.009999999999999787 0.9617984126984132 2.5062316541055134 0.009999999999999787 0.009999999999999787 0.010000000000000009 0.010000000000000009 0.7404375000000001 0.009999999999999787 0.009999999999999787 1.182608695652174 9.0 0.009999999999999787 0.909 0.2547180039138943 
0.009999999999999787 2.839709523809524 0.1294625148750496 9.0 9.0 6.9253846153846155 0.010000000000000009 0.04820750000000001 9.0 9.0 0.01 9.0 0.009999999999999787 0.8190999999999999 0.01 
0.009999999999999787 4.908836507936508 2.163891312971043 0.009999999999999787 0.009999999999999787 3.4676923076923076 0.010000000000000009 0.027979999999999998 9.0 9.0 0.01 9.0 0.009999999999999787 0.01 0.4832504892367906 
0.009999999999999787 4.219603174603175 9.0 0.009999999999999787 0.009999999999999787 5.542307692307692 1.13375 0.10439499999999999 0.009999999999999787 0.009999999999999787 0.4008695652173913 9.0 0.009999999999999787 3.4261999999999997 0.02583365949119374 
9.0 1.925012698412699 0.4557556525188417 0.009999999999999787 0.009999999999999787 9.0 7.876250000000001 0.01 9.0 0.009999999999999787 0.4008695652173913 9.0 0.009999999999999787 0.42353999999999997 0.06277886497064579 
0.009999999999999787 2.4715476190476195 0.753520428401428 0.009999999999999787 0.009999999999999787 0.010000000000000009 0.010000000000000009 0.04820750000000001 9.0 9.0 0.01 9.0 0.009999999999999787 1.3585 0.01 
9.0 2.614246031746032 2.14962713209044 0.009999999999999787 0.009999999999999787 0.7015384615384616 0.010000000000000009 0.571875 9.0 9.0 0.01 9.0 0.009999999999999787 1.23264 0.01 
0.009999999999999787 2.6741793650793655 1.0798135660452202 0.009999999999999787 0.009999999999999787 0.7015384615384616 0.010000000000000009 0.0841675 9.0 9.0 0.01 0.009999999999999787 0.009999999999999787 0.5494 0.01 
0.009999999999999787 3.374828571428572 0.9603510511701705 0.009999999999999787 0.009999999999999787 6.9253846153846155 0.010000000000000009 0.0841675 9.0 9.0 0.01 0.009999999999999787 0.009999999999999787 0.01 0.09814070450097846 
9.0 1.9963619047619052 0.5449067830226101 0.009999999999999787 0.009999999999999787 4.15923076923077 0.010000000000000009 0.909 0.009999999999999787 9.0 0.01 9.0 9.0 1.6641599999999999 0.01 
9.0 1.5554238095238095 0.24892502975009917 0.009999999999999787 0.009999999999999787 8.308461538461538 1.13375 0.796625 0.009999999999999787 9.0 0.01 9.0 0.009999999999999787 1.808 0.01 
9.0 6.157447619047619 1.525569218564062 9.0 9.0 9.0 7.876250000000001 2.2575 9.0 9.0 0.01 0.009999999999999787 0.009999999999999787 0.01 0.01070371819960861 
0.009999999999999787 3.7558333333333342 2.3279293930979765 0.009999999999999787 0.009999999999999787 8.308461538461538 2.2575 1.58325 0.009999999999999787 0.009999999999999787 0.4008695652173913 9.0 0.009999999999999787 0.01 0.09796477495107632 
0.009999999999999787 8.726019047619047 6.785485918286394 9.0 9.0 9.0 7.876250000000001 0.027979999999999998 9.0 0.009999999999999787 0.7917391304347826 9.0 0.009999999999999787 0.01 0.07175127201565558 
0.009999999999999787 1.2115206349206353 4.333829829432764 0.009999999999999787 0.009999999999999787 0.010000000000000009 0.010000000000000009 1.5090825 9.0 0.009999999999999787 0.7917391304347826 0.009999999999999787 0.009999999999999787 0.8190999999999999 0.04043581213307241 
9.0 3.945622222222222 0.3666045220150734 0.009999999999999787 0.009999999999999787 2.0846153846153848 2.2575 1.0213750000000001 0.009999999999999787 9.0 0.01 0.009999999999999787 0.009999999999999787 0.01 0.06277886497064579 
0.009999999999999787 3.256388888888889 1.525569218564062 0.009999999999999787 0.009999999999999787 5.542307692307692 0.010000000000000009 1.58325 9.0 9.0 0.01 9.0 0.009999999999999787 2.0507299999999997 0.018796477495107634 
0.009999999999999787 2.839709523809524 0.09915113050376834 0.009999999999999787 0.009999999999999787 2.0846153846153848 2.2575 1.808 9.0 9.0 0.01 0.009999999999999787 9.0 1.8979 0.01 
9.0 1.0559793650793652 1.7930226100753668 9.0 9.0 9.0 7.876250000000001 0.01 9.0 9.0 0.01 9.0 0.009999999999999787 0.01 0.01 
9.0 2.328849206349207 1.8964379214597382 0.009999999999999787 0.009999999999999787 7.616923076923077 6.7524999999999995 1.0213750000000001 0.009999999999999787 0.009999999999999787 1.9643478260869565 0.009999999999999787 0.009999999999999787 0.455005 0.09796477495107632 
0.009999999999999787 3.387671428571429 0.7374732249107497 0.009999999999999787 0.009999999999999787 6.233846153846154 0.010000000000000009 0.027979999999999998 0.009999999999999787 9.0 0.01 0.009999999999999787 0.009999999999999787 1.808 1.0303913894324852 
9.0 3.506111111111111 2.14962713209044 0.009999999999999787 0.009999999999999787 3.4676923076923076 0.010000000000000009 0.4595 0.009999999999999787 9.0 0.01 0.009999999999999787 0.009999999999999787 0.01 0.01 
9.0 1.0203047619047618 0.1883022610075367 9.0 9.0 7.616923076923077 6.7524999999999995 0.4595 9.0 9.0 0.01 9.0 0.009999999999999787 1.1787 0.01 
0.009999999999999787 1.615357142857143 4.28925426418088 0.009999999999999787 0.009999999999999787 3.4676923076923076 0.010000000000000009 1.0213750000000001 0.009999999999999787 0.009999999999999787 0.7917391304347826 0.009999999999999787 0.009999999999999787 0.5494 0.010879647749510763 
0.009999999999999787 3.8385984126984125 1.7930226100753668 0.009999999999999787 0.009999999999999787 0.010000000000000009 0.010000000000000009 2.2575 0.009999999999999787 0.009999999999999787 2.7460869565217387 9.0 0.009999999999999787 0.01 0.5492240704500978 
0.009999999999999787 0.3781619047619045 1.4667294724315747 0.009999999999999787 0.009999999999999787 2.0846153846153848 1.13375 0.1965425 9.0 9.0 0.01 0.009999999999999787 0.009999999999999787 0.5494 0.01 
0.009999999999999787 0.7834253968253972 3.397742959143197 0.009999999999999787 0.009999999999999787 6.233846153846154 0.010000000000000009 0.68425 0.009999999999999787 9.0 0.01 9.0 0.009999999999999787 0.5494 0.39810058708414875 
9.0 1.3299603174603178 4.2001031336771115 0.009999999999999787 0.009999999999999787 6.9253846153846155 1.13375 0.23475000000000001 0.009999999999999787 0.009999999999999787 0.7917391304347826 0.009999999999999787 0.009999999999999787 1.3585 0.1069371819960861 
9.0 0.569377777777778 0.009999999999999998 9.0 9.0 2.7761538461538464 7.876250000000001 0.01 9.0 9.0 0.01 9.0 0.009999999999999787 0.39657 0.01 
0.009999999999999787 4.362301587301588 3.9326497421658067 9.0 9.0 0.7015384615384616 0.010000000000000009 0.68425 0.009999999999999787 9.0 0.01 9.0 9.0 0.01 0.01 
9.0 1.2229365079365082 0.4557556525188417 9.0 9.0 9.0 7.876250000000001 1.4708750000000002 9.0 9.0 0.01 9.0 0.009999999999999787 1.2686 0.01 
9.0 1.2828698412698416 0.291717572391908 0.009999999999999787 0.009999999999999787 2.0846153846153848 0.010000000000000009 0.04820750000000001 9.0 9.0 0.01 9.0 0.009999999999999787 0.65728 0.01 
0.009999999999999787 1.3413761904761903 0.9015113050376834 0.009999999999999787 0.009999999999999787 9.0 7.876250000000001 0.04820750000000001 9.0 9.0 0.01 0.009999999999999787 0.009999999999999787 0.4595 0.7503115459882583 
9.0 1.5440079365079367 0.1883022610075367 0.009999999999999787 0.009999999999999787 5.542307692307692 1.13375 0.68425 0.009999999999999787 9.0 0.01 9.0 0.009999999999999787 1.2686 0.15496594911937378 
0.009999999999999787 1.9606873015873023 4.467556525188417 0.009999999999999787 0.009999999999999787 8.308461538461538 2.2575 0.122375 9.0 9.0 0.01 0.009999999999999787 0.009999999999999787 3.2463999999999995 0.01 
0.009999999999999787 2.246084126984128 0.4557556525188417 0.009999999999999787 0.009999999999999787 6.233846153846154 0.010000000000000009 0.796625 9.0 9.0 0.01 9.0 0.009999999999999787 0.909 0.01 
0.009999999999999787 1.57968253968254 0.20256644188813963 0.009999999999999787 0.009999999999999787 4.15923076923077 0.010000000000000009 0.4595 9.0 9.0 0.01 0.009999999999999787 0.009999999999999787 0.5494 0.010175929549902154 
9.0 1.9364285714285718 0.11341531138437126 0.009999999999999787 0.009999999999999787 4.15923076923077 1.13375 0.0661875 9.0 0.009999999999999787 0.4008695652173913 0.009999999999999787 0.009999999999999787 1.23264 0.029000391389432487 
0.009999999999999787 1.175846031746032 0.20256644188813963 9.0 9.0 6.9253846153846155 0.010000000000000009 0.027979999999999998 0.009999999999999787 0.009999999999999787 0.4008695652173913 0.009999999999999787 0.009999999999999787 3.7857999999999996 0.020379843444227004 
9.0 1.6039412698412705 0.4557556525188417 0.009999999999999787 0.009999999999999787 9.0 7.876250000000001 0.01 0.009999999999999787 9.0 0.01 9.0 0.009999999999999787 0.3696 0.01 
0.009999999999999787 1.4612428571428575 0.24714200714002382 0.009999999999999787 0.009999999999999787 0.010000000000000009 0.010000000000000009 0.0841675 9.0 9.0 0.01 9.0 0.009999999999999787 0.4595 0.01 
9.0 0.9617984126984132 3.75434748115827 9.0 9.0 6.9253846153846155 1.13375 0.01 9.0 9.0 0.01 0.009999999999999787 0.009999999999999787 0.70223 0.015629745596868885 
0.009999999999999787 3.4347619047619053 2.5062316541055134 0.009999999999999787 0.009999999999999787 5.542307692307692 1.13375 5.17925 0.009999999999999787 0.009999999999999787 2.7460869565217387 0.009999999999999787 0.009999999999999787 1.3585 0.010879647749510763 
9.0 3.1493650793650794 0.33629313764379215 0.009999999999999787 0.009999999999999787 8.308461538461538 0.010000000000000009 0.347125 0.009999999999999787 0.009999999999999787 1.5734782608695652 9.0 0.009999999999999787 0.01 0.28849647749510765 
9.0 3.981296825396826 0.3808687028956763 0.009999999999999787 0.009999999999999787 8.308461538461538 0.010000000000000009 0.3089175 9.0 9.0 0.01 9.0 0.009999999999999787 1.0888 0.051695303326810174 
9.0 1.9478444444444443 0.6037465291550972 0.009999999999999787 0.009999999999999787 9.0 7.876250000000001 0.01 9.0 9.0 0.01 9.0 0.009999999999999787 1.5383 0.010175929549902154 
0.009999999999999787 3.7315746031746038 0.1883022610075367 0.009999999999999787 0.009999999999999787 4.15923076923077 0.010000000000000009 0.122375 0.009999999999999787 9.0 0.01 9.0 9.0 1.30456 0.01 
0.009999999999999787 2.9239015873015877 0.559170963903213 0.009999999999999787 0.009999999999999787 6.9253846153846155 0.010000000000000009 0.70223 0.009999999999999787 0.009999999999999787 0.4008695652173913 0.009999999999999787 0.009999999999999787 2.3474 8.806477495107632 
0.009999999999999787 4.921679365079366 2.7291094803649343 0.009999999999999787 0.009999999999999787 6.233846153846154 1.13375 6.97725 0.009999999999999787 0.009999999999999787 4.700434782608696 9.0 0.009999999999999787 0.01 0.1489843444227006 
9.0 1.615357142857143 3.9326497421658067 9.0 9.0 8.308461538461538 0.010000000000000009 2.03275 0.009999999999999787 9.0 0.01 9.0 0.009999999999999787 0.5494 0.01 
0.009999999999999787 2.1504761904761907 0.5449067830226101 9.0 9.0 0.010000000000000009 0.010000000000000009 0.68425 0.009999999999999787 9.0 0.01 0.009999999999999787 0.009999999999999787 0.01 0.04958414872798435 
9.0 2.768360317460318 1.6592959143197143 0.009999999999999787 0.009999999999999787 5.542307692307692 1.13375 0.7404375000000001 0.009999999999999787 0.009999999999999787 0.7917391304347826 9.0 0.009999999999999787 0.01 0.01 
0.009999999999999787 2.007777777777778 0.47001983339944464 0.009999999999999787 0.009999999999999787 3.4676923076923076 1.13375 0.122375 9.0 9.0 0.01 0.009999999999999787 9.0 0.6393 0.01 
0.009999999999999787 3.4946952380952387 3.620620785402618 0.009999999999999787 0.009999999999999787 6.9253846153846155 0.010000000000000009 1.13375 0.009999999999999787 0.009999999999999787 2.3552173913043477 9.0 0.009999999999999787 2.3474 0.04448219178082192 
9.0 3.577460317460318 0.5449067830226101 0.009999999999999787 0.009999999999999787 9.0 7.876250000000001 0.01 9.0 9.0 0.01 9.0 0.009999999999999787 0.35162 0.01 
9.0 2.578571428571429 1.0798135660452202 9.0 9.0 2.7761538461538464 3.38125 0.01 9.0 9.0 0.01 9.0 0.009999999999999787 0.7292 0.013518590998043053 
9.0 1.615357142857143 0.3220289567631892 0.009999999999999787 0.009999999999999787 6.9253846153846155 1.13375 0.47748 0.009999999999999787 9.0 0.01 0.009999999999999787 0.009999999999999787 0.7292 1.0409471624266144 
0.009999999999999787 1.615357142857143 4.0218008726695755 0.009999999999999787 0.009999999999999787 0.010000000000000009 0.010000000000000009 1.13375 0.009999999999999787 0.009999999999999787 6.654782608695652 9.0 0.009999999999999787 0.909 0.2225228962818004 
9.0 7.192011111111111 0.06883974613248711 0.009999999999999787 0.009999999999999787 9.0 7.876250000000001 0.01 0.009999999999999787 0.009999999999999787 0.4008695652173913 9.0 0.009999999999999787 1.05284 0.027592954990215267 
0.009999999999999787 3.6844841269841275 0.5894823482744942 0.009999999999999787 0.009999999999999787 0.010000000000000009 0.010000000000000009 0.68425 9.0 9.0 0.01 9.0 0.009999999999999787 0.01 0.06559373776908023 
0.009999999999999787 1.2942857142857145 4.1109520031733435 0.009999999999999787 0.009999999999999787 2.0846153846153848 0.010000000000000009 0.1965425 9.0 9.0 0.01 9.0 0.009999999999999787 0.01 0.01 
9.0 1.5440079365079367 0.6340579135263784 9.0 9.0 0.010000000000000009 0.010000000000000009 0.0841675 9.0 9.0 0.01 9.0 0.009999999999999787 0.60334 0.01 
9.0 1.6510317460317463 4.82416104720349 9.0 9.0 9.0 7.876250000000001 0.909 9.0 0.009999999999999787 0.4008695652173913 0.009999999999999787 0.009999999999999787 0.909 0.010175929549902154 
9.0 0.9617984126984132 0.3077647758825863 0.009999999999999787 0.009999999999999787 5.542307692307692 0.010000000000000009 0.7224575 0.009999999999999787 0.009999999999999787 0.4008695652173913 9.0 0.009999999999999787 0.01 0.01 
0.009999999999999787 6.027592063492064 4.1109520031733435 0.009999999999999787 0.009999999999999787 9.0 7.876250000000001 2.2575 0.009999999999999787 0.009999999999999787 1.9643478260869565 9.0 0.009999999999999787 0.01 1.567152446183953 
0.009999999999999787 1.6396158730158734 1.2581158270527568 0.009999999999999787 0.009999999999999787 6.9253846153846155 0.010000000000000009 0.2909375 0.009999999999999787 0.009999999999999787 2.7460869565217387 9.0 0.009999999999999787 0.01 1.2518866927592955 
0.009999999999999787 4.4935841269841275 0.5449067830226101 0.009999999999999787 0.009999999999999787 0.010000000000000009 0.010000000000000009 1.13375 0.009999999999999787 9.0 0.01 0.009999999999999787 0.009999999999999787 0.6393 0.01 
9.0 7.965436507936508 2.14962713209044 0.009999999999999787 0.009999999999999787 9.0 7.876250000000001 0.01 9.0 9.0 0.01 9.0 9.0 0.01 0.01 
0.009999999999999787 1.9364285714285718 0.5752181673938913 0.009999999999999787 0.009999999999999787 6.9253846153846155 1.13375 0.8348325 0.009999999999999787 0.009999999999999787 4.700434782608696 0.009999999999999787 0.009999999999999787 2.6305849999999995 0.13543776908023483 
9.0 0.6050523809523813 0.20256644188813963 0.009999999999999787 0.009999999999999787 0.010000000000000009 0.010000000000000009 0.796625 9.0 0.009999999999999787 0.4008695652173913 0.009999999999999787 0.009999999999999787 0.3696 0.010879647749510763 
0.009999999999999787 3.2449730158730166 0.27745339151130505 9.0 9.0 0.7015384615384616 0.010000000000000009 0.2729575 9.0 9.0 0.01 9.0 0.009999999999999787 1.0888 0.010527788649706459 
0.009999999999999787 2.4244571428571433 0.9015113050376834 0.009999999999999787 0.009999999999999787 6.9253846153846155 1.13375 1.0213750000000001 9.0 9.0 0.01 0.009999999999999787 9.0 1.5383 0.01 
9.0 0.3310714285714287 0.06883974613248711 0.009999999999999787 0.009999999999999787 8.308461538461538 0.010000000000000009 0.4595 9.0 0.009999999999999787 0.7917391304347826 0.009999999999999787 0.009999999999999787 1.4484 0.010175929549902154 
0.009999999999999787 1.0445634920634923 1.7181356604522013 9.0 9.0 6.233846153846154 0.010000000000000009 1.0213750000000001 0.009999999999999787 0.009999999999999787 0.4008695652173913 0.009999999999999787 0.009999999999999787 0.3696 0.06277886497064579 
9.0 1.412725396825397 4.1109520031733435 9.0 9.0 3.4676923076923076 1.13375 1.3585 9.0 9.0 0.01 0.009999999999999787 0.009999999999999787 0.09989999999999999 0.012814872798434442 
9.0 4.814655555555556 2.8628361761205867 0.009999999999999787 0.009999999999999787 7.616923076923077 2.2575 2.93175 0.009999999999999787 0.009999999999999787 2.3552173913043477 9.0 0.009999999999999787 1.695625 9.0 
