0.009999999999999787 1.8217229620006496 1.0534821428571428 9.0 9.0 5.542307692307692 1.2942857142857143 1.6140052631578947 9.0 0.009999999999999787 0.4595 0.009999999999999787 0.009999999999999787 3.959178571428571 0.010175929549902154 
9.0 2.4918122767132194 0.4787642857142857 0.009999999999999787 0.009999999999999787 6.233846153846154 0.010000000000000009 0.3522508771929825 0.009999999999999787 0.009999999999999787 3.606 9.0 0.009999999999999787 1.2942857142857143 0.3757575342465753 
9.0 0.5939558298148757 2.766398214285714 0.009999999999999787 0.009999999999999787 6.9253846153846155 1.2942857142857143 0.24657894736842106 0.009999999999999787 0.009999999999999787 1.58325 9.0 0.009999999999999787 1.0374285714285716 0.01 
0.009999999999999787 2.41881779798636 0.2764892857142857 0.009999999999999787 0.009999999999999787 6.9253846153846155 0.010000000000000009 0.4311105263157895 0.009999999999999787 0.009999999999999787 1.808 0.009999999999999787 0.009999999999999787 3.2528214285714285 0.5888082191780822 
0.009999999999999787 3.148762585254954 0.6521428571428571 0.009999999999999787 0.009999999999999787 2.0846153846153848 0.010000000000000009 0.08885964912280703 9.0 9.0 0.01 0.009999999999999787 0.009999999999999787 2.3752261904761904 0.01 
9.0 2.45531503734979 1.0133482142857142 0.009999999999999787 0.009999999999999787 9.0 9.0 0.9689333333333333 9.0 0.009999999999999787 0.4595 0.009999999999999787 0.009999999999999787 2.15047619047619 0.01070371819960861 
0.009999999999999787 0.3618333874634625 3.220714285714285 0.009999999999999787 0.009999999999999787 6.233846153846154 1.2942857142857143 0.062047368421052636 9.0 0.009999999999999787 0.23475000000000001 9.0 0.009999999999999787 1.2942857142857143 0.010175929549902154 
0.009999999999999787 3.926883728483275 3.153289285714285 0.009999999999999787 0.009999999999999787 6.9253846153846155 1.2942857142857143 2.5208912280701754 0.009999999999999787 0.009999999999999787 1.808 9.0 0.009999999999999787 0.01 0.01 
9.0 2.2596898343618066 3.434226785714285 0.009999999999999787 0.009999999999999787 5.542307692307692 1.2942857142857143 0.036812280701754393 9.0 0.009999999999999787 2.707 0.009999999999999787 0.009999999999999787 1.390607142857143 0.010527788649706459 
0.009999999999999787 3.8422101331601177 1.6153571428571427 0.009999999999999787 0.009999999999999787 5.542307692307692 1.2942857142857143 1.5871929824561404 0.009999999999999787 0.009999999999999787 1.3585 0.009999999999999787 0.009999999999999787 5.040119047619047 0.01 
9.0 0.9706073400454698 0.571875 9.0 9.0 2.7761538461538464 3.862857142857143 0.010000000000000002 9.0 9.0 0.01 9.0 0.009999999999999787 1.7223809523809523 0.01 
0.009999999999999787 0.6538113023709 0.19782678571428572 0.009999999999999787 0.009999999999999787 9.0 9.0 0.010000000000000002 9.0 0.009999999999999787 0.68425 9.0 0.009999999999999787 3.7558333333333334 0.1452898238747554 
0.009999999999999787 2.6378012341669383 0.34391428571428573 0.009999999999999787 0.009999999999999787 4.850769230769231 1.2942857142857143 2.0603508771929824 0.009999999999999787 9.0 0.01 0.009999999999999787 0.009999999999999787 1.7651904761904762 5.513955968688845 
9.0 2.2363316011692116 0.4514732142857143 0.009999999999999787 0.009999999999999787 6.233846153846154 1.2942857142857143 0.022617543859649127 9.0 0.009999999999999787 0.68425 9.0 0.009999999999999787 0.01 0.015805675146771038 
0.009999999999999787 0.3749723936342977 1.4419785714285713 0.009999999999999787 0.009999999999999787 0.010000000000000009 0.010000000000000009 0.08885964912280703 9.0 9.0 0.01 9.0 9.0 0.8661904761904762 0.01 
9.0 5.411591425787595 0.01 9.0 9.0 9.0 9.0 0.010000000000000002 9.0 9.0 0.01 9.0 0.009999999999999787 0.01 0.01 
0.009999999999999787 4.364850600844431 2.7391071428571427 0.009999999999999787 0.009999999999999787 6.9253846153846155 1.2942857142857143 4.426140350877192 0.009999999999999787 0.009999999999999787 0.23475000000000001 0.009999999999999787 0.009999999999999787 0.9518095238095239 0.3618590998043053 
9.0 0.557458590451446 2.979910714285714 9.0 9.0 0.010000000000000009 0.010000000000000009 0.3254385964912281 0.009999999999999787 0.009999999999999787 0.909 0.009999999999999787 0.009999999999999787 0.8661904761904762 0.09796477495107632 
0.009999999999999787 1.6888730107177663 4.692826785714286 0.009999999999999787 0.009999999999999787 2.0846153846153848 2.5785714285714283 0.010000000000000002 9.0 9.0 0.01 0.009999999999999787 0.009999999999999787 1.9150238095238097 0.01 
0.009999999999999787 3.1239444624878216 1.3745535714285715 0.009999999999999787 0.009999999999999787 5.542307692307692 0.010000000000000009 1.1140350877192982 9.0 9.0 0.01 9.0 0.009999999999999787 4.868880952380953 0.018796477495107634 
9.0 7.8204092237739555 4.826071428571428 0.009999999999999787 0.009999999999999787 7.616923076923077 6.4314285714285715 0.010000000000000002 0.009999999999999787 0.009999999999999787 3.1565 9.0 0.009999999999999787 0.01 0.6039381604696673 
0.009999999999999787 1.7005521273140638 0.37120535714285713 0.009999999999999787 0.009999999999999787 6.9253846153846155 1.2942857142857143 0.4042982456140351 0.009999999999999787 9.0 0.01 9.0 0.009999999999999787 0.01 0.9420747553816047 
9.0 1.9677119194543686 1.1465928571428572 0.009999999999999787 0.009999999999999787 2.0846153846153848 2.5785714285714283 0.16771929824561405 0.009999999999999787 9.0 0.01 0.009999999999999787 0.009999999999999787 1.840107142857143 0.01 
0.009999999999999787 2.2231925949983764 0.1705357142857143 0.009999999999999787 0.009999999999999787 0.7015384615384616 1.2942857142857143 0.036812280701754393 9.0 9.0 0.01 0.009999999999999787 9.0 2.707 0.01 
0.009999999999999787 1.5428840532640478 0.7195678571428571 9.0 9.0 8.308461538461538 0.010000000000000009 1.2717543859649123 0.009999999999999787 9.0 0.01 9.0 0.009999999999999787 2.022047619047619 0.01 
0.009999999999999787 2.1137008769080876 1.5350892857142857 0.009999999999999787 0.009999999999999787 4.15923076923077 0.010000000000000009 0.6408771929824562 9.0 0.009999999999999787 0.23475000000000001 0.009999999999999787 0.009999999999999787 4.933095238095238 0.02196320939334638 
9.0 4.486021435531017 3.3812499999999996 0.009999999999999787 0.009999999999999787 5.542307692307692 0.010000000000000009 1.5871929824561404 0.009999999999999787 0.009999999999999787 1.58325 0.009999999999999787 0.009999999999999787 0.01 0.01 
0.009999999999999787 2.5151705099058144 0.8126785714285714 0.009999999999999787 0.009999999999999787 0.010000000000000009 0.010000000000000009 0.4042982456140351 9.0 9.0 0.01 0.009999999999999787 0.009999999999999787 3.0066666666666664 0.01 
0.009999999999999787 1.2012698928223453 3.7424553571428567 9.0 9.0 6.233846153846154 0.010000000000000009 0.27339122807017546 0.009999999999999787 9.0 0.01 0.009999999999999787 0.009999999999999787 1.7223809523809523 0.06277886497064579 
0.009999999999999787 1.7735466060409228 0.5445839285714286 0.009999999999999787 0.009999999999999787 6.9253846153846155 1.2942857142857143 1.6140052631578947 0.009999999999999787 0.009999999999999787 2.03275 9.0 0.009999999999999787 4.28025 0.15549373776908024 
0.009999999999999787 2.7837901916206573 0.8929464285714286 0.009999999999999787 0.009999999999999787 2.0846153846153848 2.5785714285714283 0.7985964912280702 9.0 9.0 0.01 0.009999999999999787 0.009999999999999787 2.492952380952381 0.04518590998043053 
0.009999999999999787 0.5939558298148757 1.2942857142857143 9.0 9.0 2.0846153846153848 0.010000000000000009 0.3254385964912281 9.0 9.0 0.01 0.009999999999999787 0.009999999999999787 3.862857142857143 0.18592954990215266 
0.009999999999999787 1.737049366677493 0.49160714285714285 9.0 9.0 6.233846153846154 0.010000000000000009 0.12828947368421054 0.009999999999999787 9.0 0.01 0.009999999999999787 0.009999999999999787 2.7926190476190476 0.19736497064579256 
0.009999999999999787 8.51385677167912 5.7090178571428565 0.009999999999999787 0.009999999999999787 9.0 9.0 0.010000000000000002 0.009999999999999787 9.0 0.01 0.009999999999999787 0.009999999999999787 0.01 0.01 
9.0 2.2480107177655086 2.0969642857142854 0.009999999999999787 0.009999999999999787 0.010000000000000009 2.5785714285714283 1.2717543859649123 0.009999999999999787 0.009999999999999787 1.58325 0.009999999999999787 0.009999999999999787 0.01 0.5492240704500978 
9.0 5.9342318934719085 2.283185714285714 0.009999999999999787 0.009999999999999787 3.4676923076923076 1.2942857142857143 2.1392105263157895 0.009999999999999787 0.009999999999999787 0.68425 0.009999999999999787 0.009999999999999787 1.0802380952380952 0.018796477495107634 
0.009999999999999787 2.576485872036376 0.49160714285714285 0.009999999999999787 0.009999999999999787 6.9253846153846155 1.2942857142857143 1.7449122807017543 0.009999999999999787 0.009999999999999787 0.68425 0.009999999999999787 0.009999999999999787 0.01 0.01 
9.0 0.7633030204611888 3.220714285714285 0.009999999999999787 0.009999999999999787 0.010000000000000009 1.2942857142857143 0.3254385964912281 0.009999999999999787 0.009999999999999787 0.909 9.0 0.009999999999999787 0.5451190476190476 0.2677367906066536 
0.009999999999999787 3.0991263397206894 0.6922767857142857 9.0 9.0 6.233846153846154 0.010000000000000009 0.036812280701754393 0.009999999999999787 0.009999999999999787 0.23475000000000001 9.0 0.009999999999999787 0.5451190476190476 0.2188283757338552 
9.0 0.8129392659954537 0.9732142857142857 0.009999999999999787 0.009999999999999787 5.542307692307692 0.010000000000000009 0.062047368421052636 0.009999999999999787 0.009999999999999787 0.68425 9.0 0.009999999999999787 1.0802380952380952 0.011055577299412915 
0.009999999999999787 4.814496589801884 1.214017857142857 0.009999999999999787 0.009999999999999787 2.0846153846153848 2.5785714285714283 0.3254385964912281 9.0 9.0 0.01 9.0 0.009999999999999787 1.0802380952380952 0.010351859099804305 
0.009999999999999787 2.770651185449822 0.8126785714285714 0.009999999999999787 0.009999999999999787 0.010000000000000009 0.010000000000000009 0.3254385964912281 9.0 9.0 0.01 9.0 0.009999999999999787 4.933095238095238 0.012814872798434442 
0.009999999999999787 0.8859337447223132 0.2909375 9.0 9.0 0.010000000000000009 1.2942857142857143 0.08885964912280703 9.0 9.0 0.01 9.0 0.009999999999999787 3.0066666666666664 0.04588962818003914 
9.0 4.693325755115298 0.2508035714285714 0.009999999999999787 0.009999999999999787 5.542307692307692 1.2942857142857143 0.8774561403508772 0.009999999999999787 0.009999999999999787 0.23475000000000001 9.0 0.009999999999999787 3.573892857142857 0.16692915851272017 
9.0 1.725370250081196 4.3444642857142854 0.009999999999999787 0.009999999999999787 5.542307692307692 1.2942857142857143 1.5871929824561404 0.009999999999999787 0.009999999999999787 0.4595 9.0 0.009999999999999787 0.01 0.8896477495107632 
9.0 1.080099058135759 2.7262642857142856 9.0 9.0 6.9253846153846155 0.010000000000000009 0.7859789473684211 9.0 9.0 0.01 9.0 0.009999999999999787 1.7651904761904762 0.01 
9.0 1.4815686911334853 4.3444642857142854 9.0 9.0 9.0 9.0 0.6408771929824562 9.0 0.009999999999999787 0.23475000000000001 0.009999999999999787 0.009999999999999787 2.15047619047619 0.010175929549902154 
0.009999999999999787 1.5910604092237746 0.33107142857142857 0.009999999999999787 0.009999999999999787 5.542307692307692 0.010000000000000009 0.5620175438596491 0.009999999999999787 9.0 0.01 0.009999999999999787 0.009999999999999787 3.0066666666666664 0.01 
0.009999999999999787 2.296187073725236 0.01 0.009999999999999787 0.009999999999999787 6.233846153846154 0.010000000000000009 0.4042982456140351 0.009999999999999787 0.009999999999999787 0.23475000000000001 9.0 0.009999999999999787 2.171880952380952 0.01 
0.009999999999999787 4.255358882754141 0.1705357142857143 0.009999999999999787 0.009999999999999787 4.15923076923077 0.010000000000000009 3.4009649122807017 0.009999999999999787 9.0 0.01 9.0 9.0 4.290952380952381 0.01 
9.0 3.050949983760962 0.33107142857142857 0.009999999999999787 0.009999999999999787 0.010000000000000009 0.010000000000000009 0.6408771929824562 0.009999999999999787 0.009999999999999787 2.4822499999999996 9.0 0.009999999999999787 0.01 0.0902238747553816 
0.009999999999999787 1.091778174732056 3.2335571428571424 0.009999999999999787 0.009999999999999787 6.9253846153846155 0.010000000000000009 0.022617543859649127 0.009999999999999787 0.009999999999999787 2.03275 9.0 0.009999999999999787 0.6521428571428571 0.07966810176125244 
0.009999999999999787 0.1559889574537192 0.022842857142857144 0.009999999999999787 0.009999999999999787 0.010000000000000009 0.010000000000000009 0.022617543859649127 9.0 9.0 0.01 9.0 0.009999999999999787 0.01 0.01 
0.009999999999999787 1.0319227021760318 0.7324107142857142 0.009999999999999787 0.009999999999999787 2.0846153846153848 0.010000000000000009 0.04942982456140351 9.0 9.0 0.01 9.0 0.009999999999999787 1.7223809523809523 0.011759295499021527 
0.009999999999999787 5.204287106203314 0.19782678571428572 0.009999999999999787 0.009999999999999787 9.0 9.0 0.010000000000000002 9.0 9.0 0.01 9.0 0.009999999999999787 1.5618452380952381 0.01 
0.009999999999999787 2.466994153946087 0.571875 9.0 9.0 7.616923076923077 1.2942857142857143 0.022617543859649127 0.009999999999999787 9.0 0.01 0.009999999999999787 0.009999999999999787 4.216035714285714 0.01 
9.0 1.0436018187723293 0.4113392857142857 9.0 9.0 9.0 9.0 1.0351754385964913 9.0 9.0 0.01 9.0 0.009999999999999787 3.0066666666666664 0.01 
9.0 6.091899967521924 1.3745535714285715 9.0 9.0 9.0 9.0 1.5871929824561404 9.0 9.0 0.01 0.009999999999999787 0.009999999999999787 0.01 0.01070371819960861 
9.0 3.477237739525821 0.5445839285714286 0.009999999999999787 0.009999999999999787 8.308461538461538 0.010000000000000009 0.08885964912280703 9.0 9.0 0.01 9.0 0.009999999999999787 0.01 0.07861252446183953 
0.009999999999999787 4.0363754465735635 0.9732142857142857 0.009999999999999787 0.009999999999999787 2.0846153846153848 2.5785714285714283 0.3254385964912281 0.009999999999999787 9.0 0.01 9.0 0.009999999999999787 0.01 0.04518590998043053 
0.009999999999999787 6.0320444949659 9.0 9.0 9.0 0.010000000000000009 0.010000000000000009 9.0 0.009999999999999787 0.009999999999999787 9.0 9.0 0.009999999999999787 0.01 0.01263894324853229 
0.009999999999999787 1.0071045794088995 0.26364642857142856 0.009999999999999787 0.009999999999999787 6.233846153846154 0.010000000000000009 0.10147719298245614 9.0 0.009999999999999787 0.23475000000000001 9.0 0.009999999999999787 4.505 0.0597880626223092 
0.009999999999999787 2.0655245209483604 4.183928571428571 0.009999999999999787 0.009999999999999787 0.7015384615384616 1.2942857142857143 0.16771929824561405 9.0 9.0 0.01 9.0 0.009999999999999787 2.450142857142857 0.01 
9.0 1.9443536862617745 1.13375 0.009999999999999787 0.009999999999999787 6.233846153846154 0.010000000000000009 0.27339122807017546 0.009999999999999787 9.0 0.01 9.0 9.0 3.0066666666666664 0.01 
0.009999999999999787 3.926883728483275 0.07581964285714285 0.009999999999999787 0.009999999999999787 2.0846153846153848 1.2942857142857143 1.626622807017544 0.009999999999999787 9.0 0.01 9.0 0.009999999999999787 4.290952380952381 0.01 
9.0 2.5151705099058144 0.18337857142857145 0.009999999999999787 0.009999999999999787 6.9253846153846155 0.010000000000000009 0.022617543859649127 0.009999999999999787 9.0 0.01 9.0 0.009999999999999787 4.719047619047619 1.97636457925636 
0.009999999999999787 9.000000000000002 7.166682142857142 0.009999999999999787 0.009999999999999787 7.616923076923077 6.4314285714285715 4.0318421052631574 0.009999999999999787 0.009999999999999787 0.23475000000000001 0.009999999999999787 0.009999999999999787 0.01 0.029176320939334636 
0.009999999999999787 1.2625852549529073 0.14324464285714286 9.0 9.0 0.010000000000000009 0.010000000000000009 0.022617543859649127 9.0 0.009999999999999787 0.4595 9.0 0.009999999999999787 1.379904761904762 0.011055577299412915 
9.0 1.4202533290029233 1.4548214285714285 0.009999999999999787 0.009999999999999787 6.233846153846154 0.010000000000000009 0.3254385964912281 9.0 9.0 0.01 0.009999999999999787 0.009999999999999787 3.862857142857143 0.011055577299412915 
0.009999999999999787 0.8129392659954537 0.14324464285714286 0.009999999999999787 0.009999999999999787 0.010000000000000009 0.010000000000000009 0.04942982456140351 9.0 9.0 0.01 9.0 0.009999999999999787 0.01 0.017740900195694714 
9.0 0.26548067554400845 0.1705357142857143 0.009999999999999787 0.009999999999999787 2.0846153846153848 0.010000000000000009 0.062047368421052636 9.0 0.009999999999999787 1.3585 0.009999999999999787 0.009999999999999787 2.5785714285714283 0.016157534246575345 
0.009999999999999787 5.021800909386165 2.4453267857142853 0.009999999999999787 0.009999999999999787 2.0846153846153848 2.5785714285714283 2.4026017543859646 0.009999999999999787 0.009999999999999787 3.3812499999999996 0.009999999999999787 0.009999999999999787 0.01 0.8896477495107632 
9.0 1.9677119194543686 0.5445839285714286 0.009999999999999787 0.009999999999999787 5.542307692307692 0.010000000000000009 0.7717842105263159 0.009999999999999787 9.0 0.01 0.009999999999999787 0.009999999999999787 4.719047619047619 0.01 
0.009999999999999787 6.347380643065932 0.8801035714285714 0.009999999999999787 0.009999999999999787 0.010000000000000009 0.010000000000000009 0.7717842105263159 9.0 9.0 0.01 0.009999999999999787 0.009999999999999787 3.4347619047619045 0.01 
0.009999999999999787 2.868463786943814 4.826071428571428 0.009999999999999787 0.009999999999999787 4.850769230769231 5.147142857142857 1.705482456140351 0.009999999999999787 0.009999999999999787 2.03275 0.009999999999999787 0.009999999999999787 0.01 0.03357455968688845 
0.009999999999999787 0.26548067554400845 0.11755892857142856 9.0 9.0 3.4676923076923076 0.010000000000000009 0.10147719298245614 9.0 9.0 0.01 9.0 9.0 2.15047619047619 0.01 
0.009999999999999787 2.9896346216303997 0.2508035714285714 0.009999999999999787 0.009999999999999787 3.4676923076923076 0.010000000000000009 0.4831578947368421 9.0 9.0 0.01 0.009999999999999787 0.009999999999999787 2.48225 0.01 
9.0 0.44796687236115673 3.220714285714285 9.0 9.0 5.542307692307692 1.2942857142857143 0.062047368421052636 9.0 9.0 0.01 9.0 0.009999999999999787 3.6488095238095237 0.01 
0.009999999999999787 1.3837560896394936 0.4113392857142857 0.009999999999999787 0.009999999999999787 0.010000000000000009 0.010000000000000009 0.08885964912280703 9.0 9.0 0.01 9.0 0.009999999999999787 1.1872619047619049 0.01 
9.0 0.32533614810003275 3.060178571428571 0.009999999999999787 0.009999999999999787 8.308461538461538 0.010000000000000009 0.5620175438596491 9.0 0.009999999999999787 2.2575 0.009999999999999787 0.009999999999999787 0.01 0.011759295499021527 
9.0 3.756076648262424 3.220714285714285 0.009999999999999787 0.009999999999999787 5.542307692307692 1.2942857142857143 0.5620175438596491 0.009999999999999787 9.0 0.01 9.0 0.009999999999999787 0.32036904761904766 0.15725303326810178 
0.009999999999999787 0.7399447872685943 1.8160267857142858 0.009999999999999787 0.009999999999999787 6.233846153846154 0.010000000000000009 0.5494 0.009999999999999787 9.0 0.01 9.0 9.0 1.2942857142857143 0.01 
9.0 1.7618674894446258 0.4113392857142857 0.009999999999999787 0.009999999999999787 9.0 9.0 0.010000000000000002 9.0 0.009999999999999787 0.23475000000000001 9.0 0.009999999999999787 0.9946190476190476 0.06277886497064579 
9.0 1.0684199415394615 3.6220535714285713 9.0 9.0 6.9253846153846155 1.2942857142857143 0.24657894736842106 0.009999999999999787 0.009999999999999787 0.909 9.0 0.009999999999999787 0.01 0.066473385518591 
0.009999999999999787 4.705004871711596 2.0969642857142854 0.009999999999999787 0.009999999999999787 0.010000000000000009 0.010000000000000009 0.3254385964912281 9.0 9.0 0.01 0.009999999999999787 0.009999999999999787 0.01 0.050111937377690804 
0.009999999999999787 2.8319665475803837 1.3071285714285714 9.0 9.0 2.0846153846153848 2.5785714285714283 2.6912280701754385 0.009999999999999787 0.009999999999999787 1.58325 0.009999999999999787 0.009999999999999787 2.0969642857142854 0.01 
0.009999999999999787 3.4276014939915567 1.0807732142857143 0.009999999999999787 0.009999999999999787 6.233846153846154 0.010000000000000009 1.2717543859649123 0.009999999999999787 0.009999999999999787 3.1565 9.0 0.009999999999999787 4.109011904761905 0.24644931506849316 
0.009999999999999787 4.973624553426438 0.7452535714285714 0.009999999999999787 0.009999999999999787 9.0 9.0 0.10147719298245614 9.0 9.0 0.01 9.0 0.009999999999999787 2.15047619047619 0.010527788649706459 
0.009999999999999787 2.6976567067229626 0.11755892857142856 9.0 9.0 6.9253846153846155 0.010000000000000009 0.036812280701754393 9.0 9.0 0.01 9.0 0.009999999999999787 1.9364285714285716 0.01 
0.009999999999999787 1.9195355634946414 0.2909375 0.009999999999999787 0.009999999999999787 4.15923076923077 0.010000000000000009 0.31282105263157894 0.009999999999999787 0.009999999999999787 0.68425 0.009999999999999787 0.009999999999999787 4.248142857142857 0.01 
0.009999999999999787 5.3619551802533305 0.9732142857142857 9.0 9.0 9.0 9.0 0.4831578947368421 9.0 9.0 0.01 9.0 0.009999999999999787 1.9364285714285716 0.01070371819960861 
0.009999999999999787 0.6669503085417352 0.1304017857142857 0.009999999999999787 0.009999999999999787 5.542307692307692 0.010000000000000009 0.6408771929824562 0.009999999999999787 0.009999999999999787 0.4595 0.009999999999999787 0.009999999999999787 0.8661904761904762 0.01 
9.0 3.160441701851251 1.6554910714285713 0.009999999999999787 0.009999999999999787 7.616923076923077 0.010000000000000009 1.5871929824561404 0.009999999999999787 9.0 0.01 0.009999999999999787 0.009999999999999787 0.01 0.7137181996086106 
0.009999999999999787 2.478673270542384 1.2942857142857143 0.009999999999999787 0.009999999999999787 4.15923076923077 0.010000000000000009 0.7985964912280702 0.009999999999999787 9.0 0.01 0.009999999999999787 0.009999999999999787 3.862857142857143 0.01 
9.0 1.2625852549529073 0.23796071428571428 0.009999999999999787 0.009999999999999787 6.233846153846154 0.010000000000000009 0.08885964912280703 9.0 0.009999999999999787 0.23475000000000001 0.009999999999999787 0.009999999999999787 2.5785714285714283 0.01070371819960861 
0.009999999999999787 2.150198116271517 0.6649857142857143 9.0 9.0 6.9253846153846155 1.2942857142857143 0.022617543859649127 9.0 9.0 0.01 9.0 0.009999999999999787 1.379904761904762 0.010175929549902154 
9.0 3.014452744397533 0.30378035714285717 0.009999999999999787 0.009999999999999787 8.308461538461538 0.010000000000000009 0.24657894736842106 0.009999999999999787 0.009999999999999787 0.909 9.0 0.009999999999999787 0.01 0.28849647749510765 
9.0 1.445071451770056 3.541785714285714 9.0 9.0 8.308461538461538 0.010000000000000009 1.4294736842105265 0.009999999999999787 9.0 0.01 9.0 0.009999999999999787 1.2942857142857143 0.01 
9.0 2.3575024358557983 1.214017857142857 0.009999999999999787 0.009999999999999787 6.9253846153846155 1.2942857142857143 0.20714912280701755 0.009999999999999787 0.009999999999999787 2.03275 0.009999999999999787 0.009999999999999787 1.9471309523809526 0.01 
0.009999999999999787 0.4713251055537513 0.3984964285714286 9.0 9.0 7.616923076923077 7.715714285714286 0.010000000000000002 9.0 9.0 0.01 9.0 0.009999999999999787 1.0802380952380952 0.01 
9.0 5.5079441377070495 4.826071428571428 0.009999999999999787 0.009999999999999787 0.010000000000000009 0.010000000000000009 1.7449122807017543 0.009999999999999787 0.009999999999999787 3.1565 9.0 0.009999999999999787 0.01 0.39704500978473584 
9.0 0.8362974991880483 0.1705357142857143 9.0 9.0 7.616923076923077 7.715714285714286 0.3254385964912281 9.0 9.0 0.01 9.0 0.009999999999999787 2.7926190476190476 0.01 
9.0 0.10635271191945472 2.4581696428571425 0.009999999999999787 0.009999999999999787 5.542307692307692 0.010000000000000009 0.04942982456140351 9.0 0.009999999999999787 0.23475000000000001 0.009999999999999787 0.009999999999999787 0.01 0.038148727984344426 
0.009999999999999787 5.434949658980189 0.4514732142857143 9.0 9.0 0.010000000000000009 1.2942857142857143 2.994049122807018 0.009999999999999787 9.0 0.01 0.009999999999999787 0.009999999999999787 2.15047619047619 0.027592954990215267 
9.0 3.160441701851251 1.5222464285714286 0.009999999999999787 0.009999999999999787 9.0 9.0 0.010000000000000002 9.0 9.0 0.01 9.0 0.009999999999999787 1.7223809523809523 0.01 
0.009999999999999787 3.5370932120818455 1.8962946428571428 0.009999999999999787 0.009999999999999787 6.9253846153846155 1.2942857142857143 3.1643859649122805 0.009999999999999787 0.009999999999999787 3.1565 0.009999999999999787 0.009999999999999787 4.28025 0.01 
9.0 7.309447872685938 4.505 0.009999999999999787 0.009999999999999787 9.0 9.0 0.010000000000000002 0.009999999999999787 0.009999999999999787 2.4822499999999996 0.009999999999999787 0.009999999999999787 0.01 0.25630136986301366 
0.009999999999999787 1.0187836960051966 0.7597017857142857 0.009999999999999787 0.009999999999999787 3.4676923076923076 0.010000000000000009 0.24657894736842106 9.0 9.0 0.01 9.0 0.009999999999999787 1.9364285714285716 0.01 
9.0 1.1049171809028913 0.11755892857142856 0.009999999999999787 0.009999999999999787 5.542307692307692 0.010000000000000009 0.24657894736842106 9.0 9.0 0.01 9.0 9.0 1.7223809523809523 0.01 
0.009999999999999787 3.62322669697954 0.18337857142857145 9.0 9.0 8.308461538461538 0.010000000000000009 0.16771929824561405 0.009999999999999787 0.009999999999999787 0.68425 9.0 0.009999999999999787 2.15047619047619 0.18592954990215266 
0.009999999999999787 1.6158785319909068 0.27809464285714286 0.009999999999999787 0.009999999999999787 6.9253846153846155 0.010000000000000009 0.3774859649122807 9.0 9.0 0.01 9.0 0.009999999999999787 1.0802380952380952 0.01 
0.009999999999999787 1.5428840532640478 0.10311071428571428 9.0 9.0 0.010000000000000009 0.010000000000000009 0.4831578947368421 9.0 9.0 0.01 0.009999999999999787 0.009999999999999787 1.7223809523809523 0.01 
0.009999999999999787 0.41146963299772743 0.07581964285714285 0.009999999999999787 0.009999999999999787 8.308461538461538 0.010000000000000009 0.022617543859649127 9.0 9.0 0.01 9.0 0.009999999999999787 3.0066666666666664 0.14194716242661448 
9.0 0.507822344917181 3.220714285714285 0.009999999999999787 0.009999999999999787 0.7015384615384616 0.010000000000000009 0.14090701754385965 9.0 9.0 0.01 9.0 0.009999999999999787 0.8661904761904762 0.01738904109589041 
0.009999999999999787 2.770651185449822 2.0969642857142854 0.009999999999999787 0.009999999999999787 8.308461538461538 0.010000000000000009 0.04942982456140351 0.009999999999999787 9.0 0.01 0.009999999999999787 0.009999999999999787 4.751154761904762 0.01 
0.009999999999999787 1.6158785319909068 4.0233928571428565 9.0 9.0 3.4676923076923076 1.2942857142857143 0.4042982456140351 9.0 9.0 0.01 0.009999999999999787 0.009999999999999787 0.01 0.012990802348336595 
0.009999999999999787 2.0655245209483604 4.758646428571428 0.009999999999999787 0.009999999999999787 8.308461538461538 0.010000000000000009 1.5998105263157896 0.009999999999999787 0.009999999999999787 1.13375 0.009999999999999787 0.009999999999999787 1.808 0.01 
0.009999999999999787 1.8582202013640798 0.50445 0.009999999999999787 0.009999999999999787 6.233846153846154 0.010000000000000009 1.1928947368421052 0.009999999999999787 0.009999999999999787 1.13375 0.009999999999999787 0.009999999999999787 1.0802380952380952 0.010527788649706459 
9.0 0.9954254628126025 3.755298214285714 0.009999999999999787 0.009999999999999787 3.4676923076923076 1.2942857142857143 0.036812280701754393 9.0 9.0 0.01 9.0 0.009999999999999787 3.4347619047619045 0.010879647749510763 
0.009999999999999787 3.8057128937966884 1.3071285714285714 0.009999999999999787 0.009999999999999787 6.9253846153846155 1.2942857142857143 2.218070175438596 0.009999999999999787 0.009999999999999787 1.808 9.0 0.009999999999999787 3.4347619047619045 0.01 
0.009999999999999787 1.8582202013640798 0.33107142857142857 9.0 9.0 0.7015384615384616 1.2942857142857143 0.9563157894736842 9.0 9.0 0.01 9.0 0.009999999999999787 1.8936190476190478 0.10447416829745595 
0.009999999999999787 4.109369925300424 8.104210714285713 0.009999999999999787 0.009999999999999787 5.542307692307692 1.2942857142857143 0.07624210526315789 0.009999999999999787 0.009999999999999787 0.23475000000000001 9.0 0.009999999999999787 8.143809523809525 0.02583365949119374 
9.0 1.6027395258200716 2.792083928571428 0.009999999999999787 0.009999999999999787 8.308461538461538 0.010000000000000009 0.4563456140350877 0.009999999999999787 9.0 0.01 9.0 0.009999999999999787 1.7223809523809523 0.0363894324853229 
0.009999999999999787 2.588164988632674 0.8126785714285714 0.009999999999999787 0.009999999999999787 6.9253846153846155 1.2942857142857143 0.8774561403508772 0.009999999999999787 0.009999999999999787 1.3585 9.0 0.009999999999999787 1.7223809523809523 0.37452602739726026 
9.0 3.3911042546281265 1.427530357142857 0.009999999999999787 0.009999999999999787 0.010000000000000009 0.010000000000000009 0.04942982456140351 9.0 9.0 0.01 9.0 0.009999999999999787 1.7223809523809523 0.01 
0.009999999999999787 2.442176031178955 0.022842857142857144 9.0 9.0 4.15923076923077 0.010000000000000009 0.022617543859649127 9.0 9.0 0.01 9.0 0.009999999999999787 0.01 0.01 
0.009999999999999787 2.758972068853525 1.4548214285714285 0.009999999999999787 0.009999999999999787 8.308461538461538 0.010000000000000009 0.3254385964912281 0.009999999999999787 9.0 0.01 0.009999999999999787 0.009999999999999787 2.5785714285714283 0.01 
0.009999999999999787 0.5939558298148757 0.01 9.0 9.0 4.15923076923077 2.5785714285714283 0.010000000000000002 9.0 9.0 0.01 0.009999999999999787 9.0 5.361190476190476 0.010175929549902154 
0.009999999999999787 3.7195794088989937 0.49160714285714285 0.009999999999999787 0.009999999999999787 2.0846153846153848 2.5785714285714283 0.010000000000000002 9.0 9.0 0.01 9.0 9.0 3.2207142857142856 0.01 
0.009999999999999787 1.1049171809028913 3.3812499999999996 0.009999999999999787 0.009999999999999787 5.542307692307692 1.2942857142857143 0.4311105263157895 0.009999999999999787 9.0 0.01 9.0 0.009999999999999787 1.0802380952380952 0.01 
9.0 1.506386813900618 0.37120535714285713 0.009999999999999787 0.009999999999999787 5.542307692307692 0.010000000000000009 0.41691578947368424 0.009999999999999787 0.009999999999999787 0.4595 9.0 0.009999999999999787 2.15047619047619 0.01 
0.009999999999999787 6.237888924975643 2.270342857142857 0.009999999999999787 0.009999999999999787 4.15923076923077 0.010000000000000009 4.426140350877192 0.009999999999999787 0.009999999999999787 1.3585 0.009999999999999787 0.009999999999999787 3.862857142857143 0.24433816046966733 
9.0 2.175016239038649 1.708467857142857 0.009999999999999787 0.009999999999999787 7.616923076923077 7.715714285714286 0.7197368421052632 0.009999999999999787 0.009999999999999787 1.13375 0.009999999999999787 0.009999999999999787 1.0695357142857143 0.09796477495107632 
9.0 0.8976128613186103 0.7597017857142857 0.009999999999999787 0.009999999999999787 2.0846153846153848 2.5785714285714283 0.16771929824561405 0.009999999999999787 0.009999999999999787 0.909 9.0 9.0 0.8661904761904762 0.01 
0.009999999999999787 1.0187836960051966 3.6894785714285714 0.009999999999999787 0.009999999999999787 3.4676923076923076 0.010000000000000009 0.5099701754385965 9.0 9.0 0.01 0.009999999999999787 0.009999999999999787 1.0802380952380952 0.223226614481409 
9.0 4.51083955829815 1.2942857142857143 0.009999999999999787 0.009999999999999787 2.7761538461538464 3.862857142857143 0.010000000000000002 0.009999999999999787 9.0 0.01 9.0 0.009999999999999787 1.0802380952380952 0.17889236790606655 
9.0 0.5939558298148757 0.19782678571428572 9.0 9.0 8.308461538461538 0.010000000000000009 0.19453157894736842 0.009999999999999787 9.0 0.01 0.009999999999999787 0.009999999999999787 1.7223809523809523 0.01 
0.009999999999999787 3.9998782072101338 1.5880660714285715 9.0 9.0 6.233846153846154 0.010000000000000009 1.0083631578947367 0.009999999999999787 9.0 0.01 0.009999999999999787 0.009999999999999787 0.5665238095238095 0.2636904109589041 
9.0 0.6538113023709 0.2235125 0.009999999999999787 0.009999999999999787 6.233846153846154 0.010000000000000009 0.5352052631578947 9.0 9.0 0.01 9.0 0.009999999999999787 2.3645238095238095 0.010879647749510763 
0.009999999999999787 0.776442026632024 2.2575 0.009999999999999787 0.009999999999999787 0.010000000000000009 0.010000000000000009 0.5225877192982457 0.009999999999999787 0.009999999999999787 0.68425 9.0 0.009999999999999787 2.15047619047619 0.2547180039138943 
0.009999999999999787 1.1049171809028913 0.8255214285714285 9.0 9.0 0.010000000000000009 1.2942857142857143 0.8254087719298245 0.009999999999999787 9.0 0.01 9.0 0.009999999999999787 0.01 0.01 
0.009999999999999787 0.9822864566417673 3.541785714285714 0.009999999999999787 0.009999999999999787 6.9253846153846155 0.010000000000000009 0.10147719298245614 0.009999999999999787 0.009999999999999787 1.3585 9.0 0.009999999999999787 1.3049880952380952 0.01 
0.009999999999999787 6.95615459564794 2.2575 0.009999999999999787 0.009999999999999787 7.616923076923077 6.4314285714285715 0.010000000000000002 9.0 9.0 0.01 9.0 0.009999999999999787 0.01 0.012111154598825832 
0.009999999999999787 4.850993829165315 3.8628571428571425 0.009999999999999787 0.009999999999999787 4.15923076923077 0.010000000000000009 5.057017543859649 0.009999999999999787 9.0 0.01 9.0 9.0 1.1872619047619049 0.01 
9.0 1.4815686911334853 4.0233928571428565 0.009999999999999787 0.009999999999999787 0.7015384615384616 0.010000000000000009 0.3254385964912281 9.0 9.0 0.01 0.009999999999999787 0.009999999999999787 1.9364285714285716 0.1968371819960861 
0.009999999999999787 0.13117083468658697 1.0133482142857142 0.009999999999999787 0.009999999999999787 6.233846153846154 0.010000000000000009 0.036812280701754393 9.0 0.009999999999999787 0.23475000000000001 9.0 0.009999999999999787 0.01 0.011055577299412915 
0.009999999999999787 0.8859337447223132 0.01 0.009999999999999787 0.009999999999999787 0.010000000000000009 0.010000000000000009 0.16771929824561405 9.0 9.0 0.01 0.009999999999999787 9.0 0.01 0.01 
0.009999999999999787 0.6304530691783055 2.337767857142857 0.009999999999999787 0.009999999999999787 4.15923076923077 0.010000000000000009 0.022617543859649127 9.0 0.009999999999999787 0.23475000000000001 9.0 0.009999999999999787 1.0802380952380952 0.010175929549902154 
0.009999999999999787 4.912309191295876 2.7391071428571427 0.009999999999999787 0.009999999999999787 0.010000000000000009 1.2942857142857143 3.952982456140351 0.009999999999999787 0.009999999999999787 2.03275 9.0 0.009999999999999787 1.9471309523809526 0.3011634050880626 
9.0 4.948806430659307 0.49160714285714285 0.009999999999999787 0.009999999999999787 2.7761538461538464 3.862857142857143 0.010000000000000002 0.009999999999999787 9.0 0.01 0.009999999999999787 0.009999999999999787 1.0802380952380952 0.014750097847358121 
0.009999999999999787 8.719701201688862 6.110357142857143 9.0 9.0 9.0 9.0 0.022617543859649127 9.0 0.009999999999999787 0.4595 9.0 0.009999999999999787 0.01 0.07175127201565558 
0.009999999999999787 2.1137008769080876 1.4548214285714285 0.009999999999999787 0.009999999999999787 6.233846153846154 0.010000000000000009 2.3757894736842102 0.009999999999999787 0.009999999999999787 0.4595 0.009999999999999787 0.009999999999999787 3.541785714285714 0.01 
0.009999999999999787 1.2260880155894776 0.8929464285714286 0.009999999999999787 0.009999999999999787 9.0 9.0 1.4294736842105265 9.0 9.0 0.01 9.0 0.009999999999999787 1.7223809523809523 0.014398238747553816 
0.009999999999999787 5.95905001623904 3.702321428571428 0.009999999999999787 0.009999999999999787 9.0 9.0 1.5871929824561404 0.009999999999999787 0.009999999999999787 1.13375 9.0 0.009999999999999787 0.01 1.567152446183953 
9.0 0.776442026632024 0.27809464285714286 0.009999999999999787 0.009999999999999787 5.542307692307692 0.010000000000000009 0.5099701754385965 0.009999999999999787 0.009999999999999787 0.23475000000000001 9.0 0.009999999999999787 0.01 0.01 
0.009999999999999787 1.9078564468983443 0.05013392857142857 9.0 9.0 3.4676923076923076 0.010000000000000009 0.036812280701754393 9.0 9.0 0.01 9.0 0.009999999999999787 2.3217142857142856 0.37945205479452054 
9.0 1.1895907762260478 1.8962946428571428 0.009999999999999787 0.009999999999999787 5.542307692307692 0.010000000000000009 1.009940350877193 0.009999999999999787 0.009999999999999787 2.2575 9.0 0.009999999999999787 1.2942857142857143 0.0531027397260274 
0.009999999999999787 1.6158785319909068 0.09026785714285714 0.009999999999999787 0.009999999999999787 2.0846153846153848 2.5785714285714283 0.010000000000000002 0.009999999999999787 9.0 0.01 0.009999999999999787 0.009999999999999787 0.01 0.01 
0.009999999999999787 3.0757681065280944 0.14485 9.0 9.0 6.233846153846154 0.010000000000000009 0.10147719298245614 9.0 9.0 0.01 0.009999999999999787 0.009999999999999787 3.3170357142857143 0.010351859099804305 
9.0 1.237767132185775 0.2764892857142857 0.009999999999999787 0.009999999999999787 5.542307692307692 0.010000000000000009 0.14090701754385965 9.0 0.009999999999999787 0.23475000000000001 0.009999999999999787 0.009999999999999787 2.15047619047619 0.011935225048923678 
0.009999999999999787 2.710795712893798 0.4113392857142857 0.009999999999999787 0.009999999999999787 6.233846153846154 0.010000000000000009 0.3774859649122807 9.0 9.0 0.01 9.0 0.009999999999999787 1.2942857142857143 0.01 
0.009999999999999787 2.5283095160766496 0.7051196428571429 9.0 9.0 3.4676923076923076 9.0 0.010000000000000002 9.0 9.0 0.01 9.0 0.009999999999999787 1.2942857142857143 0.01 
0.009999999999999787 2.150198116271517 0.4113392857142857 9.0 9.0 3.4676923076923076 0.010000000000000009 0.08885964912280703 9.0 9.0 0.01 9.0 0.009999999999999787 2.4073333333333333 0.01 
0.009999999999999787 1.6888730107177663 0.8801035714285714 9.0 9.0 6.9253846153846155 0.010000000000000009 1.6660526315789475 0.009999999999999787 0.009999999999999787 0.23475000000000001 9.0 0.009999999999999787 2.268202380952381 0.01 
0.009999999999999787 0.288838908736603 0.09026785714285714 0.009999999999999787 0.009999999999999787 5.542307692307692 0.010000000000000009 0.11567192982456143 9.0 0.009999999999999787 0.909 9.0 0.009999999999999787 1.7223809523809523 0.011407436399217222 
9.0 6.128397206885353 0.11755892857142856 0.009999999999999787 0.009999999999999787 2.0846153846153848 2.5785714285714283 0.3254385964912281 0.009999999999999787 9.0 0.01 0.009999999999999787 0.009999999999999787 2.707 0.39651722113502935 
0.009999999999999787 0.872794738551478 3.248005357142857 9.0 9.0 7.616923076923077 1.2942857142857143 0.4042982456140351 9.0 9.0 0.01 9.0 0.009999999999999787 2.7926190476190476 0.01 
9.0 0.4844641117245865 2.979910714285714 0.009999999999999787 0.009999999999999787 5.542307692307692 0.010000000000000009 0.39168070175438596 0.009999999999999787 0.009999999999999787 0.909 9.0 0.009999999999999787 0.6521428571428571 0.10500195694716243 
0.009999999999999787 1.456750568366353 0.5590321428571429 0.009999999999999787 0.009999999999999787 6.9253846153846155 0.010000000000000009 0.5352052631578947 0.009999999999999787 0.009999999999999787 0.23475000000000001 0.009999999999999787 0.009999999999999787 4.237440476190476 0.013518590998043053 
0.009999999999999787 3.2699334199415406 0.571875 9.0 9.0 0.010000000000000009 2.5785714285714283 0.08885964912280703 0.009999999999999787 9.0 0.01 0.009999999999999787 0.009999999999999787 1.7651904761904762 0.08037181996086105 
9.0 1.3720769730431965 0.34391428571428573 9.0 9.0 9.0 9.0 0.16771929824561405 0.009999999999999787 0.009999999999999787 0.68425 9.0 0.009999999999999787 1.9364285714285716 0.035861643835616436 
0.009999999999999787 3.5735904514452748 1.6153571428571427 0.009999999999999787 0.009999999999999787 9.0 9.0 0.010000000000000002 9.0 0.009999999999999787 0.4595 9.0 0.009999999999999787 0.19194047619047622 0.010175929549902154 
9.0 1.4333923351737585 0.4113392857142857 0.009999999999999787 0.009999999999999787 9.0 9.0 0.010000000000000002 0.009999999999999787 9.0 0.01 9.0 0.009999999999999787 0.8661904761904762 0.01 
0.009999999999999787 1.141414420266321 0.06458214285714285 0.009999999999999787 0.009999999999999787 4.15923076923077 0.010000000000000009 0.036812280701754393 9.0 9.0 0.01 9.0 9.0 0.01 0.01 
9.0 1.445071451770056 3.968810714285714 0.009999999999999787 0.009999999999999787 6.9253846153846155 1.2942857142857143 1.1140350877192982 0.009999999999999787 0.009999999999999787 1.3585 9.0 0.009999999999999787 4.290952380952381 0.0905757338551859 
0.009999999999999787 1.1165962974991888 3.702321428571428 0.009999999999999787 0.009999999999999787 2.0846153846153848 0.010000000000000009 0.14090701754385965 9.0 9.0 0.01 9.0 0.009999999999999787 0.01 0.01 
0.009999999999999787 0.17934719064631377 0.8929464285714286 0.009999999999999787 0.009999999999999787 8.308461538461538 0.010000000000000009 0.2197666666666667 9.0 0.009999999999999787 0.23475000000000001 9.0 0.009999999999999787 0.8661904761904762 0.013694520547945205 
0.009999999999999787 0.6173140630074703 3.060178571428571 0.009999999999999787 0.009999999999999787 5.542307692307692 0.010000000000000009 0.3254385964912281 0.009999999999999787 9.0 0.01 0.009999999999999787 0.009999999999999787 0.6521428571428571 0.08037181996086105 
0.009999999999999787 6.91965735628451 4.103660714285714 9.0 9.0 0.010000000000000009 1.2942857142857143 1.5871929824561404 0.009999999999999787 9.0 0.01 9.0 0.009999999999999787 1.2086666666666668 0.01 
0.009999999999999787 1.8582202013640798 0.49160714285714285 0.009999999999999787 0.009999999999999787 6.233846153846154 0.010000000000000009 0.6408771929824562 0.009999999999999787 0.009999999999999787 2.4822499999999996 0.009999999999999787 0.009999999999999787 4.654833333333333 0.016157534246575345 
0.009999999999999787 0.7881211432283215 0.7853875 0.009999999999999787 0.009999999999999787 0.010000000000000009 0.010000000000000009 0.6408771929824562 0.009999999999999787 0.009999999999999787 2.4822499999999996 0.009999999999999787 0.009999999999999787 2.15047619047619 0.5377886497064579 
0.009999999999999787 0.5939558298148757 3.060178571428571 0.009999999999999787 0.009999999999999787 6.233846153846154 0.010000000000000009 0.4831578947368421 0.009999999999999787 9.0 0.01 9.0 0.009999999999999787 1.2942857142857143 0.39810058708414875 
0.009999999999999787 2.770651185449822 0.035685714285714286 9.0 9.0 4.15923076923077 2.5785714285714283 0.022617543859649127 0.009999999999999787 0.009999999999999787 0.23475000000000001 0.009999999999999787 0.009999999999999787 3.0066666666666664 0.3618590998043053 
0.009999999999999787 1.445071451770056 3.8628571428571425 0.009999999999999787 0.009999999999999787 3.4676923076923076 0.010000000000000009 0.7197368421052632 0.009999999999999787 0.009999999999999787 0.4595 0.009999999999999787 0.009999999999999787 1.2942857142857143 0.010879647749510763 
9.0 3.6830821695355644 2.430878571428571 9.0 9.0 5.542307692307692 1.2942857142857143 2.5335087719298244 0.009999999999999787 0.009999999999999787 3.1565 9.0 0.009999999999999787 0.01 0.4146379647749511 
0.009999999999999787 0.7399447872685943 2.633153571428571 0.009999999999999787 0.009999999999999787 8.308461538461538 0.010000000000000009 0.6282596491228071 0.009999999999999787 0.009999999999999787 3.1565 9.0 0.009999999999999787 0.6521428571428571 0.03779686888454012 
0.009999999999999787 2.126839883078923 0.46431607142857145 0.009999999999999787 0.009999999999999787 6.233846153846154 1.2942857142857143 0.24657894736842106 0.009999999999999787 0.009999999999999787 0.23475000000000001 9.0 0.009999999999999787 2.5785714285714283 0.027592954990215267 
0.009999999999999787 1.445071451770056 3.6220535714285713 0.009999999999999787 0.009999999999999787 0.010000000000000009 0.010000000000000009 0.7985964912280702 0.009999999999999787 0.009999999999999787 3.83075 9.0 0.009999999999999787 2.15047619047619 0.2225228962818004 
0.009999999999999787 1.310761610912634 2.8996428571428567 0.009999999999999787 0.009999999999999787 8.308461538461538 0.010000000000000009 0.08885964912280703 9.0 9.0 0.01 0.009999999999999787 0.009999999999999787 0.01 0.01 
9.0 2.9297791490743754 1.214017857142857 0.009999999999999787 0.009999999999999787 9.0 9.0 0.010000000000000002 9.0 0.009999999999999787 1.3585 9.0 0.009999999999999787 0.01 0.04518590998043053 
0.009999999999999787 2.284507957128939 0.5188982142857143 0.009999999999999787 0.009999999999999787 0.7015384615384616 0.010000000000000009 0.19453157894736842 9.0 9.0 0.01 0.009999999999999787 9.0 0.01 0.01 
0.009999999999999787 5.740066580058462 0.1705357142857143 9.0 9.0 3.4676923076923076 1.2942857142857143 1.259136842105263 0.009999999999999787 9.0 0.01 9.0 0.009999999999999787 1.9364285714285716 0.06524187866927593 
0.009999999999999787 4.887491068528744 0.07581964285714285 9.0 9.0 3.4676923076923076 0.010000000000000009 0.08885964912280703 0.009999999999999787 0.009999999999999787 2.4822499999999996 9.0 0.009999999999999787 4.076904761904762 0.49063953033268104 
9.0 1.1049171809028913 0.26364642857142856 0.009999999999999787 0.009999999999999787 2.0846153846153848 0.010000000000000009 0.036812280701754393 9.0 9.0 0.01 9.0 0.009999999999999787 1.5511428571428572 0.01 
0.009999999999999787 0.5443195842806108 0.14324464285714286 9.0 9.0 0.010000000000000009 0.010000000000000009 0.062047368421052636 9.0 0.009999999999999787 0.23475000000000001 9.0 0.009999999999999787 2.15047619047619 0.010175929549902154 
0.009999999999999787 1.2144088989931805 0.19782678571428572 0.009999999999999787 0.009999999999999787 0.010000000000000009 1.2942857142857143 0.036812280701754393 0.009999999999999787 9.0 0.01 9.0 0.009999999999999787 1.9364285714285716 0.01 
9.0 1.310761610912634 0.1705357142857143 0.009999999999999787 0.009999999999999787 5.542307692307692 1.2942857142857143 0.4042982456140351 0.009999999999999787 0.009999999999999787 0.23475000000000001 9.0 0.009999999999999787 0.01 0.1292802348336595 
0.009999999999999787 2.478673270542384 1.2942857142857143 9.0 9.0 6.9253846153846155 0.010000000000000009 0.4831578947368421 9.0 9.0 0.01 0.009999999999999787 0.009999999999999787 1.2942857142857143 0.01 
9.0 1.4698895745371883 0.9330803571428571 0.009999999999999787 0.009999999999999787 6.9253846153846155 1.2942857142857143 0.28600877192982455 0.009999999999999787 9.0 0.01 9.0 0.009999999999999787 3.862857142857143 0.01 
0.009999999999999787 1.883038324131212 0.6521428571428571 0.009999999999999787 0.009999999999999787 3.4676923076923076 1.2942857142857143 1.323801754385965 0.009999999999999787 0.009999999999999787 0.4595 0.009999999999999787 0.009999999999999787 1.9471309523809526 0.01 
0.009999999999999787 1.080099058135759 0.05013392857142857 9.0 9.0 3.4676923076923076 0.010000000000000009 0.04942982456140351 9.0 9.0 0.01 9.0 0.009999999999999787 2.15047619047619 0.022315068493150687 
0.009999999999999787 1.153093536862618 0.2508035714285714 0.009999999999999787 0.009999999999999787 4.15923076923077 0.010000000000000009 0.16771929824561405 9.0 9.0 0.01 0.009999999999999787 9.0 3.4347619047619045 0.01 
9.0 1.7735466060409228 0.10311071428571428 0.009999999999999787 0.009999999999999787 4.15923076923077 1.2942857142857143 0.04942982456140351 9.0 0.009999999999999787 0.23475000000000001 0.009999999999999787 0.009999999999999787 2.921047619047619 0.029000391389432487 
9.0 6.043723611562196 5.147142857142857 0.009999999999999787 0.009999999999999787 2.7761538461538464 9.0 0.010000000000000002 0.009999999999999787 0.009999999999999787 3.3812499999999996 9.0 0.009999999999999787 0.01 0.0534545988258317 
0.009999999999999787 1.0319227021760318 3.902991071428571 0.009999999999999787 0.009999999999999787 0.010000000000000009 0.010000000000000009 1.0619877192982456 9.0 0.009999999999999787 0.4595 0.009999999999999787 0.009999999999999787 1.9364285714285716 0.04043581213307241 
9.0 1.080099058135759 3.541785714285714 9.0 9.0 5.542307692307692 0.010000000000000009 0.9563157894736842 0.009999999999999787 9.0 0.01 0.009999999999999787 0.009999999999999787 2.8782380952380953 0.01 
0.009999999999999787 4.267037999350439 0.1705357142857143 0.009999999999999787 0.009999999999999787 2.0846153846153848 1.2942857142857143 1.5871929824561404 0.009999999999999787 9.0 0.01 0.009999999999999787 0.009999999999999787 3.4347619047619045 0.01 
0.009999999999999787 3.9517018512504074 1.6281999999999999 0.009999999999999787 0.009999999999999787 5.542307692307692 1.2942857142857143 4.0318421052631574 0.009999999999999787 9.0 0.01 0.009999999999999787 0.009999999999999787 0.9946190476190476 0.01 
0.009999999999999787 0.43482786619032154 1.7758928571428572 0.009999999999999787 0.009999999999999787 3.4676923076923076 0.010000000000000009 0.16771929824561405 0.009999999999999787 9.0 0.01 9.0 0.009999999999999787 0.8661904761904762 0.01 
0.009999999999999787 3.938562845079572 0.34391428571428573 0.009999999999999787 0.009999999999999787 6.233846153846154 0.010000000000000009 1.5871929824561404 0.009999999999999787 0.009999999999999787 1.3585 0.009999999999999787 0.009999999999999787 5.361190476190476 1.7692954990215264 
9.0 2.2115134784020793 1.7758928571428572 0.009999999999999787 0.009999999999999787 3.4676923076923076 0.010000000000000009 1.7449122807017543 9.0 9.0 0.01 0.009999999999999787 9.0 1.0802380952380952 0.01 
0.009999999999999787 1.6888730107177663 0.571875 9.0 9.0 0.010000000000000009 0.010000000000000009 0.3254385964912281 0.009999999999999787 0.009999999999999787 1.13375 0.009999999999999787 0.009999999999999787 1.7223809523809523 1.0263450097847358 
9.0 1.2260880155894776 0.49160714285714285 0.009999999999999787 0.009999999999999787 6.233846153846154 0.010000000000000009 0.28600877192982455 9.0 9.0 0.01 0.009999999999999787 0.009999999999999787 1.7223809523809523 0.01 
0.009999999999999787 2.163337122442352 0.5991660714285714 0.009999999999999787 0.009999999999999787 0.010000000000000009 1.2942857142857143 1.3774263157894737 0.009999999999999787 9.0 0.01 9.0 0.009999999999999787 2.7926190476190476 0.04518590998043053 
0.009999999999999787 0.922430984085743 0.2508035714285714 9.0 9.0 4.850769230769231 5.147142857142857 0.24657894736842106 9.0 9.0 0.01 0.009999999999999787 0.009999999999999787 1.4227142857142858 0.010351859099804305 
0.009999999999999787 1.0187836960051966 0.2764892857142857 0.009999999999999787 0.009999999999999787 0.010000000000000009 1.2942857142857143 0.6929245614035088 9.0 9.0 0.01 0.009999999999999787 0.009999999999999787 1.379904761904762 0.01 
0.009999999999999787 0.44796687236115673 3.3009821428571424 0.009999999999999787 0.009999999999999787 0.010000000000000009 1.2942857142857143 0.3522508771929825 9.0 9.0 0.01 9.0 0.009999999999999787 3.4347619047619045 0.012287084148727985 
0.009999999999999787 0.93411010068204 3.1404464285714284 0.009999999999999787 0.009999999999999787 0.010000000000000009 0.010000000000000009 0.08885964912280703 0.009999999999999787 9.0 0.01 9.0 0.009999999999999787 1.5083333333333333 0.01 
9.0 1.1049171809028913 0.2508035714285714 0.009999999999999787 0.009999999999999787 0.010000000000000009 0.010000000000000009 0.6408771929824562 9.0 0.009999999999999787 0.4595 0.009999999999999787 0.009999999999999787 2.15047619047619 0.07931624266144813 
9.0 0.45964598895745423 3.220714285714285 0.009999999999999787 0.009999999999999787 6.233846153846154 0.010000000000000009 0.3254385964912281 9.0 0.009999999999999787 0.23475000000000001 9.0 0.009999999999999787 1.2942857142857143 0.010175929549902154 
0.009999999999999787 0.44796687236115673 0.7998357142857143 0.009999999999999787 0.009999999999999787 0.010000000000000009 5.147142857142857 0.31282105263157894 9.0 0.009999999999999787 0.4595 0.009999999999999787 0.009999999999999787 1.7223809523809523 0.11327064579256359 
0.009999999999999787 1.5297450470932126 0.11755892857142856 0.009999999999999787 0.009999999999999787 3.4676923076923076 1.2942857142857143 1.1140350877192982 9.0 9.0 0.01 0.009999999999999787 0.009999999999999787 3.6488095238095237 0.01 
0.009999999999999787 6.56636407924651 4.665535714285714 0.009999999999999787 0.009999999999999787 9.0 9.0 5.687894736842106 0.009999999999999787 0.009999999999999787 3.3812499999999996 0.009999999999999787 0.009999999999999787 0.01 0.18592954990215266 
0.009999999999999787 0.776442026632024 0.5991660714285714 0.009999999999999787 0.009999999999999787 0.010000000000000009 0.010000000000000009 0.7197368421052632 0.009999999999999787 0.009999999999999787 0.23475000000000001 9.0 0.009999999999999787 1.0802380952380952 0.0363894324853229 
0.009999999999999787 1.4698895745371883 0.9732142857142857 0.009999999999999787 0.009999999999999787 0.010000000000000009 0.010000000000000009 0.4042982456140351 9.0 0.009999999999999787 0.23475000000000001 9.0 0.009999999999999787 0.01 0.013870450097847358 
0.009999999999999787 0.9954254628126025 0.18337857142857145 9.0 9.0 6.9253846153846155 0.010000000000000009 0.022617543859649127 0.009999999999999787 0.009999999999999787 0.23475000000000001 0.009999999999999787 0.009999999999999787 9.0 0.020379843444227004 
0.009999999999999787 0.9822864566417673 0.09026785714285714 0.009999999999999787 0.009999999999999787 0.7015384615384616 1.2942857142857143 0.2197666666666667 0.009999999999999787 9.0 0.01 0.009999999999999787 0.009999999999999787 0.01 0.01 
0.009999999999999787 2.722474829490095 0.8929464285714286 0.009999999999999787 0.009999999999999787 2.0846153846153848 2.5785714285714283 0.010000000000000002 9.0 9.0 0.01 9.0 0.009999999999999787 1.9364285714285716 0.01 
0.009999999999999787 1.7005521273140638 0.6521428571428571 0.009999999999999787 0.009999999999999787 0.7015384615384616 0.010000000000000009 0.24657894736842106 9.0 9.0 0.01 0.009999999999999787 0.009999999999999787 0.8661904761904762 0.01 
9.0 2.272828840532642 3.8628571428571425 0.009999999999999787 0.009999999999999787 0.010000000000000009 0.010000000000000009 0.6408771929824562 0.009999999999999787 0.009999999999999787 0.23475000000000001 9.0 0.009999999999999787 2.3645238095238095 0.0133426614481409 
9.0 1.237767132185775 3.702321428571428 9.0 9.0 3.4676923076923076 1.2942857142857143 0.9563157894736842 9.0 9.0 0.01 0.009999999999999787 0.009999999999999787 0.22404761904761905 0.012814872798434442 
0.009999999999999787 1.445071451770056 4.0233928571428565 0.009999999999999787 0.009999999999999787 8.308461538461538 0.010000000000000009 0.9563157894736842 0.009999999999999787 9.0 0.01 0.009999999999999787 9.0 0.22404761904761905 0.01 
0.009999999999999787 0.45964598895745423 0.06297678571428571 0.009999999999999787 0.009999999999999787 0.7015384615384616 0.010000000000000009 0.08885964912280703 9.0 9.0 0.01 0.009999999999999787 9.0 3.0066666666666664 0.01 
0.009999999999999787 0.715126664501462 2.2575 0.009999999999999787 0.009999999999999787 0.010000000000000009 0.010000000000000009 0.16771929824561405 9.0 9.0 0.01 9.0 0.009999999999999787 0.01 0.01 
0.009999999999999787 1.3837560896394936 4.0233928571428565 0.009999999999999787 0.009999999999999787 6.233846153846154 0.010000000000000009 0.28600877192982455 0.009999999999999787 9.0 0.01 0.009999999999999787 0.009999999999999787 2.7926190476190476 0.01 
0.009999999999999787 0.507822344917181 1.843317857142857 0.009999999999999787 0.009999999999999787 0.7015384615384616 0.010000000000000009 0.18033684210526318 9.0 9.0 0.01 9.0 0.009999999999999787 1.2942857142857143 0.01 
0.009999999999999787 0.010000000000000231 2.2575 0.009999999999999787 0.009999999999999787 7.616923076923077 0.010000000000000009 0.3254385964912281 9.0 9.0 0.01 9.0 0.009999999999999787 6.4314285714285715 0.01 
0.009999999999999787 2.9414582656706734 5.307678571428571 9.0 9.0 0.010000000000000009 0.010000000000000009 1.2717543859649123 0.009999999999999787 9.0 0.01 9.0 0.009999999999999787 0.8661904761904762 0.01 
0.009999999999999787 2.904961026307243 0.8126785714285714 0.009999999999999787 0.009999999999999787 2.0846153846153848 0.010000000000000009 0.3254385964912281 9.0 9.0 0.01 0.009999999999999787 0.009999999999999787 2.2575 0.01 
9.0 0.10635271191945472 0.19782678571428572 0.009999999999999787 0.009999999999999787 0.010000000000000009 1.2942857142857143 0.4831578947368421 0.009999999999999787 0.009999999999999787 0.4595 9.0 0.009999999999999787 1.0802380952380952 0.01 
0.009999999999999787 2.1020217603117906 0.19622142857142857 0.009999999999999787 0.009999999999999787 6.233846153846154 0.010000000000000009 0.10147719298245614 9.0 0.009999999999999787 0.23475000000000001 9.0 0.009999999999999787 3.6488095238095237 0.5031305283757338 
9.0 3.8057128937966884 2.0969642857142854 0.009999999999999787 0.009999999999999787 5.542307692307692 0.010000000000000009 0.16771929824561405 0.009999999999999787 0.009999999999999787 0.68425 0.009999999999999787 0.009999999999999787 1.5618452380952381 0.01 
0.009999999999999787 2.2596898343618066 0.8801035714285714 9.0 9.0 4.15923076923077 0.010000000000000009 0.04942982456140351 9.0 9.0 0.01 0.009999999999999787 9.0 0.8661904761904762 0.01 
9.0 2.466994153946087 1.9364285714285714 0.009999999999999787 0.009999999999999787 0.7015384615384616 0.010000000000000009 0.4042982456140351 9.0 9.0 0.01 9.0 0.009999999999999787 2.921047619047619 0.01 
0.009999999999999787 2.601303994803509 0.8126785714285714 0.009999999999999787 0.009999999999999787 8.308461538461538 0.010000000000000009 0.5620175438596491 9.0 0.009999999999999787 0.4595 0.009999999999999787 0.009999999999999787 7.715714285714286 0.01 
0.009999999999999787 0.569137707047743 0.01 9.0 9.0 9.0 9.0 0.010000000000000002 9.0 0.009999999999999787 0.909 9.0 0.009999999999999787 0.4916071428571429 0.010175929549902154 
0.009999999999999787 2.6378012341669383 1.0261910714285714 9.0 9.0 6.9253846153846155 0.010000000000000009 1.0083631578947367 0.009999999999999787 0.009999999999999787 0.68425 0.009999999999999787 0.009999999999999787 4.076904761904762 0.01 
0.009999999999999787 0.8129392659954537 1.708467857142857 0.009999999999999787 0.009999999999999787 5.542307692307692 0.010000000000000009 0.12828947368421054 0.009999999999999787 0.009999999999999787 0.23475000000000001 9.0 0.009999999999999787 1.7223809523809523 0.01 
0.009999999999999787 5.3619551802533305 0.6649857142857143 9.0 9.0 9.0 9.0 0.4831578947368421 9.0 9.0 0.01 9.0 0.009999999999999787 1.2942857142857143 0.010175929549902154 
9.0 1.8348619681714848 0.6649857142857143 0.009999999999999787 0.009999999999999787 6.233846153846154 0.010000000000000009 0.08885964912280703 9.0 9.0 0.01 0.009999999999999787 0.009999999999999787 1.9364285714285716 0.018796477495107634 
0.009999999999999787 5.325457940889899 4.826071428571428 0.009999999999999787 0.009999999999999787 0.010000000000000009 0.010000000000000009 2.6912280701754385 0.009999999999999787 0.009999999999999787 2.03275 9.0 0.009999999999999787 0.01 0.01 
0.009999999999999787 0.6421321857746025 3.0874696428571426 0.009999999999999787 0.009999999999999787 8.308461538461538 0.010000000000000009 0.2591964912280702 9.0 9.0 0.01 9.0 0.009999999999999787 0.8661904761904762 0.07157534246575342 
9.0 1.2260880155894776 2.8996428571428567 0.009999999999999787 0.009999999999999787 5.542307692307692 0.010000000000000009 2.6912280701754385 0.009999999999999787 0.009999999999999787 1.13375 0.009999999999999787 0.009999999999999787 1.2942857142857143 0.01 
0.009999999999999787 4.887491068528744 2.0969642857142854 0.009999999999999787 0.009999999999999787 5.542307692307692 1.2942857142857143 1.9026315789473685 0.009999999999999787 9.0 0.01 0.009999999999999787 0.009999999999999787 3.7558333333333334 0.01 
0.009999999999999787 5.726927573887627 2.1772321428571426 0.009999999999999787 0.009999999999999787 0.010000000000000009 1.2942857142857143 0.8380263157894737 0.009999999999999787 0.009999999999999787 2.4822499999999996 0.009999999999999787 0.009999999999999787 0.01 0.05996399217221135 
0.009999999999999787 1.725370250081196 0.7324107142857142 0.009999999999999787 0.009999999999999787 2.0846153846153848 2.5785714285714283 0.16771929824561405 9.0 9.0 0.01 0.009999999999999787 0.009999999999999787 6.859523809523809 0.7137181996086106 
9.0 1.1282754140954858 0.7452535714285714 0.009999999999999787 0.009999999999999787 5.542307692307692 1.2942857142857143 0.7323543859649123 0.009999999999999787 0.009999999999999787 1.58325 0.009999999999999787 0.009999999999999787 1.5083333333333333 0.4294160469667319 
0.009999999999999787 1.7005521273140638 1.4548214285714285 9.0 9.0 0.010000000000000009 2.5785714285714283 0.7985964912280702 9.0 9.0 0.01 9.0 0.009999999999999787 2.15047619047619 0.2228747553816047 
0.009999999999999787 3.5735904514452748 4.4777089285714275 0.009999999999999787 0.009999999999999787 6.233846153846154 0.010000000000000009 2.730657894736842 0.009999999999999787 0.009999999999999787 1.3585 0.009999999999999787 0.009999999999999787 0.7591666666666667 0.01 
0.009999999999999787 3.477237739525821 0.571875 0.009999999999999787 0.009999999999999787 3.4676923076923076 0.010000000000000009 0.16771929824561405 9.0 9.0 0.01 0.009999999999999787 0.009999999999999787 3.2207142857142856 0.010351859099804305 
0.009999999999999787 2.8202874309840866 1.3745535714285715 0.009999999999999787 0.009999999999999787 2.0846153846153848 2.5785714285714283 1.0351754385964913 0.009999999999999787 0.009999999999999787 0.4595 9.0 0.009999999999999787 2.942452380952381 0.11731702544031311 
0.009999999999999787 2.3575024358557983 0.37120535714285713 0.009999999999999787 0.009999999999999787 9.0 9.0 0.010000000000000002 9.0 0.009999999999999787 0.23475000000000001 9.0 0.009999999999999787 1.0374285714285716 0.0133426614481409 
9.0 1.3720769730431965 0.1705357142857143 0.009999999999999787 0.009999999999999787 5.542307692307692 1.2942857142857143 0.4831578947368421 0.009999999999999787 9.0 0.01 9.0 0.009999999999999787 3.0066666666666664 0.15496594911937378 
0.009999999999999787 0.7516239038648918 3.2078714285714285 0.009999999999999787 0.009999999999999787 7.616923076923077 7.715714285714286 0.010000000000000002 0.009999999999999787 9.0 0.01 9.0 0.009999999999999787 0.01 0.01 
0.009999999999999787 1.153093536862618 0.2508035714285714 0.009999999999999787 0.009999999999999787 4.15923076923077 0.010000000000000009 0.16771929824561405 0.009999999999999787 9.0 0.01 0.009999999999999787 9.0 3.4347619047619045 0.01 
0.009999999999999787 0.6304530691783055 0.49160714285714285 9.0 9.0 6.9253846153846155 0.010000000000000009 0.6408771929824562 0.009999999999999787 9.0 0.01 0.009999999999999787 0.009999999999999787 1.0802380952380952 0.013518590998043053 
9.0 2.880142903540111 0.4113392857142857 9.0 9.0 2.0846153846153848 1.2942857142857143 0.16771929824561405 9.0 9.0 0.01 0.009999999999999787 0.009999999999999787 1.7223809523809523 0.01 
0.009999999999999787 4.681646638519 1.8834517857142856 0.009999999999999787 0.009999999999999787 6.233846153846154 0.010000000000000009 1.7449122807017543 9.0 9.0 0.01 9.0 0.009999999999999787 4.986607142857143 0.0363894324853229 
0.009999999999999787 1.8348619681714848 0.6521428571428571 0.009999999999999787 0.009999999999999787 6.9253846153846155 1.2942857142857143 0.3254385964912281 0.009999999999999787 0.009999999999999787 0.909 9.0 0.009999999999999787 1.5083333333333333 1.3372125244618396 
0.009999999999999787 2.3823205586229306 4.986607142857142 0.009999999999999787 0.009999999999999787 0.010000000000000009 0.010000000000000009 0.16771929824561405 0.009999999999999787 9.0 0.01 9.0 0.009999999999999787 1.2942857142857143 0.01 
9.0 3.3794251380318294 1.9364285714285714 0.009999999999999787 0.009999999999999787 3.4676923076923076 0.010000000000000009 0.3254385964912281 0.009999999999999787 9.0 0.01 0.009999999999999787 0.009999999999999787 0.01 0.01 
0.009999999999999787 1.5545631698603448 0.1705357142857143 0.009999999999999787 0.009999999999999787 0.010000000000000009 0.010000000000000009 0.470540350877193 0.009999999999999787 0.009999999999999787 1.13375 0.009999999999999787 0.009999999999999787 3.349142857142857 0.01 
0.009999999999999787 2.576485872036376 0.7597017857142857 0.009999999999999787 0.009999999999999787 0.7015384615384616 1.2942857142857143 1.8237719298245614 9.0 9.0 0.01 0.009999999999999787 0.009999999999999787 3.135095238095238 0.01 
9.0 1.091778174732056 3.461517857142857 0.009999999999999787 0.009999999999999787 5.542307692307692 0.010000000000000009 0.14090701754385965 0.009999999999999787 0.009999999999999787 1.13375 0.009999999999999787 0.009999999999999787 0.01 0.10852054794520548 
0.009999999999999787 2.332684313088665 0.49160714285714285 9.0 9.0 6.233846153846154 0.010000000000000009 0.022617543859649127 9.0 9.0 0.01 9.0 9.0 1.7223809523809523 0.01 
9.0 4.718143877882431 2.5785714285714283 0.009999999999999787 0.009999999999999787 7.616923076923077 2.5785714285714283 2.0603508771929824 0.009999999999999787 0.009999999999999787 1.3585 9.0 0.009999999999999787 4.023392857142857 9.0 
9.0 2.9662763884378056 3.8628571428571425 0.009999999999999787 0.009999999999999787 5.542307692307692 1.2942857142857143 4.426140350877192 0.009999999999999787 0.009999999999999787 1.808 9.0 0.009999999999999787 0.01 1.1693757338551858 
0.009999999999999787 0.9092919779149078 2.418035714285714 0.009999999999999787 0.009999999999999787 8.308461538461538 0.010000000000000009 0.4563456140350877 0.009999999999999787 0.009999999999999787 0.23475000000000001 9.0 0.009999999999999787 0.8661904761904762 1.7341095890410958 
0.009999999999999787 4.0363754465735635 1.3215767857142857 0.009999999999999787 0.009999999999999787 8.308461538461538 0.010000000000000009 0.022617543859649127 9.0 9.0 0.01 9.0 0.009999999999999787 1.165857142857143 0.027592954990215267 
0.009999999999999787 1.1647726534589156 0.8126785714285714 0.009999999999999787 0.009999999999999787 0.010000000000000009 0.010000000000000009 0.3522508771929825 0.009999999999999787 0.009999999999999787 2.4822499999999996 0.009999999999999787 0.009999999999999787 0.6521428571428571 0.3942301369863014 
0.009999999999999787 3.5502322182526806 0.5590321428571429 9.0 9.0 4.15923076923077 0.010000000000000009 0.062047368421052636 9.0 9.0 0.01 9.0 9.0 4.290952380952381 0.01 
0.009999999999999787 3.769215654433259 0.7324107142857142 9.0 9.0 6.9253846153846155 1.2942857142857143 3.1643859649122805 0.009999999999999787 9.0 0.01 0.009999999999999787 0.009999999999999787 1.8936190476190478 0.01 
0.009999999999999787 1.5793812926274775 0.2909375 0.009999999999999787 0.009999999999999787 3.4676923076923076 0.010000000000000009 0.12828947368421054 9.0 0.009999999999999787 0.4595 0.009999999999999787 0.009999999999999787 1.8722142857142858 0.010527788649706459 
0.009999999999999787 1.3472588502760638 2.137098214285714 9.0 9.0 0.7015384615384616 0.010000000000000009 1.7449122807017543 0.009999999999999787 9.0 0.01 0.009999999999999787 9.0 1.0802380952380952 0.01 
0.009999999999999787 3.2582543033452427 0.6649857142857143 0.009999999999999787 0.009999999999999787 6.233846153846154 0.010000000000000009 0.022617543859649127 0.009999999999999787 9.0 0.01 0.009999999999999787 0.009999999999999787 4.290952380952381 1.0303913894324852 
0.009999999999999787 1.360397856446899 3.9704160714285712 0.009999999999999787 0.009999999999999787 5.542307692307692 1.2942857142857143 0.5099701754385965 0.009999999999999787 9.0 0.01 0.009999999999999787 0.009999999999999787 1.2942857142857143 0.01 
9.0 4.656828515751869 4.183928571428571 0.009999999999999787 0.009999999999999787 2.0846153846153848 2.5785714285714283 1.639240350877193 0.009999999999999787 0.009999999999999787 2.03275 0.009999999999999787 0.009999999999999787 0.01 0.01 
0.009999999999999787 2.0903426437154926 0.4113392857142857 0.009999999999999787 0.009999999999999787 0.010000000000000009 1.2942857142857143 0.08885964912280703 9.0 0.009999999999999787 0.4595 0.009999999999999787 0.009999999999999787 4.290952380952381 0.029000391389432487 
0.009999999999999787 5.459767781747322 2.0969642857142854 0.009999999999999787 0.009999999999999787 3.4676923076923076 0.010000000000000009 1.9941087719298245 0.009999999999999787 0.009999999999999787 3.3812499999999996 9.0 0.009999999999999787 0.01 1.9807628180039138 
0.009999999999999787 1.28740337772004 0.19782678571428572 9.0 9.0 6.9253846153846155 1.2942857142857143 0.04942982456140351 9.0 9.0 0.01 9.0 0.009999999999999787 2.5785714285714283 0.010175929549902154 
0.009999999999999787 1.9312146800909393 1.6153571428571427 0.009999999999999787 0.009999999999999787 6.233846153846154 0.010000000000000009 3.4798245614035084 0.009999999999999787 9.0 0.01 0.009999999999999787 0.009999999999999787 0.7591666666666667 0.01 
9.0 0.8246183825917512 3.3282732142857143 0.009999999999999787 0.009999999999999787 6.9253846153846155 1.2942857142857143 0.11567192982456143 0.009999999999999787 0.009999999999999787 0.23475000000000001 0.009999999999999787 0.009999999999999787 0.8661904761904762 0.018796477495107634 
0.009999999999999787 4.072872685936993 0.10311071428571428 9.0 9.0 6.9253846153846155 1.2942857142857143 0.5620175438596491 0.009999999999999787 0.009999999999999787 1.808 9.0 0.009999999999999787 1.0802380952380952 0.07597358121330723 
0.009999999999999787 3.0757681065280944 5.829419642857142 0.009999999999999787 0.009999999999999787 6.233846153846154 0.010000000000000009 0.036812280701754393 9.0 9.0 0.01 9.0 0.009999999999999787 3.4347619047619045 0.6349017612524461 
0.009999999999999787 3.634905813575837 2.0969642857142854 0.009999999999999787 0.009999999999999787 8.308461538461538 2.5785714285714283 1.1140350877192982 0.009999999999999787 0.009999999999999787 0.23475000000000001 9.0 0.009999999999999787 0.01 0.09796477495107632 
0.009999999999999787 3.0757681065280944 1.7758928571428572 0.009999999999999787 0.009999999999999787 2.0846153846153848 2.5785714285714283 1.5871929824561404 9.0 9.0 0.01 9.0 0.009999999999999787 2.2575 0.13086360078277887 
0.009999999999999787 1.28740337772004 0.49160714285714285 0.009999999999999787 0.009999999999999787 0.7015384615384616 1.2942857142857143 0.6014473684210526 0.009999999999999787 0.009999999999999787 1.3585 9.0 0.009999999999999787 2.15047619047619 0.06752896281800391 
0.009999999999999787 1.8582202013640798 0.49160714285714285 0.009999999999999787 0.009999999999999787 6.233846153846154 0.010000000000000009 0.7197368421052632 9.0 0.009999999999999787 0.23475000000000001 0.009999999999999787 0.009999999999999787 1.0802380952380952 0.010527788649706459 
0.009999999999999787 3.014452744397533 0.7853875 0.009999999999999787 0.009999999999999787 6.233846153846154 0.010000000000000009 0.04942982456140351 9.0 0.009999999999999787 0.4595 9.0 0.009999999999999787 2.3645238095238095 0.010175929549902154 
9.0 1.3837560896394936 0.22511785714285715 0.009999999999999787 0.009999999999999787 8.308461538461538 1.2942857142857143 0.5620175438596491 0.009999999999999787 9.0 0.01 9.0 0.009999999999999787 4.290952380952381 0.01 
0.009999999999999787 2.612983111399806 0.8126785714285714 9.0 9.0 6.233846153846154 0.010000000000000009 2.218070175438596 9.0 9.0 0.01 0.009999999999999787 0.009999999999999787 3.0066666666666664 0.01 
9.0 5.580938616433908 0.06297678571428571 0.009999999999999787 0.009999999999999787 9.0 9.0 0.010000000000000002 9.0 9.0 0.01 0.009999999999999787 9.0 0.6735476190476191 0.014750097847358121 
0.009999999999999787 2.3575024358557983 0.9202374999999999 0.009999999999999787 0.009999999999999787 9.0 9.0 0.010000000000000002 9.0 0.009999999999999787 1.13375 9.0 0.009999999999999787 1.8936190476190478 0.035685714285714286 
0.009999999999999787 1.9677119194543686 1.1738839285714286 0.009999999999999787 0.009999999999999787 8.308461538461538 0.010000000000000009 0.08885964912280703 9.0 9.0 0.01 0.009999999999999787 0.009999999999999787 1.0802380952380952 0.01 
0.009999999999999787 1.237767132185775 0.27809464285714286 0.009999999999999787 0.009999999999999787 2.0846153846153848 1.2942857142857143 0.036812280701754393 9.0 9.0 0.01 0.009999999999999787 0.009999999999999787 2.3645238095238095 0.010879647749510763 
0.009999999999999787 3.2451152971744075 2.0969642857142854 0.009999999999999787 0.009999999999999787 4.15923076923077 1.2942857142857143 1.3506140350877194 0.009999999999999787 0.009999999999999787 2.707 0.009999999999999787 0.009999999999999787 1.0053214285714285 0.01 
0.009999999999999787 2.758972068853525 1.7758928571428572 9.0 9.0 0.010000000000000009 0.010000000000000009 0.4831578947368421 9.0 9.0 0.01 0.009999999999999787 0.009999999999999787 0.6521428571428571 0.01 
0.009999999999999787 2.4056787918155247 0.2508035714285714 9.0 9.0 8.308461538461538 0.010000000000000009 1.1140350877192982 9.0 9.0 0.01 0.009999999999999787 0.009999999999999787 3.4347619047619045 0.01 
0.009999999999999787 1.518065930496915 0.1304017857142857 0.009999999999999787 0.009999999999999787 4.15923076923077 0.010000000000000009 0.08885964912280703 0.009999999999999787 0.009999999999999787 0.68425 9.0 0.009999999999999787 2.7926190476190476 2.667943639921722 
0.009999999999999787 1.8465410847677828 0.42418214285714284 0.009999999999999787 0.009999999999999787 3.4676923076923076 1.2942857142857143 0.08885964912280703 9.0 9.0 0.01 0.009999999999999787 9.0 1.5083333333333333 0.01 
0.009999999999999787 0.43482786619032154 2.1772321428571426 9.0 9.0 4.15923076923077 0.010000000000000009 0.022617543859649127 9.0 9.0 0.01 9.0 0.009999999999999787 1.5083333333333333 0.01 
0.009999999999999787 1.4932478077297828 0.19622142857142857 0.009999999999999787 0.009999999999999787 0.010000000000000009 0.010000000000000009 0.10147719298245614 0.009999999999999787 0.009999999999999787 1.58325 0.009999999999999787 0.009999999999999787 1.0374285714285716 0.9114630136986301 
9.0 4.718143877882431 0.9732142857142857 0.009999999999999787 0.009999999999999787 6.9253846153846155 0.010000000000000009 4.386710526315789 0.009999999999999787 0.009999999999999787 0.4595 0.009999999999999787 0.009999999999999787 5.564535714285714 0.3097839530332681 
9.0 1.9808509256252038 0.34391428571428573 0.009999999999999787 0.009999999999999787 0.010000000000000009 0.010000000000000009 0.7985964912280702 0.009999999999999787 0.009999999999999787 1.13375 0.009999999999999787 0.009999999999999787 3.2207142857142856 0.2615792563600783 
9.0 0.9589282234491727 3.702321428571428 9.0 9.0 2.7761538461538464 3.862857142857143 0.010000000000000002 0.009999999999999787 0.009999999999999787 2.4822499999999996 0.009999999999999787 0.009999999999999787 0.01 0.01 
9.0 3.30643065930497 1.7758928571428572 0.009999999999999787 0.009999999999999787 5.542307692307692 0.010000000000000009 0.04942982456140351 0.009999999999999787 9.0 0.01 0.009999999999999787 0.009999999999999787 2.450142857142857 0.01 
0.009999999999999787 2.564806755440079 2.8996428571428567 9.0 9.0 6.233846153846154 1.2942857142857143 1.6660526315789475 0.009999999999999787 9.0 0.01 0.009999999999999787 0.009999999999999787 1.6581666666666668 0.01 
0.009999999999999787 1.7122312439103609 0.18337857142857145 0.009999999999999787 0.009999999999999787 3.4676923076923076 9.0 0.010000000000000002 9.0 9.0 0.01 9.0 0.009999999999999787 1.0802380952380952 0.01 
0.009999999999999787 3.890386489119845 0.3182285714285714 0.009999999999999787 0.009999999999999787 6.9253846153846155 0.010000000000000009 0.7985964912280702 0.009999999999999787 9.0 0.01 9.0 0.009999999999999787 5.468214285714286 0.11555772994129158 
0.009999999999999787 4.777999350438455 1.3472625 0.009999999999999787 0.009999999999999787 6.9253846153846155 2.5785714285714283 0.036812280701754393 9.0 9.0 0.01 0.009999999999999787 0.009999999999999787 5.575238095238095 0.01 
0.009999999999999787 1.1282754140954858 0.9732142857142857 0.009999999999999787 0.009999999999999787 4.15923076923077 0.010000000000000009 0.41691578947368424 0.009999999999999787 0.009999999999999787 0.23475000000000001 9.0 0.009999999999999787 2.7926190476190476 0.15074363992172213 
0.009999999999999787 1.091778174732056 0.49160714285714285 9.0 9.0 8.308461538461538 0.010000000000000009 0.18033684210526318 9.0 9.0 0.01 0.009999999999999787 0.009999999999999787 1.2942857142857143 0.021787279843444227 
0.009999999999999787 1.1647726534589156 3.702321428571428 0.009999999999999787 0.009999999999999787 6.233846153846154 1.2942857142857143 0.6803070175438597 0.009999999999999787 0.009999999999999787 2.4822499999999996 0.009999999999999787 0.009999999999999787 3.113690476190476 0.05996399217221135 
0.009999999999999787 3.5137349788892505 0.8126785714285714 9.0 9.0 2.0846153846153848 1.2942857142857143 3.1643859649122805 9.0 9.0 0.01 0.009999999999999787 9.0 2.15047619047619 0.01 
0.009999999999999787 3.148762585254954 1.0534821428571428 0.009999999999999787 0.009999999999999787 5.542307692307692 1.2942857142857143 2.8489473684210527 0.009999999999999787 9.0 0.01 0.009999999999999787 0.009999999999999787 1.1016428571428571 0.12241898238747553 
0.009999999999999787 3.6714030529392665 6.913035714285714 0.009999999999999787 0.009999999999999787 7.616923076923077 6.4314285714285715 6.318771929824561 0.009999999999999787 0.009999999999999787 2.4822499999999996 9.0 0.009999999999999787 0.01 0.2211154598825832 
