0.009999999999999787 2.0442775729131757 4.665535714285714 0.009999999999999787 0.010000000000000009 0.7015384615384616 0.010000000000000009 0.04942982456140351 9.0 9.0 0.01 9.0 0.009999999999999787 0.01 0.06031585127201566 
0.009999999999999787 2.5837378478042243 4.505 4.505 0.909 9.0 7.876250000000001 0.010000000000000002 9.0 0.009999999999999787 0.2783582089552239 9.0 0.009999999999999787 0.7292 0.010175929549902154 
0.009999999999999787 1.980988937311432 1.6281999999999999 4.505 0.909 0.010000000000000009 2.2575 0.4831578947368421 0.009999999999999787 0.009999999999999787 1.0834328358208956 0.009999999999999787 0.009999999999999787 0.65728 0.011231506849315068 
9.0 0.5750771035869935 2.979910714285714 4.505 0.909 0.010000000000000009 0.010000000000000009 0.3254385964912281 0.009999999999999787 0.009999999999999787 0.5467164179104478 0.009999999999999787 0.009999999999999787 0.3696 0.09796477495107632 
0.009999999999999787 1.5545440831377815 0.18337857142857145 0.009999999999999787 0.010000000000000009 6.233846153846154 0.010000000000000009 0.062047368421052636 9.0 0.009999999999999787 0.14417910447761195 9.0 0.009999999999999787 1.23264 0.08811272015655576 
0.009999999999999787 0.44849983238350655 2.1772321428571426 4.505 0.909 4.15923076923077 0.010000000000000009 0.022617543859649127 9.0 9.0 0.01 9.0 0.009999999999999787 0.6393 0.01 
0.009999999999999787 3.2497753938987604 1.427530357142857 4.505 0.909 3.4676923076923076 0.010000000000000009 0.08885964912280703 0.009999999999999787 0.009999999999999787 1.3517910447761194 0.009999999999999787 0.009999999999999787 1.4484 0.01 
0.009999999999999787 2.9604559168622195 4.826071428571428 0.009999999999999787 0.010000000000000009 4.850769230769231 4.505000000000001 1.705482456140351 0.009999999999999787 0.009999999999999787 1.2176119402985075 0.009999999999999787 0.009999999999999787 0.01 0.03357455968688845 
0.009999999999999787 4.530616828695945 0.49160714285714285 0.009999999999999787 0.010000000000000009 0.010000000000000009 0.010000000000000009 0.7985964912280702 0.009999999999999787 9.0 0.01 0.009999999999999787 0.009999999999999787 0.6393 0.01 
0.009999999999999787 2.0442775729131757 3.007201785714286 0.009999999999999787 0.010000000000000009 5.542307692307692 1.13375 1.796959649122807 0.009999999999999787 0.009999999999999787 0.8150746268656717 9.0 0.009999999999999787 1.7225949999999999 0.039556164383561646 
0.009999999999999787 2.332090177673483 0.8801035714285714 4.505 0.909 4.15923076923077 0.010000000000000009 0.04942982456140351 9.0 9.0 0.01 0.009999999999999787 9.0 0.3696 0.01 
0.009999999999999787 0.7378193094200469 2.2575 0.009999999999999787 0.010000000000000009 0.010000000000000009 0.010000000000000009 0.16771929824561405 9.0 9.0 0.01 9.0 0.009999999999999787 0.01 0.01 
9.0 0.688092524304392 0.077425 0.009999999999999787 0.010000000000000009 5.542307692307692 1.13375 0.10147719298245614 0.009999999999999787 0.009999999999999787 1.4859701492537314 9.0 0.009999999999999787 0.3696 0.02741702544031311 
9.0 2.282363392557828 1.7758928571428572 0.009999999999999787 0.010000000000000009 3.4676923076923076 0.010000000000000009 1.7449122807017543 9.0 9.0 0.01 0.009999999999999787 9.0 0.4595 0.01 
0.009999999999999787 1.9177003017096883 0.49160714285714285 0.009999999999999787 0.010000000000000009 6.233846153846154 0.010000000000000009 0.7197368421052632 9.0 0.009999999999999787 0.14417910447761195 0.009999999999999787 0.009999999999999787 0.4595 0.010527788649706459 
9.0 6.325301709688234 0.11755892857142856 0.009999999999999787 0.010000000000000009 2.0846153846153848 2.2575 0.3254385964912281 0.009999999999999787 9.0 0.01 0.009999999999999787 0.009999999999999787 1.1427399999999999 0.39651722113502935 
0.009999999999999787 1.9433171304056325 0.6521428571428571 0.009999999999999787 0.010000000000000009 3.4676923076923076 1.13375 1.323801754385965 0.009999999999999787 0.009999999999999787 0.2783582089552239 0.009999999999999787 0.009999999999999787 0.823595 0.01 
0.009999999999999787 1.4535836406302383 0.18337857142857145 0.009999999999999787 0.010000000000000009 4.15923076923077 0.010000000000000009 0.3254385964912281 9.0 9.0 0.01 0.009999999999999787 0.009999999999999787 0.5494 0.010175929549902154 
9.0 1.277279584311096 0.19782678571428572 4.505 0.909 9.0 7.876250000000001 0.04942982456140351 9.0 9.0 0.01 9.0 0.009999999999999787 0.5494 0.02530587084148728 
9.0 4.806374455246397 4.183928571428571 0.009999999999999787 0.010000000000000009 2.0846153846153848 2.2575 1.639240350877193 0.009999999999999787 0.009999999999999787 1.2176119402985075 0.009999999999999787 0.009999999999999787 0.01 0.01 
9.0 7.380112303050621 0.06297678571428571 0.009999999999999787 0.010000000000000009 9.0 7.876250000000001 0.010000000000000002 0.009999999999999787 0.009999999999999787 0.14417910447761195 9.0 0.009999999999999787 1.05284 0.027592954990215267 
9.0 3.6129316124706676 1.2942857142857143 0.009999999999999787 0.010000000000000009 0.010000000000000009 0.010000000000000009 0.9563157894736842 9.0 9.0 0.01 9.0 0.009999999999999787 2.1675999999999997 0.01 
0.009999999999999787 1.9689339591015758 0.05013392857142857 4.505 0.909 3.4676923076923076 0.010000000000000009 0.036812280701754393 9.0 9.0 0.01 9.0 0.009999999999999787 0.98092 0.37945205479452054 
9.0 0.9005615152531008 1.6153571428571427 4.505 0.909 9.0 7.876250000000001 0.010000000000000002 9.0 9.0 0.01 9.0 0.009999999999999787 0.01 0.01 
0.009999999999999787 6.249958095876635 5.949821428571428 0.009999999999999787 0.010000000000000009 0.7015384615384616 2.2575 4.741578947368421 0.009999999999999787 0.009999999999999787 2.291044776119403 0.009999999999999787 0.009999999999999787 0.01 0.01 
0.009999999999999787 2.357707006369427 0.5188982142857143 0.009999999999999787 0.010000000000000009 0.7015384615384616 0.010000000000000009 0.19453157894736842 9.0 9.0 0.01 0.009999999999999787 9.0 0.01 0.01 
0.009999999999999787 2.256746563861884 0.34391428571428573 4.505 0.909 2.0846153846153848 2.2575 0.16771929824561405 0.009999999999999787 0.009999999999999787 1.3517910447761194 0.009999999999999787 0.009999999999999787 0.60334 0.014926027397260275 
0.009999999999999787 2.847440496144821 1.6426482142857142 4.505 0.909 2.0846153846153848 2.2575 0.3522508771929825 9.0 9.0 0.01 0.009999999999999787 0.009999999999999787 2.1675999999999997 0.01 
0.009999999999999787 5.472412001340933 0.022842857142857144 0.009999999999999787 0.010000000000000009 6.9253846153846155 1.13375 0.022617543859649127 0.009999999999999787 9.0 0.01 9.0 0.009999999999999787 0.01 0.5377886497064579 
0.009999999999999787 1.7805749245725782 0.7324107142857142 0.009999999999999787 0.010000000000000009 2.0846153846153848 2.2575 0.16771929824561405 9.0 9.0 0.01 0.009999999999999787 0.009999999999999787 2.8867999999999996 0.7137181996086106 
0.009999999999999787 2.345652028159572 0.8126785714285714 0.009999999999999787 0.010000000000000009 6.9253846153846155 1.13375 0.7197368421052632 9.0 9.0 0.01 0.009999999999999787 9.0 1.5383 0.01 
0.009999999999999787 4.128281930942006 1.5880660714285715 4.505 0.909 6.233846153846154 0.010000000000000009 1.0083631578947367 0.009999999999999787 9.0 0.01 0.009999999999999787 0.009999999999999787 0.24374 0.2636904109589041 
0.009999999999999787 5.849130070398929 3.1003125 0.009999999999999787 0.010000000000000009 7.616923076923077 0.010000000000000009 2.743275438596491 0.009999999999999787 0.009999999999999787 0.6808955223880597 9.0 0.009999999999999787 0.01 0.01 
0.009999999999999787 0.3234294334562522 0.9732142857142857 0.009999999999999787 0.010000000000000009 3.4676923076923076 0.010000000000000009 0.022617543859649127 9.0 9.0 0.01 0.009999999999999787 0.009999999999999787 0.7292 0.017037181996086108 
9.0 1.1401542071739863 0.11755892857142856 0.009999999999999787 0.010000000000000009 5.542307692307692 0.010000000000000009 0.24657894736842106 9.0 9.0 0.01 9.0 9.0 0.7292 0.01 
9.0 5.296107945021791 0.27809464285714286 0.009999999999999787 0.010000000000000009 8.308461538461538 0.010000000000000009 0.16771929824561405 9.0 9.0 0.01 0.009999999999999787 0.009999999999999787 1.0888 0.030583757338551856 
0.009999999999999787 0.48617163928930607 0.3984964285714286 4.505 0.909 7.616923076923077 6.7524999999999995 0.010000000000000002 9.0 9.0 0.01 9.0 0.009999999999999787 0.4595 0.01 
0.009999999999999787 1.7926299027824344 0.49160714285714285 4.505 0.909 6.233846153846154 0.010000000000000009 0.12828947368421054 0.009999999999999787 9.0 0.01 0.009999999999999787 0.009999999999999787 1.1787 0.19736497064579256 
9.0 2.8353855179349656 0.5188982142857143 4.505 0.909 9.0 7.876250000000001 0.010000000000000002 0.009999999999999787 9.0 0.01 9.0 0.009999999999999787 1.4484 0.01 
9.0 2.006605766007376 1.13375 0.009999999999999787 0.010000000000000009 6.233846153846154 0.010000000000000009 0.27339122807017546 0.009999999999999787 9.0 0.01 9.0 9.0 1.2686 0.01 
0.009999999999999787 8.147110291652702 2.8996428571428567 0.009999999999999787 0.010000000000000009 9.0 7.876250000000001 1.2717543859649123 9.0 0.009999999999999787 0.14417910447761195 9.0 0.009999999999999787 0.32465 0.011055577299412915 
0.009999999999999787 1.2275527991954411 0.33107142857142857 0.009999999999999787 0.010000000000000009 0.010000000000000009 0.010000000000000009 0.27339122807017546 0.009999999999999787 9.0 0.01 9.0 9.0 1.3585 0.01 
0.009999999999999787 0.9638501508548445 3.702321428571428 0.009999999999999787 0.010000000000000009 2.0846153846153848 0.010000000000000009 0.16771929824561405 0.009999999999999787 9.0 0.01 0.009999999999999787 0.009999999999999787 0.4595 0.02196320939334638 
9.0 3.989649681528663 0.34391428571428573 0.009999999999999787 0.010000000000000009 8.308461538461538 0.010000000000000009 0.2197666666666667 9.0 9.0 0.01 9.0 0.009999999999999787 1.0888 0.051695303326810174 
0.009999999999999787 3.1864867582970167 1.6153571428571427 0.009999999999999787 0.010000000000000009 0.010000000000000009 2.2575 0.7985964912280702 0.009999999999999787 0.009999999999999787 0.8150746268656717 9.0 0.009999999999999787 0.01 0.07456614481409002 
9.0 0.8508347301374459 3.3282732142857143 0.009999999999999787 0.010000000000000009 6.9253846153846155 1.13375 0.11567192982456143 0.009999999999999787 0.009999999999999787 0.14417910447761195 0.009999999999999787 0.009999999999999787 0.3696 0.018796477495107634 
0.009999999999999787 0.9005615152531008 3.248005357142857 4.505 0.909 7.616923076923077 1.13375 0.4042982456140351 9.0 9.0 0.01 9.0 0.009999999999999787 1.1787 0.01 
0.009999999999999787 0.8131629232316464 3.220714285714285 4.505 0.909 0.010000000000000009 0.010000000000000009 0.7985964912280702 0.009999999999999787 9.0 0.01 9.0 9.0 0.1898 0.01 
0.009999999999999787 0.29781260476030846 0.03729107142857143 4.505 0.909 0.010000000000000009 0.010000000000000009 0.022617543859649127 9.0 9.0 0.01 9.0 0.009999999999999787 0.6393 0.1370211350293542 
0.009999999999999787 1.9433171304056325 0.9732142857142857 0.009999999999999787 0.010000000000000009 6.233846153846154 0.010000000000000009 0.24657894736842106 9.0 9.0 0.01 0.009999999999999787 0.009999999999999787 1.3585 0.021787279843444227 
0.009999999999999787 2.8594954743546763 2.0969642857142854 0.009999999999999787 0.010000000000000009 8.308461538461538 0.010000000000000009 0.04942982456140351 0.009999999999999787 9.0 0.01 0.009999999999999787 0.009999999999999787 2.0012849999999998 0.01 
0.009999999999999787 1.0271387864565877 0.18337857142857145 4.505 0.909 6.9253846153846155 0.010000000000000009 0.022617543859649127 0.009999999999999787 0.009999999999999787 0.14417910447761195 0.009999999999999787 0.009999999999999787 3.7857999999999996 0.020379843444227004 
0.009999999999999787 4.229242373449548 0.7324107142857142 0.009999999999999787 0.010000000000000009 2.0846153846153848 2.2575 0.24657894736842106 0.009999999999999787 9.0 0.01 9.0 0.009999999999999787 2.5271999999999997 0.01 
9.0 0.9638501508548445 1.9364285714285714 0.009999999999999787 0.010000000000000009 8.308461538461538 0.010000000000000009 0.7985964912280702 0.009999999999999787 0.009999999999999787 0.41253731343283584 9.0 0.009999999999999787 0.3696 0.17150332681017613 
0.009999999999999787 1.3028964130070402 0.14324464285714286 4.505 0.909 0.010000000000000009 0.010000000000000009 0.022617543859649127 9.0 0.009999999999999787 0.2783582089552239 9.0 0.009999999999999787 0.58536 0.011055577299412915 
9.0 1.277279584311096 0.2764892857142857 0.009999999999999787 0.010000000000000009 5.542307692307692 0.010000000000000009 0.14090701754385965 9.0 0.009999999999999787 0.14417910447761195 0.009999999999999787 0.009999999999999787 0.909 0.011935225048923678 
0.009999999999999787 4.505000000000001 2.7391071428571427 0.009999999999999787 0.010000000000000009 6.9253846153846155 1.13375 4.426140350877192 0.009999999999999787 0.009999999999999787 0.14417910447761195 0.009999999999999787 0.009999999999999787 0.40556 0.3618590998043053 
0.009999999999999787 1.328513241702984 0.19782678571428572 4.505 0.909 6.9253846153846155 1.13375 0.04942982456140351 9.0 9.0 0.01 9.0 0.009999999999999787 1.0888 0.010175929549902154 
0.009999999999999787 2.13167616493463 4.758646428571428 0.009999999999999787 0.010000000000000009 8.308461538461538 0.010000000000000009 1.5998105263157896 0.009999999999999787 0.009999999999999787 0.6808955223880597 0.009999999999999787 0.009999999999999787 0.76516 0.01 
0.009999999999999787 1.4279668119342945 4.0233928571428565 0.009999999999999787 0.010000000000000009 6.233846153846154 0.010000000000000009 0.28600877192982455 0.009999999999999787 9.0 0.01 0.009999999999999787 0.009999999999999787 1.1787 0.01 
0.009999999999999787 9.0 6.110357142857143 4.505 0.909 9.0 7.876250000000001 0.022617543859649127 9.0 0.009999999999999787 0.2783582089552239 9.0 0.009999999999999787 0.01 0.07175127201565558 
9.0 3.9278679182031517 2.0969642857142854 0.009999999999999787 0.010000000000000009 5.542307692307692 0.010000000000000009 0.16771929824561405 0.009999999999999787 0.009999999999999787 0.41253731343283584 0.009999999999999787 0.009999999999999787 0.661775 0.01 
9.0 6.852707006369427 5.307678571428571 0.009999999999999787 0.010000000000000009 5.542307692307692 0.010000000000000009 3.4798245614035084 0.009999999999999787 9.0 0.01 0.009999999999999787 0.009999999999999787 0.10439499999999999 1.867991976516634 
0.009999999999999787 1.9930439155212873 1.6153571428571427 0.009999999999999787 0.010000000000000009 6.233846153846154 0.010000000000000009 3.4798245614035084 0.009999999999999787 9.0 0.01 0.009999999999999787 0.009999999999999787 0.32465 0.01 
0.009999999999999787 0.8387797519275901 0.4113392857142857 4.505 0.909 0.010000000000000009 1.13375 0.4437280701754386 0.009999999999999787 0.009999999999999787 0.41253731343283584 0.009999999999999787 0.009999999999999787 0.6393 0.04694520547945206 
0.009999999999999787 0.7378193094200469 0.01 0.009999999999999787 0.010000000000000009 0.7015384615384616 0.010000000000000009 0.16771929824561405 9.0 9.0 0.01 9.0 0.009999999999999787 0.65728 0.01 
0.009999999999999787 1.152209185383842 3.702321428571428 0.009999999999999787 0.010000000000000009 2.0846153846153848 0.010000000000000009 0.14090701754385965 9.0 9.0 0.01 9.0 0.009999999999999787 0.01 0.01 
0.009999999999999787 0.8011079450217906 2.2575 0.009999999999999787 0.010000000000000009 0.010000000000000009 0.010000000000000009 0.5225877192982457 0.009999999999999787 0.009999999999999787 0.41253731343283584 9.0 0.009999999999999787 0.909 0.2547180039138943 
9.0 1.277279584311096 3.702321428571428 4.505 0.909 3.4676923076923076 1.13375 0.9563157894736842 9.0 9.0 0.01 0.009999999999999787 0.009999999999999787 0.09989999999999999 0.012814872798434442 
9.0 1.2531696278913849 0.26364642857142856 4.505 0.909 5.542307692307692 0.010000000000000009 0.4831578947368421 0.009999999999999787 0.009999999999999787 0.2783582089552239 0.009999999999999787 0.009999999999999787 0.3696 0.08037181996086105 
0.009999999999999787 2.55812101910828 1.2942857142857143 4.505 0.909 6.9253846153846155 0.010000000000000009 0.4831578947368421 9.0 9.0 0.01 0.009999999999999787 0.009999999999999787 0.5494 0.01 
0.009999999999999787 0.010000000000000231 2.2575 0.009999999999999787 0.010000000000000009 7.616923076923077 0.010000000000000009 0.3254385964912281 9.0 9.0 0.01 9.0 0.009999999999999787 2.707 0.01 
0.009999999999999787 0.6745306738183037 0.19782678571428572 0.009999999999999787 0.010000000000000009 9.0 7.876250000000001 0.010000000000000002 9.0 0.009999999999999787 0.41253731343283584 9.0 0.009999999999999787 1.58325 0.1452898238747554 
9.0 1.8182467314783777 0.4113392857142857 0.009999999999999787 0.010000000000000009 9.0 7.876250000000001 0.010000000000000002 9.0 0.009999999999999787 0.14417910447761195 9.0 0.009999999999999787 0.42353999999999997 0.06277886497064579 
0.009999999999999787 3.0357995306738186 5.307678571428571 4.505 0.909 0.010000000000000009 0.010000000000000009 1.2717543859649123 0.009999999999999787 9.0 0.01 9.0 0.009999999999999787 0.3696 0.01 
0.009999999999999787 2.873057324840765 1.695625 0.009999999999999787 0.010000000000000009 6.233846153846154 0.010000000000000009 0.036812280701754393 9.0 9.0 0.01 0.009999999999999787 0.009999999999999787 1.31355 0.011055577299412915 
0.009999999999999787 3.2618303721086157 0.05013392857142857 4.505 0.909 0.010000000000000009 0.010000000000000009 0.4831578947368421 9.0 9.0 0.01 0.009999999999999787 0.009999999999999787 1.05284 0.02988003913894325 
0.009999999999999787 0.4620616828695949 3.3009821428571424 0.009999999999999787 0.010000000000000009 0.010000000000000009 1.13375 0.3522508771929825 9.0 9.0 0.01 9.0 0.009999999999999787 1.4484 0.012287084148727985 
0.009999999999999787 3.6008766342608114 1.6153571428571427 0.009999999999999787 0.010000000000000009 6.9253846153846155 0.010000000000000009 1.1140350877192982 0.009999999999999787 0.009999999999999787 1.3517910447761194 0.009999999999999787 0.009999999999999787 0.01 0.01 
0.009999999999999787 2.270308414347973 0.3583625 4.505 0.909 0.010000000000000009 0.010000000000000009 0.022617543859649127 9.0 9.0 0.01 9.0 0.009999999999999787 0.77415 0.04149138943248532 
9.0 1.6042708682534363 0.1705357142857143 0.009999999999999787 0.010000000000000009 0.010000000000000009 1.13375 0.28600877192982455 0.009999999999999787 9.0 0.01 0.009999999999999787 0.009999999999999787 2.2170449999999997 0.01 
9.0 3.349228964130071 0.8126785714285714 0.009999999999999787 0.010000000000000009 2.0846153846153848 1.13375 0.07624210526315789 9.0 9.0 0.01 9.0 0.009999999999999787 1.1787 0.05327866927592955 
0.009999999999999787 2.647026483405968 1.7758928571428572 0.009999999999999787 0.010000000000000009 5.542307692307692 1.13375 1.7449122807017543 0.009999999999999787 0.009999999999999787 1.6201492537313433 0.009999999999999787 0.009999999999999787 1.84396 0.18592954990215266 
9.0 1.5033104257458936 0.8255214285714285 4.505 0.909 8.308461538461538 0.010000000000000009 0.08885964912280703 0.009999999999999787 9.0 0.01 0.009999999999999787 0.009999999999999787 1.67315 0.01 
9.0 0.335484411666108 3.060178571428571 0.009999999999999787 0.010000000000000009 8.308461538461538 0.010000000000000009 0.5620175438596491 9.0 0.009999999999999787 1.3517910447761194 0.009999999999999787 0.009999999999999787 0.01 0.011759295499021527 
9.0 2.3079802212537723 0.4514732142857143 0.009999999999999787 0.010000000000000009 6.233846153846154 1.13375 0.022617543859649127 9.0 0.009999999999999787 0.41253731343283584 9.0 0.009999999999999787 0.01 0.015805675146771038 
9.0 3.2618303721086157 1.6554910714285713 0.009999999999999787 0.010000000000000009 7.616923076923077 0.010000000000000009 1.5871929824561404 0.009999999999999787 9.0 0.01 0.009999999999999787 0.009999999999999787 0.01 0.7137181996086106 
9.0 2.030715722427087 1.214017857142857 0.009999999999999787 0.010000000000000009 0.010000000000000009 0.010000000000000009 0.08885964912280703 9.0 0.009999999999999787 0.14417910447761195 0.009999999999999787 0.009999999999999787 0.1898 0.037093150684931506 
0.009999999999999787 4.391984579282602 3.541785714285714 4.505 0.909 0.7015384615384616 0.010000000000000009 0.4831578947368421 0.009999999999999787 9.0 0.01 9.0 9.0 0.01 0.01 
0.009999999999999787 2.6846982903117675 0.8126785714285714 0.009999999999999787 0.010000000000000009 8.308461538461538 0.010000000000000009 0.5620175438596491 9.0 0.009999999999999787 0.2783582089552239 0.009999999999999787 0.009999999999999787 3.2463999999999995 0.01 
9.0 1.0271387864565877 3.755298214285714 0.009999999999999787 0.010000000000000009 3.4676923076923076 1.13375 0.036812280701754393 9.0 9.0 0.01 9.0 0.009999999999999787 1.4484 0.010879647749510763 
0.009999999999999787 2.2190747569560845 1.13375 0.009999999999999787 0.010000000000000009 0.010000000000000009 0.010000000000000009 0.062047368421052636 9.0 9.0 0.01 9.0 0.009999999999999787 0.98092 0.01 
0.009999999999999787 1.8935903452899767 0.2508035714285714 0.009999999999999787 0.010000000000000009 5.542307692307692 1.13375 0.062047368421052636 9.0 9.0 0.01 0.009999999999999787 0.009999999999999787 0.9989 0.054158317025440314 
0.009999999999999787 1.6163258464632921 4.130951785714285 0.009999999999999787 0.010000000000000009 6.9253846153846155 0.010000000000000009 0.16771929824561405 9.0 9.0 0.01 9.0 0.009999999999999787 0.01 0.010351859099804305 
0.009999999999999787 1.126592356687898 3.2335571428571424 0.009999999999999787 0.010000000000000009 6.9253846153846155 0.010000000000000009 0.022617543859649127 0.009999999999999787 0.009999999999999787 1.2176119402985075 9.0 0.009999999999999787 0.2797 0.07966810176125244 
0.009999999999999787 1.6419426751592359 0.33107142857142857 0.009999999999999787 0.010000000000000009 5.542307692307692 0.010000000000000009 0.5620175438596491 0.009999999999999787 9.0 0.01 0.009999999999999787 0.009999999999999787 1.2686 0.01 
0.009999999999999787 3.1744317800871613 1.7758928571428572 0.009999999999999787 0.010000000000000009 2.0846153846153848 2.2575 1.5871929824561404 9.0 9.0 0.01 9.0 0.009999999999999787 0.95395 0.13086360078277887 
9.0 0.8628897083473013 0.9732142857142857 0.009999999999999787 0.010000000000000009 8.308461538461538 0.010000000000000009 0.022617543859649127 0.009999999999999787 9.0 0.01 9.0 0.009999999999999787 0.4595 0.01 
9.0 1.6539976533690917 2.792083928571428 0.009999999999999787 0.010000000000000009 8.308461538461538 0.010000000000000009 0.4563456140350877 0.009999999999999787 9.0 0.01 9.0 0.009999999999999787 0.7292 0.0363894324853229 
9.0 3.9022510895072084 0.6649857142857143 4.505 0.909 5.542307692307692 1.13375 0.04942982456140351 0.009999999999999787 0.009999999999999787 3.0961194029850745 0.009999999999999787 0.009999999999999787 2.0552249999999996 0.22744892367906067 
0.009999999999999787 6.438317130405632 2.270342857142857 0.009999999999999787 0.010000000000000009 4.15923076923077 0.010000000000000009 4.426140350877192 0.009999999999999787 0.009999999999999787 0.8150746268656717 0.009999999999999787 0.009999999999999787 1.6281999999999999 0.24433816046966733 
9.0 2.972510895072075 0.4113392857142857 4.505 0.909 2.0846153846153848 1.13375 0.16771929824561405 9.0 9.0 0.01 0.009999999999999787 0.009999999999999787 0.7292 0.01 
0.009999999999999787 5.635154207173986 2.0969642857142854 0.009999999999999787 0.010000000000000009 3.4676923076923076 0.010000000000000009 1.9941087719298245 0.009999999999999787 0.009999999999999787 2.022686567164179 9.0 0.009999999999999787 0.01 1.9807628180039138 
0.009999999999999787 1.2275527991954411 0.49160714285714285 0.009999999999999787 0.010000000000000009 5.542307692307692 0.010000000000000009 0.7591666666666667 0.009999999999999787 0.009999999999999787 0.41253731343283584 0.009999999999999787 0.009999999999999787 0.01 0.11239099804305283 
0.009999999999999787 1.1401542071739863 3.3812499999999996 0.009999999999999787 0.010000000000000009 5.542307692307692 1.13375 0.4311105263157895 0.009999999999999787 9.0 0.01 9.0 0.009999999999999787 0.4595 0.01 
0.009999999999999787 4.015266510224607 0.3182285714285714 0.009999999999999787 0.010000000000000009 6.9253846153846155 0.010000000000000009 0.7985964912280702 0.009999999999999787 9.0 0.01 9.0 0.009999999999999787 2.30245 0.11555772994129158 
0.009999999999999787 2.482777405296681 0.2508035714285714 4.505 0.909 8.308461538461538 0.010000000000000009 1.1140350877192982 9.0 9.0 0.01 0.009999999999999787 0.009999999999999787 1.4484 0.01 
9.0 0.8011079450217906 3.3812499999999996 4.505 0.909 6.9253846153846155 1.13375 0.010000000000000002 9.0 9.0 0.01 0.009999999999999787 0.009999999999999787 0.70223 0.015629745596868885 
0.009999999999999787 1.830301709688234 0.5445839285714286 0.009999999999999787 0.010000000000000009 6.9253846153846155 1.13375 1.6140052631578947 0.009999999999999787 0.009999999999999787 1.2176119402985075 9.0 0.009999999999999787 1.803505 0.15549373776908024 
0.009999999999999787 1.5665990613476368 0.1304017857142857 0.009999999999999787 0.010000000000000009 4.15923076923077 0.010000000000000009 0.08885964912280703 0.009999999999999787 0.009999999999999787 0.41253731343283584 9.0 0.009999999999999787 1.1787 2.667943639921722 
9.0 0.1847971840429099 0.077425 0.009999999999999787 0.010000000000000009 8.308461538461538 0.010000000000000009 0.04942982456140351 9.0 9.0 0.01 9.0 0.009999999999999787 0.909 0.010175929549902154 
9.0 3.1111431444854176 0.30378035714285717 0.009999999999999787 0.010000000000000009 8.308461538461538 0.010000000000000009 0.24657894736842106 0.009999999999999787 0.009999999999999787 0.5467164179104478 9.0 0.009999999999999787 0.01 0.28849647749510765 
0.009999999999999787 2.2326366074421733 0.5991660714285714 0.009999999999999787 0.010000000000000009 0.010000000000000009 1.13375 1.3774263157894737 0.009999999999999787 9.0 0.01 9.0 0.009999999999999787 1.1787 0.04518590998043053 
0.009999999999999787 0.9894669795507882 0.3840482142857143 4.505 0.909 3.4676923076923076 0.010000000000000009 0.7985964912280702 0.009999999999999787 0.009999999999999787 0.14417910447761195 9.0 0.009999999999999787 0.8190999999999999 0.013518590998043053 
9.0 0.09739859202145507 0.1304017857142857 0.009999999999999787 0.010000000000000009 0.010000000000000009 0.010000000000000009 0.3254385964912281 9.0 9.0 0.01 9.0 0.009999999999999787 0.5494 0.013166731898238748 
0.009999999999999787 2.847440496144821 1.4548214285714285 0.009999999999999787 0.010000000000000009 8.308461538461538 0.010000000000000009 0.3254385964912281 0.009999999999999787 9.0 0.01 0.009999999999999787 0.009999999999999787 1.0888 0.01 
9.0 4.869663090848141 2.5785714285714283 0.009999999999999787 0.010000000000000009 7.616923076923077 2.2575 2.0603508771929824 0.009999999999999787 0.009999999999999787 0.8150746268656717 9.0 0.009999999999999787 1.695625 9.0 
0.009999999999999787 1.4038568555145834 3.9704160714285712 0.009999999999999787 0.010000000000000009 5.542307692307692 1.13375 0.5099701754385965 0.009999999999999787 9.0 0.01 0.009999999999999787 0.009999999999999787 0.5494 0.01 
0.009999999999999787 1.4279668119342945 0.4113392857142857 0.009999999999999787 0.010000000000000009 0.010000000000000009 0.010000000000000009 0.08885964912280703 9.0 9.0 0.01 9.0 0.009999999999999787 0.50445 0.01 
0.009999999999999787 1.3028964130070402 3.8628571428571425 0.009999999999999787 0.010000000000000009 0.010000000000000009 0.010000000000000009 0.6676894736842105 9.0 9.0 0.01 9.0 9.0 0.3696 0.01 
0.009999999999999787 5.070077103586994 2.7391071428571427 0.009999999999999787 0.010000000000000009 0.010000000000000009 1.13375 3.952982456140351 0.009999999999999787 0.009999999999999787 1.2176119402985075 9.0 0.009999999999999787 0.823595 0.3011634050880626 
0.009999999999999787 2.4586674488769704 4.986607142857142 0.009999999999999787 0.010000000000000009 0.010000000000000009 0.010000000000000009 0.16771929824561405 0.009999999999999787 9.0 0.01 9.0 0.009999999999999787 0.5494 0.01 
9.0 4.655687227623199 1.2942857142857143 0.009999999999999787 0.010000000000000009 2.7761538461538464 3.38125 0.010000000000000002 0.009999999999999787 9.0 0.01 9.0 0.009999999999999787 0.4595 0.17889236790606655 
0.009999999999999787 0.9638501508548445 3.1404464285714284 0.009999999999999787 0.010000000000000009 0.010000000000000009 0.010000000000000009 0.08885964912280703 0.009999999999999787 9.0 0.01 9.0 0.009999999999999787 0.6393 0.01 
0.009999999999999787 0.9141233657391892 0.2909375 4.505 0.909 0.010000000000000009 1.13375 0.08885964912280703 9.0 9.0 0.01 9.0 0.009999999999999787 1.2686 0.04588962818003914 
0.009999999999999787 2.7841518605430773 0.09026785714285714 0.009999999999999787 0.010000000000000009 2.0846153846153848 2.2575 1.2717543859649123 9.0 9.0 0.01 0.009999999999999787 9.0 1.8979 0.01 
0.009999999999999787 2.7841518605430773 0.8929464285714286 0.009999999999999787 0.010000000000000009 4.15923076923077 0.010000000000000009 1.3506140350877194 0.009999999999999787 0.009999999999999787 0.8150746268656717 9.0 0.009999999999999787 0.92698 0.01 
0.009999999999999787 0.5871320817968488 0.01 4.505 0.909 9.0 7.876250000000001 0.010000000000000002 9.0 0.009999999999999787 0.5467164179104478 9.0 0.009999999999999787 0.212275 0.010175929549902154 
0.009999999999999787 3.739508883674154 0.18337857142857145 4.505 0.909 8.308461538461538 0.010000000000000009 0.16771929824561405 0.009999999999999787 0.009999999999999787 0.41253731343283584 9.0 0.009999999999999787 0.909 0.18592954990215266 
0.009999999999999787 3.588821656050956 0.571875 0.009999999999999787 0.010000000000000009 3.4676923076923076 0.010000000000000009 0.16771929824561405 9.0 9.0 0.01 0.009999999999999787 0.009999999999999787 1.3585 0.010351859099804305 
0.009999999999999787 2.8594954743546763 0.035685714285714286 4.505 0.909 4.15923076923077 2.2575 0.022617543859649127 0.009999999999999787 0.009999999999999787 0.14417910447761195 0.009999999999999787 0.009999999999999787 1.2686 0.3618590998043053 
0.009999999999999787 5.910911833724438 2.1772321428571426 0.009999999999999787 0.010000000000000009 0.010000000000000009 1.13375 0.8380263157894737 0.009999999999999787 0.009999999999999787 1.4859701492537314 0.009999999999999787 0.009999999999999787 0.01 0.05996399217221135 
0.009999999999999787 5.183092524304392 2.4453267857142853 0.009999999999999787 0.010000000000000009 2.0846153846153848 2.2575 2.4026017543859646 0.009999999999999787 0.009999999999999787 2.022686567164179 0.009999999999999787 0.009999999999999787 0.01 0.8896477495107632 
9.0 1.1145373784780426 3.541785714285714 4.505 0.909 5.542307692307692 0.010000000000000009 0.9563157894736842 0.009999999999999787 9.0 0.01 0.009999999999999787 0.009999999999999787 1.21466 0.01 
0.009999999999999787 7.933134428427759 1.7758928571428572 0.009999999999999787 0.010000000000000009 7.616923076923077 5.62875 4.110701754385965 0.009999999999999787 0.009999999999999787 0.14417910447761195 0.009999999999999787 0.009999999999999787 0.01 0.01 
9.0 4.9193898759637955 2.5785714285714283 0.009999999999999787 0.010000000000000009 0.010000000000000009 0.010000000000000009 2.494078947368421 0.009999999999999787 0.009999999999999787 0.8150746268656717 0.009999999999999787 0.009999999999999787 0.01 0.23167123287671235 
0.009999999999999787 1.0648105933623873 3.902991071428571 0.009999999999999787 0.010000000000000009 0.010000000000000009 0.010000000000000009 1.0619877192982456 9.0 0.009999999999999787 0.2783582089552239 0.009999999999999787 0.009999999999999787 0.8190999999999999 0.04043581213307241 
9.0 1.540982232651693 0.6794339285714286 0.009999999999999787 0.010000000000000009 0.010000000000000009 1.13375 0.8774561403508772 0.009999999999999787 9.0 0.01 0.009999999999999787 0.009999999999999787 1.6281999999999999 0.010175929549902154 
0.009999999999999787 2.9107291317465647 1.3745535714285715 0.009999999999999787 0.010000000000000009 2.0846153846153848 2.2575 1.0351754385964913 0.009999999999999787 0.009999999999999787 0.2783582089552239 9.0 0.009999999999999787 1.24163 0.11731702544031311 
0.009999999999999787 7.582033188065707 3.541785714285714 0.009999999999999787 0.010000000000000009 7.616923076923077 5.62875 6.318771929824561 0.009999999999999787 0.009999999999999787 0.9492537313432836 0.009999999999999787 0.009999999999999787 0.10888999999999999 0.01 
9.0 2.345652028159572 3.8628571428571425 0.009999999999999787 0.010000000000000009 0.010000000000000009 0.010000000000000009 0.6408771929824562 0.009999999999999787 0.009999999999999787 0.14417910447761195 9.0 0.009999999999999787 0.9989 0.0133426614481409 
0.009999999999999787 2.4451055983908816 6.270892857142857 0.009999999999999787 0.010000000000000009 0.010000000000000009 0.010000000000000009 2.218070175438596 0.009999999999999787 0.009999999999999787 2.156865671641791 9.0 0.009999999999999787 0.01 0.8896477495107632 
9.0 0.14712537713711038 0.11755892857142856 0.009999999999999787 0.010000000000000009 9.0 7.876250000000001 0.010000000000000002 9.0 0.009999999999999787 0.14417910447761195 9.0 0.009999999999999787 0.7292 0.03216712328767123 
0.009999999999999787 4.982678511565539 1.13375 0.009999999999999787 0.010000000000000009 8.308461538461538 0.010000000000000009 1.1140350877192982 0.009999999999999787 9.0 0.01 9.0 9.0 1.04385 0.01 
0.009999999999999787 2.081949379818975 4.826071428571428 0.009999999999999787 0.010000000000000009 0.010000000000000009 1.13375 1.6928649122807018 0.009999999999999787 0.009999999999999787 1.4859701492537314 9.0 0.009999999999999787 0.01 0.4116471624266145 
9.0 2.546066040898425 1.9364285714285714 0.009999999999999787 0.010000000000000009 0.7015384615384616 0.010000000000000009 0.4042982456140351 9.0 9.0 0.01 9.0 0.009999999999999787 1.23264 0.01 
0.009999999999999787 3.9775947033188075 0.50445 0.009999999999999787 0.010000000000000009 2.0846153846153848 2.2575 1.1140350877192982 9.0 9.0 0.01 9.0 0.009999999999999787 0.98092 0.01 
9.0 1.830301709688234 0.10311071428571428 0.009999999999999787 0.010000000000000009 4.15923076923077 1.13375 0.04942982456140351 9.0 0.009999999999999787 0.14417910447761195 0.009999999999999787 0.009999999999999787 1.23264 0.029000391389432487 
0.009999999999999787 5.00678846798525 3.8628571428571425 0.009999999999999787 0.010000000000000009 4.15923076923077 0.010000000000000009 5.057017543859649 0.009999999999999787 9.0 0.01 9.0 9.0 0.50445 0.01 
0.009999999999999787 3.8389624539054648 1.6153571428571427 0.009999999999999787 0.010000000000000009 0.010000000000000009 0.010000000000000009 1.5871929824561404 0.009999999999999787 0.009999999999999787 0.9492537313432836 9.0 0.009999999999999787 0.01 0.5492240704500978 
0.009999999999999787 0.9382333221589003 3.3812499999999996 0.009999999999999787 0.010000000000000009 0.010000000000000009 0.010000000000000009 0.9563157894736842 0.009999999999999787 9.0 0.01 0.009999999999999787 0.009999999999999787 0.01 0.01 
9.0 3.9519778746228633 0.33107142857142857 0.009999999999999787 0.010000000000000009 2.0846153846153848 2.2575 0.7197368421052632 0.009999999999999787 9.0 0.01 0.009999999999999787 0.009999999999999787 0.01 0.06277886497064579 
0.009999999999999787 1.7926299027824344 0.2508035714285714 0.009999999999999787 0.010000000000000009 0.010000000000000009 1.13375 1.3506140350877194 0.009999999999999787 0.009999999999999787 0.41253731343283584 0.009999999999999787 0.009999999999999787 1.41244 0.0363894324853229 
0.009999999999999787 0.44849983238350655 1.7758928571428572 0.009999999999999787 0.010000000000000009 3.4676923076923076 0.010000000000000009 0.16771929824561405 0.009999999999999787 9.0 0.01 9.0 0.009999999999999787 0.3696 0.01 
0.009999999999999787 3.8389624539054648 1.066325 0.009999999999999787 0.010000000000000009 4.15923076923077 0.010000000000000009 1.1140350877192982 9.0 9.0 0.01 0.009999999999999787 9.0 1.808 0.01 
9.0 6.400645323499833 0.6521428571428571 0.009999999999999787 0.010000000000000009 9.0 7.876250000000001 2.0603508771929824 9.0 0.009999999999999787 0.14417910447761195 9.0 0.009999999999999787 0.01 0.011759295499021527 
0.009999999999999787 2.5957928260140797 1.13375 0.009999999999999787 0.010000000000000009 3.4676923076923076 0.010000000000000009 0.16771929824561405 9.0 9.0 0.01 0.009999999999999787 0.009999999999999787 1.05284 0.01 
9.0 3.588821656050956 0.5445839285714286 0.009999999999999787 0.010000000000000009 8.308461538461538 0.010000000000000009 0.08885964912280703 9.0 9.0 0.01 9.0 0.009999999999999787 0.01 0.07861252446183953 
9.0 0.1230154207173988 0.9330803571428571 0.009999999999999787 0.010000000000000009 5.542307692307692 0.010000000000000009 0.036812280701754393 9.0 9.0 0.01 9.0 0.009999999999999787 0.5494 0.01 
9.0 1.1401542071739863 0.26364642857142856 0.009999999999999787 0.010000000000000009 2.0846153846153848 0.010000000000000009 0.036812280701754393 9.0 9.0 0.01 9.0 0.009999999999999787 0.65728 0.01 
0.009999999999999787 1.3526231981226955 2.8996428571428567 0.009999999999999787 0.010000000000000009 8.308461538461538 0.010000000000000009 0.08885964912280703 9.0 9.0 0.01 0.009999999999999787 0.009999999999999787 0.01 0.01 
0.009999999999999787 3.890196111297352 0.27809464285714286 0.009999999999999787 0.010000000000000009 9.0 7.876250000000001 0.010000000000000002 0.009999999999999787 9.0 0.01 9.0 0.009999999999999787 0.59435 0.010175929549902154 
0.009999999999999787 0.926178343949045 0.49160714285714285 0.009999999999999787 0.010000000000000009 6.233846153846154 0.010000000000000009 0.4831578947368421 9.0 9.0 0.01 9.0 0.009999999999999787 0.68425 0.011407436399217222 
9.0 0.44849983238350655 0.1304017857142857 9.0 9.0 6.9253846153846155 7.876250000000001 3.1643859649122805 9.0 9.0 0.01 0.009999999999999787 9.0 1.3585 0.01 
9.0 0.8387797519275901 0.5991660714285714 0.009999999999999787 0.010000000000000009 5.542307692307692 0.010000000000000009 0.6676894736842105 0.009999999999999787 0.009999999999999787 0.6808955223880597 9.0 0.009999999999999787 0.9989 0.4503516634050881 
0.009999999999999787 1.4038568555145834 0.6521428571428571 0.009999999999999787 0.010000000000000009 7.616923076923077 6.7524999999999995 0.062047368421052636 9.0 0.009999999999999787 0.2783582089552239 9.0 0.009999999999999787 1.4484 0.23870841487279842 
0.009999999999999787 0.6504207173985925 2.0969642857142854 0.009999999999999787 0.010000000000000009 6.233846153846154 1.13375 0.470540350877193 0.009999999999999787 0.009999999999999787 0.9492537313432836 9.0 0.009999999999999787 0.3696 0.5296958904109589 
9.0 1.4159118337244387 0.571875 4.505 0.909 0.010000000000000009 0.010000000000000009 0.062047368421052636 9.0 9.0 0.01 9.0 0.009999999999999787 0.60334 0.01 
0.009999999999999787 8.787531009051293 5.7090178571428565 0.009999999999999787 0.010000000000000009 9.0 7.876250000000001 0.010000000000000002 0.009999999999999787 9.0 0.01 0.009999999999999787 0.009999999999999787 0.01 0.01 
9.0 1.9689339591015758 0.1304017857142857 0.009999999999999787 0.010000000000000009 5.542307692307692 0.010000000000000009 0.19453157894736842 0.009999999999999787 0.009999999999999787 0.5467164179104478 9.0 0.009999999999999787 0.3696 0.01 
0.009999999999999787 6.225848139456924 9.0 4.505 0.909 0.010000000000000009 0.010000000000000009 9.0 0.009999999999999787 0.009999999999999787 5.3771641791044775 9.0 0.009999999999999787 0.01 0.01263894324853229 
0.009999999999999787 0.6504207173985925 0.49160714285714285 4.505 0.909 6.9253846153846155 0.010000000000000009 0.6408771929824562 0.009999999999999787 9.0 0.01 0.009999999999999787 0.009999999999999787 0.4595 0.013518590998043053 
9.0 0.8628897083473013 0.1705357142857143 4.505 0.909 7.616923076923077 6.7524999999999995 0.3254385964912281 9.0 9.0 0.01 9.0 0.009999999999999787 1.1787 0.01 
0.009999999999999787 2.49633925578277 0.2764892857142857 0.009999999999999787 0.010000000000000009 6.9253846153846155 0.010000000000000009 0.4311105263157895 0.009999999999999787 0.009999999999999787 1.0834328358208956 0.009999999999999787 0.009999999999999787 1.371985 0.5888082191780822 
0.009999999999999787 1.5786540395574926 0.11755892857142856 0.009999999999999787 0.010000000000000009 3.4676923076923076 1.13375 1.1140350877192982 9.0 9.0 0.01 0.009999999999999787 0.009999999999999787 1.5383 0.01 
0.009999999999999787 2.998127723768019 1.0936160714285714 0.009999999999999787 0.010000000000000009 0.010000000000000009 1.13375 2.6249859649122804 9.0 9.0 0.01 0.009999999999999787 0.009999999999999787 0.01 0.01 
0.009999999999999787 2.696753268521623 0.8126785714285714 4.505 0.909 6.233846153846154 0.010000000000000009 2.218070175438596 9.0 9.0 0.01 0.009999999999999787 0.009999999999999787 1.2686 0.01 
0.009999999999999787 1.6796144820650354 0.50445 0.009999999999999787 0.010000000000000009 6.233846153846154 0.010000000000000009 0.04942982456140351 9.0 9.0 0.01 9.0 0.009999999999999787 0.4595 0.01 
9.0 1.1145373784780426 2.7262642857142856 4.505 0.909 6.9253846153846155 0.010000000000000009 0.7859789473684211 9.0 9.0 0.01 9.0 0.009999999999999787 0.74718 0.01 
9.0 0.612748910492793 1.7486017857142857 0.009999999999999787 0.010000000000000009 2.0846153846153848 1.13375 0.10147719298245614 9.0 9.0 0.01 9.0 0.009999999999999787 0.3696 0.09514990215264187 
0.009999999999999787 1.4912554475360378 3.8628571428571425 0.009999999999999787 0.010000000000000009 3.4676923076923076 0.010000000000000009 0.7197368421052632 0.009999999999999787 0.009999999999999787 0.2783582089552239 0.009999999999999787 0.009999999999999787 0.5494 0.010879647749510763 
9.0 0.49973348977539445 2.979910714285714 0.009999999999999787 0.010000000000000009 5.542307692307692 0.010000000000000009 0.39168070175438596 0.009999999999999787 0.009999999999999787 0.5467164179104478 9.0 0.009999999999999787 0.2797 0.10500195694716243 
0.009999999999999787 0.6368588669125042 3.514494642857142 0.009999999999999787 0.010000000000000009 0.010000000000000009 2.2575 0.19453157894736842 9.0 0.009999999999999787 0.2783582089552239 0.009999999999999787 0.009999999999999787 0.909 0.011231506849315068 
0.009999999999999787 1.1898809922896416 0.2508035714285714 0.009999999999999787 0.010000000000000009 4.15923076923077 0.010000000000000009 0.16771929824561405 0.009999999999999787 9.0 0.01 0.009999999999999787 9.0 1.4484 0.01 
0.009999999999999787 2.407433791485082 0.49160714285714285 4.505 0.909 6.233846153846154 0.010000000000000009 0.022617543859649127 9.0 9.0 0.01 9.0 9.0 0.7292 0.01 
0.009999999999999787 3.9278679182031517 1.3071285714285714 0.009999999999999787 0.010000000000000009 6.9253846153846155 1.13375 2.218070175438596 0.009999999999999787 0.009999999999999787 1.0834328358208956 9.0 0.009999999999999787 1.4484 0.01 
0.009999999999999787 1.277279584311096 0.27809464285714286 0.009999999999999787 0.010000000000000009 2.0846153846153848 1.13375 0.036812280701754393 9.0 9.0 0.01 0.009999999999999787 0.009999999999999787 0.9989 0.010879647749510763 
9.0 2.056332551123031 1.214017857142857 0.009999999999999787 0.010000000000000009 0.010000000000000009 0.010000000000000009 0.3522508771929825 0.009999999999999787 0.009999999999999787 0.14417910447761195 0.009999999999999787 0.009999999999999787 1.677645 0.01 
0.009999999999999787 2.2190747569560845 0.6649857142857143 4.505 0.909 6.9253846153846155 1.13375 0.022617543859649127 9.0 9.0 0.01 9.0 0.009999999999999787 0.58536 0.010175929549902154 
0.009999999999999787 0.8387797519275901 1.708467857142857 0.009999999999999787 0.010000000000000009 5.542307692307692 0.010000000000000009 0.12828947368421054 0.009999999999999787 0.009999999999999787 0.14417910447761195 9.0 0.009999999999999787 0.7292 0.01 
0.009999999999999787 0.4741166610794503 0.06297678571428571 0.009999999999999787 0.010000000000000009 0.7015384615384616 0.010000000000000009 0.08885964912280703 9.0 9.0 0.01 0.009999999999999787 9.0 1.2686 0.01 
9.0 2.0186607442172315 0.33107142857142857 0.009999999999999787 0.010000000000000009 5.542307692307692 0.010000000000000009 0.3254385964912281 0.009999999999999787 0.009999999999999787 0.2783582089552239 0.009999999999999787 0.009999999999999787 0.760665 0.09796477495107632 
9.0 3.563204827355012 0.49160714285714285 0.009999999999999787 0.010000000000000009 9.0 7.876250000000001 0.010000000000000002 9.0 9.0 0.01 9.0 0.009999999999999787 0.35162 0.01 
0.009999999999999787 1.7429031176667786 0.571875 4.505 0.909 0.010000000000000009 0.010000000000000009 0.3254385964912281 0.009999999999999787 0.009999999999999787 0.6808955223880597 0.009999999999999787 0.009999999999999787 0.7292 1.0263450097847358 
0.009999999999999787 2.8851123030506205 0.9732142857142857 0.009999999999999787 0.010000000000000009 6.9253846153846155 1.13375 2.348977192982456 0.009999999999999787 9.0 0.01 0.009999999999999787 0.009999999999999787 0.01 0.01 
0.009999999999999787 1.66755950385518 0.27809464285714286 0.009999999999999787 0.010000000000000009 6.9253846153846155 0.010000000000000009 0.3774859649122807 9.0 9.0 0.01 9.0 0.009999999999999787 0.4595 0.01 
0.009999999999999787 1.2652246061012407 0.8929464285714286 0.009999999999999787 0.010000000000000009 9.0 7.876250000000001 1.4294736842105265 9.0 9.0 0.01 9.0 0.009999999999999787 0.7292 0.014398238747553816 
0.009999999999999787 5.534193764666444 0.9732142857142857 4.505 0.909 9.0 7.876250000000001 0.4831578947368421 9.0 9.0 0.01 9.0 0.009999999999999787 0.8190999999999999 0.01070371819960861 
9.0 1.1145373784780426 2.7391071428571427 0.009999999999999787 0.010000000000000009 5.542307692307692 0.010000000000000009 0.5620175438596491 0.009999999999999787 0.009999999999999787 1.3517910447761194 9.0 0.009999999999999787 0.3696 0.18417025440313112 
0.009999999999999787 1.201935970499497 0.8126785714285714 0.009999999999999787 0.010000000000000009 9.0 7.876250000000001 0.036812280701754393 9.0 9.0 0.01 0.009999999999999787 0.009999999999999787 0.4595 0.7503115459882583 
9.0 5.684880992289642 4.826071428571428 0.009999999999999787 0.010000000000000009 0.010000000000000009 0.010000000000000009 1.7449122807017543 0.009999999999999787 0.009999999999999787 1.8885074626865672 9.0 0.009999999999999787 0.01 0.39704500978473584 
0.009999999999999787 1.2154978209855853 0.01 0.009999999999999787 0.010000000000000009 6.9253846153846155 0.010000000000000009 0.036812280701754393 0.009999999999999787 9.0 0.01 9.0 0.009999999999999787 0.01 0.01 
0.009999999999999787 5.044460274891049 2.0969642857142854 0.009999999999999787 0.010000000000000009 5.542307692307692 1.13375 1.9026315789473685 0.009999999999999787 9.0 0.01 0.009999999999999787 0.009999999999999787 1.58325 0.01 
0.009999999999999787 2.722370097217567 0.33107142857142857 0.009999999999999787 0.010000000000000009 6.9253846153846155 0.010000000000000009 0.24657894736842106 0.009999999999999787 0.009999999999999787 0.9492537313432836 0.009999999999999787 0.009999999999999787 1.5383 0.7262091976516634 
9.0 8.0717666778411 4.826071428571428 0.009999999999999787 0.010000000000000009 7.616923076923077 5.62875 0.010000000000000002 0.009999999999999787 0.009999999999999787 1.8885074626865672 9.0 0.009999999999999787 0.01 0.6039381604696673 
0.009999999999999787 0.6368588669125042 3.060178571428571 0.009999999999999787 0.010000000000000009 5.542307692307692 0.010000000000000009 0.3254385964912281 0.009999999999999787 9.0 0.01 0.009999999999999787 0.009999999999999787 0.2797 0.08037181996086105 
9.0 2.0442775729131757 0.34391428571428573 0.009999999999999787 0.010000000000000009 0.010000000000000009 0.010000000000000009 0.7985964912280702 0.009999999999999787 0.009999999999999787 0.6808955223880597 0.009999999999999787 0.009999999999999787 1.3585 0.2615792563600783 
0.009999999999999787 3.8389624539054648 0.49160714285714285 0.009999999999999787 0.010000000000000009 2.0846153846153848 2.2575 0.010000000000000002 9.0 9.0 0.01 9.0 9.0 1.3585 0.01 
0.009999999999999787 2.13167616493463 4.183928571428571 0.009999999999999787 0.010000000000000009 0.7015384615384616 1.13375 0.16771929824561405 9.0 9.0 0.01 9.0 0.009999999999999787 1.03486 0.01 
0.009999999999999787 1.277279584311096 0.5847178571428572 0.009999999999999787 0.010000000000000009 0.010000000000000009 0.010000000000000009 0.18033684210526318 9.0 9.0 0.01 0.009999999999999787 0.009999999999999787 0.62132 0.010175929549902154 
9.0 1.8935903452899767 0.49160714285714285 0.009999999999999787 0.010000000000000009 4.15923076923077 0.010000000000000009 0.6408771929824562 0.009999999999999787 9.0 0.01 9.0 9.0 1.6641599999999999 0.01 
9.0 6.325301709688234 6.270892857142857 0.009999999999999787 0.010000000000000009 0.010000000000000009 0.010000000000000009 1.7449122807017543 0.009999999999999787 0.009999999999999787 0.9492537313432836 9.0 0.009999999999999787 0.01 0.5377886497064579 
0.009999999999999787 1.2275527991954411 1.2942857142857143 0.009999999999999787 0.010000000000000009 0.010000000000000009 2.2575 0.08885964912280703 0.009999999999999787 9.0 0.01 0.009999999999999787 0.009999999999999787 0.7292 0.01 
0.009999999999999787 4.17800871605766 0.4113392857142857 0.009999999999999787 0.010000000000000009 4.15923076923077 0.010000000000000009 4.386710526315789 9.0 0.009999999999999787 0.14417910447761195 0.009999999999999787 0.009999999999999787 1.5922399999999999 0.029704109589041093 
9.0 2.7344250754274224 0.8126785714285714 4.505 0.909 0.010000000000000009 0.010000000000000009 0.7985964912280702 9.0 9.0 0.01 0.009999999999999787 0.009999999999999787 0.01 0.010351859099804305 
0.009999999999999787 4.96911666107945 1.9492714285714285 0.009999999999999787 0.010000000000000009 3.4676923076923076 0.010000000000000009 0.022617543859649127 9.0 9.0 0.01 9.0 0.009999999999999787 0.01 0.4832504892367906 
9.0 6.12488769694938 2.283185714285714 0.009999999999999787 0.010000000000000009 3.4676923076923076 1.13375 2.1392105263157895 0.009999999999999787 0.009999999999999787 0.41253731343283584 0.009999999999999787 0.009999999999999787 0.4595 0.018796477495107634 
9.0 1.3526231981226955 0.1705357142857143 0.009999999999999787 0.010000000000000009 5.542307692307692 1.13375 0.4042982456140351 0.009999999999999787 0.009999999999999787 0.14417910447761195 9.0 0.009999999999999787 0.01 0.1292802348336595 
0.009999999999999787 0.5238434461951056 1.843317857142857 0.009999999999999787 0.010000000000000009 0.7015384615384616 0.010000000000000009 0.18033684210526318 9.0 9.0 0.01 9.0 0.009999999999999787 0.5494 0.01 
0.009999999999999787 3.890196111297352 0.1705357142857143 4.505 0.909 4.15923076923077 0.010000000000000009 0.16771929824561405 9.0 9.0 0.01 0.009999999999999787 0.009999999999999787 0.59435 0.01 
0.009999999999999787 5.623099228964131 0.49160714285714285 0.009999999999999787 0.010000000000000009 0.7015384615384616 0.010000000000000009 1.1928947368421052 9.0 9.0 0.01 0.009999999999999787 0.009999999999999787 0.01 0.07157534246575342 
9.0 0.8508347301374459 3.3009821428571424 0.009999999999999787 0.010000000000000009 5.542307692307692 0.010000000000000009 0.23396140350877193 0.009999999999999787 0.009999999999999787 0.2783582089552239 0.009999999999999787 0.009999999999999787 0.23025500000000002 0.01 
0.009999999999999787 1.0512487428762989 0.7597017857142857 0.009999999999999787 0.010000000000000009 3.4676923076923076 0.010000000000000009 0.24657894736842106 9.0 9.0 0.01 9.0 0.009999999999999787 0.8190999999999999 0.01 
9.0 0.5615152531009051 1.427530357142857 4.505 0.909 0.010000000000000009 1.13375 0.9563157894736842 0.009999999999999787 9.0 0.01 9.0 0.009999999999999787 1.0888 0.01 
0.009999999999999787 0.1350703989272546 1.0133482142857142 0.009999999999999787 0.010000000000000009 6.233846153846154 0.010000000000000009 0.036812280701754393 9.0 0.009999999999999787 0.14417910447761195 9.0 0.009999999999999787 0.01 0.011055577299412915 
0.009999999999999787 2.546066040898425 0.571875 4.505 0.909 7.616923076923077 1.13375 0.022617543859649127 0.009999999999999787 9.0 0.01 0.009999999999999787 0.009999999999999787 1.776535 0.01 
0.009999999999999787 5.458850150854844 3.220714285714285 0.009999999999999787 0.010000000000000009 2.0846153846153848 2.2575 0.010000000000000002 0.009999999999999787 0.009999999999999787 1.4859701492537314 9.0 0.009999999999999787 0.01 0.22973600782778866 
9.0 0.410828025477707 3.541785714285714 0.009999999999999787 0.010000000000000009 6.9253846153846155 1.13375 0.3254385964912281 0.009999999999999787 0.009999999999999787 1.4859701492537314 9.0 0.009999999999999787 0.01 0.5377886497064579 
0.009999999999999787 3.198541736506873 1.2268607142857142 0.009999999999999787 0.010000000000000009 6.233846153846154 0.010000000000000009 0.3774859649122807 0.009999999999999787 9.0 0.01 0.009999999999999787 0.009999999999999787 0.909 0.01 
0.009999999999999787 1.7429031176667786 0.8801035714285714 4.505 0.909 6.9253846153846155 0.010000000000000009 1.6660526315789475 0.009999999999999787 0.009999999999999787 0.14417910447761195 9.0 0.009999999999999787 0.958445 0.01 
0.009999999999999787 3.6264934629567556 0.5317410714285714 0.009999999999999787 0.010000000000000009 0.010000000000000009 0.010000000000000009 0.4831578947368421 0.009999999999999787 0.009999999999999787 1.3517910447761194 9.0 0.009999999999999787 0.84607 0.8368688845401174 
0.009999999999999787 1.5289272544418373 0.33107142857142857 0.009999999999999787 0.010000000000000009 8.308461538461538 0.010000000000000009 0.16771929824561405 9.0 9.0 0.01 9.0 0.009999999999999787 0.909 0.01 
9.0 4.667742205833054 0.9732142857142857 0.009999999999999787 0.010000000000000009 0.010000000000000009 0.010000000000000009 0.7591666666666667 0.009999999999999787 0.009999999999999787 1.0834328358208956 0.009999999999999787 0.009999999999999787 1.79002 0.7416909980430528 
9.0 2.030715722427087 1.1465928571428572 0.009999999999999787 0.010000000000000009 2.0846153846153848 2.2575 0.16771929824561405 0.009999999999999787 9.0 0.01 0.009999999999999787 0.009999999999999787 0.778645 0.01 
0.009999999999999787 4.21568052296346 0.1304017857142857 4.505 0.909 0.010000000000000009 0.010000000000000009 0.12828947368421054 0.009999999999999787 0.009999999999999787 1.0834328358208956 0.009999999999999787 0.009999999999999787 1.3585 0.038500587084148725 
0.009999999999999787 3.6762202480724104 1.3745535714285715 0.009999999999999787 0.010000000000000009 0.010000000000000009 2.2575 2.0603508771929824 0.009999999999999787 0.009999999999999787 2.156865671641791 9.0 0.009999999999999787 0.535915 0.2228747553816047 
0.009999999999999787 6.715581629232317 0.50445 0.009999999999999787 0.010000000000000009 5.542307692307692 0.010000000000000009 0.04942982456140351 0.009999999999999787 9.0 0.01 0.009999999999999787 0.009999999999999787 1.1787 0.01 
0.009999999999999787 4.354312772376803 0.6521428571428571 0.009999999999999787 0.010000000000000009 4.15923076923077 0.010000000000000009 0.5620175438596491 0.009999999999999787 0.009999999999999787 0.2783582089552239 0.009999999999999787 0.009999999999999787 0.01 0.01263894324853229 
0.009999999999999787 0.5615152531009051 0.14324464285714286 4.505 0.909 0.010000000000000009 0.010000000000000009 0.062047368421052636 9.0 0.009999999999999787 0.14417910447761195 9.0 0.009999999999999787 0.909 0.010175929549902154 
0.009999999999999787 1.4912554475360378 4.0233928571428565 0.009999999999999787 0.010000000000000009 8.308461538461538 0.010000000000000009 0.9563157894736842 0.009999999999999787 9.0 0.01 0.009999999999999787 9.0 0.09989999999999999 0.01 
9.0 0.10945357023131086 2.4581696428571425 0.009999999999999787 0.010000000000000009 5.542307692307692 0.010000000000000009 0.04942982456140351 9.0 0.009999999999999787 0.14417910447761195 0.009999999999999787 0.009999999999999787 0.01 0.038148727984344426 
9.0 1.1778260140797858 0.4113392857142857 0.009999999999999787 0.010000000000000009 5.542307692307692 0.010000000000000009 0.08885964912280703 9.0 9.0 0.01 0.009999999999999787 0.009999999999999787 0.5494 0.1523270058708415 
0.009999999999999787 1.0512487428762989 3.541785714285714 0.009999999999999787 0.010000000000000009 6.9253846153846155 0.010000000000000009 0.2197666666666667 0.009999999999999787 9.0 0.01 9.0 0.009999999999999787 0.4595 0.01 
0.009999999999999787 0.537405296681194 1.6153571428571427 0.009999999999999787 0.010000000000000009 5.542307692307692 0.010000000000000009 0.12828947368421054 0.009999999999999787 0.009999999999999787 0.2783582089552239 9.0 0.009999999999999787 0.01 0.0166853228962818 
0.009999999999999787 2.1572929936305743 0.4113392857142857 0.009999999999999787 0.010000000000000009 6.233846153846154 0.010000000000000009 0.5620175438596491 9.0 9.0 0.01 9.0 0.009999999999999787 0.909 0.01 
0.009999999999999787 0.7378193094200469 0.4113392857142857 4.505 0.909 3.4676923076923076 0.010000000000000009 0.04942982456140351 9.0 9.0 0.01 9.0 0.009999999999999787 0.6393 0.01070371819960861 
0.009999999999999787 0.16068722762319831 0.022842857142857144 0.009999999999999787 0.010000000000000009 0.010000000000000009 0.010000000000000009 0.022617543859649127 9.0 9.0 0.01 9.0 0.009999999999999787 0.01 0.01 
0.009999999999999787 4.96911666107945 1.214017857142857 0.009999999999999787 0.010000000000000009 2.0846153846153848 2.2575 0.3254385964912281 9.0 9.0 0.01 9.0 0.009999999999999787 0.4595 0.010351859099804305 
0.009999999999999787 3.1744317800871613 0.14485 4.505 0.909 6.233846153846154 0.010000000000000009 0.10147719298245614 9.0 9.0 0.01 0.009999999999999787 0.009999999999999787 1.398955 0.010351859099804305 
0.009999999999999787 4.165953737847805 1.3215767857142857 0.009999999999999787 0.010000000000000009 8.308461538461538 0.010000000000000009 0.022617543859649127 9.0 9.0 0.01 9.0 0.009999999999999787 0.49546 0.027592954990215267 
0.009999999999999787 1.1642641635936974 0.9732142857142857 0.009999999999999787 0.010000000000000009 4.15923076923077 0.010000000000000009 0.41691578947368424 0.009999999999999787 0.009999999999999787 0.14417910447761195 9.0 0.009999999999999787 1.1787 0.15074363992172213 
9.0 3.0237445524639632 1.214017857142857 0.009999999999999787 0.010000000000000009 9.0 7.876250000000001 0.010000000000000002 9.0 0.009999999999999787 0.8150746268656717 9.0 0.009999999999999787 0.01 0.04518590998043053 
9.0 4.630070398927255 3.3812499999999996 0.009999999999999787 0.010000000000000009 5.542307692307692 0.010000000000000009 1.5871929824561404 0.009999999999999787 0.009999999999999787 0.9492537313432836 0.009999999999999787 0.009999999999999787 0.01 0.01 
0.009999999999999787 3.9022510895072084 0.022842857142857144 0.009999999999999787 0.010000000000000009 7.616923076923077 0.010000000000000009 0.022617543859649127 9.0 0.009999999999999787 0.14417910447761195 9.0 9.0 2.5271999999999997 0.01 
0.009999999999999787 3.0237445524639632 1.4548214285714285 0.009999999999999787 0.010000000000000009 6.9253846153846155 1.13375 1.8237719298245614 9.0 9.0 0.01 0.009999999999999787 9.0 3.205945 0.01 
9.0 1.4535836406302383 0.9732142857142857 0.009999999999999787 0.010000000000000009 5.542307692307692 1.13375 0.5888298245614035 0.009999999999999787 0.009999999999999787 2.5594029850746267 9.0 0.009999999999999787 0.01 0.09796477495107632 
0.009999999999999787 0.6624756956084479 3.0874696428571426 0.009999999999999787 0.010000000000000009 8.308461538461538 0.010000000000000009 0.2591964912280702 9.0 9.0 0.01 9.0 0.009999999999999787 0.3696 0.07157534246575342 
9.0 1.4535836406302383 4.397441071428571 0.009999999999999787 0.010000000000000009 5.542307692307692 1.13375 0.4831578947368421 9.0 9.0 0.01 9.0 0.009999999999999787 1.2686 0.010175929549902154 
0.009999999999999787 3.5375879986590686 1.0807732142857143 0.009999999999999787 0.010000000000000009 6.233846153846154 0.010000000000000009 1.2717543859649123 0.009999999999999787 0.009999999999999787 1.8885074626865672 9.0 0.009999999999999787 1.731585 0.24644931506849316 
0.009999999999999787 4.241297351659404 0.9732142857142857 0.009999999999999787 0.010000000000000009 5.542307692307692 1.13375 1.9026315789473685 0.009999999999999787 0.009999999999999787 1.4859701492537314 9.0 0.009999999999999787 0.3696 0.01 
0.009999999999999787 2.972510895072075 0.8126785714285714 4.505 0.909 6.233846153846154 0.010000000000000009 0.9563157894736842 9.0 9.0 0.01 9.0 9.0 0.909 0.01 
0.009999999999999787 2.181402950050285 1.4548214285714285 0.009999999999999787 0.010000000000000009 6.233846153846154 0.010000000000000009 2.3757894736842102 0.009999999999999787 0.009999999999999787 0.2783582089552239 0.009999999999999787 0.009999999999999787 1.49335 0.01 
9.0 1.516872276231982 0.9330803571428571 0.009999999999999787 0.010000000000000009 6.9253846153846155 1.13375 0.28600877192982455 0.009999999999999787 9.0 0.01 9.0 0.009999999999999787 1.6281999999999999 0.01 
0.009999999999999787 0.6504207173985925 2.337767857142857 0.009999999999999787 0.010000000000000009 4.15923076923077 0.010000000000000009 0.022617543859649127 9.0 0.009999999999999787 0.14417910447761195 9.0 0.009999999999999787 0.4595 0.010175929549902154 
9.0 1.1898809922896416 0.5991660714285714 0.009999999999999787 0.010000000000000009 2.7761538461538464 3.38125 0.010000000000000002 9.0 0.009999999999999787 0.14417910447761195 9.0 0.009999999999999787 0.909 0.01932426614481409 
9.0 1.5545440831377815 0.37120535714285713 0.009999999999999787 0.010000000000000009 5.542307692307692 0.010000000000000009 0.41691578947368424 0.009999999999999787 0.009999999999999787 0.2783582089552239 9.0 0.009999999999999787 0.909 0.01 
9.0 0.926178343949045 0.7597017857142857 0.009999999999999787 0.010000000000000009 2.0846153846153848 2.2575 0.16771929824561405 0.009999999999999787 0.009999999999999787 0.5467164179104478 9.0 9.0 0.3696 0.01 
0.009999999999999787 3.739508883674154 2.0038535714285715 0.009999999999999787 0.010000000000000009 5.542307692307692 0.010000000000000009 0.022617543859649127 0.009999999999999787 0.009999999999999787 0.14417910447761195 9.0 0.009999999999999787 0.909 0.06277886497064579 
0.009999999999999787 4.0529383171304065 0.07581964285714285 0.009999999999999787 0.010000000000000009 2.0846153846153848 1.13375 1.626622807017544 0.009999999999999787 9.0 0.01 9.0 0.009999999999999787 1.808 0.01 
0.009999999999999787 1.8935903452899767 0.6521428571428571 0.009999999999999787 0.010000000000000009 6.9253846153846155 1.13375 0.3254385964912281 0.009999999999999787 0.009999999999999787 0.5467164179104478 9.0 0.009999999999999787 0.6393 1.3372125244618396 
9.0 0.6745306738183037 0.2235125 4.505 0.909 0.010000000000000009 0.010000000000000009 0.3254385964912281 9.0 0.009999999999999787 0.14417910447761195 9.0 0.009999999999999787 9.0 0.010351859099804305 
9.0 4.379929601072746 2.149941071428571 0.009999999999999787 0.010000000000000009 5.542307692307692 0.010000000000000009 2.336359649122807 0.009999999999999787 0.009999999999999787 0.41253731343283584 0.009999999999999787 0.009999999999999787 0.01 0.01 
0.009999999999999787 1.7549580958766349 0.37120535714285713 0.009999999999999787 0.010000000000000009 6.9253846153846155 1.13375 0.4042982456140351 0.009999999999999787 9.0 0.01 9.0 0.009999999999999787 0.01 0.9420747553816047 
0.009999999999999787 1.516872276231982 1.13375 0.009999999999999787 0.010000000000000009 6.9253846153846155 0.010000000000000009 0.20714912280701755 0.009999999999999787 0.009999999999999787 0.9492537313432836 9.0 0.009999999999999787 0.01 1.2518866927592955 
9.0 1.5289272544418373 4.3444642857142854 4.505 0.909 9.0 7.876250000000001 0.6408771929824562 9.0 0.009999999999999787 0.14417910447761195 0.009999999999999787 0.009999999999999787 0.909 0.010175929549902154 
9.0 3.2618303721086157 1.5222464285714286 0.009999999999999787 0.010000000000000009 9.0 7.876250000000001 0.010000000000000002 9.0 9.0 0.01 9.0 0.009999999999999787 0.7292 0.01 
9.0 3.412517599731814 1.7758928571428572 0.009999999999999787 0.010000000000000009 5.542307692307692 0.010000000000000009 0.04942982456140351 0.009999999999999787 9.0 0.01 0.009999999999999787 0.009999999999999787 1.03486 0.01 
0.009999999999999787 4.0529383171304065 3.153289285714285 0.009999999999999787 0.010000000000000009 6.9253846153846155 1.13375 2.5208912280701754 0.009999999999999787 0.009999999999999787 1.0834328358208956 9.0 0.009999999999999787 0.01 0.01 
0.009999999999999787 3.1111431444854176 0.7853875 0.009999999999999787 0.010000000000000009 6.233846153846154 0.010000000000000009 0.04942982456140351 9.0 0.009999999999999787 0.2783582089552239 9.0 0.009999999999999787 0.9989 0.010175929549902154 
9.0 0.7498742876299027 0.4113392857142857 0.009999999999999787 0.010000000000000009 0.010000000000000009 0.010000000000000009 0.010000000000000002 9.0 9.0 0.01 9.0 0.009999999999999787 0.01 0.01 
9.0 5.5854274220583315 0.01 4.505 0.909 9.0 7.876250000000001 0.010000000000000002 9.0 9.0 0.01 9.0 0.009999999999999787 0.01 0.01 
0.009999999999999787 1.277279584311096 0.15769285714285716 4.505 0.909 6.233846153846154 0.010000000000000009 0.8380263157894737 0.009999999999999787 0.009999999999999787 0.8150746268656717 0.009999999999999787 0.009999999999999787 0.94496 0.07104755381604697 
0.009999999999999787 3.0357995306738186 1.0261910714285714 0.009999999999999787 0.010000000000000009 6.9253846153846155 1.13375 1.1928947368421052 0.009999999999999787 9.0 0.01 0.009999999999999787 0.009999999999999787 3.0665999999999998 0.01 
0.009999999999999787 0.8387797519275901 0.14324464285714286 0.009999999999999787 0.010000000000000009 0.010000000000000009 0.010000000000000009 0.04942982456140351 9.0 9.0 0.01 9.0 0.009999999999999787 0.01 0.017740900195694714 
9.0 1.1898809922896416 3.7825892857142853 0.009999999999999787 0.010000000000000009 6.9253846153846155 1.13375 0.16771929824561405 0.009999999999999787 0.009999999999999787 0.2783582089552239 0.009999999999999787 0.009999999999999787 1.3585 0.1069371819960861 
9.0 1.1401542071739863 0.2508035714285714 0.009999999999999787 0.010000000000000009 0.010000000000000009 0.010000000000000009 0.6408771929824562 9.0 0.009999999999999787 0.2783582089552239 0.009999999999999787 0.009999999999999787 0.909 0.07931624266144813 
0.009999999999999787 1.980988937311432 0.2909375 0.009999999999999787 0.010000000000000009 4.15923076923077 0.010000000000000009 0.31282105263157894 0.009999999999999787 0.009999999999999787 0.41253731343283584 0.009999999999999787 0.009999999999999787 1.79002 0.01 
0.009999999999999787 0.4620616828695949 0.7998357142857143 0.009999999999999787 0.010000000000000009 0.010000000000000009 4.505000000000001 0.31282105263157894 9.0 0.009999999999999787 0.2783582089552239 0.009999999999999787 0.009999999999999787 0.7292 0.11327064579256359 
0.009999999999999787 3.349228964130071 2.0969642857142854 0.009999999999999787 0.010000000000000009 4.15923076923077 1.13375 1.3506140350877194 0.009999999999999787 0.009999999999999787 1.6201492537313433 0.009999999999999787 0.009999999999999787 0.428035 0.01 
0.009999999999999787 3.725947033188066 0.1705357142857143 0.009999999999999787 0.010000000000000009 4.15923076923077 0.010000000000000009 0.08885964912280703 0.009999999999999787 9.0 0.01 9.0 9.0 1.30456 0.01 
9.0 0.7001475025142474 0.2508035714285714 0.009999999999999787 0.010000000000000009 0.010000000000000009 0.010000000000000009 0.2607736842105263 0.009999999999999787 0.009999999999999787 0.6808955223880597 0.009999999999999787 0.009999999999999787 0.6393 0.010879647749510763 
9.0 2.571682869594369 0.4787642857142857 0.009999999999999787 0.010000000000000009 6.233846153846154 0.010000000000000009 0.3522508771929825 0.009999999999999787 0.009999999999999787 2.156865671641791 9.0 0.009999999999999787 0.5494 0.3757575342465753 
9.0 5.107748910492793 0.49160714285714285 0.009999999999999787 0.010000000000000009 2.7761538461538464 3.38125 0.010000000000000002 0.009999999999999787 9.0 0.01 0.009999999999999787 0.009999999999999787 0.4595 0.014750097847358121 
0.009999999999999787 0.1727422058330541 0.27809464285714286 0.009999999999999787 0.010000000000000009 4.15923076923077 0.010000000000000009 0.036812280701754393 0.009999999999999787 9.0 0.01 9.0 9.0 0.909 0.01 
9.0 4.982678511565539 0.43863035714285714 0.009999999999999787 0.010000000000000009 2.0846153846153848 9.0 0.11567192982456143 9.0 9.0 0.01 9.0 0.009999999999999787 0.01 0.03111154598825832 
0.009999999999999787 0.688092524304392 3.220714285714285 4.505 0.909 3.4676923076923076 1.13375 0.27339122807017546 0.009999999999999787 9.0 0.01 0.009999999999999787 0.009999999999999787 0.6393 0.01 
9.0 1.4279668119342945 0.22511785714285715 0.009999999999999787 0.010000000000000009 8.308461538461538 1.13375 0.5620175438596491 0.009999999999999787 9.0 0.01 9.0 0.009999999999999787 1.808 0.01 
0.009999999999999787 1.201935970499497 3.702321428571428 0.009999999999999787 0.010000000000000009 2.0846153846153848 0.010000000000000009 1.1140350877192982 0.009999999999999787 0.009999999999999787 1.2176119402985075 9.0 0.009999999999999787 0.26172 0.14053972602739725 
9.0 1.8559185383841772 4.665535714285714 0.009999999999999787 0.010000000000000009 6.9253846153846155 1.13375 0.9831280701754386 0.009999999999999787 0.009999999999999787 0.14417910447761195 9.0 0.009999999999999787 0.5494 0.011935225048923678 
0.009999999999999787 4.064993295340262 0.34391428571428573 0.009999999999999787 0.010000000000000009 6.233846153846154 0.010000000000000009 1.5871929824561404 0.009999999999999787 0.009999999999999787 0.8150746268656717 0.009999999999999787 0.009999999999999787 2.2575 1.7692954990215264 
0.009999999999999787 3.7515638618840095 2.0969642857142854 0.009999999999999787 0.010000000000000009 8.308461538461538 2.2575 1.1140350877192982 0.009999999999999787 0.009999999999999787 0.14417910447761195 9.0 0.009999999999999787 0.01 0.09796477495107632 
0.009999999999999787 2.056332551123031 0.49160714285714285 4.505 0.909 0.010000000000000009 0.010000000000000009 0.4831578947368421 0.009999999999999787 9.0 0.01 0.009999999999999787 0.009999999999999787 0.01 0.04958414872798435 
0.009999999999999787 4.07855514582635 1.6281999999999999 0.009999999999999787 0.010000000000000009 5.542307692307692 1.13375 4.0318421052631574 0.009999999999999787 9.0 0.01 0.009999999999999787 0.009999999999999787 0.42353999999999997 0.01 
0.009999999999999787 2.5957928260140797 2.418035714285714 0.009999999999999787 0.010000000000000009 7.616923076923077 2.2575 0.5099701754385965 0.009999999999999787 9.0 0.01 0.009999999999999787 9.0 1.8979 0.01 
9.0 3.499916191753269 1.427530357142857 0.009999999999999787 0.010000000000000009 0.010000000000000009 0.010000000000000009 0.04942982456140351 9.0 9.0 0.01 9.0 0.009999999999999787 0.7292 0.01 
0.009999999999999787 1.7670130740864902 0.18337857142857145 0.009999999999999787 0.010000000000000009 3.4676923076923076 7.876250000000001 0.010000000000000002 9.0 9.0 0.01 9.0 0.009999999999999787 0.4595 0.01 
0.009999999999999787 4.856101240362052 2.0969642857142854 0.009999999999999787 0.010000000000000009 0.010000000000000009 0.010000000000000009 0.3254385964912281 9.0 9.0 0.01 0.009999999999999787 0.009999999999999787 0.01 0.050111937377690804 
9.0 0.21041401273885363 0.4113392857142857 0.009999999999999787 0.010000000000000009 5.542307692307692 0.010000000000000009 0.08885964912280703 9.0 0.009999999999999787 0.14417910447761195 9.0 0.009999999999999787 0.49546 0.02724109589041096 
9.0 2.7088082467314782 0.5317410714285714 0.009999999999999787 0.010000000000000009 0.7015384615384616 0.010000000000000009 0.18033684210526318 9.0 9.0 0.01 0.009999999999999787 0.009999999999999787 0.01 0.01 
0.009999999999999787 1.126592356687898 0.49160714285714285 4.505 0.909 8.308461538461538 0.010000000000000009 0.18033684210526318 9.0 9.0 0.01 0.009999999999999787 0.009999999999999787 0.5494 0.021787279843444227 
0.009999999999999787 1.2396077774052965 0.49160714285714285 0.009999999999999787 0.010000000000000009 0.010000000000000009 1.13375 0.4563456140350877 0.009999999999999787 9.0 0.01 9.0 0.009999999999999787 1.90689 0.04518590998043053 
0.009999999999999787 2.056332551123031 0.3840482142857143 0.009999999999999787 0.010000000000000009 3.4676923076923076 0.010000000000000009 0.16771929824561405 0.009999999999999787 9.0 0.01 9.0 9.0 1.2686 0.01 
0.009999999999999787 1.592215890043581 4.0233928571428565 0.009999999999999787 0.010000000000000009 6.9253846153846155 0.010000000000000009 0.39168070175438596 0.009999999999999787 0.009999999999999787 9.0 0.009999999999999787 0.009999999999999787 0.6393 0.055389823874755384 
9.0 2.1693479718404296 0.3583625 4.505 0.909 6.9253846153846155 0.010000000000000009 0.3254385964912281 9.0 9.0 0.01 9.0 0.009999999999999787 1.2686 0.012287084148727985 
0.009999999999999787 1.1898809922896416 0.21066964285714285 4.505 0.909 8.308461538461538 0.010000000000000009 0.04942982456140351 0.009999999999999787 9.0 0.01 9.0 0.009999999999999787 0.8190999999999999 0.010175929549902154 
9.0 7.544361381159907 4.505 0.009999999999999787 0.010000000000000009 9.0 7.876250000000001 0.010000000000000002 0.009999999999999787 0.009999999999999787 1.4859701492537314 0.009999999999999787 0.009999999999999787 0.01 0.25630136986301366 
0.009999999999999787 1.7429031176667786 4.692826785714286 0.009999999999999787 0.010000000000000009 2.0846153846153848 2.2575 0.010000000000000002 9.0 9.0 0.01 0.009999999999999787 0.009999999999999787 0.81011 0.01 
9.0 3.148814951391217 0.33107142857142857 0.009999999999999787 0.010000000000000009 0.010000000000000009 0.010000000000000009 0.6408771929824562 0.009999999999999787 0.009999999999999787 1.4859701492537314 9.0 0.009999999999999787 0.01 0.0902238747553816 
0.009999999999999787 2.6590814616158234 0.7597017857142857 0.009999999999999787 0.010000000000000009 0.7015384615384616 1.13375 1.8237719298245614 9.0 9.0 0.01 0.009999999999999787 0.009999999999999787 1.32254 0.01 
9.0 0.10945357023131086 0.19782678571428572 0.009999999999999787 0.010000000000000009 0.010000000000000009 1.13375 0.4831578947368421 0.009999999999999787 0.009999999999999787 0.2783582089552239 9.0 0.009999999999999787 0.4595 0.01 
0.009999999999999787 7.142026483405968 4.103660714285714 4.505 0.909 0.010000000000000009 1.13375 1.5871929824561404 0.009999999999999787 9.0 0.01 9.0 0.009999999999999787 0.51344 0.01 
0.009999999999999787 2.407433791485082 1.000505357142857 0.009999999999999787 0.010000000000000009 0.010000000000000009 0.010000000000000009 0.7985964912280702 9.0 0.009999999999999787 0.2783582089552239 0.009999999999999787 0.009999999999999787 0.7292 0.017213111545988258 
0.009999999999999787 3.664165269862555 0.5590321428571429 4.505 0.909 4.15923076923077 0.010000000000000009 0.062047368421052636 9.0 9.0 0.01 9.0 9.0 1.808 0.01 
0.009999999999999787 3.650603419376467 1.8962946428571428 0.009999999999999787 0.010000000000000009 6.9253846153846155 1.13375 3.1643859649122805 0.009999999999999787 0.009999999999999787 1.8885074626865672 0.009999999999999787 0.009999999999999787 1.803505 0.01 
9.0 1.1024824002681868 1.828869642857143 0.009999999999999787 0.010000000000000009 5.542307692307692 0.010000000000000009 0.8254087719298245 0.009999999999999787 0.009999999999999787 0.9492537313432836 9.0 0.009999999999999787 0.589855 0.5830025440313111 
0.009999999999999787 0.14712537713711038 0.2508035714285714 0.009999999999999787 0.010000000000000009 0.010000000000000009 0.010000000000000009 0.5620175438596491 0.009999999999999787 0.009999999999999787 0.6808955223880597 0.009999999999999787 0.009999999999999787 1.5922399999999999 0.13139138943248532 
