0.009999999999999787 1.518065930496915 0.14417910447761195 0.009999999999999787 0.010000000000000009 4.15923076923077 0.010000000000000009 0.122375 0.009999999999999787 0.009999999999999787 0.41253731343283584 9.0 0.009999999999999787 2.3951020408163264 1.3682092000000001 
0.009999999999999787 4.0363754465735635 1.471657711442786 0.009999999999999787 0.010000000000000009 8.308461538461538 0.010000000000000009 0.027979999999999998 9.0 9.0 0.01 9.0 0.009999999999999787 1.000734693877551 0.01899 
0.009999999999999787 2.7837901916206573 0.9939800995024876 0.009999999999999787 0.010000000000000009 2.0846153846153848 2.2575 1.13375 9.0 9.0 0.01 0.009999999999999787 0.009999999999999787 2.1382448979591837 0.027979999999999998 
0.009999999999999787 1.4698895745371883 1.0834328358208956 0.009999999999999787 0.010000000000000009 0.010000000000000009 0.010000000000000009 0.571875 9.0 0.009999999999999787 0.14417910447761195 9.0 0.009999999999999787 0.01 0.0119778 
9.0 1.445071451770056 0.32308457711442784 0.009999999999999787 0.010000000000000009 6.9253846153846155 1.13375 0.47748 0.009999999999999787 9.0 0.01 0.009999999999999787 0.009999999999999787 1.4777551020408164 0.536814 
0.009999999999999787 1.456750568366353 0.6218567164179104 0.009999999999999787 0.010000000000000009 6.9253846153846155 0.010000000000000009 0.7584175000000001 0.009999999999999787 0.009999999999999787 0.14417910447761195 0.009999999999999787 0.009999999999999787 3.6335204081632653 0.011798 
0.009999999999999787 2.7837901916206573 3.291126368159204 0.009999999999999787 0.010000000000000009 0.010000000000000009 0.010000000000000009 2.03275 0.009999999999999787 0.009999999999999787 1.6201492537313433 0.009999999999999787 0.009999999999999787 0.01 0.029867900000000003 
0.009999999999999787 1.1779116596297508 0.010000000000000002 0.009999999999999787 0.010000000000000009 6.9253846153846155 0.010000000000000009 0.04820750000000001 0.009999999999999787 9.0 0.01 9.0 0.009999999999999787 0.01 0.01 
9.0 1.5545631698603448 0.18890547263681592 0.009999999999999787 0.010000000000000009 0.010000000000000009 1.13375 0.4033125 0.009999999999999787 9.0 0.01 0.009999999999999787 0.009999999999999787 4.514173469387755 0.01 
0.009999999999999787 1.0187836960051966 3.94592039800995 0.009999999999999787 0.010000000000000009 6.9253846153846155 0.010000000000000009 0.3089175 0.009999999999999787 9.0 0.01 9.0 0.009999999999999787 0.9273469387755102 0.01 
9.0 1.1282754140954858 0.8293870646766169 0.009999999999999787 0.010000000000000009 5.542307692307692 1.13375 1.039355 0.009999999999999787 0.009999999999999787 0.9492537313432836 0.009999999999999787 0.009999999999999787 1.2942857142857143 0.2243216 
0.009999999999999787 6.347380643065932 0.9796676616915423 0.009999999999999787 0.010000000000000009 0.010000000000000009 0.010000000000000009 1.0955425 9.0 9.0 0.01 0.009999999999999787 0.009999999999999787 2.9455102040816326 0.01 
9.0 4.486021435531017 3.767014925373134 0.009999999999999787 0.010000000000000009 5.542307692307692 0.010000000000000009 2.2575 0.009999999999999787 0.009999999999999787 0.9492537313432836 0.009999999999999787 0.009999999999999787 0.01 0.01 
0.009999999999999787 3.4042432607989617 0.26225671641791043 0.009999999999999787 0.010000000000000009 0.010000000000000009 0.010000000000000009 0.1785625 9.0 0.009999999999999787 0.2783582089552239 9.0 0.009999999999999787 2.074030612244898 0.054950000000000006 
9.0 2.9662763884378056 4.303731343283582 0.009999999999999787 0.010000000000000009 5.542307692307692 1.13375 6.303 0.009999999999999787 0.009999999999999787 1.0834328358208956 9.0 0.009999999999999787 0.01 0.602441 
9.0 2.430496914582658 1.0834328358208956 4.505 0.909 2.7761538461538464 3.38125 0.01 9.0 9.0 0.01 9.0 0.009999999999999787 1.4777551020408164 0.011798 
9.0 0.5939558298148757 1.9475462686567164 0.009999999999999787 0.010000000000000009 2.0846153846153848 1.13375 0.140355 9.0 9.0 0.01 9.0 0.009999999999999787 0.7438775510204082 0.053511600000000006 
0.009999999999999787 1.8348619681714848 4.929900497512437 0.009999999999999787 0.010000000000000009 6.233846153846154 0.010000000000000009 2.5946249999999997 0.009999999999999787 9.0 0.01 0.009999999999999787 0.009999999999999787 4.477479591836735 0.054950000000000006 
0.009999999999999787 3.8290711269892825 0.010000000000000002 0.009999999999999787 0.010000000000000009 0.010000000000000009 2.2575 6.7524999999999995 0.009999999999999787 9.0 0.01 9.0 0.009999999999999787 0.01 0.01 
9.0 0.17934719064631377 0.08514029850746269 0.009999999999999787 0.010000000000000009 8.308461538461538 0.010000000000000009 0.0661875 9.0 9.0 0.01 9.0 0.009999999999999787 1.8446938775510204 0.0100899 
0.009999999999999787 3.0757681065280944 0.16028059701492536 4.505 0.909 6.233846153846154 0.010000000000000009 0.140355 9.0 9.0 0.01 0.009999999999999787 0.009999999999999787 2.8446020408163264 0.010179800000000001 
0.009999999999999787 1.6888730107177663 1.5306965174129352 0.009999999999999787 0.010000000000000009 6.9253846153846155 0.010000000000000009 1.938355 0.009999999999999787 0.009999999999999787 0.14417910447761195 0.009999999999999787 0.009999999999999787 1.1108163265306124 0.01 
0.009999999999999787 1.445071451770056 4.035373134328358 0.009999999999999787 0.010000000000000009 0.010000000000000009 0.010000000000000009 1.13375 0.009999999999999787 0.009999999999999787 2.291044776119403 9.0 0.009999999999999787 1.8446938775510204 0.1185992 
0.009999999999999787 3.62322669697954 1.799054726368159 0.009999999999999787 0.010000000000000009 2.0846153846153848 2.2575 0.10439499999999999 9.0 9.0 0.01 9.0 0.009999999999999787 5.055408163265306 0.01 
0.009999999999999787 0.9822864566417673 0.09945273631840795 0.009999999999999787 0.010000000000000009 0.7015384615384616 1.13375 0.3089175 0.009999999999999787 9.0 0.01 0.009999999999999787 0.009999999999999787 0.01 0.01 
0.009999999999999787 1.0319227021760318 0.8150746268656717 0.009999999999999787 0.010000000000000009 2.0846153846153848 0.010000000000000009 0.0661875 9.0 9.0 0.01 9.0 0.009999999999999787 1.4777551020408164 0.010899 
0.009999999999999787 3.780894771029556 0.024312437810945275 0.009999999999999787 0.010000000000000009 7.616923076923077 0.010000000000000009 0.027979999999999998 9.0 0.009999999999999787 0.14417910447761195 9.0 9.0 5.147142857142857 0.01 
9.0 6.201391685612213 0.7256218905472637 0.009999999999999787 0.010000000000000009 9.0 7.876250000000001 2.93175 9.0 0.009999999999999787 0.14417910447761195 9.0 0.009999999999999787 0.01 0.010899 
0.009999999999999787 1.2625852549529073 4.303731343283582 0.009999999999999787 0.010000000000000009 0.010000000000000009 0.010000000000000009 0.9472075 9.0 9.0 0.01 9.0 9.0 0.7438775510204082 0.01 
0.009999999999999787 3.915204611886977 0.16028059701492536 0.009999999999999787 0.010000000000000009 0.010000000000000009 1.13375 0.10439499999999999 0.009999999999999787 0.009999999999999787 0.8150746268656717 9.0 0.009999999999999787 2.028163265306122 0.0952252 
0.009999999999999787 0.8976128613186103 0.5467164179104478 0.009999999999999787 0.010000000000000009 6.233846153846154 0.010000000000000009 0.68425 9.0 9.0 0.01 9.0 0.009999999999999787 1.3860204081632654 0.0107192 
0.009999999999999787 3.634905813575837 2.3357711442786067 0.009999999999999787 0.010000000000000009 8.308461538461538 2.2575 1.58325 0.009999999999999787 0.009999999999999787 0.14417910447761195 9.0 0.009999999999999787 0.01 0.054950000000000006 
9.0 5.131292627476455 0.3087721393034826 0.009999999999999787 0.010000000000000009 8.308461538461538 0.010000000000000009 0.23475000000000001 9.0 9.0 0.01 0.009999999999999787 0.009999999999999787 2.2116326530612245 0.0205183 
0.009999999999999787 0.861115621955181 1.7239144278606966 4.505 0.909 6.233846153846154 0.010000000000000009 1.0213750000000001 0.009999999999999787 0.009999999999999787 0.14417910447761195 0.009999999999999787 0.009999999999999787 0.7438775510204082 0.03697 
9.0 3.1356235790841187 0.11376517412935322 0.009999999999999787 0.010000000000000009 9.0 7.876250000000001 0.01 9.0 0.009999999999999787 1.3517910447761194 9.0 0.009999999999999787 1.8446938775510204 0.0116182 
0.009999999999999787 2.150198116271517 1.2623383084577113 0.009999999999999787 0.010000000000000009 0.010000000000000009 0.010000000000000009 0.0841675 9.0 9.0 0.01 9.0 0.009999999999999787 1.9914693877551022 0.01 
0.009999999999999787 4.0480545631698615 1.6648756218905472 0.009999999999999787 0.010000000000000009 5.542307692307692 0.010000000000000009 2.06871 0.009999999999999787 9.0 0.01 9.0 9.0 0.01 0.01 
9.0 0.6669503085417352 0.08514029850746269 0.009999999999999787 0.010000000000000009 5.542307692307692 1.13375 0.140355 0.009999999999999787 0.009999999999999787 1.4859701492537314 9.0 0.009999999999999787 0.7438775510204082 0.018900100000000003 
9.0 6.63935855797337 5.913880597014925 0.009999999999999787 0.010000000000000009 5.542307692307692 0.010000000000000009 4.9544999999999995 0.009999999999999787 9.0 0.01 0.009999999999999787 0.009999999999999787 0.20264285714285715 0.9594339000000001 
0.009999999999999787 2.893281909710946 0.9045273631840796 0.009999999999999787 0.010000000000000009 6.233846153846154 0.010000000000000009 0.01 0.009999999999999787 9.0 0.01 0.009999999999999787 0.009999999999999787 2.202459183673469 0.027979999999999998 
9.0 1.3720769730431965 0.18890547263681592 0.009999999999999787 0.010000000000000009 5.542307692307692 1.13375 0.68425 0.009999999999999787 9.0 0.01 9.0 0.009999999999999787 2.5785714285714283 0.0840776 
0.009999999999999787 0.9954254628126025 0.20321791044776122 4.505 0.909 6.9253846153846155 0.010000000000000009 0.027979999999999998 0.009999999999999787 0.009999999999999787 0.14417910447761195 0.009999999999999787 0.009999999999999787 7.715714285714286 0.015304100000000001 
0.009999999999999787 3.769215654433259 0.8150746268656717 4.505 0.909 6.9253846153846155 1.13375 4.505 0.009999999999999787 9.0 0.01 0.009999999999999787 0.009999999999999787 1.6245306122448981 0.01 
0.009999999999999787 1.1165962974991888 3.94592039800995 0.009999999999999787 0.010000000000000009 5.542307692307692 0.010000000000000009 1.13375 0.009999999999999787 0.009999999999999787 0.9492537313432836 0.009999999999999787 0.009999999999999787 0.9273469387755102 0.0827291 
9.0 0.9706073400454698 0.6361691542288557 4.505 0.909 2.7761538461538464 3.38125 0.01 9.0 9.0 0.01 9.0 0.009999999999999787 1.4777551020408164 0.01 
0.009999999999999787 1.8582202013640798 0.561028855721393 0.009999999999999787 0.010000000000000009 6.233846153846154 0.010000000000000009 1.695625 0.009999999999999787 0.009999999999999787 0.6808955223880597 0.009999999999999787 0.009999999999999787 0.9273469387755102 0.0102697 
0.009999999999999787 3.014452744397533 0.8741134328358209 0.009999999999999787 0.010000000000000009 6.233846153846154 0.010000000000000009 0.0661875 9.0 0.009999999999999787 0.2783582089552239 9.0 0.009999999999999787 2.028163265306122 0.0100899 
9.0 1.9078564468983443 0.14417910447761195 0.009999999999999787 0.010000000000000009 5.542307692307692 0.010000000000000009 0.2729575 0.009999999999999787 0.009999999999999787 0.5467164179104478 9.0 0.009999999999999787 0.7438775510204082 0.01 
0.009999999999999787 0.3749723936342977 1.605836815920398 0.009999999999999787 0.010000000000000009 0.010000000000000009 0.010000000000000009 0.122375 9.0 9.0 0.01 9.0 9.0 0.7438775510204082 0.01 
0.009999999999999787 0.715126664501462 0.4572636815920398 4.505 0.909 3.4676923076923076 0.010000000000000009 0.0661875 9.0 9.0 0.01 9.0 0.009999999999999787 1.2942857142857143 0.0103596 
0.009999999999999787 0.861115621955181 1.0834328358208956 4.505 0.909 0.7015384615384616 0.010000000000000009 0.4977075 0.009999999999999787 0.009999999999999787 1.0834328358208956 0.009999999999999787 0.009999999999999787 1.4777551020408164 0.0100899 
0.009999999999999787 1.0187836960051966 0.30698308457711443 0.009999999999999787 0.010000000000000009 0.010000000000000009 1.13375 0.9831675000000001 9.0 9.0 0.01 0.009999999999999787 0.009999999999999787 1.1842040816326531 0.01 
9.0 0.6786294251380323 0.2783582089552239 0.009999999999999787 0.010000000000000009 0.010000000000000009 0.010000000000000009 0.3673525 0.009999999999999787 0.009999999999999787 0.6808955223880597 0.009999999999999787 0.009999999999999787 1.2942857142857143 0.0104495 
0.009999999999999787 1.2260880155894776 1.1424716417910448 4.505 0.909 3.4676923076923076 0.010000000000000009 0.1965425 9.0 0.009999999999999787 0.14417910447761195 0.009999999999999787 0.009999999999999787 2.5785714285714283 0.017192 
9.0 2.272828840532642 4.303731343283582 0.009999999999999787 0.010000000000000009 0.010000000000000009 0.010000000000000009 0.909 0.009999999999999787 0.009999999999999787 0.14417910447761195 9.0 0.009999999999999787 2.028163265306122 0.0117081 
9.0 0.507822344917181 3.588109452736318 0.009999999999999787 0.010000000000000009 0.7015384615384616 0.010000000000000009 0.1965425 9.0 9.0 0.01 9.0 0.009999999999999787 0.7438775510204082 0.013775800000000001 
0.009999999999999787 1.9808509256252038 5.198258706467661 0.009999999999999787 0.010000000000000009 0.7015384615384616 0.010000000000000009 0.0661875 9.0 9.0 0.01 9.0 0.009999999999999787 0.01 0.035711400000000004 
9.0 0.8362974991880483 0.18890547263681592 4.505 0.909 7.616923076923077 6.7524999999999995 0.4595 9.0 9.0 0.01 9.0 0.009999999999999787 2.3951020408163264 0.01 
0.009999999999999787 5.740066580058462 0.18890547263681592 4.505 0.909 3.4676923076923076 1.13375 1.79002 0.009999999999999787 9.0 0.01 9.0 0.009999999999999787 1.6612244897959185 0.0382286 
0.009999999999999787 2.564806755440079 3.2302985074626864 4.505 0.909 6.233846153846154 1.13375 2.369875 0.009999999999999787 9.0 0.01 0.009999999999999787 0.009999999999999787 1.4227142857142858 0.01 
9.0 4.693325755115298 0.2783582089552239 0.009999999999999787 0.010000000000000009 5.542307692307692 1.13375 1.246125 0.009999999999999787 0.009999999999999787 0.14417910447761195 9.0 0.009999999999999787 3.0647653061224487 0.0901908 
0.009999999999999787 2.770651185449822 2.3357711442786067 0.009999999999999787 0.010000000000000009 8.308461538461538 0.010000000000000009 0.0661875 0.009999999999999787 9.0 0.01 0.009999999999999787 0.009999999999999787 4.07384693877551 0.01 
0.009999999999999787 0.288838908736603 1.1871980099502488 0.009999999999999787 0.010000000000000009 2.0846153846153848 0.010000000000000009 0.16058250000000002 9.0 9.0 0.01 0.009999999999999787 0.009999999999999787 1.2942857142857143 0.010179800000000001 
0.009999999999999787 2.5283095160766496 1.0834328358208956 0.009999999999999787 0.010000000000000009 0.7015384615384616 0.010000000000000009 0.0841675 9.0 9.0 0.01 0.009999999999999787 0.009999999999999787 1.1108163265306124 0.01 
0.009999999999999787 1.0319227021760318 4.348457711442785 0.009999999999999787 0.010000000000000009 0.010000000000000009 0.010000000000000009 1.5090825 9.0 0.009999999999999787 0.2783582089552239 0.009999999999999787 0.009999999999999787 1.6612244897959185 0.0255527 
9.0 2.624662227996103 1.6648756218905472 0.009999999999999787 0.010000000000000009 5.542307692307692 1.13375 0.7404375000000001 0.009999999999999787 0.009999999999999787 0.2783582089552239 9.0 0.009999999999999787 0.01 0.01 
9.0 1.9560328028580716 1.0977452736318407 4.505 0.909 6.9253846153846155 1.13375 1.1517300000000001 0.009999999999999787 0.009999999999999787 0.14417910447761195 9.0 0.009999999999999787 0.6521428571428571 0.01 
0.009999999999999787 2.770651185449822 0.9045273631840796 0.009999999999999787 0.010000000000000009 0.010000000000000009 0.010000000000000009 0.4595 9.0 9.0 0.01 9.0 0.009999999999999787 4.229795918367347 0.0114384 
9.0 2.747292952257227 0.5771303482587065 4.505 0.909 9.0 7.876250000000001 0.01 0.009999999999999787 9.0 0.01 9.0 0.009999999999999787 2.9455102040816326 0.01 
0.009999999999999787 2.612983111399806 0.9045273631840796 4.505 0.909 6.233846153846154 0.010000000000000009 3.1565 9.0 9.0 0.01 0.009999999999999787 0.009999999999999787 2.5785714285714283 0.01 
0.009999999999999787 0.9954254628126025 0.18890547263681592 0.009999999999999787 0.010000000000000009 0.010000000000000009 0.010000000000000009 0.0661875 9.0 9.0 0.01 9.0 0.009999999999999787 3.312448979591837 0.01 
0.009999999999999787 8.51385677167912 6.3611442786069645 0.009999999999999787 0.010000000000000009 9.0 7.876250000000001 0.01 0.009999999999999787 9.0 0.01 0.009999999999999787 0.009999999999999787 0.01 0.01 
0.009999999999999787 2.5151705099058144 1.2623383084577113 0.009999999999999787 0.010000000000000009 3.4676923076923076 0.010000000000000009 0.23475000000000001 9.0 9.0 0.01 0.009999999999999787 0.009999999999999787 2.1382448979591837 0.01 
0.009999999999999787 0.7268057810977591 0.09945273631840795 0.009999999999999787 0.010000000000000009 5.542307692307692 0.010000000000000009 0.0661875 9.0 9.0 0.01 9.0 0.009999999999999787 1.8446938775510204 0.01 
0.009999999999999787 3.2699334199415406 0.6361691542288557 4.505 0.909 0.010000000000000009 2.2575 0.122375 0.009999999999999787 9.0 0.01 0.009999999999999787 0.009999999999999787 1.5144489795918368 0.04596 
0.009999999999999787 3.148762585254954 1.1728855721393034 0.009999999999999787 0.010000000000000009 5.542307692307692 1.13375 4.0555 0.009999999999999787 9.0 0.01 0.009999999999999787 0.009999999999999787 0.9456938775510204 0.0674461 
9.0 0.5939558298148757 0.21931940298507463 4.505 0.909 8.308461538461538 0.010000000000000009 0.2729575 0.009999999999999787 9.0 0.01 0.009999999999999787 0.009999999999999787 1.4777551020408164 0.01 
9.0 1.3837560896394936 0.24973333333333336 0.009999999999999787 0.010000000000000009 8.308461538461538 1.13375 0.796625 0.009999999999999787 9.0 0.01 9.0 0.009999999999999787 3.6793877551020406 0.01 
9.0 3.8057128937966884 2.3357711442786067 0.009999999999999787 0.010000000000000009 5.542307692307692 0.010000000000000009 0.23475000000000001 0.009999999999999787 0.009999999999999787 0.41253731343283584 0.009999999999999787 0.009999999999999787 1.3401530612244898 0.01 
0.009999999999999787 1.8465410847677828 0.4715761194029851 0.009999999999999787 0.010000000000000009 3.4676923076923076 1.13375 0.122375 9.0 9.0 0.01 0.009999999999999787 9.0 1.2942857142857143 0.01 
9.0 0.45964598895745423 3.588109452736318 0.009999999999999787 0.010000000000000009 6.233846153846154 0.010000000000000009 0.4595 9.0 0.009999999999999787 0.14417910447761195 9.0 0.009999999999999787 1.1108163265306124 0.0100899 
0.009999999999999787 0.6304530691783055 2.3357711442786067 0.009999999999999787 0.010000000000000009 6.233846153846154 1.13375 0.66627 0.009999999999999787 0.009999999999999787 0.9492537313432836 9.0 0.009999999999999787 0.7438775510204082 0.2755646 
0.009999999999999787 2.904961026307243 0.9045273631840796 0.009999999999999787 0.010000000000000009 2.0846153846153848 0.010000000000000009 0.4595 9.0 9.0 0.01 0.009999999999999787 0.009999999999999787 1.9364285714285716 0.01 
0.009999999999999787 2.6378012341669383 0.3821233830845771 0.009999999999999787 0.010000000000000009 4.850769230769231 1.13375 2.93175 0.009999999999999787 9.0 0.01 0.009999999999999787 0.009999999999999787 1.5144489795918368 2.8225214999999997 
0.009999999999999787 7.345945112049369 3.94592039800995 0.009999999999999787 0.010000000000000009 7.616923076923077 5.62875 9.0 0.009999999999999787 0.009999999999999787 0.9492537313432836 0.009999999999999787 0.009999999999999787 0.21181632653061228 0.01 
0.009999999999999787 1.5428840532640478 4.482636815920397 0.009999999999999787 0.010000000000000009 6.9253846153846155 0.010000000000000009 0.553895 0.009999999999999787 0.009999999999999787 9.0 0.009999999999999787 0.009999999999999787 1.2942857142857143 0.0331942 
9.0 0.6538113023709 0.2479442786069652 0.009999999999999787 0.010000000000000009 6.233846153846154 0.010000000000000009 0.7584175000000001 9.0 9.0 0.01 9.0 0.009999999999999787 2.028163265306122 0.0104495 
0.009999999999999787 2.7837901916206573 1.8885074626865672 0.009999999999999787 0.010000000000000009 6.233846153846154 0.010000000000000009 0.04820750000000001 9.0 9.0 0.01 0.009999999999999787 0.009999999999999787 2.6703061224489795 0.0105394 
0.009999999999999787 4.814496589801884 2.171178109452736 0.009999999999999787 0.010000000000000009 3.4676923076923076 0.010000000000000009 0.027979999999999998 9.0 9.0 0.01 9.0 0.009999999999999787 0.01 0.251831 
0.009999999999999787 1.9808509256252038 3.350165174129353 0.009999999999999787 0.010000000000000009 5.542307692307692 1.13375 2.5564175 0.009999999999999787 0.009999999999999787 0.8150746268656717 9.0 0.009999999999999787 3.5050918367346937 0.0251032 
0.009999999999999787 0.288838908736603 0.09945273631840795 0.009999999999999787 0.010000000000000009 5.542307692307692 0.010000000000000009 0.16058250000000002 9.0 0.009999999999999787 0.5467164179104478 9.0 0.009999999999999787 1.4777551020408164 0.0107192 
9.0 7.8204092237739555 5.3771641791044775 0.009999999999999787 0.010000000000000009 7.616923076923077 5.62875 0.01 0.009999999999999787 0.009999999999999787 1.8885074626865672 9.0 0.009999999999999787 0.01 0.3135024 
0.009999999999999787 0.350154270867165 7.8818407960199 9.0 9.0 9.0 9.0 0.01 9.0 9.0 0.01 0.009999999999999787 4.505 4.138061224489796 9.0 
0.009999999999999787 3.488916856122118 1.799054726368159 0.009999999999999787 0.010000000000000009 6.9253846153846155 0.010000000000000009 1.58325 0.009999999999999787 0.009999999999999787 1.3517910447761194 0.009999999999999787 0.009999999999999787 0.01 0.01 
0.009999999999999787 0.4844641117245865 3.736600995024875 4.505 0.909 8.308461538461538 0.010000000000000009 0.0661875 0.009999999999999787 9.0 0.01 9.0 0.009999999999999787 1.1108163265306124 0.0437125 
0.009999999999999787 8.719701201688862 6.808407960199005 4.505 0.909 9.0 7.876250000000001 0.027979999999999998 9.0 0.009999999999999787 0.2783582089552239 9.0 0.009999999999999787 0.01 0.041554900000000006 
9.0 5.459767781747322 2.5146766169154224 0.009999999999999787 0.010000000000000009 8.308461538461538 1.13375 1.3585 9.0 9.0 0.01 9.0 0.009999999999999787 0.01 0.01 
0.009999999999999787 1.8582202013640798 0.5467164179104478 0.009999999999999787 0.010000000000000009 6.233846153846154 0.010000000000000009 1.0213750000000001 9.0 0.009999999999999787 0.14417910447761195 0.009999999999999787 0.009999999999999787 0.9273469387755102 0.0102697 
0.009999999999999787 7.150319909061386 7.166218905472636 0.009999999999999787 0.010000000000000009 6.9253846153846155 1.13375 7.87625 0.009999999999999787 0.009999999999999787 1.2176119402985075 0.009999999999999787 0.009999999999999787 0.01 0.0999 
9.0 1.080099058135759 3.0370805970149255 4.505 0.909 6.9253846153846155 0.010000000000000009 1.11577 9.0 9.0 0.01 9.0 0.009999999999999787 1.5144489795918368 0.01 
9.0 0.5939558298148757 3.0818069651741293 0.009999999999999787 0.010000000000000009 6.9253846153846155 1.13375 0.347125 0.009999999999999787 0.009999999999999787 0.9492537313432836 9.0 0.009999999999999787 0.8906530612244898 0.01 
9.0 0.776442026632024 3.767014925373134 4.505 0.909 6.9253846153846155 1.13375 0.01 9.0 9.0 0.01 0.009999999999999787 0.009999999999999787 1.4227142857142858 0.0128768 
0.009999999999999787 0.6304530691783055 2.6041293532338305 0.009999999999999787 0.010000000000000009 4.15923076923077 0.010000000000000009 0.027979999999999998 9.0 0.009999999999999787 0.14417910447761195 9.0 0.009999999999999787 0.9273469387755102 0.0100899 
0.009999999999999787 5.204287106203314 0.21931940298507463 0.009999999999999787 0.010000000000000009 9.0 7.876250000000001 0.01 9.0 9.0 0.01 9.0 0.009999999999999787 1.3401530612244898 0.01 
9.0 3.5005959727184153 1.4412437810945273 0.009999999999999787 0.010000000000000009 0.010000000000000009 0.010000000000000009 1.3585 9.0 9.0 0.01 9.0 0.009999999999999787 4.413265306122449 0.01 
9.0 3.30643065930497 1.977960199004975 0.009999999999999787 0.010000000000000009 5.542307692307692 0.010000000000000009 0.0661875 0.009999999999999787 9.0 0.01 0.009999999999999787 0.009999999999999787 2.1015510204081633 0.01 
0.009999999999999787 3.9517018512504074 1.8133671641791045 0.009999999999999787 0.010000000000000009 5.542307692307692 1.13375 5.741125 0.009999999999999787 9.0 0.01 0.009999999999999787 0.009999999999999787 0.8539591836734695 0.01 
0.009999999999999787 3.8057128937966884 0.4572636815920398 4.505 0.909 6.233846153846154 0.010000000000000009 0.122375 9.0 9.0 0.01 9.0 0.009999999999999787 0.01 0.0275305 
0.009999999999999787 3.62322669697954 0.20321791044776122 4.505 0.909 8.308461538461538 0.010000000000000009 0.23475000000000001 0.009999999999999787 0.009999999999999787 0.41253731343283584 9.0 0.009999999999999787 1.8446938775510204 0.0999 
0.009999999999999787 4.875811951932446 1.5306965174129352 0.009999999999999787 0.010000000000000009 4.15923076923077 0.010000000000000009 0.0661875 0.009999999999999787 9.0 0.01 0.009999999999999787 0.009999999999999787 2.074030612244898 0.01 
9.0 1.8348619681714848 0.5467164179104478 0.009999999999999787 0.010000000000000009 4.15923076923077 0.010000000000000009 0.909 0.009999999999999787 9.0 0.01 9.0 9.0 3.3858367346938776 0.01 
9.0 1.9677119194543686 1.3517910447761194 0.009999999999999787 0.010000000000000009 0.010000000000000009 0.010000000000000009 0.122375 9.0 0.009999999999999787 0.14417910447761195 0.009999999999999787 0.009999999999999787 0.3769387755102041 0.0238446 
0.009999999999999787 1.8465410847677828 0.21931940298507463 4.505 0.909 6.9253846153846155 0.010000000000000009 0.122375 0.009999999999999787 0.009999999999999787 0.2783582089552239 9.0 0.009999999999999787 2.3951020408163264 0.054950000000000006 
0.009999999999999787 1.5662422864566423 4.602503482587065 0.009999999999999787 0.010000000000000009 6.9253846153846155 0.010000000000000009 0.23475000000000001 9.0 9.0 0.01 9.0 0.009999999999999787 0.01 0.010179800000000001 
0.009999999999999787 1.9677119194543686 1.3070646766169154 0.009999999999999787 0.010000000000000009 8.308461538461538 0.010000000000000009 0.122375 9.0 9.0 0.01 0.009999999999999787 0.009999999999999787 0.9273469387755102 0.01 
9.0 3.477237739525821 0.605755223880597 0.009999999999999787 0.010000000000000009 8.308461538461538 0.010000000000000009 0.122375 9.0 9.0 0.01 9.0 0.009999999999999787 0.01 0.045061000000000004 
0.009999999999999787 9.000000000000002 7.985605970149253 0.009999999999999787 0.010000000000000009 7.616923076923077 5.62875 5.741125 0.009999999999999787 0.009999999999999787 0.14417910447761195 0.009999999999999787 0.009999999999999787 0.01 0.0197991 
9.0 6.091899967521924 1.5306965174129352 4.505 0.909 9.0 7.876250000000001 2.2575 9.0 9.0 0.01 0.009999999999999787 0.009999999999999787 0.01 0.0103596 
9.0 2.4918122767132194 0.5324039800995025 0.009999999999999787 0.010000000000000009 6.233846153846154 0.010000000000000009 0.4977075 0.009999999999999787 0.009999999999999787 2.156865671641791 9.0 0.009999999999999787 1.1108163265306124 0.19690210000000002 
0.009999999999999787 2.6378012341669383 0.36781094527363184 0.009999999999999787 0.010000000000000009 6.9253846153846155 0.010000000000000009 0.347125 0.009999999999999787 0.009999999999999787 0.9492537313432836 0.009999999999999787 0.009999999999999787 3.1289795918367345 0.3759829 
0.009999999999999787 0.8859337447223132 0.32308457711442784 4.505 0.909 0.010000000000000009 1.13375 0.122375 9.0 9.0 0.01 9.0 0.009999999999999787 2.5785714285714283 0.0283396 
9.0 1.0684199415394615 2.036999004975124 0.009999999999999787 0.010000000000000009 5.542307692307692 0.010000000000000009 1.1719575 0.009999999999999787 0.009999999999999787 0.9492537313432836 9.0 0.009999999999999787 1.1933775510204083 0.3028043 
0.009999999999999787 0.17934719064631377 0.9939800995024876 0.009999999999999787 0.010000000000000009 8.308461538461538 0.010000000000000009 0.3089175 9.0 0.009999999999999787 0.14417910447761195 9.0 0.009999999999999787 0.7438775510204082 0.0118879 
0.009999999999999787 0.7399447872685943 3.319751243781094 0.009999999999999787 0.010000000000000009 0.010000000000000009 0.010000000000000009 0.7584175000000001 0.009999999999999787 0.009999999999999787 0.41253731343283584 0.009999999999999787 0.009999999999999787 0.3769387755102041 0.012517200000000001 
9.0 1.3720769730431965 0.3821233830845771 4.505 0.909 9.0 7.876250000000001 0.23475000000000001 0.009999999999999787 0.009999999999999787 0.41253731343283584 9.0 0.009999999999999787 1.6612244897959185 0.0232153 
0.009999999999999787 2.1137008769080876 1.7096019900497512 0.009999999999999787 0.010000000000000009 4.15923076923077 0.010000000000000009 0.909 9.0 0.009999999999999787 0.14417910447761195 0.009999999999999787 0.009999999999999787 4.229795918367347 0.0161132 
9.0 2.880142903540111 0.4572636815920398 4.505 0.909 2.0846153846153848 1.13375 0.23475000000000001 9.0 9.0 0.01 0.009999999999999787 0.009999999999999787 1.4777551020408164 0.01 
0.009999999999999787 1.2625852549529073 0.15849154228855722 4.505 0.909 0.010000000000000009 0.010000000000000009 0.027979999999999998 9.0 0.009999999999999787 0.2783582089552239 9.0 0.009999999999999787 1.1842040816326531 0.0105394 
0.009999999999999787 2.0538454043520633 1.2623383084577113 0.009999999999999787 0.010000000000000009 6.233846153846154 0.010000000000000009 1.58325 0.009999999999999787 0.009999999999999787 0.41253731343283584 0.009999999999999787 0.009999999999999787 3.0280714285714283 0.01 
9.0 0.7881211432283215 4.2446925373134325 0.009999999999999787 0.010000000000000009 0.010000000000000009 1.13375 2.707 0.009999999999999787 9.0 0.01 9.0 0.009999999999999787 3.1289795918367345 0.01 
0.009999999999999787 1.2012698928223453 4.16955223880597 4.505 0.909 6.233846153846154 0.010000000000000009 0.3853325 0.009999999999999787 9.0 0.01 0.009999999999999787 0.009999999999999787 1.4777551020408164 0.03697 
0.009999999999999787 0.5939558298148757 0.010000000000000002 4.505 0.909 4.15923076923077 2.2575 0.01 9.0 9.0 0.01 0.009999999999999787 9.0 4.596734693877551 0.0100899 
0.009999999999999787 0.44796687236115673 3.677562189054726 0.009999999999999787 0.010000000000000009 0.010000000000000009 1.13375 0.4977075 9.0 9.0 0.01 9.0 0.009999999999999787 2.9455102040816326 0.0111687 
0.009999999999999787 3.9998782072101338 1.7686407960199004 4.505 0.909 6.233846153846154 0.010000000000000009 1.4326675 0.009999999999999787 9.0 0.01 0.009999999999999787 0.009999999999999787 0.4870204081632653 0.1396358 
0.009999999999999787 1.7005521273140638 1.6201492537313433 4.505 0.909 0.010000000000000009 2.2575 1.13375 9.0 9.0 0.01 9.0 0.009999999999999787 1.8446938775510204 0.118779 
9.0 0.9954254628126025 4.183864676616915 0.009999999999999787 0.010000000000000009 3.4676923076923076 1.13375 0.04820750000000001 9.0 9.0 0.01 9.0 0.009999999999999787 2.9455102040816326 0.0104495 
0.009999999999999787 2.5151705099058144 0.9045273631840796 0.009999999999999787 0.010000000000000009 0.010000000000000009 0.010000000000000009 0.571875 9.0 9.0 0.01 0.009999999999999787 0.009999999999999787 2.5785714285714283 0.01 
9.0 2.2596898343618066 3.8260537313432827 0.009999999999999787 0.010000000000000009 5.542307692307692 1.13375 0.04820750000000001 9.0 0.009999999999999787 1.6201492537313433 0.009999999999999787 0.009999999999999787 1.1933775510204083 0.0102697 
0.009999999999999787 1.9925300422215009 0.4268497512437811 0.009999999999999787 0.010000000000000009 3.4676923076923076 0.010000000000000009 0.23475000000000001 0.009999999999999787 9.0 0.01 9.0 9.0 2.5785714285714283 0.01 
9.0 6.324022409873338 7.524029850746269 0.009999999999999787 0.010000000000000009 2.0846153846153848 2.2575 4.505 0.009999999999999787 0.009999999999999787 1.7543283582089553 9.0 0.009999999999999787 0.01 0.61233 
9.0 6.128397206885353 0.12986666666666669 0.009999999999999787 0.010000000000000009 2.0846153846153848 2.2575 0.4595 0.009999999999999787 9.0 0.01 0.009999999999999787 0.009999999999999787 2.3217142857142856 0.2075103 
9.0 0.3618333874634625 3.2302985074626864 0.009999999999999787 0.010000000000000009 8.308461538461538 0.010000000000000009 0.6280625 0.009999999999999787 9.0 0.01 0.009999999999999787 0.009999999999999787 0.01 0.01 
0.009999999999999787 6.481690483923353 0.9939800995024876 0.009999999999999787 0.010000000000000009 6.233846153846154 0.010000000000000009 0.796625 0.009999999999999787 0.009999999999999787 0.6808955223880597 0.009999999999999787 0.009999999999999787 0.5604081632653062 0.0152142 
0.009999999999999787 2.2596898343618066 0.9796676616915423 4.505 0.909 4.15923076923077 0.010000000000000009 0.0661875 9.0 9.0 0.01 0.009999999999999787 9.0 0.7438775510204082 0.01 
0.009999999999999787 3.30643065930497 2.5146766169154224 0.009999999999999787 0.010000000000000009 5.542307692307692 1.13375 5.17925 0.009999999999999787 0.009999999999999787 0.9492537313432836 0.009999999999999787 0.009999999999999787 2.7620408163265306 0.0104495 
0.009999999999999787 3.5370932120818455 2.1121393034825866 0.009999999999999787 0.010000000000000009 6.9253846153846155 1.13375 4.505 0.009999999999999787 0.009999999999999787 1.8885074626865672 0.009999999999999787 0.009999999999999787 3.6702142857142857 0.01 
0.009999999999999787 1.5297450470932126 0.12986666666666669 0.009999999999999787 0.010000000000000009 3.4676923076923076 1.13375 1.58325 9.0 9.0 0.01 0.009999999999999787 0.009999999999999787 3.1289795918367345 0.01 
0.009999999999999787 1.1895907762260478 0.36781094527363184 0.009999999999999787 0.010000000000000009 0.010000000000000009 0.010000000000000009 0.3853325 0.009999999999999787 9.0 0.01 9.0 9.0 2.7620408163265306 0.01 
0.009999999999999787 2.3823205586229306 5.556069651741293 0.009999999999999787 0.010000000000000009 0.010000000000000009 0.010000000000000009 0.23475000000000001 0.009999999999999787 9.0 0.01 9.0 0.009999999999999787 1.1108163265306124 0.01 
0.009999999999999787 5.763424813251056 3.378790049751243 0.009999999999999787 0.010000000000000009 9.0 7.876250000000001 6.4895425 0.009999999999999787 0.009999999999999787 1.4859701492537314 0.009999999999999787 0.009999999999999787 0.2852040816326531 0.03697 
9.0 4.267037999350439 0.010000000000000002 0.009999999999999787 0.010000000000000009 0.010000000000000009 0.010000000000000009 1.13375 0.009999999999999787 9.0 0.01 9.0 0.009999999999999787 0.01 0.01 
0.009999999999999787 3.5137349788892505 0.9045273631840796 4.505 0.909 2.0846153846153848 1.13375 4.505 9.0 9.0 0.01 0.009999999999999787 9.0 1.8446938775510204 0.01 
9.0 3.8290711269892825 0.36781094527363184 0.009999999999999787 0.010000000000000009 2.0846153846153848 2.2575 1.0213750000000001 0.009999999999999787 9.0 0.01 0.009999999999999787 0.009999999999999787 0.01 0.03697 
0.009999999999999787 5.434949658980189 0.5019900497512437 4.505 0.909 0.010000000000000009 1.13375 4.26227 0.009999999999999787 9.0 0.01 0.009999999999999787 0.009999999999999787 1.8446938775510204 0.01899 
0.009999999999999787 3.769215654433259 0.3087721393034826 0.009999999999999787 0.010000000000000009 9.0 7.876250000000001 0.01 0.009999999999999787 9.0 0.01 9.0 0.009999999999999787 1.2025510204081633 0.0100899 
0.009999999999999787 0.9457892172783375 0.29267064676616916 4.505 0.909 6.9253846153846155 0.010000000000000009 0.3089175 9.0 9.0 0.01 9.0 0.009999999999999787 1.4777551020408164 0.01 
0.009999999999999787 0.4231487495940245 0.06903880597014925 0.009999999999999787 0.010000000000000009 5.542307692307692 4.505000000000001 0.10439499999999999 9.0 9.0 0.01 9.0 0.009999999999999787 1.8446938775510204 0.013596 
0.009999999999999787 3.8422101331601177 1.799054726368159 0.009999999999999787 0.010000000000000009 5.542307692307692 1.13375 2.2575 0.009999999999999787 0.009999999999999787 0.8150746268656717 0.009999999999999787 0.009999999999999787 4.3215306122448975 0.01 
0.009999999999999787 1.7005521273140638 0.41253731343283584 0.009999999999999787 0.010000000000000009 6.9253846153846155 1.13375 0.571875 0.009999999999999787 9.0 0.01 9.0 0.009999999999999787 0.01 0.4862902 
9.0 1.9808509256252038 0.3821233830845771 0.009999999999999787 0.010000000000000009 0.010000000000000009 0.010000000000000009 1.13375 0.009999999999999787 0.009999999999999787 0.6808955223880597 0.009999999999999787 0.009999999999999787 2.7620408163265306 0.138557 
9.0 1.080099058135759 3.05139303482587 0.009999999999999787 0.010000000000000009 5.542307692307692 0.010000000000000009 0.796625 0.009999999999999787 0.009999999999999787 1.3517910447761194 9.0 0.009999999999999787 0.7438775510204082 0.09900099999999999 
0.009999999999999787 3.2699334199415406 0.41253731343283584 4.505 0.909 0.7015384615384616 0.010000000000000009 0.68425 9.0 9.0 0.01 0.009999999999999787 0.009999999999999787 3.9637653061224487 0.01 
9.0 1.2625852549529073 0.2640457711442786 0.009999999999999787 0.010000000000000009 6.233846153846154 0.010000000000000009 0.122375 9.0 0.009999999999999787 0.14417910447761195 0.009999999999999787 0.009999999999999787 2.2116326530612245 0.0103596 
0.009999999999999787 2.332684313088665 0.5467164179104478 4.505 0.909 6.233846153846154 0.010000000000000009 0.027979999999999998 9.0 9.0 0.01 9.0 9.0 1.4777551020408164 0.01 
0.009999999999999787 4.0480545631698615 0.4572636815920398 0.009999999999999787 0.010000000000000009 4.15923076923077 0.010000000000000009 6.2468125 9.0 0.009999999999999787 0.14417910447761195 0.009999999999999787 0.009999999999999787 3.239061224489796 0.0200688 
0.009999999999999787 2.0903426437154926 0.4572636815920398 0.009999999999999787 0.010000000000000009 0.010000000000000009 1.13375 0.122375 9.0 0.009999999999999787 0.2783582089552239 0.009999999999999787 0.009999999999999787 3.6793877551020406 0.019709200000000003 
0.009999999999999787 2.442176031178955 0.024312437810945275 4.505 0.909 4.15923076923077 0.010000000000000009 0.027979999999999998 9.0 9.0 0.01 9.0 0.009999999999999787 0.01 0.01 
9.0 1.091778174732056 3.856467661691542 0.009999999999999787 0.010000000000000009 5.542307692307692 0.010000000000000009 0.1965425 0.009999999999999787 0.009999999999999787 0.6808955223880597 0.009999999999999787 0.009999999999999787 0.01 0.060344 
0.009999999999999787 0.872794738551478 3.618523383084577 4.505 0.909 7.616923076923077 1.13375 0.571875 9.0 9.0 0.01 9.0 0.009999999999999787 2.3951020408163264 0.01 
0.009999999999999787 2.126839883078923 0.2783582089552239 4.505 0.909 0.010000000000000009 0.010000000000000009 0.027979999999999998 9.0 9.0 0.01 9.0 0.009999999999999787 2.2116326530612245 0.01 
0.009999999999999787 2.5034913933095164 0.06903880597014925 4.505 0.909 0.010000000000000009 1.13375 1.4708750000000002 0.009999999999999787 0.009999999999999787 0.14417910447761195 0.009999999999999787 0.009999999999999787 3.972938775510204 0.7292000000000001 
0.009999999999999787 3.5502322182526806 0.6218567164179104 4.505 0.909 4.15923076923077 0.010000000000000009 0.0841675 9.0 9.0 0.01 9.0 9.0 3.6793877551020406 0.01 
0.009999999999999787 1.2144088989931805 0.21931940298507463 0.009999999999999787 0.010000000000000009 0.010000000000000009 1.13375 0.04820750000000001 0.009999999999999787 9.0 0.01 9.0 0.009999999999999787 1.6612244897959185 0.01 
9.0 0.8246183825917512 3.707976119402985 0.009999999999999787 0.010000000000000009 6.9253846153846155 1.13375 0.16058250000000002 0.009999999999999787 0.009999999999999787 0.14417910447761195 0.009999999999999787 0.009999999999999787 0.7438775510204082 0.014495000000000001 
9.0 2.1020217603117906 0.3982248756218905 4.505 0.909 6.9253846153846155 0.010000000000000009 0.4595 9.0 9.0 0.01 9.0 0.009999999999999787 2.5785714285714283 0.0111687 
0.009999999999999787 1.2012698928223453 0.5467164179104478 0.009999999999999787 0.010000000000000009 0.010000000000000009 1.13375 0.6460425000000001 0.009999999999999787 9.0 0.01 9.0 0.009999999999999787 3.881204081632653 0.027979999999999998 
9.0 7.309447872685938 5.019353233830845 0.009999999999999787 0.010000000000000009 9.0 7.876250000000001 0.01 0.009999999999999787 0.009999999999999787 1.4859701492537314 0.009999999999999787 0.009999999999999787 0.01 0.13586 
0.009999999999999787 2.710795712893798 0.7846606965174129 0.009999999999999787 0.010000000000000009 0.010000000000000009 0.010000000000000009 0.68425 9.0 9.0 0.01 9.0 4.505 1.1108163265306124 0.01 
9.0 0.10635271191945472 2.7383084577114425 0.009999999999999787 0.010000000000000009 5.542307692307692 0.010000000000000009 0.0661875 9.0 0.009999999999999787 0.14417910447761195 0.009999999999999787 0.009999999999999787 0.01 0.024384000000000003 
0.009999999999999787 1.28740337772004 0.5467164179104478 0.009999999999999787 0.010000000000000009 0.7015384615384616 1.13375 0.8528125 0.009999999999999787 0.009999999999999787 0.8150746268656717 9.0 0.009999999999999787 1.8446938775510204 0.0393973 
0.009999999999999787 6.237888924975643 2.528989054726368 0.009999999999999787 0.010000000000000009 4.15923076923077 0.010000000000000009 6.303 0.009999999999999787 0.009999999999999787 0.8150746268656717 0.009999999999999787 0.009999999999999787 3.312448979591837 0.1297468 
0.009999999999999787 3.769215654433259 0.18890547263681592 4.505 0.909 4.15923076923077 0.010000000000000009 0.23475000000000001 9.0 9.0 0.01 0.009999999999999787 0.009999999999999787 1.2025510204081633 0.01 
0.009999999999999787 2.0655245209483604 4.6615422885572135 0.009999999999999787 0.010000000000000009 0.7015384615384616 1.13375 0.23475000000000001 9.0 9.0 0.01 9.0 0.009999999999999787 2.1015510204081633 0.01 
0.009999999999999787 1.153093536862618 0.2336318407960199 4.505 0.909 8.308461538461538 0.010000000000000009 0.0661875 0.009999999999999787 9.0 0.01 9.0 0.009999999999999787 1.6612244897959185 0.0100899 
0.009999999999999787 3.0991263397206894 0.7703482587064676 4.505 0.909 6.233846153846154 0.010000000000000009 0.04820750000000001 0.009999999999999787 0.009999999999999787 0.14417910447761195 9.0 0.009999999999999787 0.4686734693877551 0.1167113 
0.009999999999999787 0.507822344917181 2.0531004975124376 0.009999999999999787 0.010000000000000009 0.7015384615384616 0.010000000000000009 0.25273 9.0 9.0 0.01 9.0 0.009999999999999787 1.1108163265306124 0.01 
0.009999999999999787 0.010000000000000231 2.5146766169154224 0.009999999999999787 0.010000000000000009 7.616923076923077 0.010000000000000009 0.4595 9.0 9.0 0.01 9.0 0.009999999999999787 5.5140816326530615 0.01 
0.009999999999999787 4.887491068528744 2.3357711442786067 0.009999999999999787 0.010000000000000009 5.542307692307692 1.13375 2.707 0.009999999999999787 9.0 0.01 0.009999999999999787 0.009999999999999787 3.2207142857142856 0.01 
0.009999999999999787 1.4085742124066263 0.20321791044776122 0.009999999999999787 0.010000000000000009 4.15923076923077 0.010000000000000009 0.4595 9.0 9.0 0.01 0.009999999999999787 0.009999999999999787 1.1108163265306124 0.0100899 
0.009999999999999787 3.926883728483275 0.08335124378109451 0.009999999999999787 0.010000000000000009 2.0846153846153848 1.13375 2.3136875 0.009999999999999787 9.0 0.01 9.0 0.009999999999999787 3.6793877551020406 0.01 
0.009999999999999787 5.021800909386165 2.7239960199004973 0.009999999999999787 0.010000000000000009 2.0846153846153848 2.2575 3.4194575 0.009999999999999787 0.009999999999999787 2.022686567164179 0.009999999999999787 0.009999999999999787 0.01 0.4595 
0.009999999999999787 5.7999220526144875 5.556069651741293 0.009999999999999787 0.010000000000000009 7.616923076923077 5.62875 0.01 0.009999999999999787 0.009999999999999787 2.6935820895522387 9.0 0.009999999999999787 1.4043673469387756 0.021687 
9.0 6.043723611562196 5.734975124378109 0.009999999999999787 0.010000000000000009 2.7761538461538464 7.876250000000001 0.01 0.009999999999999787 0.009999999999999787 2.022686567164179 9.0 0.009999999999999787 0.01 0.0322053 
0.009999999999999787 3.5137349788892505 0.5914427860696517 0.009999999999999787 0.010000000000000009 0.010000000000000009 0.010000000000000009 0.68425 0.009999999999999787 0.009999999999999787 1.3517910447761194 9.0 0.009999999999999787 1.716265306122449 0.43253 
0.009999999999999787 1.7122312439103609 0.20321791044776122 0.009999999999999787 0.010000000000000009 3.4676923076923076 7.876250000000001 0.01 9.0 9.0 0.01 9.0 0.009999999999999787 0.9273469387755102 0.01 
0.009999999999999787 0.8859337447223132 0.010000000000000002 0.009999999999999787 0.010000000000000009 0.010000000000000009 0.010000000000000009 0.23475000000000001 9.0 9.0 0.01 0.009999999999999787 9.0 0.01 0.01 
0.009999999999999787 0.1676680740500167 0.3087721393034826 0.009999999999999787 0.010000000000000009 4.15923076923077 0.010000000000000009 0.04820750000000001 0.009999999999999787 9.0 0.01 9.0 9.0 1.8446938775510204 0.01 
9.0 5.106474504709322 4.4969492537313425 0.009999999999999787 0.010000000000000009 8.308461538461538 0.010000000000000009 1.039355 0.009999999999999787 0.009999999999999787 0.41253731343283584 0.009999999999999787 0.009999999999999787 1.441061224489796 0.01 
9.0 1.4932478077297828 0.7560358208955223 0.009999999999999787 0.010000000000000009 0.010000000000000009 1.13375 1.246125 0.009999999999999787 9.0 0.01 0.009999999999999787 0.009999999999999787 3.312448979591837 0.0100899 
9.0 1.153093536862618 0.6665830845771145 0.009999999999999787 0.010000000000000009 2.7761538461538464 3.38125 0.01 9.0 0.009999999999999787 0.14417910447761195 9.0 0.009999999999999787 1.8446938775510204 0.0147647 
0.009999999999999787 1.0319227021760318 0.21931940298507463 4.505 0.909 9.0 7.876250000000001 0.01 9.0 9.0 0.01 9.0 0.009999999999999787 0.9273469387755102 0.01 
0.009999999999999787 5.28896070152647 3.588109452736318 0.009999999999999787 0.010000000000000009 2.0846153846153848 2.2575 0.01 0.009999999999999787 0.009999999999999787 1.4859701492537314 9.0 0.009999999999999787 0.01 0.1222851 
0.009999999999999787 2.576485872036376 0.5467164179104478 0.009999999999999787 0.010000000000000009 6.9253846153846155 1.13375 2.4822499999999996 0.009999999999999787 0.009999999999999787 0.41253731343283584 0.009999999999999787 0.009999999999999787 0.01 0.01 
0.009999999999999787 1.3239006170834693 0.32308457711442784 0.009999999999999787 0.010000000000000009 5.542307692307692 0.010000000000000009 2.0889374999999997 0.009999999999999787 0.009999999999999787 0.2783582089552239 0.009999999999999787 0.009999999999999787 4.780204081632653 0.18980000000000002 
0.009999999999999787 5.325457940889899 5.3771641791044775 0.009999999999999787 0.010000000000000009 0.010000000000000009 0.010000000000000009 3.83075 0.009999999999999787 0.009999999999999787 1.2176119402985075 9.0 0.009999999999999787 0.01 0.01 
0.009999999999999787 0.93411010068204 3.4986567164179103 0.009999999999999787 0.010000000000000009 0.010000000000000009 0.010000000000000009 0.122375 0.009999999999999787 9.0 0.01 9.0 0.009999999999999787 1.2942857142857143 0.01 
0.009999999999999787 1.5428840532640478 1.1728855721393034 0.009999999999999787 0.010000000000000009 0.010000000000000009 1.13375 1.039355 9.0 0.009999999999999787 0.14417910447761195 0.009999999999999787 0.009999999999999787 3.826163265306122 0.0118879 
0.009999999999999787 0.569137707047743 0.010000000000000002 4.505 0.909 9.0 7.876250000000001 0.01 9.0 0.009999999999999787 0.5467164179104478 9.0 0.009999999999999787 0.42280612244897964 0.0100899 
0.009999999999999787 2.893281909710946 1.799054726368159 0.009999999999999787 0.010000000000000009 6.9253846153846155 1.13375 3.3812499999999996 0.009999999999999787 0.009999999999999787 0.8150746268656717 0.009999999999999787 0.009999999999999787 0.01 0.0999 
9.0 0.41146963299772743 0.20321791044776122 0.009999999999999787 0.010000000000000009 0.010000000000000009 0.010000000000000009 0.796625 9.0 0.009999999999999787 0.14417910447761195 0.009999999999999787 0.009999999999999787 0.7438775510204082 0.0104495 
0.009999999999999787 1.141414420266321 1.1424716417910448 4.505 0.909 0.010000000000000009 0.010000000000000009 0.0841675 9.0 9.0 0.01 9.0 0.009999999999999787 1.4777551020408164 0.1051142 
0.009999999999999787 2.6976567067229626 0.12986666666666669 4.505 0.909 6.9253846153846155 0.010000000000000009 0.04820750000000001 9.0 9.0 0.01 9.0 0.009999999999999787 1.6612244897959185 0.01 
9.0 3.756076648262424 3.588109452736318 0.009999999999999787 0.010000000000000009 5.542307692307692 1.13375 0.796625 0.009999999999999787 9.0 0.01 9.0 0.009999999999999787 0.276030612244898 0.0852463 
0.009999999999999787 2.4056787918155247 0.2783582089552239 4.505 0.909 8.308461538461538 0.010000000000000009 1.58325 9.0 9.0 0.01 0.009999999999999787 0.009999999999999787 2.9455102040816326 0.01 
0.009999999999999787 3.5005959727184153 2.156865671641791 0.009999999999999787 0.010000000000000009 4.15923076923077 0.010000000000000009 0.589855 0.009999999999999787 0.009999999999999787 0.6808955223880597 0.009999999999999787 0.009999999999999787 1.000734693877551 0.1086203 
0.009999999999999787 4.827635595972719 1.2623383084577113 0.009999999999999787 0.010000000000000009 8.308461538461538 0.010000000000000009 1.58325 0.009999999999999787 9.0 0.01 9.0 9.0 2.1198979591836733 0.01 
9.0 4.656828515751869 4.6615422885572135 0.009999999999999787 0.010000000000000009 2.0846153846153848 2.2575 2.3316675 0.009999999999999787 0.009999999999999787 1.2176119402985075 0.009999999999999787 0.009999999999999787 0.01 0.01 
9.0 1.9677119194543686 1.2766507462686567 0.009999999999999787 0.010000000000000009 2.0846153846153848 2.2575 0.23475000000000001 0.009999999999999787 9.0 0.01 0.009999999999999787 0.009999999999999787 1.5786632653061226 0.01 
0.009999999999999787 3.926883728483275 3.512969154228855 0.009999999999999787 0.010000000000000009 6.9253846153846155 1.13375 3.5880199999999998 0.009999999999999787 0.009999999999999787 1.0834328358208956 9.0 0.009999999999999787 0.01 0.01 
0.009999999999999787 1.1165962974991888 4.124825870646766 0.009999999999999787 0.010000000000000009 2.0846153846153848 0.010000000000000009 0.1965425 9.0 9.0 0.01 9.0 0.009999999999999787 0.01 0.01 
9.0 2.1020217603117906 0.17459303482587066 0.009999999999999787 0.010000000000000009 3.4676923076923076 0.010000000000000009 0.25273 0.009999999999999787 0.009999999999999787 0.5467164179104478 9.0 0.009999999999999787 3.4959183673469387 0.054950000000000006 
0.009999999999999787 0.9822864566417673 3.94592039800995 0.009999999999999787 0.010000000000000009 6.9253846153846155 0.010000000000000009 0.140355 0.009999999999999787 0.009999999999999787 0.8150746268656717 9.0 0.009999999999999787 1.1199897959183673 0.01 
0.009999999999999787 0.44796687236115673 0.8902149253731343 0.009999999999999787 0.010000000000000009 0.010000000000000009 4.505000000000001 0.44152 9.0 0.009999999999999787 0.2783582089552239 0.009999999999999787 0.009999999999999787 1.4777551020408164 0.0627713 
9.0 3.160441701851251 1.8437810945273632 0.009999999999999787 0.010000000000000009 7.616923076923077 0.010000000000000009 2.2575 0.009999999999999787 9.0 0.01 0.009999999999999787 0.009999999999999787 0.01 0.36960000000000004 
9.0 5.411591425787595 0.010000000000000002 4.505 0.909 9.0 7.876250000000001 0.01 9.0 9.0 0.01 9.0 0.009999999999999787 0.01 0.01 
0.009999999999999787 1.3837560896394936 0.4572636815920398 0.009999999999999787 0.010000000000000009 0.010000000000000009 0.010000000000000009 0.122375 9.0 9.0 0.01 9.0 0.009999999999999787 1.0190816326530612 0.01 
0.009999999999999787 1.28740337772004 0.2479442786069652 0.009999999999999787 0.010000000000000009 0.010000000000000009 0.010000000000000009 0.0841675 9.0 9.0 0.01 9.0 0.009999999999999787 0.9273469387755102 0.01 
0.009999999999999787 2.856784670347517 0.39643582089552243 0.009999999999999787 0.010000000000000009 4.15923076923077 0.010000000000000009 0.5336675000000001 9.0 9.0 0.01 9.0 9.0 0.2668571428571429 0.01 
9.0 3.2451152971744075 0.9045273631840796 0.009999999999999787 0.010000000000000009 2.0846153846153848 1.13375 0.10439499999999999 9.0 9.0 0.01 9.0 0.009999999999999787 2.3951020408163264 0.0321154 
0.009999999999999787 2.017348164988634 0.14417910447761195 0.009999999999999787 0.010000000000000009 0.010000000000000009 0.010000000000000009 0.140355 9.0 9.0 0.01 9.0 0.009999999999999787 2.028163265306122 0.022586000000000002 
0.009999999999999787 1.5428840532640478 0.11376517412935322 4.505 0.909 0.010000000000000009 0.010000000000000009 0.68425 9.0 9.0 0.01 0.009999999999999787 0.009999999999999787 1.4777551020408164 0.01 
9.0 1.1895907762260478 2.1121393034825866 0.009999999999999787 0.010000000000000009 5.542307692307692 0.010000000000000009 1.434915 0.009999999999999787 0.009999999999999787 1.3517910447761194 9.0 0.009999999999999787 1.1108163265306124 0.0320255 
0.009999999999999787 4.814496589801884 1.3517910447761194 0.009999999999999787 0.010000000000000009 2.0846153846153848 2.2575 0.4595 9.0 9.0 0.01 9.0 0.009999999999999787 0.9273469387755102 0.010179800000000001 
0.009999999999999787 2.5283095160766496 0.7846606965174129 4.505 0.909 3.4676923076923076 7.876250000000001 0.01 9.0 9.0 0.01 9.0 0.009999999999999787 1.1108163265306124 0.01 
0.009999999999999787 3.7195794088989937 0.5467164179104478 0.009999999999999787 0.010000000000000009 2.0846153846153848 2.2575 0.01 9.0 9.0 0.01 9.0 9.0 2.7620408163265306 0.01 
9.0 0.5443195842806108 3.409203980099502 0.009999999999999787 0.010000000000000009 6.233846153846154 0.010000000000000009 0.7404375000000001 0.009999999999999787 0.009999999999999787 0.8150746268656717 0.009999999999999787 0.009999999999999787 0.3769387755102041 0.06394 
9.0 2.9297791490743754 1.3517910447761194 0.009999999999999787 0.010000000000000009 9.0 7.876250000000001 0.01 9.0 0.009999999999999787 0.8150746268656717 9.0 0.009999999999999787 0.01 0.027979999999999998 
0.009999999999999787 4.681646638519 2.0978268656716414 0.009999999999999787 0.010000000000000009 6.233846153846154 0.010000000000000009 2.4822499999999996 9.0 9.0 0.01 9.0 0.009999999999999787 4.275663265306123 0.023485 
9.0 4.766320233842158 2.8724875621890544 0.009999999999999787 0.010000000000000009 0.010000000000000009 0.010000000000000009 3.5498125 0.009999999999999787 0.009999999999999787 0.8150746268656717 0.009999999999999787 0.009999999999999787 0.01 0.123274 
0.009999999999999787 5.726927573887627 2.4252238805970148 0.009999999999999787 0.010000000000000009 0.010000000000000009 1.13375 1.1899375 0.009999999999999787 0.009999999999999787 1.4859701492537314 0.009999999999999787 0.009999999999999787 0.01 0.0355316 
0.009999999999999787 1.237767132185775 0.17459303482587066 4.505 0.909 6.233846153846154 0.010000000000000009 1.1899375 0.009999999999999787 0.009999999999999787 0.8150746268656717 0.009999999999999787 0.009999999999999787 1.9180816326530612 0.041195300000000004 
9.0 1.237767132185775 0.30698308457711443 0.009999999999999787 0.010000000000000009 5.542307692307692 0.010000000000000009 0.1965425 9.0 0.009999999999999787 0.14417910447761195 0.009999999999999787 0.009999999999999787 1.8446938775510204 0.0109889 
0.009999999999999787 3.7195794088989937 1.1871980099502488 0.009999999999999787 0.010000000000000009 4.15923076923077 0.010000000000000009 1.58325 9.0 9.0 0.01 0.009999999999999787 9.0 3.6793877551020406 0.01 
0.009999999999999787 1.5545631698603448 0.18890547263681592 0.009999999999999787 0.010000000000000009 0.010000000000000009 0.010000000000000009 0.66627 0.009999999999999787 0.009999999999999787 0.6808955223880597 0.009999999999999787 0.009999999999999787 2.872122448979592 0.01 
0.009999999999999787 1.091778174732056 0.5467164179104478 4.505 0.909 8.308461538461538 0.010000000000000009 0.25273 9.0 9.0 0.01 0.009999999999999787 0.009999999999999787 1.1108163265306124 0.0160233 
9.0 0.9589282234491727 4.124825870646766 4.505 0.909 2.7761538461538464 3.38125 0.01 0.009999999999999787 0.009999999999999787 1.4859701492537314 0.009999999999999787 0.009999999999999787 0.01 0.01 
0.009999999999999787 1.1049171809028913 0.9188398009950248 4.505 0.909 0.010000000000000009 1.13375 1.1719575 0.009999999999999787 9.0 0.01 9.0 0.009999999999999787 0.01 0.01 
0.009999999999999787 1.1895907762260478 1.4412437810945273 0.009999999999999787 0.010000000000000009 0.010000000000000009 2.2575 0.122375 0.009999999999999787 9.0 0.01 0.009999999999999787 0.009999999999999787 1.4777551020408164 0.01 
9.0 0.8246183825917512 3.677562189054726 0.009999999999999787 0.010000000000000009 5.542307692307692 0.010000000000000009 0.329145 0.009999999999999787 0.009999999999999787 0.2783582089552239 0.009999999999999787 0.009999999999999787 0.4595 0.01 
9.0 1.2260880155894776 3.2302985074626864 0.009999999999999787 0.010000000000000009 5.542307692307692 0.010000000000000009 3.83075 0.009999999999999787 0.009999999999999787 0.6808955223880597 0.009999999999999787 0.009999999999999787 1.1108163265306124 0.01 
0.009999999999999787 5.95905001623904 4.124825870646766 0.009999999999999787 0.010000000000000009 9.0 7.876250000000001 2.2575 0.009999999999999787 0.009999999999999787 0.6808955223880597 9.0 0.009999999999999787 0.01 0.8057049000000001 
9.0 6.688994803507635 1.799054726368159 0.009999999999999787 0.010000000000000009 8.308461538461538 0.010000000000000009 1.808 0.009999999999999787 0.009999999999999787 0.5467164179104478 9.0 0.009999999999999787 0.01 0.018900100000000003 
0.009999999999999787 0.288838908736603 0.040413930348258714 4.505 0.909 0.010000000000000009 0.010000000000000009 0.027979999999999998 9.0 9.0 0.01 9.0 0.009999999999999787 1.2942857142857143 0.0749078 
0.009999999999999787 0.17934719064631377 1.471657711442786 0.009999999999999787 0.010000000000000009 2.0846153846153848 1.13375 0.1965425 9.0 9.0 0.01 0.009999999999999787 0.009999999999999787 1.1108163265306124 0.01 
0.009999999999999787 0.9822864566417673 0.561028855721393 0.009999999999999787 0.010000000000000009 3.4676923076923076 0.010000000000000009 0.04820750000000001 9.0 9.0 0.01 0.009999999999999787 0.009999999999999787 3.2757551020408164 0.01 
0.009999999999999787 0.776442026632024 2.5146766169154224 0.009999999999999787 0.010000000000000009 0.010000000000000009 0.010000000000000009 0.7404375000000001 0.009999999999999787 0.009999999999999787 0.41253731343283584 9.0 0.009999999999999787 1.8446938775510204 0.1350509 
0.009999999999999787 0.507822344917181 3.691874626865671 0.009999999999999787 0.010000000000000009 9.0 7.876250000000001 0.1965425 9.0 9.0 0.01 9.0 0.009999999999999787 0.7438775510204082 0.01 
0.009999999999999787 3.62322669697954 2.2320059701492534 0.009999999999999787 0.010000000000000009 5.542307692307692 0.010000000000000009 0.027979999999999998 0.009999999999999787 0.009999999999999787 0.14417910447761195 9.0 0.009999999999999787 1.8446938775510204 0.03697 
9.0 0.7633030204611888 3.588109452736318 0.009999999999999787 0.010000000000000009 0.010000000000000009 1.13375 0.4595 0.009999999999999787 0.009999999999999787 0.5467164179104478 9.0 0.009999999999999787 0.4686734693877551 0.1417035 
0.009999999999999787 2.442176031178955 0.9045273631840796 0.009999999999999787 0.010000000000000009 8.308461538461538 0.010000000000000009 3.3812499999999996 0.009999999999999787 9.0 0.01 0.009999999999999787 0.009999999999999787 4.807724489795918 0.01 
9.0 1.4085742124066263 4.482636815920397 0.009999999999999787 0.010000000000000009 8.308461538461538 0.010000000000000009 0.68425 0.009999999999999787 0.009999999999999787 1.6201492537313433 0.009999999999999787 0.009999999999999787 1.1108163265306124 0.0609733 
0.009999999999999787 3.5735904514452748 1.799054726368159 0.009999999999999787 0.010000000000000009 9.0 7.876250000000001 0.01 9.0 0.009999999999999787 0.2783582089552239 9.0 0.009999999999999787 0.16594897959183674 0.0100899 
0.009999999999999787 1.310761610912634 0.32308457711442784 0.009999999999999787 0.010000000000000009 4.15923076923077 0.010000000000000009 0.04820750000000001 9.0 0.009999999999999787 0.5467164179104478 9.0 0.009999999999999787 2.3400612244897956 0.18530500000000003 
9.0 1.9925300422215009 1.3517910447761194 0.009999999999999787 0.010000000000000009 0.010000000000000009 0.010000000000000009 0.4977075 0.009999999999999787 0.009999999999999787 0.14417910447761195 0.009999999999999787 0.009999999999999787 3.413357142857143 0.01 
0.009999999999999787 5.3619551802533305 1.0834328358208956 4.505 0.909 9.0 7.876250000000001 0.68425 9.0 9.0 0.01 9.0 0.009999999999999787 1.6612244897959185 0.0103596 
0.009999999999999787 2.8319665475803837 1.4555562189054727 4.505 0.909 2.0846153846153848 2.2575 3.83075 0.009999999999999787 0.009999999999999787 0.9492537313432836 0.009999999999999787 0.009999999999999787 1.798826530612245 0.01 
0.009999999999999787 1.0071045794088995 0.29267064676616916 0.009999999999999787 0.010000000000000009 6.233846153846154 0.010000000000000009 0.140355 9.0 0.009999999999999787 0.14417910447761195 9.0 0.009999999999999787 3.862857142857143 0.0354417 
0.009999999999999787 0.5443195842806108 0.15849154228855722 4.505 0.909 0.010000000000000009 0.010000000000000009 0.0841675 9.0 0.009999999999999787 0.14417910447761195 9.0 0.009999999999999787 1.8446938775510204 0.0100899 
0.009999999999999787 1.0187836960051966 4.110513432835821 0.009999999999999787 0.010000000000000009 3.4676923076923076 0.010000000000000009 0.7224575 9.0 9.0 0.01 0.009999999999999787 0.009999999999999787 0.9273469387755102 0.1189588 
0.009999999999999787 2.758972068853525 1.6201492537313433 0.009999999999999787 0.010000000000000009 8.308461538461538 0.010000000000000009 0.4595 0.009999999999999787 9.0 0.01 0.009999999999999787 0.009999999999999787 2.2116326530612245 0.01 
0.009999999999999787 2.1020217603117906 0.21753034825870646 0.009999999999999787 0.010000000000000009 6.233846153846154 0.010000000000000009 0.140355 9.0 0.009999999999999787 0.14417910447761195 9.0 0.009999999999999787 3.1289795918367345 0.2619897 
0.009999999999999787 3.0991263397206894 1.3661034825870646 0.009999999999999787 0.010000000000000009 6.233846153846154 0.010000000000000009 0.5336675000000001 0.009999999999999787 9.0 0.01 0.009999999999999787 0.009999999999999787 1.8446938775510204 0.01 
0.009999999999999787 1.237767132185775 0.650481592039801 0.009999999999999787 0.010000000000000009 0.010000000000000009 0.010000000000000009 0.25273 9.0 9.0 0.01 0.009999999999999787 0.009999999999999787 1.2575918367346939 0.0100899 
9.0 2.5151705099058144 0.20321791044776122 0.009999999999999787 0.010000000000000009 6.9253846153846155 0.010000000000000009 0.027979999999999998 0.009999999999999787 9.0 0.01 9.0 0.009999999999999787 4.0463265306122445 1.0148123 
0.009999999999999787 1.8582202013640798 1.4412437810945273 4.505 0.909 2.0846153846153848 1.13375 2.5946249999999997 0.009999999999999787 0.009999999999999787 0.2783582089552239 0.009999999999999787 0.009999999999999787 0.6980102040816327 0.01 
0.009999999999999787 0.776442026632024 0.6665830845771145 0.009999999999999787 0.010000000000000009 0.010000000000000009 0.010000000000000009 1.0213750000000001 0.009999999999999787 0.009999999999999787 0.14417910447761195 9.0 0.009999999999999787 0.9273469387755102 0.023485 
0.009999999999999787 2.5151705099058144 2.6935820895522387 0.009999999999999787 0.010000000000000009 7.616923076923077 2.2575 0.7224575 0.009999999999999787 9.0 0.01 0.009999999999999787 9.0 3.862857142857143 0.01 
0.009999999999999787 0.5443195842806108 0.010000000000000002 0.009999999999999787 0.010000000000000009 5.542307692307692 0.010000000000000009 0.3089175 9.0 9.0 0.01 9.0 0.009999999999999787 1.4777551020408164 0.0100899 
0.009999999999999787 0.9589282234491727 0.4268497512437811 4.505 0.909 3.4676923076923076 0.010000000000000009 1.13375 0.009999999999999787 0.009999999999999787 0.14417910447761195 9.0 0.009999999999999787 1.6612244897959185 0.011798 
0.009999999999999787 1.4932478077297828 0.21753034825870646 0.009999999999999787 0.010000000000000009 0.010000000000000009 0.010000000000000009 0.140355 0.009999999999999787 0.009999999999999787 0.9492537313432836 0.009999999999999787 0.009999999999999787 0.8906530612244898 0.4706476 
9.0 5.0699772653458925 4.870861691542289 0.009999999999999787 0.010000000000000009 3.4676923076923076 1.13375 3.83075 0.009999999999999787 9.0 0.01 0.009999999999999787 0.009999999999999787 0.01 0.01 
9.0 2.3575024358557983 1.3517910447761194 0.009999999999999787 0.010000000000000009 6.9253846153846155 1.13375 0.2909375 0.009999999999999787 0.009999999999999787 1.2176119402985075 0.009999999999999787 0.009999999999999787 1.6703979591836735 0.01 
0.009999999999999787 1.080099058135759 0.05472636815920398 4.505 0.909 3.4676923076923076 0.010000000000000009 0.0661875 9.0 9.0 0.01 9.0 0.009999999999999787 1.8446938775510204 0.016293000000000002 
0.009999999999999787 1.1049171809028913 0.2783582089552239 0.009999999999999787 0.010000000000000009 2.0846153846153848 0.010000000000000009 0.7224575 9.0 0.009999999999999787 0.14417910447761195 0.009999999999999787 0.009999999999999787 3.6793877551020406 0.0108091 
0.009999999999999787 2.904961026307243 1.2176119402985075 0.009999999999999787 0.010000000000000009 0.010000000000000009 1.13375 3.7363549999999996 9.0 9.0 0.01 0.009999999999999787 0.009999999999999787 0.01 0.01 
0.009999999999999787 0.13117083468658697 1.1281592039800994 0.009999999999999787 0.010000000000000009 6.233846153846154 0.010000000000000009 0.04820750000000001 9.0 0.009999999999999787 0.14417910447761195 9.0 0.009999999999999787 0.01 0.0105394 
0.009999999999999787 2.1998343618057823 0.3982248756218905 4.505 0.909 0.010000000000000009 0.010000000000000009 0.027979999999999998 9.0 9.0 0.01 9.0 0.009999999999999787 1.5694897959183673 0.0260921 
9.0 5.5079441377070495 5.3771641791044775 0.009999999999999787 0.010000000000000009 0.010000000000000009 0.010000000000000009 2.4822499999999996 0.009999999999999787 0.009999999999999787 1.8885074626865672 9.0 0.009999999999999787 0.01 0.20778000000000002 
9.0 3.780894771029556 0.7399343283582089 4.505 0.909 5.542307692307692 1.13375 0.0661875 0.009999999999999787 0.009999999999999787 3.0961194029850745 0.009999999999999787 0.009999999999999787 4.183928571428571 0.1211164 
9.0 1.1165962974991888 2.21590447761194 0.009999999999999787 0.010000000000000009 8.308461538461538 0.010000000000000009 0.0841675 9.0 9.0 0.01 9.0 0.009999999999999787 2.028163265306122 0.0999 
0.009999999999999787 2.478673270542384 1.4412437810945273 0.009999999999999787 0.010000000000000009 4.15923076923077 0.010000000000000009 1.13375 0.009999999999999787 9.0 0.01 0.009999999999999787 0.009999999999999787 3.312448979591837 0.01 
9.0 6.128397206885353 6.987313432835821 0.009999999999999787 0.010000000000000009 0.010000000000000009 0.010000000000000009 2.4822499999999996 0.009999999999999787 0.009999999999999787 0.9492537313432836 9.0 0.009999999999999787 0.01 0.2797 
0.009999999999999787 1.883038324131212 0.7256218905472637 0.009999999999999787 0.010000000000000009 3.4676923076923076 1.13375 1.8821675 0.009999999999999787 0.009999999999999787 0.2783582089552239 0.009999999999999787 0.009999999999999787 1.6703979591836735 0.01 
0.009999999999999787 0.20416531341344646 0.05472636815920398 0.009999999999999787 0.010000000000000009 0.010000000000000009 0.010000000000000009 0.0841675 9.0 9.0 0.01 9.0 0.009999999999999787 1.2208979591836735 0.01 
0.009999999999999787 1.6888730107177663 0.6361691542288557 4.505 0.909 0.010000000000000009 0.010000000000000009 0.4595 0.009999999999999787 0.009999999999999787 0.6808955223880597 0.009999999999999787 0.009999999999999787 1.4777551020408164 0.5293523 
9.0 1.2260880155894776 0.5467164179104478 0.009999999999999787 0.010000000000000009 6.233846153846154 0.010000000000000009 0.4033125 9.0 9.0 0.01 0.009999999999999787 0.009999999999999787 1.4777551020408164 0.01 
0.009999999999999787 0.8129392659954537 0.3087721393034826 4.505 0.909 0.010000000000000009 0.010000000000000009 0.909 9.0 9.0 0.01 0.009999999999999787 9.0 2.2116326530612245 0.01 
0.009999999999999787 0.6421321857746025 0.11376517412935322 0.009999999999999787 0.010000000000000009 3.4676923076923076 0.010000000000000009 0.140355 9.0 9.0 0.01 9.0 0.009999999999999787 2.5785714285714283 0.0427236 
9.0 1.310761610912634 0.18890547263681592 0.009999999999999787 0.010000000000000009 5.542307692307692 1.13375 0.571875 0.009999999999999787 0.009999999999999787 0.14417910447761195 9.0 0.009999999999999787 0.01 0.0709522 
9.0 7.150319909061386 0.06903880597014925 0.009999999999999787 0.010000000000000009 9.0 7.876250000000001 0.01 0.009999999999999787 0.009999999999999787 0.14417910447761195 9.0 0.009999999999999787 2.1382448979591837 0.01899 
0.009999999999999787 0.496143228320884 0.7256218905472637 0.009999999999999787 0.010000000000000009 2.0846153846153848 0.010000000000000009 0.68425 0.009999999999999787 0.009999999999999787 0.2783582089552239 9.0 0.009999999999999787 1.1108163265306124 0.03697 
9.0 1.141414420266321 0.4572636815920398 0.009999999999999787 0.010000000000000009 5.542307692307692 0.010000000000000009 0.122375 9.0 9.0 0.01 0.009999999999999787 0.009999999999999787 1.1108163265306124 0.0827291 
0.009999999999999787 1.8348619681714848 0.2783582089552239 0.009999999999999787 0.010000000000000009 5.542307692307692 1.13375 0.0841675 9.0 9.0 0.01 0.009999999999999787 0.009999999999999787 2.028163265306122 0.0325649 
0.009999999999999787 0.7516239038648918 3.5737970149253733 0.009999999999999787 0.010000000000000009 7.616923076923077 6.7524999999999995 0.01 0.009999999999999787 9.0 0.01 9.0 0.009999999999999787 0.01 0.01 
0.009999999999999787 1.6158785319909068 0.09945273631840795 0.009999999999999787 0.010000000000000009 2.0846153846153848 2.2575 0.01 0.009999999999999787 9.0 0.01 0.009999999999999787 0.009999999999999787 0.01 0.01 
0.009999999999999787 1.5910604092237746 0.36781094527363184 0.009999999999999787 0.010000000000000009 5.542307692307692 0.010000000000000009 0.796625 0.009999999999999787 9.0 0.01 0.009999999999999787 0.009999999999999787 2.5785714285714283 0.01 
0.009999999999999787 0.43482786619032154 1.977960199004975 0.009999999999999787 0.010000000000000009 3.4676923076923076 0.010000000000000009 0.23475000000000001 0.009999999999999787 9.0 0.01 9.0 0.009999999999999787 0.7438775510204082 0.01 
9.0 0.44796687236115673 3.588109452736318 4.505 0.909 5.542307692307692 1.13375 0.0841675 9.0 9.0 0.01 9.0 0.009999999999999787 3.1289795918367345 0.01 
0.009999999999999787 2.9414582656706734 1.1424716417910448 0.009999999999999787 0.010000000000000009 6.9253846153846155 1.13375 1.695625 0.009999999999999787 9.0 0.01 0.009999999999999787 0.009999999999999787 6.247959183673469 0.01 
9.0 2.175016239038649 1.9028199004975124 0.009999999999999787 0.010000000000000009 7.616923076923077 6.7524999999999995 1.0213750000000001 0.009999999999999787 0.009999999999999787 0.6808955223880597 0.009999999999999787 0.009999999999999787 0.9181734693877551 0.054950000000000006 
9.0 5.580938616433908 0.06903880597014925 0.009999999999999787 0.010000000000000009 9.0 7.876250000000001 0.01 9.0 9.0 0.01 0.009999999999999787 9.0 0.5787551020408164 0.0124273 
0.009999999999999787 2.150198116271517 0.4572636815920398 4.505 0.909 3.4676923076923076 0.010000000000000009 0.122375 9.0 9.0 0.01 9.0 0.009999999999999787 2.064857142857143 0.01 
9.0 0.872794738551478 1.799054726368159 4.505 0.909 9.0 7.876250000000001 0.01 9.0 9.0 0.01 9.0 0.009999999999999787 0.01 0.01 
0.009999999999999787 2.758972068853525 1.8294686567164178 4.505 0.909 2.0846153846153848 2.2575 0.4977075 9.0 9.0 0.01 0.009999999999999787 0.009999999999999787 4.413265306122449 0.01 
9.0 0.13117083468658697 0.06903880597014925 0.009999999999999787 0.010000000000000009 8.308461538461538 0.010000000000000009 0.4595 9.0 0.009999999999999787 0.2783582089552239 0.009999999999999787 0.009999999999999787 2.9455102040816326 0.0100899 
9.0 1.9560328028580716 0.36781094527363184 0.009999999999999787 0.010000000000000009 5.542307692307692 0.010000000000000009 0.4595 0.009999999999999787 0.009999999999999787 0.2783582089552239 0.009999999999999787 0.009999999999999787 1.5419693877551022 0.054950000000000006 
0.009999999999999787 2.9297791490743754 9.0 0.009999999999999787 0.010000000000000009 6.9253846153846155 1.13375 0.7404375000000001 0.009999999999999787 0.009999999999999787 0.14417910447761195 0.009999999999999787 0.009999999999999787 4.734336734693877 0.054950000000000006 
0.009999999999999787 0.8129392659954537 0.15849154228855722 0.009999999999999787 0.010000000000000009 0.010000000000000009 0.010000000000000009 0.0661875 9.0 9.0 0.01 9.0 0.009999999999999787 0.01 0.0139556 
9.0 3.160441701851251 1.6952895522388058 0.009999999999999787 0.010000000000000009 9.0 7.876250000000001 0.01 9.0 9.0 0.01 9.0 0.009999999999999787 1.4777551020408164 0.01 
9.0 0.3749723936342977 0.010000000000000002 4.505 0.909 2.7761538461538464 7.876250000000001 0.01 9.0 9.0 0.01 9.0 0.009999999999999787 0.7989183673469388 0.01 
0.009999999999999787 3.2582543033452427 0.7399343283582089 0.009999999999999787 0.010000000000000009 6.233846153846154 0.010000000000000009 0.027979999999999998 0.009999999999999787 9.0 0.01 0.009999999999999787 0.009999999999999787 3.6793877551020406 0.53142 
9.0 3.4276014939915567 1.799054726368159 0.009999999999999787 0.010000000000000009 6.9253846153846155 0.010000000000000009 6.07825 0.009999999999999787 9.0 0.01 0.009999999999999787 0.009999999999999787 9.0 0.01 
0.009999999999999787 0.715126664501462 2.5146766169154224 0.009999999999999787 0.010000000000000009 0.010000000000000009 0.010000000000000009 0.23475000000000001 9.0 9.0 0.01 9.0 0.009999999999999787 0.01 0.01 
9.0 0.8976128613186103 0.8454885572139303 0.009999999999999787 0.010000000000000009 2.0846153846153848 2.2575 0.23475000000000001 0.009999999999999787 0.009999999999999787 0.5467164179104478 9.0 9.0 0.7438775510204082 0.01 
0.009999999999999787 1.360397856446899 0.7256218905472637 0.009999999999999787 0.010000000000000009 7.616923076923077 6.7524999999999995 0.0841675 9.0 0.009999999999999787 0.2783582089552239 9.0 0.009999999999999787 2.9455102040816326 0.12687 
0.009999999999999787 0.8129392659954537 0.4572636815920398 4.505 0.909 0.010000000000000009 1.13375 0.6280625 0.009999999999999787 0.009999999999999787 0.41253731343283584 0.009999999999999787 0.009999999999999787 1.2942857142857143 0.028879000000000002 
