0.009999999999999787 2.41881779798636 5.200119642857143 0.009999999999999787 0.009999999999999787 0.7015384615384616 0.010000000000000009 0.9563157894736842 0.009999999999999787 0.009999999999999787 2.03275 9.0 0.009999999999999787 1.13375 0.21977145596931436 
0.009999999999999787 0.715126664501462 3.5562339285714284 0.009999999999999787 0.009999999999999787 0.010000000000000009 0.010000000000000009 0.6408771929824562 9.0 9.0 0.01 0.009999999999999787 0.009999999999999787 0.62132 0.01 
0.009999999999999787 0.9822864566417673 0.09026785714285714 0.009999999999999787 0.009999999999999787 0.7015384615384616 1.2942857142857143 0.2197666666666667 0.009999999999999787 9.0 0.01 0.009999999999999787 0.009999999999999787 0.01 0.01 
0.009999999999999787 1.5428840532640478 1.0534821428571428 0.009999999999999787 0.009999999999999787 0.010000000000000009 1.2942857142857143 0.7323543859649123 9.0 0.009999999999999787 0.23475000000000001 0.009999999999999787 0.009999999999999787 1.87992 0.016034521336103565 
0.009999999999999787 1.1282754140954858 0.9732142857142857 0.009999999999999787 0.009999999999999787 4.15923076923077 0.010000000000000009 0.41691578947368424 0.009999999999999787 0.009999999999999787 0.23475000000000001 9.0 0.009999999999999787 1.1787 0.23988652708965957 
0.009999999999999787 0.8859337447223132 0.01 0.009999999999999787 0.009999999999999787 0.010000000000000009 0.010000000000000009 0.16771929824561405 9.0 9.0 0.01 0.009999999999999787 9.0 0.01 0.01 
9.0 1.506386813900618 0.37120535714285713 0.009999999999999787 0.009999999999999787 5.542307692307692 0.010000000000000009 0.41691578947368424 0.009999999999999787 0.009999999999999787 0.4595 9.0 0.009999999999999787 0.909 0.01 
9.0 2.624662227996103 0.5317410714285714 0.009999999999999787 0.009999999999999787 0.7015384615384616 0.010000000000000009 0.18033684210526318 9.0 9.0 0.01 0.009999999999999787 0.009999999999999787 0.01 0.01 
0.009999999999999787 2.8319665475803837 1.3071285714285714 9.0 9.0 2.0846153846153848 2.5785714285714283 2.6912280701754385 0.009999999999999787 0.009999999999999787 1.58325 0.009999999999999787 0.009999999999999787 0.886525 0.01 
9.0 0.5939558298148757 2.766398214285714 0.009999999999999787 0.009999999999999787 6.9253846153846155 1.2942857142857143 0.24657894736842106 0.009999999999999787 0.009999999999999787 1.58325 9.0 0.009999999999999787 0.44152 0.01 
0.009999999999999787 2.576485872036376 0.49160714285714285 0.009999999999999787 0.009999999999999787 6.9253846153846155 1.2942857142857143 1.7449122807017543 0.009999999999999787 0.009999999999999787 0.68425 0.009999999999999787 0.009999999999999787 0.01 0.01 
0.009999999999999787 0.13117083468658697 1.0133482142857142 0.009999999999999787 0.009999999999999787 6.233846153846154 0.010000000000000009 0.036812280701754393 9.0 0.009999999999999787 0.23475000000000001 9.0 0.009999999999999787 0.01 0.011724148953172447 
9.0 1.3720769730431965 0.571875 9.0 9.0 0.010000000000000009 0.010000000000000009 0.062047368421052636 9.0 9.0 0.01 9.0 0.009999999999999787 0.60334 0.01 
9.0 3.160441701851251 1.6554910714285713 0.009999999999999787 0.009999999999999787 7.616923076923077 0.010000000000000009 1.5871929824561404 0.009999999999999787 9.0 0.01 0.009999999999999787 0.009999999999999787 0.01 1.1594326354482978 
0.009999999999999787 1.3837560896394936 0.4113392857142857 0.009999999999999787 0.009999999999999787 0.010000000000000009 0.010000000000000009 0.08885964912280703 9.0 9.0 0.01 9.0 0.009999999999999787 0.50445 0.01 
9.0 0.6786294251380323 0.2508035714285714 0.009999999999999787 0.009999999999999787 0.010000000000000009 0.010000000000000009 0.2607736842105263 0.009999999999999787 0.009999999999999787 1.13375 0.009999999999999787 0.009999999999999787 0.6393 0.011436790794310373 
0.009999999999999787 5.3619551802533305 0.9732142857142857 9.0 9.0 9.0 9.0 0.4831578947368421 9.0 9.0 0.01 9.0 0.009999999999999787 0.8190999999999999 0.011149432635448299 
0.009999999999999787 4.7546411172458605 0.8126785714285714 0.009999999999999787 0.009999999999999787 4.15923076923077 2.5785714285714283 0.7985964912280702 0.009999999999999787 0.009999999999999787 2.707 0.009999999999999787 0.009999999999999787 1.8529499999999999 0.7312689787438069 
0.009999999999999787 5.970729132835338 4.0233928571428565 0.009999999999999787 0.009999999999999787 3.4676923076923076 1.2942857142857143 2.5335087719298244 0.009999999999999787 9.0 0.01 0.009999999999999787 0.009999999999999787 0.11788 0.5927623461722871 
9.0 5.5079441377070495 4.826071428571428 0.009999999999999787 0.009999999999999787 0.010000000000000009 0.010000000000000009 1.7449122807017543 0.009999999999999787 0.009999999999999787 3.1565 9.0 0.009999999999999787 0.01 0.6421879494965639 
0.009999999999999787 2.1998343618057823 0.1705357142857143 0.009999999999999787 0.009999999999999787 0.010000000000000009 0.010000000000000009 0.5620175438596491 0.009999999999999787 0.009999999999999787 2.4822499999999996 9.0 0.009999999999999787 0.15384 0.16517340578552023 
0.009999999999999787 3.160441701851251 0.05013392857142857 9.0 9.0 0.010000000000000009 0.010000000000000009 0.4831578947368421 9.0 9.0 0.01 0.009999999999999787 0.009999999999999787 1.05284 0.042471471951414416 
0.009999999999999787 1.9925300422215009 0.3840482142857143 0.009999999999999787 0.009999999999999787 3.4676923076923076 0.010000000000000009 0.16771929824561405 0.009999999999999787 9.0 0.01 9.0 9.0 1.2686 0.01 
0.009999999999999787 2.9414582656706734 1.0261910714285714 0.009999999999999787 0.009999999999999787 6.9253846153846155 1.2942857142857143 1.1928947368421052 0.009999999999999787 9.0 0.01 0.009999999999999787 0.009999999999999787 3.0665999999999998 0.01 
9.0 0.507822344917181 3.220714285714285 0.009999999999999787 0.009999999999999787 0.7015384615384616 0.010000000000000009 0.14090701754385965 9.0 9.0 0.01 9.0 0.009999999999999787 0.3696 0.022069042672207127 
0.009999999999999787 9.000000000000002 7.166682142857142 0.009999999999999787 0.009999999999999787 7.616923076923077 6.4314285714285715 4.0318421052631574 0.009999999999999787 0.009999999999999787 0.23475000000000001 0.009999999999999787 0.009999999999999787 0.01 0.04132203931596612 
0.009999999999999787 0.5443195842806108 0.01 0.009999999999999787 0.009999999999999787 5.542307692307692 0.010000000000000009 0.2197666666666667 9.0 9.0 0.01 9.0 0.009999999999999787 0.7292 0.010287358158862074 
0.009999999999999787 2.5151705099058144 1.13375 0.009999999999999787 0.009999999999999787 3.4676923076923076 0.010000000000000009 0.16771929824561405 9.0 9.0 0.01 0.009999999999999787 0.009999999999999787 1.05284 0.01 
0.009999999999999787 2.41881779798636 0.2764892857142857 0.009999999999999787 0.009999999999999787 6.9253846153846155 0.010000000000000009 0.4311105263157895 0.009999999999999787 0.009999999999999787 1.808 0.009999999999999787 0.009999999999999787 1.371985 0.955408342656225 
9.0 4.522518674894448 0.9732142857142857 0.009999999999999787 0.009999999999999787 0.010000000000000009 0.010000000000000009 0.7591666666666667 0.009999999999999787 0.009999999999999787 1.808 0.009999999999999787 0.009999999999999787 1.79002 1.2051225827073677 
0.009999999999999787 3.5005959727184153 1.9364285714285714 0.009999999999999787 0.009999999999999787 4.15923076923077 0.010000000000000009 0.41691578947368424 0.009999999999999787 0.009999999999999787 1.13375 0.009999999999999787 0.009999999999999787 0.49546 0.3252319002716957 
0.009999999999999787 2.904961026307243 0.8126785714285714 0.009999999999999787 0.009999999999999787 2.0846153846153848 0.010000000000000009 0.3254385964912281 9.0 9.0 0.01 0.009999999999999787 0.009999999999999787 0.95395 0.01 
0.009999999999999787 2.0655245209483604 4.758646428571428 0.009999999999999787 0.009999999999999787 8.308461538461538 0.010000000000000009 1.5998105263157896 0.009999999999999787 0.009999999999999787 1.13375 0.009999999999999787 0.009999999999999787 0.76516 0.01 
9.0 1.080099058135759 3.541785714285714 9.0 9.0 5.542307692307692 0.010000000000000009 0.9563157894736842 0.009999999999999787 9.0 0.01 0.009999999999999787 0.009999999999999787 1.21466 0.01 
9.0 2.624662227996103 1.494955357142857 0.009999999999999787 0.009999999999999787 5.542307692307692 1.2942857142857143 0.5225877192982457 0.009999999999999787 0.009999999999999787 0.4595 9.0 0.009999999999999787 0.01 0.01 
0.009999999999999787 1.7983647288080555 4.0233928571428565 0.009999999999999787 0.009999999999999787 8.308461538461538 2.5785714285714283 0.08885964912280703 9.0 9.0 0.01 0.009999999999999787 0.009999999999999787 3.2463999999999995 0.01 
9.0 0.10635271191945472 2.4581696428571425 0.009999999999999787 0.009999999999999787 5.542307692307692 0.010000000000000009 0.04942982456140351 9.0 0.009999999999999787 0.23475000000000001 0.009999999999999787 0.009999999999999787 0.01 0.055977305417931916 
0.009999999999999787 2.588164988632674 0.8126785714285714 0.009999999999999787 0.009999999999999787 6.9253846153846155 1.2942857142857143 0.8774561403508772 0.009999999999999787 0.009999999999999787 1.3585 9.0 0.009999999999999787 0.7292 0.6054061051622183 
0.009999999999999787 2.4056787918155247 0.2508035714285714 9.0 9.0 8.308461538461538 0.010000000000000009 1.1140350877192982 9.0 9.0 0.01 0.009999999999999787 0.009999999999999787 1.4484 0.01 
0.009999999999999787 0.9954254628126025 0.1705357142857143 0.009999999999999787 0.009999999999999787 0.010000000000000009 0.010000000000000009 0.04942982456140351 9.0 9.0 0.01 9.0 0.009999999999999787 1.6281999999999999 0.01 
0.009999999999999787 4.267037999350439 0.1705357142857143 0.009999999999999787 0.009999999999999787 2.0846153846153848 1.2942857142857143 1.5871929824561404 0.009999999999999787 9.0 0.01 0.009999999999999787 0.009999999999999787 1.4484 0.01 
0.009999999999999787 0.922430984085743 0.2508035714285714 9.0 9.0 4.850769230769231 5.147142857142857 0.24657894736842106 9.0 9.0 0.01 0.009999999999999787 0.009999999999999787 0.60334 0.010574716317724149 
9.0 4.51083955829815 1.2942857142857143 0.009999999999999787 0.009999999999999787 2.7761538461538464 3.862857142857143 0.010000000000000002 0.009999999999999787 9.0 0.01 9.0 0.009999999999999787 0.4595 0.2858638325075915 
9.0 0.45964598895745423 3.220714285714285 0.009999999999999787 0.009999999999999787 6.233846153846154 0.010000000000000009 0.3254385964912281 9.0 0.009999999999999787 0.23475000000000001 9.0 0.009999999999999787 0.5494 0.010287358158862074 
9.0 1.445071451770056 0.2909375 0.009999999999999787 0.009999999999999787 6.9253846153846155 1.2942857142857143 0.3380561403508772 0.009999999999999787 9.0 0.01 0.009999999999999787 0.009999999999999787 0.7292 1.6939188109317564 
0.009999999999999787 0.715126664501462 0.4113392857142857 9.0 9.0 3.4676923076923076 0.010000000000000009 0.04942982456140351 9.0 9.0 0.01 9.0 0.009999999999999787 0.6393 0.011149432635448299 
0.009999999999999787 3.0757681065280944 0.14485 9.0 9.0 6.233846153846154 0.010000000000000009 0.10147719298245614 9.0 9.0 0.01 0.009999999999999787 0.009999999999999787 1.398955 0.010574716317724149 
0.009999999999999787 5.763424813251056 3.0328874999999993 0.009999999999999787 0.009999999999999787 9.0 9.0 4.557047368421053 0.009999999999999787 0.009999999999999787 2.4822499999999996 0.009999999999999787 0.009999999999999787 0.14485 0.09620744765862234 
0.009999999999999787 2.5034913933095164 4.505 9.0 9.0 9.0 9.0 0.010000000000000002 9.0 0.009999999999999787 0.4595 9.0 0.009999999999999787 0.7292 0.010287358158862074 
9.0 6.128397206885353 6.270892857142857 0.009999999999999787 0.009999999999999787 0.010000000000000009 0.010000000000000009 1.7449122807017543 0.009999999999999787 0.009999999999999787 1.58325 9.0 0.009999999999999787 0.01 0.8720744765862234 
0.009999999999999787 0.26548067554400845 0.11755892857142856 9.0 9.0 3.4676923076923076 0.010000000000000009 0.10147719298245614 9.0 9.0 0.01 9.0 9.0 0.909 0.01 
0.009999999999999787 0.8859337447223132 0.09026785714285714 9.0 9.0 0.010000000000000009 1.2942857142857143 0.08885964912280703 9.0 9.0 0.01 9.0 0.009999999999999787 1.2686 0.06862106440786318 
9.0 0.6421321857746025 0.06297678571428571 0.009999999999999787 0.009999999999999787 5.542307692307692 0.010000000000000009 0.022617543859649127 9.0 9.0 0.01 0.009999999999999787 0.009999999999999787 1.7181 0.01 
0.009999999999999787 6.0320444949659 9.0 9.0 9.0 0.010000000000000009 0.010000000000000009 9.0 0.009999999999999787 0.009999999999999787 9.0 9.0 0.009999999999999787 0.01 0.014310372382931117 
9.0 2.2480107177655086 2.0969642857142854 0.009999999999999787 0.009999999999999787 0.010000000000000009 2.5785714285714283 1.2717543859649123 0.009999999999999787 0.009999999999999787 1.58325 0.009999999999999787 0.009999999999999787 0.01 0.8907527569122582 
0.009999999999999787 0.43482786619032154 1.7758928571428572 0.009999999999999787 0.009999999999999787 3.4676923076923076 0.010000000000000009 0.16771929824561405 0.009999999999999787 9.0 0.01 9.0 0.009999999999999787 0.3696 0.01 
0.009999999999999787 3.5370932120818455 1.8962946428571428 0.009999999999999787 0.009999999999999787 6.9253846153846155 1.2942857142857143 3.1643859649122805 0.009999999999999787 0.009999999999999787 3.1565 0.009999999999999787 0.009999999999999787 1.803505 0.01 
9.0 0.26548067554400845 0.1705357142857143 0.009999999999999787 0.009999999999999787 2.0846153846153848 0.010000000000000009 0.062047368421052636 9.0 0.009999999999999787 1.3585 0.009999999999999787 0.009999999999999787 1.0888 0.020057535560172604 
9.0 1.9560328028580716 0.9860571428571429 9.0 9.0 6.9253846153846155 1.2942857142857143 0.8112140350877193 0.009999999999999787 0.009999999999999787 0.23475000000000001 9.0 0.009999999999999787 0.32465 0.01 
0.009999999999999787 2.332684313088665 0.49160714285714285 9.0 9.0 6.233846153846154 0.010000000000000009 0.022617543859649127 9.0 9.0 0.01 9.0 9.0 0.7292 0.01 
0.009999999999999787 2.710795712893798 0.4113392857142857 0.009999999999999787 0.009999999999999787 6.233846153846154 0.010000000000000009 0.3774859649122807 9.0 9.0 0.01 9.0 0.009999999999999787 0.5494 0.01 
9.0 1.1049171809028913 0.11755892857142856 0.009999999999999787 0.009999999999999787 5.542307692307692 0.010000000000000009 0.24657894736842106 9.0 9.0 0.01 9.0 9.0 0.7292 0.01 
9.0 0.9589282234491727 3.702321428571428 9.0 9.0 2.7761538461538464 3.862857142857143 0.010000000000000002 0.009999999999999787 0.009999999999999787 2.4822499999999996 0.009999999999999787 0.009999999999999787 0.01 0.01 
0.009999999999999787 4.0363754465735635 0.9732142857142857 0.009999999999999787 0.009999999999999787 2.0846153846153848 2.5785714285714283 0.3254385964912281 0.009999999999999787 9.0 0.01 9.0 0.009999999999999787 0.01 0.06747163177241489 
0.009999999999999787 1.28740337772004 0.49160714285714285 0.009999999999999787 0.009999999999999787 0.7015384615384616 1.2942857142857143 0.6014473684210526 0.009999999999999787 0.009999999999999787 1.3585 9.0 0.009999999999999787 0.909 0.10396611794789834 
0.009999999999999787 6.055402728158494 5.949821428571428 0.009999999999999787 0.009999999999999787 0.7015384615384616 2.5785714285714283 4.741578947368421 0.009999999999999787 0.009999999999999787 3.83075 0.009999999999999787 0.009999999999999787 0.01 0.01 
9.0 3.014452744397533 0.30378035714285717 0.009999999999999787 0.009999999999999787 8.308461538461538 0.010000000000000009 0.24657894736842106 0.009999999999999787 0.009999999999999787 0.909 9.0 0.009999999999999787 0.01 0.4648879654786639 
0.009999999999999787 1.153093536862618 0.2508035714285714 0.009999999999999787 0.009999999999999787 4.15923076923077 0.010000000000000009 0.16771929824561405 9.0 9.0 0.01 0.009999999999999787 9.0 1.4484 0.01 
9.0 2.747292952257227 0.5188982142857143 9.0 9.0 9.0 9.0 0.010000000000000002 0.009999999999999787 9.0 0.01 9.0 0.009999999999999787 1.4484 0.01 
9.0 1.2260880155894776 2.8996428571428567 0.009999999999999787 0.009999999999999787 5.542307692307692 0.010000000000000009 2.6912280701754385 0.009999999999999787 0.009999999999999787 1.13375 0.009999999999999787 0.009999999999999787 0.5494 0.01 
0.009999999999999787 3.62322669697954 2.0038535714285715 0.009999999999999787 0.009999999999999787 5.542307692307692 0.010000000000000009 0.022617543859649127 0.009999999999999787 0.009999999999999787 0.23475000000000001 9.0 0.009999999999999787 0.909 0.09620744765862234 
0.009999999999999787 1.445071451770056 3.6220535714285713 0.009999999999999787 0.009999999999999787 0.010000000000000009 0.010000000000000009 0.7985964912280702 0.009999999999999787 0.009999999999999787 3.83075 9.0 0.009999999999999787 0.909 0.35712865590538595 
0.009999999999999787 0.288838908736603 0.03729107142857143 9.0 9.0 0.010000000000000009 0.010000000000000009 0.022617543859649127 9.0 9.0 0.01 9.0 0.009999999999999787 0.6393 0.21747259069841776 
0.009999999999999787 0.9457892172783375 0.26364642857142856 9.0 9.0 6.9253846153846155 0.010000000000000009 0.2197666666666667 9.0 9.0 0.01 9.0 0.009999999999999787 0.7292 0.01 
9.0 4.766320233842158 2.5785714285714283 0.009999999999999787 0.009999999999999787 0.010000000000000009 0.010000000000000009 2.494078947368421 0.009999999999999787 0.009999999999999787 1.3585 0.009999999999999787 0.009999999999999787 0.01 0.3720712801662138 
0.009999999999999787 4.705004871711596 2.0969642857142854 0.009999999999999787 0.009999999999999787 0.010000000000000009 0.010000000000000009 0.3254385964912281 9.0 9.0 0.01 0.009999999999999787 0.009999999999999787 0.01 0.07551766022055298 
0.009999999999999787 0.5939558298148757 0.01 9.0 9.0 4.15923076923077 2.5785714285714283 0.010000000000000002 9.0 9.0 0.01 0.009999999999999787 9.0 2.2575 0.010287358158862074 
0.009999999999999787 0.9092919779149078 3.3812499999999996 0.009999999999999787 0.009999999999999787 0.010000000000000009 0.010000000000000009 0.9563157894736842 0.009999999999999787 9.0 0.01 0.009999999999999787 0.009999999999999787 0.01 0.01 
9.0 1.153093536862618 3.7825892857142853 0.009999999999999787 0.009999999999999787 6.9253846153846155 1.2942857142857143 0.16771929824561405 0.009999999999999787 0.009999999999999787 0.4595 0.009999999999999787 0.009999999999999787 1.3585 0.16833434553300303 
9.0 0.41146963299772743 0.18337857142857145 0.009999999999999787 0.009999999999999787 0.010000000000000009 0.010000000000000009 0.5620175438596491 9.0 0.009999999999999787 0.23475000000000001 0.009999999999999787 0.009999999999999787 0.3696 0.011436790794310373 
0.009999999999999787 4.097690808704126 0.7324107142857142 0.009999999999999787 0.009999999999999787 2.0846153846153848 2.5785714285714283 0.24657894736842106 0.009999999999999787 9.0 0.01 9.0 0.009999999999999787 2.5271999999999997 0.01 
0.009999999999999787 5.740066580058462 0.1705357142857143 9.0 9.0 3.4676923076923076 1.2942857142857143 1.259136842105263 0.009999999999999787 9.0 0.01 9.0 0.009999999999999787 0.8190999999999999 0.10023046188269137 
0.009999999999999787 0.17934719064631377 1.3215767857142857 0.009999999999999787 0.009999999999999787 2.0846153846153848 1.2942857142857143 0.14090701754385965 9.0 9.0 0.01 0.009999999999999787 0.009999999999999787 0.5494 0.01 
0.009999999999999787 5.448088665151024 0.49160714285714285 0.009999999999999787 0.009999999999999787 0.7015384615384616 0.010000000000000009 1.1928947368421052 9.0 9.0 0.01 0.009999999999999787 0.009999999999999787 0.01 0.11057535560172606 
9.0 1.7852257226372203 0.5445839285714286 0.009999999999999787 0.009999999999999787 9.0 9.0 0.010000000000000002 9.0 9.0 0.01 9.0 0.009999999999999787 1.5383 0.010287358158862074 
9.0 1.675734004546931 0.8255214285714285 9.0 9.0 9.0 9.0 0.010000000000000002 9.0 9.0 0.01 0.009999999999999787 0.009999999999999787 0.8190999999999999 0.02724148953172447 
0.009999999999999787 2.0903426437154926 0.4113392857142857 0.009999999999999787 0.009999999999999787 0.010000000000000009 1.2942857142857143 0.08885964912280703 9.0 0.009999999999999787 0.4595 0.009999999999999787 0.009999999999999787 1.808 0.04103468115710404 
9.0 2.5151705099058144 0.18337857142857145 0.009999999999999787 0.009999999999999787 6.9253846153846155 0.010000000000000009 0.022617543859649127 0.009999999999999787 9.0 0.01 9.0 0.009999999999999787 1.9878 3.221802141601406 
9.0 1.3837560896394936 0.22511785714285715 0.009999999999999787 0.009999999999999787 8.308461538461538 1.2942857142857143 0.5620175438596491 0.009999999999999787 9.0 0.01 9.0 0.009999999999999787 1.808 0.01 
0.009999999999999787 3.30643065930497 2.2575 0.009999999999999787 0.009999999999999787 5.542307692307692 1.2942857142857143 3.6375438596491225 0.009999999999999787 0.009999999999999787 1.58325 0.009999999999999787 0.009999999999999787 1.3585 0.011436790794310373 
0.009999999999999787 1.1647726534589156 3.702321428571428 0.009999999999999787 0.009999999999999787 2.0846153846153848 0.010000000000000009 1.1140350877192982 0.009999999999999787 0.009999999999999787 2.03275 9.0 0.009999999999999787 0.26172 0.22321975387565926 
0.009999999999999787 1.4815686911334853 0.33107142857142857 0.009999999999999787 0.009999999999999787 8.308461538461538 0.010000000000000009 0.16771929824561405 9.0 9.0 0.01 9.0 0.009999999999999787 0.909 0.01 
0.009999999999999787 4.777999350438455 1.3472625 0.009999999999999787 0.009999999999999787 6.9253846153846155 2.5785714285714283 0.036812280701754393 9.0 9.0 0.01 0.009999999999999787 0.009999999999999787 2.3474 0.01 
0.009999999999999787 1.7005521273140638 0.6521428571428571 0.009999999999999787 0.009999999999999787 0.7015384615384616 0.010000000000000009 0.24657894736842106 9.0 9.0 0.01 0.009999999999999787 0.009999999999999787 0.3696 0.01 
0.009999999999999787 0.776442026632024 2.2575 0.009999999999999787 0.009999999999999787 0.010000000000000009 0.010000000000000009 0.5225877192982457 0.009999999999999787 0.009999999999999787 0.68425 9.0 0.009999999999999787 0.909 0.4097151989771456 
9.0 6.128397206885353 0.11755892857142856 0.009999999999999787 0.009999999999999787 2.0846153846153848 2.5785714285714283 0.3254385964912281 0.009999999999999787 9.0 0.01 0.009999999999999787 0.009999999999999787 1.1427399999999999 0.6413258750199776 
9.0 2.45531503734979 1.0133482142857142 0.009999999999999787 0.009999999999999787 9.0 9.0 0.9689333333333333 9.0 0.009999999999999787 0.4595 0.009999999999999787 0.009999999999999787 0.909 0.011149432635448299 
0.009999999999999787 3.8655683663527127 0.571875 0.009999999999999787 0.009999999999999787 3.4676923076923076 0.010000000000000009 0.07624210526315789 0.009999999999999787 9.0 0.01 9.0 0.009999999999999787 0.7292 0.01 
9.0 0.14284995128288402 0.11755892857142856 0.009999999999999787 0.009999999999999787 9.0 9.0 0.010000000000000002 9.0 0.009999999999999787 0.23475000000000001 9.0 0.009999999999999787 0.7292 0.046207128016621385 
0.009999999999999787 1.9808509256252038 4.665535714285714 0.009999999999999787 0.009999999999999787 0.7015384615384616 0.010000000000000009 0.04942982456140351 9.0 9.0 0.01 9.0 0.009999999999999787 0.01 0.09218443343455329 
0.009999999999999787 0.7516239038648918 3.2078714285714285 0.009999999999999787 0.009999999999999787 7.616923076923077 7.715714285714286 0.010000000000000002 0.009999999999999787 9.0 0.01 9.0 0.009999999999999787 0.01 0.01 
0.009999999999999787 2.150198116271517 0.4113392857142857 9.0 9.0 3.4676923076923076 0.010000000000000009 0.08885964912280703 9.0 9.0 0.01 9.0 0.009999999999999787 1.01688 0.01 
9.0 2.4918122767132194 0.4787642857142857 0.009999999999999787 0.009999999999999787 6.233846153846154 0.010000000000000009 0.3522508771929825 0.009999999999999787 0.009999999999999787 3.606 9.0 0.009999999999999787 0.5494 0.6074176122742528 
0.009999999999999787 0.6304530691783055 0.49160714285714285 9.0 9.0 6.9253846153846155 0.010000000000000009 0.6408771929824562 0.009999999999999787 9.0 0.01 0.009999999999999787 0.009999999999999787 0.4595 0.01574716317724149 
9.0 5.459767781747322 2.2575 0.009999999999999787 0.009999999999999787 8.308461538461538 1.2942857142857143 0.9563157894736842 9.0 9.0 0.01 9.0 0.009999999999999787 0.01 0.01 
0.009999999999999787 4.255358882754141 0.1705357142857143 0.009999999999999787 0.009999999999999787 4.15923076923077 0.010000000000000009 3.4009649122807017 0.009999999999999787 9.0 0.01 9.0 9.0 1.808 0.01 
0.009999999999999787 4.072872685936993 0.10311071428571428 9.0 9.0 6.9253846153846155 1.2942857142857143 0.5620175438596491 0.009999999999999787 0.009999999999999787 1.808 9.0 0.009999999999999787 0.4595 0.11775930957327792 
9.0 2.9662763884378056 3.8628571428571425 0.009999999999999787 0.009999999999999787 5.542307692307692 1.2942857142857143 4.426140350877192 0.009999999999999787 0.009999999999999787 1.808 9.0 0.009999999999999787 0.01 1.9036902669010707 
0.009999999999999787 1.080099058135759 0.05013392857142857 9.0 9.0 3.4676923076923076 0.010000000000000009 0.04942982456140351 9.0 9.0 0.01 9.0 0.009999999999999787 0.909 0.030115071120345213 
0.009999999999999787 8.51385677167912 5.7090178571428565 0.009999999999999787 0.009999999999999787 9.0 9.0 0.010000000000000002 0.009999999999999787 9.0 0.01 0.009999999999999787 0.009999999999999787 0.01 0.01 
0.009999999999999787 2.017348164988634 0.1304017857142857 0.009999999999999787 0.009999999999999787 0.010000000000000009 0.010000000000000009 0.10147719298245614 9.0 9.0 0.01 9.0 0.009999999999999787 0.9989 0.050230142240690424 
0.009999999999999787 1.310761610912634 2.8996428571428567 0.009999999999999787 0.009999999999999787 8.308461538461538 0.010000000000000009 0.08885964912280703 9.0 9.0 0.01 0.009999999999999787 0.009999999999999787 0.01 0.01 
9.0 3.1356235790841187 0.10311071428571428 0.009999999999999787 0.009999999999999787 9.0 9.0 0.010000000000000002 9.0 0.009999999999999787 2.2575 9.0 0.009999999999999787 0.909 0.01517244685951734 
0.009999999999999787 0.3618333874634625 3.220714285714285 0.009999999999999787 0.009999999999999787 6.233846153846154 1.2942857142857143 0.062047368421052636 9.0 0.009999999999999787 0.23475000000000001 9.0 0.009999999999999787 0.5494 0.010287358158862074 
9.0 0.7268057810977591 0.4113392857142857 0.009999999999999787 0.009999999999999787 0.010000000000000009 0.010000000000000009 0.010000000000000002 9.0 9.0 0.01 9.0 0.009999999999999787 0.01 0.01 
0.009999999999999787 1.1049171809028913 0.5188982142857143 9.0 9.0 6.233846153846154 0.010000000000000009 0.9831280701754386 0.009999999999999787 0.009999999999999787 1.3585 9.0 0.009999999999999787 0.3696 0.01 
0.009999999999999787 2.868463786943814 0.8126785714285714 0.009999999999999787 0.009999999999999787 6.9253846153846155 2.5785714285714283 0.16771929824561405 9.0 9.0 0.01 9.0 0.009999999999999787 1.57426 0.01 
9.0 1.4085742124066263 0.9732142857142857 0.009999999999999787 0.009999999999999787 5.542307692307692 1.2942857142857143 0.5888298245614035 0.009999999999999787 0.009999999999999787 4.28025 9.0 0.009999999999999787 0.01 0.15367907943103723 
0.009999999999999787 0.7399447872685943 1.8160267857142858 0.009999999999999787 0.009999999999999787 6.233846153846154 0.010000000000000009 0.5494 0.009999999999999787 9.0 0.01 9.0 9.0 0.5494 0.01 
0.009999999999999787 1.445071451770056 4.0233928571428565 0.009999999999999787 0.009999999999999787 8.308461538461538 0.010000000000000009 0.9563157894736842 0.009999999999999787 9.0 0.01 0.009999999999999787 9.0 0.09989999999999999 0.01 
0.009999999999999787 0.7881211432283215 0.7853875 0.009999999999999787 0.009999999999999787 0.010000000000000009 0.010000000000000009 0.6408771929824562 0.009999999999999787 0.009999999999999787 2.4822499999999996 0.009999999999999787 0.009999999999999787 0.909 0.8720744765862234 
0.009999999999999787 1.7005521273140638 0.37120535714285713 0.009999999999999787 0.009999999999999787 6.9253846153846155 1.2942857142857143 0.4042982456140351 0.009999999999999787 9.0 0.01 9.0 0.009999999999999787 0.01 1.5324235256512706 
0.009999999999999787 1.445071451770056 3.8628571428571425 0.009999999999999787 0.009999999999999787 3.4676923076923076 0.010000000000000009 0.7197368421052632 0.009999999999999787 0.009999999999999787 0.4595 0.009999999999999787 0.009999999999999787 0.5494 0.011436790794310373 
0.009999999999999787 0.715126664501462 2.2575 0.009999999999999787 0.009999999999999787 0.010000000000000009 0.010000000000000009 0.16771929824561405 9.0 9.0 0.01 9.0 0.009999999999999787 0.01 0.01 
0.009999999999999787 5.434949658980189 0.4514732142857143 9.0 9.0 0.010000000000000009 1.2942857142857143 2.994049122807018 0.009999999999999787 9.0 0.01 0.009999999999999787 0.009999999999999787 0.909 0.03873581588620745 
0.009999999999999787 2.770651185449822 0.035685714285714286 9.0 9.0 4.15923076923077 2.5785714285714283 0.022617543859649127 0.009999999999999787 0.009999999999999787 0.23475000000000001 0.009999999999999787 0.009999999999999787 1.2686 0.5847163177241489 
0.009999999999999787 2.478673270542384 1.2942857142857143 9.0 9.0 6.9253846153846155 0.010000000000000009 0.4831578947368421 9.0 9.0 0.01 0.009999999999999787 0.009999999999999787 0.5494 0.01 
0.009999999999999787 2.442176031178955 0.8126785714285714 0.009999999999999787 0.009999999999999787 8.308461538461538 0.010000000000000009 2.3757894736842102 0.009999999999999787 9.0 0.01 0.009999999999999787 0.009999999999999787 2.3608849999999997 0.01 
0.009999999999999787 2.722474829490095 0.8929464285714286 0.009999999999999787 0.009999999999999787 2.0846153846153848 2.5785714285714283 0.010000000000000002 9.0 9.0 0.01 9.0 0.009999999999999787 0.8190999999999999 0.01 
9.0 1.3720769730431965 0.34391428571428573 9.0 9.0 9.0 9.0 0.16771929824561405 0.009999999999999787 0.009999999999999787 0.68425 9.0 0.009999999999999787 0.8190999999999999 0.05224164935272495 
0.009999999999999787 2.9297791490743754 8.076919642857142 0.009999999999999787 0.009999999999999787 6.9253846153846155 1.2942857142857143 0.5225877192982457 0.009999999999999787 0.009999999999999787 0.23475000000000001 0.009999999999999787 0.009999999999999787 2.324925 0.15367907943103723 
0.009999999999999787 1.8348619681714848 0.6521428571428571 0.009999999999999787 0.009999999999999787 6.9253846153846155 1.2942857142857143 0.3254385964912281 0.009999999999999787 0.009999999999999787 0.909 9.0 0.009999999999999787 0.6393 2.1778299504554894 
9.0 1.080099058135759 0.14324464285714286 0.009999999999999787 0.009999999999999787 2.0846153846153848 0.010000000000000009 0.11567192982456143 9.0 9.0 0.01 0.009999999999999787 9.0 0.65728 0.01 
0.009999999999999787 3.148762585254954 1.0534821428571428 0.009999999999999787 0.009999999999999787 5.542307692307692 1.2942857142857143 2.8489473684210527 0.009999999999999787 9.0 0.01 0.009999999999999787 0.009999999999999787 0.46849 0.1936218635128656 
9.0 0.8362974991880483 0.9732142857142857 0.009999999999999787 0.009999999999999787 8.308461538461538 0.010000000000000009 0.022617543859649127 0.009999999999999787 9.0 0.01 9.0 0.009999999999999787 0.4595 0.01 
9.0 6.310883403702503 3.220714285714285 0.009999999999999787 0.009999999999999787 5.542307692307692 0.010000000000000009 1.2717543859649123 0.009999999999999787 0.009999999999999787 3.1565 9.0 0.009999999999999787 0.01 0.4703477704970433 
9.0 1.8217229620006496 0.9732142857142857 0.009999999999999787 0.009999999999999787 4.15923076923077 0.010000000000000009 0.8900736842105264 9.0 0.009999999999999787 0.23475000000000001 0.009999999999999787 0.009999999999999787 1.2686 0.012873581588620744 
0.009999999999999787 2.5151705099058144 2.418035714285714 0.009999999999999787 0.009999999999999787 7.616923076923077 2.5785714285714283 0.5099701754385965 0.009999999999999787 9.0 0.01 0.009999999999999787 9.0 1.8979 0.01 
9.0 1.7735466060409228 0.10311071428571428 0.009999999999999787 0.009999999999999787 4.15923076923077 1.2942857142857143 0.04942982456140351 9.0 0.009999999999999787 0.23475000000000001 0.009999999999999787 0.009999999999999787 1.23264 0.04103468115710404 
0.009999999999999787 1.1647726534589156 0.8126785714285714 0.009999999999999787 0.009999999999999787 9.0 9.0 0.036812280701754393 9.0 9.0 0.01 0.009999999999999787 0.009999999999999787 0.4595 1.2192031324916093 
9.0 0.557458590451446 2.8996428571428567 0.009999999999999787 0.009999999999999787 8.308461538461538 0.010000000000000009 0.24657894736842106 0.009999999999999787 0.009999999999999787 0.4595 9.0 0.009999999999999787 0.40556 0.17982867188748602 
0.009999999999999787 6.91965735628451 4.103660714285714 9.0 9.0 0.010000000000000009 1.2942857142857143 1.5871929824561404 0.009999999999999787 9.0 0.01 9.0 0.009999999999999787 0.51344 0.01 
9.0 0.5443195842806108 3.060178571428571 0.009999999999999787 0.009999999999999787 6.233846153846154 0.010000000000000009 0.5225877192982457 0.009999999999999787 0.009999999999999787 1.3585 0.009999999999999787 0.009999999999999787 0.1898 0.1824148953172447 
0.009999999999999787 1.1049171809028913 0.2508035714285714 0.009999999999999787 0.009999999999999787 2.0846153846153848 0.010000000000000009 0.5099701754385965 9.0 0.009999999999999787 0.23475000000000001 0.009999999999999787 0.009999999999999787 1.808 0.01258622342975867 
9.0 2.2115134784020793 1.7758928571428572 0.009999999999999787 0.009999999999999787 3.4676923076923076 0.010000000000000009 1.7449122807017543 9.0 9.0 0.01 0.009999999999999787 9.0 0.4595 0.01 
0.009999999999999787 1.5545631698603448 0.2508035714285714 0.009999999999999787 0.009999999999999787 0.010000000000000009 2.5785714285714283 0.08885964912280703 0.009999999999999787 9.0 0.01 9.0 0.009999999999999787 1.578755 0.016609237653827713 
9.0 5.131292627476455 0.27809464285714286 0.009999999999999787 0.009999999999999787 8.308461538461538 0.010000000000000009 0.16771929824561405 9.0 9.0 0.01 0.009999999999999787 0.009999999999999787 1.0888 0.04362090458686271 
0.009999999999999787 0.41146963299772743 0.07581964285714285 0.009999999999999787 0.009999999999999787 8.308461538461538 0.010000000000000009 0.022617543859649127 9.0 9.0 0.01 9.0 0.009999999999999787 1.2686 0.22551861914655585 
0.009999999999999787 3.5137349788892505 0.5590321428571429 0.009999999999999787 0.009999999999999787 6.9253846153846155 0.010000000000000009 0.04942982456140351 0.009999999999999787 0.009999999999999787 1.13375 0.009999999999999787 0.009999999999999787 2.1675999999999997 0.01 
0.009999999999999787 1.0436018187723293 2.8996428571428567 0.009999999999999787 0.009999999999999787 8.308461538461538 0.010000000000000009 0.036812280701754393 9.0 9.0 0.01 9.0 0.009999999999999787 0.01 0.01 
0.009999999999999787 2.0655245209483604 4.183928571428571 0.009999999999999787 0.009999999999999787 0.7015384615384616 1.2942857142857143 0.16771929824561405 9.0 9.0 0.01 9.0 0.009999999999999787 1.03486 0.01 
0.009999999999999787 2.710795712893798 0.7051196428571429 0.009999999999999787 0.009999999999999787 0.010000000000000009 0.010000000000000009 0.4831578947368421 9.0 9.0 0.01 9.0 4.505 0.5494 0.01 
0.009999999999999787 4.912309191295876 8.46541607142857 9.0 9.0 9.0 9.0 0.010000000000000002 0.009999999999999787 9.0 0.01 0.009999999999999787 0.009999999999999787 0.01 0.01 
9.0 0.41146963299772743 3.2881392857142857 0.009999999999999787 0.009999999999999787 9.0 9.0 0.010000000000000002 9.0 9.0 0.01 9.0 0.009999999999999787 0.01 0.02436790794310372 
0.009999999999999787 4.839314712569017 8.064076785714285 0.009999999999999787 0.009999999999999787 6.233846153846154 0.010000000000000009 0.5620175438596491 0.009999999999999787 0.009999999999999787 0.68425 9.0 0.009999999999999787 0.5494 0.014023014224069043 
9.0 1.0436018187723293 0.4113392857142857 9.0 9.0 9.0 9.0 1.0351754385964913 9.0 9.0 0.01 9.0 0.009999999999999787 1.2686 0.01 
0.009999999999999787 1.1779116596297508 3.5819196428571427 0.009999999999999787 0.009999999999999787 6.9253846153846155 1.2942857142857143 0.15510175438596494 0.009999999999999787 0.009999999999999787 0.23475000000000001 9.0 0.009999999999999787 0.4595 0.01 
0.009999999999999787 2.3823205586229306 4.986607142857142 0.009999999999999787 0.009999999999999787 0.010000000000000009 0.010000000000000009 0.16771929824561405 0.009999999999999787 9.0 0.01 9.0 0.009999999999999787 0.5494 0.01 
0.009999999999999787 1.9078564468983443 0.05013392857142857 9.0 9.0 3.4676923076923076 0.010000000000000009 0.036812280701754393 9.0 9.0 0.01 9.0 0.009999999999999787 0.98092 0.6134521336103563 
0.009999999999999787 0.569137707047743 0.01 9.0 9.0 9.0 9.0 0.010000000000000002 9.0 0.009999999999999787 0.909 9.0 0.009999999999999787 0.212275 0.010287358158862074 
0.009999999999999787 1.8217229620006496 1.0534821428571428 9.0 9.0 5.542307692307692 1.2942857142857143 1.6140052631578947 9.0 0.009999999999999787 0.4595 0.009999999999999787 0.009999999999999787 1.668655 0.010287358158862074 
9.0 1.1049171809028913 0.2508035714285714 0.009999999999999787 0.009999999999999787 0.010000000000000009 0.010000000000000009 0.6408771929824562 9.0 0.009999999999999787 0.4595 0.009999999999999787 0.009999999999999787 0.909 0.12321911459165734 
0.009999999999999787 0.4231487495940245 0.06297678571428571 0.009999999999999787 0.009999999999999787 5.542307692307692 5.147142857142857 0.07624210526315789 9.0 9.0 0.01 9.0 0.009999999999999787 0.909 0.02149432635448298 
0.009999999999999787 3.62322669697954 0.18337857142857145 9.0 9.0 8.308461538461538 0.010000000000000009 0.16771929824561405 0.009999999999999787 0.009999999999999787 0.68425 9.0 0.009999999999999787 0.909 0.29735815886207445 
9.0 0.8976128613186103 0.7597017857142857 0.009999999999999787 0.009999999999999787 2.0846153846153848 2.5785714285714283 0.16771929824561405 0.009999999999999787 0.009999999999999787 0.909 9.0 9.0 0.3696 0.01 
0.009999999999999787 2.770651185449822 2.0969642857142854 0.009999999999999787 0.009999999999999787 8.308461538461538 0.010000000000000009 0.04942982456140351 0.009999999999999787 9.0 0.01 0.009999999999999787 0.009999999999999787 2.0012849999999998 0.01 
0.009999999999999787 2.758972068853525 1.7758928571428572 9.0 9.0 0.010000000000000009 0.010000000000000009 0.4831578947368421 9.0 9.0 0.01 0.009999999999999787 0.009999999999999787 0.2797 0.01 
0.009999999999999787 0.010000000000000231 2.2575 0.009999999999999787 0.009999999999999787 7.616923076923077 0.010000000000000009 0.3254385964912281 9.0 9.0 0.01 9.0 0.009999999999999787 2.707 0.01 
0.009999999999999787 3.2451152971744075 0.8656553571428571 0.009999999999999787 0.009999999999999787 6.9253846153846155 0.010000000000000009 0.062047368421052636 9.0 9.0 0.01 0.009999999999999787 0.009999999999999787 0.01 0.1539664375898993 
9.0 0.8246183825917512 3.073021428571428 0.009999999999999787 0.009999999999999787 2.0846153846153848 0.010000000000000009 0.022617543859649127 9.0 9.0 0.01 9.0 0.009999999999999787 0.909 0.29735815886207445 
9.0 3.8655683663527127 0.34391428571428573 0.009999999999999787 0.009999999999999787 8.308461538461538 0.010000000000000009 0.2197666666666667 9.0 9.0 0.01 9.0 0.009999999999999787 1.0888 0.07810388365031164 
0.009999999999999787 1.7735466060409228 0.21066964285714285 0.009999999999999787 0.009999999999999787 8.308461538461538 0.010000000000000009 0.15352456140350879 0.009999999999999787 9.0 0.01 0.009999999999999787 0.009999999999999787 0.909 0.01 
9.0 4.948806430659307 0.49160714285714285 0.009999999999999787 0.009999999999999787 2.7761538461538464 3.862857142857143 0.010000000000000002 0.009999999999999787 9.0 0.01 0.009999999999999787 0.009999999999999787 0.4595 0.01775867028927601 
9.0 0.8246183825917512 3.3009821428571424 0.009999999999999787 0.009999999999999787 5.542307692307692 0.010000000000000009 0.23396140350877193 0.009999999999999787 0.009999999999999787 0.4595 0.009999999999999787 0.009999999999999787 0.23025500000000002 0.01 
0.009999999999999787 7.040828190971096 0.18337857142857145 0.009999999999999787 0.009999999999999787 0.010000000000000009 0.010000000000000009 0.19453157894736842 0.009999999999999787 0.009999999999999787 0.68425 0.009999999999999787 0.009999999999999787 0.8190999999999999 0.01 
0.009999999999999787 1.518065930496915 0.1304017857142857 0.009999999999999787 0.009999999999999787 4.15923076923077 0.010000000000000009 0.08885964912280703 0.009999999999999787 0.009999999999999787 0.68425 9.0 0.009999999999999787 1.1787 4.351407064088221 
9.0 6.63935855797337 5.307678571428571 0.009999999999999787 0.009999999999999787 5.542307692307692 0.010000000000000009 3.4798245614035084 0.009999999999999787 9.0 0.01 0.009999999999999787 0.009999999999999787 0.10439499999999999 3.044789515742368 
0.009999999999999787 3.0991263397206894 1.2268607142857142 0.009999999999999787 0.009999999999999787 6.233846153846154 0.010000000000000009 0.3774859649122807 0.009999999999999787 9.0 0.01 0.009999999999999787 0.009999999999999787 0.909 0.01 
9.0 1.091778174732056 3.461517857142857 0.009999999999999787 0.009999999999999787 5.542307692307692 0.010000000000000009 0.14090701754385965 0.009999999999999787 0.009999999999999787 1.13375 0.009999999999999787 0.009999999999999787 0.01 0.1709205689627617 
0.009999999999999787 4.364850600844431 2.7391071428571427 0.009999999999999787 0.009999999999999787 6.9253846153846155 1.2942857142857143 4.426140350877192 0.009999999999999787 0.009999999999999787 0.23475000000000001 0.009999999999999787 0.009999999999999787 0.40556 0.5847163177241489 
0.009999999999999787 2.478673270542384 1.2942857142857143 0.009999999999999787 0.009999999999999787 4.15923076923077 0.010000000000000009 0.7985964912280702 0.009999999999999787 9.0 0.01 0.009999999999999787 0.009999999999999787 1.6281999999999999 0.01 
0.009999999999999787 3.7195794088989937 0.49160714285714285 0.009999999999999787 0.009999999999999787 2.0846153846153848 2.5785714285714283 0.010000000000000002 9.0 9.0 0.01 9.0 9.0 1.3585 0.01 
0.009999999999999787 4.0480545631698615 1.494955357142857 0.009999999999999787 0.009999999999999787 5.542307692307692 0.010000000000000009 1.4547087719298246 0.009999999999999787 9.0 0.01 9.0 9.0 0.01 0.01 
9.0 3.780894771029556 0.6649857142857143 9.0 9.0 5.542307692307692 1.2942857142857143 0.04942982456140351 0.009999999999999787 0.009999999999999787 5.17925 0.009999999999999787 0.009999999999999787 2.0552249999999996 0.36517468435352407 
9.0 0.8362974991880483 0.1705357142857143 9.0 9.0 7.616923076923077 7.715714285714286 0.3254385964912281 9.0 9.0 0.01 9.0 0.009999999999999787 1.1787 0.01 
0.009999999999999787 1.2144088989931805 0.33107142857142857 0.009999999999999787 0.009999999999999787 0.010000000000000009 0.010000000000000009 0.16771929824561405 9.0 9.0 0.01 0.009999999999999787 9.0 1.2686 0.01 
0.009999999999999787 2.332684313088665 1.000505357142857 0.009999999999999787 0.009999999999999787 0.010000000000000009 0.010000000000000009 0.7985964912280702 9.0 0.009999999999999787 0.4595 0.009999999999999787 0.009999999999999787 0.7292 0.021781684513345053 
9.0 3.160441701851251 1.5222464285714286 0.009999999999999787 0.009999999999999787 9.0 9.0 0.010000000000000002 9.0 9.0 0.01 9.0 0.009999999999999787 0.7292 0.01 
9.0 0.4844641117245865 2.979910714285714 0.009999999999999787 0.009999999999999787 5.542307692307692 0.010000000000000009 0.39168070175438596 0.009999999999999787 0.009999999999999787 0.909 9.0 0.009999999999999787 0.2797 0.16517340578552023 
9.0 1.080099058135759 2.7262642857142856 9.0 9.0 6.9253846153846155 0.010000000000000009 0.7859789473684211 9.0 9.0 0.01 9.0 0.009999999999999787 0.74718 0.01 
0.009999999999999787 1.091778174732056 3.2335571428571424 0.009999999999999787 0.009999999999999787 6.9253846153846155 0.010000000000000009 0.022617543859649127 0.009999999999999787 0.009999999999999787 2.03275 9.0 0.009999999999999787 0.2797 0.12379383090938148 
0.009999999999999787 0.8129392659954537 0.27809464285714286 9.0 9.0 0.010000000000000009 0.010000000000000009 0.6408771929824562 9.0 9.0 0.01 0.009999999999999787 9.0 1.0888 0.01 
0.009999999999999787 0.9822864566417673 3.541785714285714 0.009999999999999787 0.009999999999999787 6.9253846153846155 0.010000000000000009 0.10147719298245614 0.009999999999999787 0.009999999999999787 1.3585 9.0 0.009999999999999787 0.553895 0.01 
0.009999999999999787 4.255358882754141 3.541785714285714 9.0 9.0 0.7015384615384616 0.010000000000000009 0.4831578947368421 0.009999999999999787 9.0 0.01 9.0 9.0 0.01 0.01 
9.0 0.776442026632024 0.27809464285714286 0.009999999999999787 0.009999999999999787 5.542307692307692 0.010000000000000009 0.5099701754385965 0.009999999999999787 0.009999999999999787 0.23475000000000001 9.0 0.009999999999999787 0.01 0.01 
0.009999999999999787 3.769215654433259 0.7324107142857142 9.0 9.0 6.9253846153846155 1.2942857142857143 3.1643859649122805 0.009999999999999787 9.0 0.01 0.009999999999999787 0.009999999999999787 0.8011199999999999 0.01 
0.009999999999999787 3.890386489119845 0.3182285714285714 0.009999999999999787 0.009999999999999787 6.9253846153846155 0.010000000000000009 0.7985964912280702 0.009999999999999787 9.0 0.01 9.0 0.009999999999999787 2.30245 0.1824148953172447 
0.009999999999999787 3.5502322182526806 0.5590321428571429 9.0 9.0 4.15923076923077 0.010000000000000009 0.062047368421052636 9.0 9.0 0.01 9.0 9.0 1.808 0.01 
0.009999999999999787 2.3575024358557983 0.9202374999999999 0.009999999999999787 0.009999999999999787 9.0 9.0 0.010000000000000002 9.0 0.009999999999999787 1.13375 9.0 0.009999999999999787 0.8011199999999999 0.05195429119386288 
0.009999999999999787 4.887491068528744 2.0969642857142854 0.009999999999999787 0.009999999999999787 5.542307692307692 1.2942857142857143 1.9026315789473685 0.009999999999999787 9.0 0.01 0.009999999999999787 0.009999999999999787 1.58325 0.01 
0.009999999999999787 2.6378012341669383 0.34391428571428573 0.009999999999999787 0.009999999999999787 4.850769230769231 1.2942857142857143 2.0603508771929824 0.009999999999999787 9.0 0.01 0.009999999999999787 0.009999999999999787 0.74718 9.0 
0.009999999999999787 3.6714030529392665 6.913035714285714 0.009999999999999787 0.009999999999999787 7.616923076923077 6.4314285714285715 6.318771929824561 0.009999999999999787 0.009999999999999787 2.4822499999999996 9.0 0.009999999999999787 0.01 0.3548297906344894 
0.009999999999999787 0.6304530691783055 2.337767857142857 0.009999999999999787 0.009999999999999787 4.15923076923077 0.010000000000000009 0.022617543859649127 9.0 0.009999999999999787 0.23475000000000001 9.0 0.009999999999999787 0.4595 0.010287358158862074 
0.009999999999999787 3.8538892497564157 0.50445 0.009999999999999787 0.009999999999999787 2.0846153846153848 2.5785714285714283 1.1140350877192982 9.0 9.0 0.01 9.0 0.009999999999999787 0.98092 0.01 
0.009999999999999787 3.062629100357259 0.8255214285714285 0.009999999999999787 0.009999999999999787 9.0 9.0 0.010000000000000002 9.0 9.0 0.01 9.0 0.009999999999999787 0.01 0.29735815886207445 
0.009999999999999787 7.893403702500814 2.8996428571428567 0.009999999999999787 0.009999999999999787 9.0 9.0 1.2717543859649123 9.0 0.009999999999999787 0.23475000000000001 9.0 0.009999999999999787 0.32465 0.011724148953172447 
0.009999999999999787 4.109369925300424 8.104210714285713 0.009999999999999787 0.009999999999999787 5.542307692307692 1.2942857142857143 0.07624210526315789 0.009999999999999787 0.009999999999999787 0.23475000000000001 9.0 0.009999999999999787 3.4261999999999997 0.035862234297586705 
0.009999999999999787 0.776442026632024 0.5991660714285714 0.009999999999999787 0.009999999999999787 0.010000000000000009 0.010000000000000009 0.7197368421052632 0.009999999999999787 0.009999999999999787 0.23475000000000001 9.0 0.009999999999999787 0.4595 0.053103723829311174 
0.009999999999999787 1.9195355634946414 1.6281999999999999 9.0 9.0 0.010000000000000009 2.5785714285714283 0.4831578947368421 0.009999999999999787 0.009999999999999787 1.808 0.009999999999999787 0.009999999999999787 0.65728 0.012011507112034522 
0.009999999999999787 1.6888730107177663 4.692826785714286 0.009999999999999787 0.009999999999999787 2.0846153846153848 2.5785714285714283 0.010000000000000002 9.0 9.0 0.01 0.009999999999999787 0.009999999999999787 0.81011 0.01 
0.009999999999999787 1.9195355634946414 1.6554910714285713 0.009999999999999787 0.009999999999999787 6.9253846153846155 0.010000000000000009 1.5083333333333333 0.009999999999999787 0.009999999999999787 0.4595 9.0 0.009999999999999787 1.8979 0.012011507112034522 
0.009999999999999787 3.7195794088989937 1.066325 0.009999999999999787 0.009999999999999787 4.15923076923077 0.010000000000000009 1.1140350877192982 9.0 9.0 0.01 0.009999999999999787 9.0 1.808 0.01 
0.009999999999999787 1.0319227021760318 3.902991071428571 0.009999999999999787 0.009999999999999787 0.010000000000000009 0.010000000000000009 1.0619877192982456 9.0 0.009999999999999787 0.4595 0.009999999999999787 0.009999999999999787 0.8190999999999999 0.059712961483138885 
0.009999999999999787 3.5735904514452748 1.6153571428571427 0.009999999999999787 0.009999999999999787 9.0 9.0 0.010000000000000002 9.0 0.009999999999999787 0.4595 9.0 0.009999999999999787 0.08641499999999999 0.010287358158862074 
0.009999999999999787 0.7399447872685943 2.979910714285714 0.009999999999999787 0.009999999999999787 0.010000000000000009 0.010000000000000009 0.5352052631578947 0.009999999999999787 0.009999999999999787 0.68425 0.009999999999999787 0.009999999999999787 0.1898 0.018046028448138088 
9.0 4.267037999350439 0.01 0.009999999999999787 0.009999999999999787 0.010000000000000009 0.010000000000000009 0.7985964912280702 0.009999999999999787 9.0 0.01 9.0 0.009999999999999787 0.01 0.01 
9.0 1.141414420266321 0.4113392857142857 0.009999999999999787 0.009999999999999787 5.542307692307692 0.010000000000000009 0.08885964912280703 9.0 9.0 0.01 0.009999999999999787 0.009999999999999787 0.5494 0.24247275051941825 
9.0 1.1165962974991888 1.9894053571428572 0.009999999999999787 0.009999999999999787 8.308461538461538 0.010000000000000009 0.062047368421052636 9.0 9.0 0.01 9.0 0.009999999999999787 0.9989 0.29735815886207445 
9.0 1.3472588502760638 0.8126785714285714 9.0 9.0 2.0846153846153848 2.5785714285714283 1.4294736842105265 9.0 9.0 0.01 9.0 0.009999999999999787 0.909 0.14103532044110598 
0.009999999999999787 1.8217229620006496 0.6649857142857143 9.0 9.0 8.308461538461538 0.010000000000000009 0.6408771929824562 0.009999999999999787 0.009999999999999787 0.68425 0.009999999999999787 0.009999999999999787 1.67315 0.1709205689627617 
9.0 5.375094186424166 2.0969642857142854 0.009999999999999787 0.009999999999999787 2.0846153846153848 2.5785714285714283 0.9831280701754386 9.0 9.0 0.01 0.009999999999999787 0.009999999999999787 0.338135 0.01 
9.0 1.310761610912634 0.1705357142857143 0.009999999999999787 0.009999999999999787 5.542307692307692 1.2942857142857143 0.4042982456140351 0.009999999999999787 0.009999999999999787 0.23475000000000001 9.0 0.009999999999999787 0.01 0.2048288317084865 
0.009999999999999787 1.4698895745371883 0.9732142857142857 0.009999999999999787 0.009999999999999787 0.010000000000000009 0.010000000000000009 0.4042982456140351 9.0 0.009999999999999787 0.23475000000000001 9.0 0.009999999999999787 0.01 0.01632187949496564 
9.0 1.2625852549529073 0.23796071428571428 0.009999999999999787 0.009999999999999787 6.233846153846154 0.010000000000000009 0.08885964912280703 9.0 0.009999999999999787 0.23475000000000001 0.009999999999999787 0.009999999999999787 1.0888 0.011149432635448299 
0.009999999999999787 2.2596898343618066 0.8801035714285714 9.0 9.0 4.15923076923077 0.010000000000000009 0.04942982456140351 9.0 9.0 0.01 0.009999999999999787 9.0 0.3696 0.01 
0.009999999999999787 1.1895907762260478 0.33107142857142857 0.009999999999999787 0.009999999999999787 0.010000000000000009 0.010000000000000009 0.27339122807017546 0.009999999999999787 9.0 0.01 9.0 9.0 1.3585 0.01 
0.009999999999999787 1.5545631698603448 0.1705357142857143 0.009999999999999787 0.009999999999999787 0.010000000000000009 0.010000000000000009 0.470540350877193 0.009999999999999787 0.009999999999999787 1.13375 0.009999999999999787 0.009999999999999787 1.41244 0.01 
0.009999999999999787 3.0757681065280944 5.829419642857142 0.009999999999999787 0.009999999999999787 6.233846153846154 0.010000000000000009 0.036812280701754393 9.0 9.0 0.01 9.0 0.009999999999999787 1.4484 1.0306961802780885 
0.009999999999999787 1.0187836960051966 3.541785714285714 0.009999999999999787 0.009999999999999787 6.9253846153846155 0.010000000000000009 0.2197666666666667 0.009999999999999787 9.0 0.01 9.0 0.009999999999999787 0.4595 0.01 
9.0 3.5005959727184153 1.2942857142857143 0.009999999999999787 0.009999999999999787 0.010000000000000009 0.010000000000000009 0.9563157894736842 9.0 9.0 0.01 9.0 0.009999999999999787 2.1675999999999997 0.01 
0.009999999999999787 3.2582543033452427 0.6649857142857143 0.009999999999999787 0.009999999999999787 6.233846153846154 0.010000000000000009 0.022617543859649127 0.009999999999999787 9.0 0.01 0.009999999999999787 0.009999999999999787 1.808 1.676677321400032 
0.009999999999999787 2.9896346216303997 0.2508035714285714 0.009999999999999787 0.009999999999999787 3.4676923076923076 0.010000000000000009 0.4831578947368421 9.0 9.0 0.01 0.009999999999999787 0.009999999999999787 1.048345 0.01 
0.009999999999999787 5.033480025982463 6.110357142857143 0.009999999999999787 0.009999999999999787 9.0 9.0 0.010000000000000002 0.009999999999999787 0.009999999999999787 0.23475000000000001 9.0 0.009999999999999787 0.43252999999999997 0.01 
0.009999999999999787 1.153093536862618 0.2508035714285714 0.009999999999999787 0.009999999999999787 4.15923076923077 0.010000000000000009 0.16771929824561405 0.009999999999999787 9.0 0.01 0.009999999999999787 9.0 1.4484 0.01 
0.009999999999999787 6.178033452419619 2.7391071428571427 0.009999999999999787 0.009999999999999787 7.616923076923077 1.2942857142857143 2.218070175438596 0.009999999999999787 0.009999999999999787 0.68425 9.0 0.009999999999999787 0.01 0.01 
0.009999999999999787 1.883038324131212 0.9732142857142857 0.009999999999999787 0.009999999999999787 6.233846153846154 0.010000000000000009 0.24657894736842106 9.0 9.0 0.01 0.009999999999999787 0.009999999999999787 1.3585 0.029252996643758987 
0.009999999999999787 3.926883728483275 0.07581964285714285 0.009999999999999787 0.009999999999999787 2.0846153846153848 1.2942857142857143 1.626622807017544 0.009999999999999787 9.0 0.01 9.0 0.009999999999999787 1.808 0.01 
9.0 1.237767132185775 0.2764892857142857 0.009999999999999787 0.009999999999999787 5.542307692307692 0.010000000000000009 0.14090701754385965 9.0 0.009999999999999787 0.23475000000000001 0.009999999999999787 0.009999999999999787 0.909 0.013160939747482819 
0.009999999999999787 0.507822344917181 3.3138249999999996 0.009999999999999787 0.009999999999999787 9.0 9.0 0.14090701754385965 9.0 9.0 0.01 9.0 0.009999999999999787 0.3696 0.01 
0.009999999999999787 1.6275576485872043 0.50445 0.009999999999999787 0.009999999999999787 6.233846153846154 0.010000000000000009 0.04942982456140351 9.0 9.0 0.01 9.0 0.009999999999999787 0.4595 0.01 
0.009999999999999787 2.7954693082169544 0.571875 0.009999999999999787 0.009999999999999787 6.233846153846154 2.5785714285714283 0.08885964912280703 0.009999999999999787 9.0 0.01 0.009999999999999787 0.009999999999999787 0.742685 0.01 
9.0 3.3911042546281265 1.427530357142857 0.009999999999999787 0.009999999999999787 0.010000000000000009 0.010000000000000009 0.04942982456140351 9.0 9.0 0.01 9.0 0.009999999999999787 0.7292 0.01 
0.009999999999999787 3.488916856122118 1.6153571428571427 0.009999999999999787 0.009999999999999787 6.9253846153846155 0.010000000000000009 1.1140350877192982 0.009999999999999787 0.009999999999999787 2.2575 0.009999999999999787 0.009999999999999787 0.01 0.01 
0.009999999999999787 1.237767132185775 0.27809464285714286 0.009999999999999787 0.009999999999999787 2.0846153846153848 1.2942857142857143 0.036812280701754393 9.0 9.0 0.01 0.009999999999999787 0.009999999999999787 0.9989 0.011436790794310373 
0.009999999999999787 0.6538113023709 0.19782678571428572 0.009999999999999787 0.009999999999999787 9.0 9.0 0.010000000000000002 9.0 0.009999999999999787 0.68425 9.0 0.009999999999999787 1.58325 0.23097842416493528 
0.009999999999999787 2.3691815524520954 6.270892857142857 0.009999999999999787 0.009999999999999787 0.010000000000000009 0.010000000000000009 2.218070175438596 0.009999999999999787 0.009999999999999787 3.606 9.0 0.009999999999999787 0.01 1.4467907943103724 
9.0 2.3575024358557983 1.214017857142857 0.009999999999999787 0.009999999999999787 6.9253846153846155 1.2942857142857143 0.20714912280701755 0.009999999999999787 0.009999999999999787 2.03275 0.009999999999999787 0.009999999999999787 0.823595 0.01 
9.0 1.3720769730431965 0.1705357142857143 0.009999999999999787 0.009999999999999787 5.542307692307692 1.2942857142857143 0.4831578947368421 0.009999999999999787 9.0 0.01 9.0 0.009999999999999787 1.2686 0.24678312290234936 
0.009999999999999787 5.021800909386165 2.4453267857142853 0.009999999999999787 0.009999999999999787 2.0846153846153848 2.5785714285714283 2.4026017543859646 0.009999999999999787 0.009999999999999787 3.3812499999999996 0.009999999999999787 0.009999999999999787 0.01 1.4467907943103724 
9.0 0.9706073400454698 0.571875 9.0 9.0 2.7761538461538464 3.862857142857143 0.010000000000000002 9.0 9.0 0.01 9.0 0.009999999999999787 0.7292 0.01 
0.009999999999999787 5.28896070152647 3.220714285714285 0.009999999999999787 0.009999999999999787 2.0846153846153848 2.5785714285714283 0.010000000000000002 0.009999999999999787 0.009999999999999787 2.4822499999999996 9.0 0.009999999999999787 0.01 0.368910340418731 
9.0 2.1137008769080876 0.571875 9.0 9.0 3.4676923076923076 0.010000000000000009 0.4042982456140351 9.0 9.0 0.01 0.009999999999999787 0.009999999999999787 1.2686 0.01 
0.009999999999999787 4.887491068528744 0.07581964285714285 9.0 9.0 3.4676923076923076 0.010000000000000009 0.08885964912280703 0.009999999999999787 0.009999999999999787 2.4822499999999996 9.0 0.009999999999999787 1.7181 0.7950624900111875 
9.0 1.3720769730431965 0.7853875 9.0 9.0 0.010000000000000009 0.010000000000000009 0.010000000000000002 9.0 9.0 0.01 9.0 0.009999999999999787 0.5494 0.01 
0.009999999999999787 0.33847515427086794 2.0969642857142854 0.009999999999999787 0.009999999999999787 2.0846153846153848 0.010000000000000009 0.04942982456140351 9.0 9.0 0.01 9.0 0.009999999999999787 0.2797 0.03873581588620745 
0.009999999999999787 1.456750568366353 0.5590321428571429 0.009999999999999787 0.009999999999999787 6.9253846153846155 0.010000000000000009 0.5352052631578947 0.009999999999999787 0.009999999999999787 0.23475000000000001 0.009999999999999787 0.009999999999999787 1.785525 0.01574716317724149 
0.009999999999999787 1.5297450470932126 0.11755892857142856 0.009999999999999787 0.009999999999999787 3.4676923076923076 1.2942857142857143 1.1140350877192982 9.0 9.0 0.01 0.009999999999999787 0.009999999999999787 1.5383 0.01 
0.009999999999999787 1.3720769730431965 4.2914875 9.0 9.0 8.308461538461538 0.010000000000000009 0.022617543859649127 9.0 9.0 0.01 0.009999999999999787 0.009999999999999787 0.5494 0.14649512545948537 
0.009999999999999787 2.126839883078923 0.2508035714285714 9.0 9.0 0.010000000000000009 0.010000000000000009 0.022617543859649127 9.0 9.0 0.01 9.0 0.009999999999999787 1.0888 0.01 
9.0 1.445071451770056 3.541785714285714 9.0 9.0 8.308461538461538 0.010000000000000009 1.4294736842105265 0.009999999999999787 9.0 0.01 9.0 0.009999999999999787 0.5494 0.01 
0.009999999999999787 3.148762585254954 1.427530357142857 9.0 9.0 3.4676923076923076 0.010000000000000009 0.08885964912280703 0.009999999999999787 0.009999999999999787 2.2575 0.009999999999999787 0.009999999999999787 1.4484 0.01 
9.0 1.9560328028580716 0.33107142857142857 0.009999999999999787 0.009999999999999787 5.542307692307692 0.010000000000000009 0.3254385964912281 0.009999999999999787 0.009999999999999787 0.4595 0.009999999999999787 0.009999999999999787 0.760665 0.15367907943103723 
9.0 2.272828840532642 3.8628571428571425 0.009999999999999787 0.009999999999999787 0.010000000000000009 0.010000000000000009 0.6408771929824562 0.009999999999999787 0.009999999999999787 0.23475000000000001 9.0 0.009999999999999787 0.9989 0.015459805018379416 
0.009999999999999787 6.0802208509256275 3.9431249999999998 0.009999999999999787 0.009999999999999787 4.15923076923077 0.010000000000000009 0.4042982456140351 0.009999999999999787 0.009999999999999787 0.909 0.009999999999999787 0.009999999999999787 0.909 0.01 
0.009999999999999787 1.3472588502760638 2.137098214285714 9.0 9.0 0.7015384615384616 0.010000000000000009 1.7449122807017543 0.009999999999999787 9.0 0.01 0.009999999999999787 9.0 0.4595 0.01 
0.009999999999999787 0.4713251055537513 0.3984964285714286 9.0 9.0 7.616923076923077 7.715714285714286 0.010000000000000002 9.0 9.0 0.01 9.0 0.009999999999999787 0.4595 0.01 
9.0 1.9078564468983443 0.1304017857142857 0.009999999999999787 0.009999999999999787 5.542307692307692 0.010000000000000009 0.19453157894736842 0.009999999999999787 0.009999999999999787 0.909 9.0 0.009999999999999787 0.3696 0.01 
0.009999999999999787 1.5910604092237746 0.33107142857142857 0.009999999999999787 0.009999999999999787 5.542307692307692 0.010000000000000009 0.5620175438596491 0.009999999999999787 9.0 0.01 0.009999999999999787 0.009999999999999787 1.2686 0.01 
9.0 0.5939558298148757 0.19782678571428572 9.0 9.0 8.308461538461538 0.010000000000000009 0.19453157894736842 0.009999999999999787 9.0 0.01 0.009999999999999787 0.009999999999999787 0.7292 0.01 
9.0 1.4333923351737585 0.4113392857142857 0.009999999999999787 0.009999999999999787 9.0 9.0 0.010000000000000002 0.009999999999999787 9.0 0.01 9.0 0.009999999999999787 0.3696 0.01 
0.009999999999999787 3.769215654433259 0.1705357142857143 9.0 9.0 4.15923076923077 0.010000000000000009 0.16771929824561405 9.0 9.0 0.01 0.009999999999999787 0.009999999999999787 0.59435 0.01 
9.0 1.9677119194543686 0.5445839285714286 0.009999999999999787 0.009999999999999787 5.542307692307692 0.010000000000000009 0.7717842105263159 0.009999999999999787 9.0 0.01 0.009999999999999787 0.009999999999999787 1.9878 0.01 
0.009999999999999787 2.45531503734979 1.4419785714285713 0.009999999999999787 0.009999999999999787 6.9253846153846155 1.2942857142857143 1.9152491228070176 0.009999999999999787 0.009999999999999787 0.68425 9.0 0.009999999999999787 1.407945 0.09620744765862234 
0.009999999999999787 0.861115621955181 0.9732142857142857 9.0 9.0 0.7015384615384616 0.010000000000000009 0.3522508771929825 0.009999999999999787 0.009999999999999787 1.808 0.009999999999999787 0.009999999999999787 0.7292 0.010287358158862074 
0.009999999999999787 5.726927573887627 2.1772321428571426 0.009999999999999787 0.009999999999999787 0.010000000000000009 1.2942857142857143 0.8380263157894737 0.009999999999999787 0.009999999999999787 2.4822499999999996 0.009999999999999787 0.009999999999999787 0.01 0.09160971711682914 
0.009999999999999787 1.1165962974991888 3.702321428571428 0.009999999999999787 0.009999999999999787 2.0846153846153848 0.010000000000000009 0.14090701754385965 9.0 9.0 0.01 9.0 0.009999999999999787 0.01 0.01 
9.0 4.656828515751869 4.183928571428571 0.009999999999999787 0.009999999999999787 2.0846153846153848 2.5785714285714283 1.639240350877193 0.009999999999999787 0.009999999999999787 2.03275 0.009999999999999787 0.009999999999999787 0.01 0.01 
9.0 0.872794738551478 1.6153571428571427 9.0 9.0 9.0 9.0 0.010000000000000002 9.0 9.0 0.01 9.0 0.009999999999999787 0.01 0.01 
0.009999999999999787 1.141414420266321 0.06458214285714285 0.009999999999999787 0.009999999999999787 4.15923076923077 0.010000000000000009 0.036812280701754393 9.0 9.0 0.01 9.0 9.0 0.01 0.01 
0.009999999999999787 3.5254140954855484 3.060178571428571 0.009999999999999787 0.009999999999999787 4.15923076923077 0.010000000000000009 2.0603508771929824 0.009999999999999787 0.009999999999999787 3.1565 9.0 0.009999999999999787 1.0888 1.333859037877577 
0.009999999999999787 0.5939558298148757 1.2942857142857143 9.0 9.0 2.0846153846153848 0.010000000000000009 0.3254385964912281 9.0 9.0 0.01 0.009999999999999787 0.009999999999999787 1.6281999999999999 0.29735815886207445 
9.0 0.6538113023709 0.2235125 9.0 9.0 0.010000000000000009 0.010000000000000009 0.3254385964912281 9.0 0.009999999999999787 0.23475000000000001 9.0 0.009999999999999787 9.0 0.010574716317724149 
0.009999999999999787 1.1647726534589156 3.702321428571428 0.009999999999999787 0.009999999999999787 6.233846153846154 1.2942857142857143 0.6803070175438597 0.009999999999999787 0.009999999999999787 2.4822499999999996 0.009999999999999787 0.009999999999999787 1.31355 0.09160971711682914 
9.0 1.4815686911334853 4.0233928571428565 0.009999999999999787 0.009999999999999787 0.7015384615384616 0.010000000000000009 0.3254385964912281 9.0 9.0 0.01 0.009999999999999787 0.009999999999999787 0.8190999999999999 0.3151743647115231 
0.009999999999999787 3.5619113348489777 0.5317410714285714 0.009999999999999787 0.009999999999999787 0.010000000000000009 0.010000000000000009 0.4831578947368421 9.0 9.0 0.01 9.0 0.009999999999999787 0.01 0.10080517820041553 
0.009999999999999787 2.601303994803509 0.8126785714285714 0.009999999999999787 0.009999999999999787 8.308461538461538 0.010000000000000009 0.5620175438596491 9.0 0.009999999999999787 0.4595 0.009999999999999787 0.009999999999999787 3.2463999999999995 0.01 
0.009999999999999787 3.7195794088989937 1.6153571428571427 0.009999999999999787 0.009999999999999787 0.010000000000000009 0.010000000000000009 1.5871929824561404 0.009999999999999787 0.009999999999999787 1.58325 9.0 0.009999999999999787 0.01 0.8907527569122582 
9.0 2.430496914582658 0.9732142857142857 9.0 9.0 2.7761538461538464 3.862857142857143 0.010000000000000002 9.0 9.0 0.01 9.0 0.009999999999999787 0.7292 0.01574716317724149 
9.0 0.93411010068204 1.9364285714285714 0.009999999999999787 0.009999999999999787 8.308461538461538 0.010000000000000009 0.7985964912280702 0.009999999999999787 0.009999999999999787 0.68425 9.0 0.009999999999999787 0.3696 0.27379478983538436 
9.0 1.445071451770056 3.968810714285714 0.009999999999999787 0.009999999999999787 6.9253846153846155 1.2942857142857143 1.1140350877192982 0.009999999999999787 0.009999999999999787 1.3585 9.0 0.009999999999999787 1.808 0.1416100367588301 
0.009999999999999787 0.569137707047743 0.571875 9.0 9.0 0.010000000000000009 0.010000000000000009 0.7465491228070176 9.0 9.0 0.01 0.009999999999999787 0.009999999999999787 0.51344 0.011724148953172447 
0.009999999999999787 2.6378012341669383 0.33107142857142857 0.009999999999999787 0.009999999999999787 6.9253846153846155 0.010000000000000009 0.24657894736842106 0.009999999999999787 0.009999999999999787 1.58325 0.009999999999999787 0.009999999999999787 1.5383 1.179835064727505 
0.009999999999999787 1.2012698928223453 0.49160714285714285 0.009999999999999787 0.009999999999999787 0.010000000000000009 1.2942857142857143 0.4563456140350877 0.009999999999999787 9.0 0.01 9.0 0.009999999999999787 1.90689 0.06747163177241489 
0.009999999999999787 3.8057128937966884 1.3071285714285714 0.009999999999999787 0.009999999999999787 6.9253846153846155 1.2942857142857143 2.218070175438596 0.009999999999999787 0.009999999999999787 1.808 9.0 0.009999999999999787 1.4484 0.01 
0.009999999999999787 1.2625852549529073 0.14324464285714286 9.0 9.0 0.010000000000000009 0.010000000000000009 0.022617543859649127 9.0 0.009999999999999787 0.4595 9.0 0.009999999999999787 0.58536 0.011724148953172447 
0.009999999999999787 3.2217570639818134 1.2942857142857143 0.009999999999999787 0.009999999999999787 0.010000000000000009 2.5785714285714283 1.5871929824561404 0.009999999999999787 9.0 0.01 0.009999999999999787 9.0 1.2686 0.01 
9.0 0.9706073400454698 3.7825892857142853 0.009999999999999787 0.009999999999999787 0.010000000000000009 0.010000000000000009 0.08885964912280703 9.0 9.0 0.01 0.009999999999999787 0.009999999999999787 0.8190999999999999 0.01 
9.0 1.1895907762260478 1.8962946428571428 0.009999999999999787 0.009999999999999787 5.542307692307692 0.010000000000000009 1.009940350877193 0.009999999999999787 0.009999999999999787 2.2575 9.0 0.009999999999999787 0.5494 0.08040274892120824 
0.009999999999999787 3.2699334199415406 0.27809464285714286 0.009999999999999787 0.009999999999999787 7.616923076923077 0.010000000000000009 0.022617543859649127 9.0 9.0 0.01 9.0 0.009999999999999787 0.5494 0.011436790794310373 
9.0 2.722474829490095 0.2508035714285714 0.009999999999999787 0.009999999999999787 3.4676923076923076 2.5785714285714283 0.3254385964912281 0.009999999999999787 0.009999999999999787 0.68425 0.009999999999999787 0.009999999999999787 0.96294 0.01 
0.009999999999999787 1.9312146800909393 1.6153571428571427 0.009999999999999787 0.009999999999999787 6.233846153846154 0.010000000000000009 3.4798245614035084 0.009999999999999787 9.0 0.01 0.009999999999999787 0.009999999999999787 0.32465 0.01 
9.0 7.150319909061386 0.06297678571428571 0.009999999999999787 0.009999999999999787 9.0 9.0 0.010000000000000002 0.009999999999999787 0.009999999999999787 0.23475000000000001 9.0 0.009999999999999787 1.05284 0.03873581588620745 
0.009999999999999787 6.5065086066904865 0.50445 0.009999999999999787 0.009999999999999787 5.542307692307692 0.010000000000000009 0.04942982456140351 0.009999999999999787 9.0 0.01 0.009999999999999787 0.009999999999999787 1.1787 0.01 
9.0 3.8290711269892825 0.33107142857142857 0.009999999999999787 0.009999999999999787 2.0846153846153848 2.5785714285714283 0.7197368421052632 0.009999999999999787 9.0 0.01 0.009999999999999787 0.009999999999999787 0.01 0.09620744765862234 
0.009999999999999787 1.1049171809028913 0.8255214285714285 9.0 9.0 0.010000000000000009 1.2942857142857143 0.8254087719298245 0.009999999999999787 9.0 0.01 9.0 0.009999999999999787 0.01 0.01 
0.009999999999999787 2.1137008769080876 1.4548214285714285 0.009999999999999787 0.009999999999999787 6.233846153846154 0.010000000000000009 2.3757894736842102 0.009999999999999787 0.009999999999999787 0.4595 0.009999999999999787 0.009999999999999787 1.49335 0.01 
0.009999999999999787 3.2451152971744075 2.0969642857142854 0.009999999999999787 0.009999999999999787 4.15923076923077 1.2942857142857143 1.3506140350877194 0.009999999999999787 0.009999999999999787 2.707 0.009999999999999787 0.009999999999999787 0.428035 0.01 
9.0 1.8348619681714848 0.49160714285714285 0.009999999999999787 0.009999999999999787 4.15923076923077 0.010000000000000009 0.6408771929824562 0.009999999999999787 9.0 0.01 9.0 9.0 1.6641599999999999 0.01 
0.009999999999999787 5.667072101331602 3.1003125 0.009999999999999787 0.009999999999999787 7.616923076923077 0.010000000000000009 2.743275438596491 0.009999999999999787 0.009999999999999787 1.13375 9.0 0.009999999999999787 0.01 0.01 
0.009999999999999787 2.564806755440079 2.8996428571428567 9.0 9.0 6.233846153846154 1.2942857142857143 1.6660526315789475 0.009999999999999787 9.0 0.01 0.009999999999999787 0.009999999999999787 0.70223 0.01 
0.009999999999999787 3.8057128937966884 0.43863035714285714 0.009999999999999787 0.009999999999999787 0.7015384615384616 0.010000000000000009 0.062047368421052636 9.0 9.0 0.01 9.0 0.009999999999999787 0.76516 0.01 
0.009999999999999787 4.218861643390712 0.6521428571428571 0.009999999999999787 0.009999999999999787 4.15923076923077 0.010000000000000009 0.5620175438596491 0.009999999999999787 0.009999999999999787 0.4595 0.009999999999999787 0.009999999999999787 0.01 0.014310372382931117 
0.009999999999999787 1.4085742124066263 0.18337857142857145 0.009999999999999787 0.009999999999999787 4.15923076923077 0.010000000000000009 0.3254385964912281 9.0 9.0 0.01 0.009999999999999787 0.009999999999999787 0.5494 0.010287358158862074 
0.009999999999999787 1.2144088989931805 0.19782678571428572 0.009999999999999787 0.009999999999999787 0.010000000000000009 1.2942857142857143 0.036812280701754393 0.009999999999999787 9.0 0.01 9.0 0.009999999999999787 0.8190999999999999 0.01 
0.009999999999999787 3.938562845079572 0.34391428571428573 0.009999999999999787 0.009999999999999787 6.233846153846154 0.010000000000000009 1.5871929824561404 0.009999999999999787 0.009999999999999787 1.3585 0.009999999999999787 0.009999999999999787 2.2575 2.8835815886207445 
0.009999999999999787 3.9517018512504074 1.6281999999999999 0.009999999999999787 0.009999999999999787 5.542307692307692 1.2942857142857143 4.0318421052631574 0.009999999999999787 9.0 0.01 0.009999999999999787 0.009999999999999787 0.42353999999999997 0.01 
9.0 0.39833062682689224 3.541785714285714 0.009999999999999787 0.009999999999999787 6.9253846153846155 1.2942857142857143 0.3254385964912281 0.009999999999999787 0.009999999999999787 2.4822499999999996 9.0 0.009999999999999787 0.01 0.8720744765862234 
0.009999999999999787 3.2699334199415406 0.37120535714285713 9.0 9.0 0.7015384615384616 0.010000000000000009 0.4831578947368421 9.0 9.0 0.01 0.009999999999999787 0.009999999999999787 1.9473449999999999 0.01 
0.009999999999999787 3.0991263397206894 0.6922767857142857 9.0 9.0 6.233846153846154 0.010000000000000009 0.036812280701754393 0.009999999999999787 0.009999999999999787 0.23475000000000001 9.0 0.009999999999999787 0.23475000000000001 0.3510941345692824 
0.009999999999999787 1.141414420266321 1.0261910714285714 9.0 9.0 0.010000000000000009 0.010000000000000009 0.062047368421052636 9.0 9.0 0.01 9.0 0.009999999999999787 0.7292 0.3140249320760748 
0.009999999999999787 2.893281909710946 1.6153571428571427 0.009999999999999787 0.009999999999999787 6.9253846153846155 1.2942857142857143 2.3757894736842102 0.009999999999999787 0.009999999999999787 1.3585 0.009999999999999787 0.009999999999999787 0.01 0.29735815886207445 
9.0 2.1020217603117906 0.15769285714285716 0.009999999999999787 0.009999999999999787 3.4676923076923076 0.010000000000000009 0.18033684210526318 0.009999999999999787 0.009999999999999787 0.909 9.0 0.009999999999999787 1.7181 0.15367907943103723 
0.009999999999999787 1.5662422864566423 4.130951785714285 0.009999999999999787 0.009999999999999787 6.9253846153846155 0.010000000000000009 0.16771929824561405 9.0 9.0 0.01 9.0 0.009999999999999787 0.01 0.010574716317724149 
0.009999999999999787 1.2012698928223453 3.7424553571428567 9.0 9.0 6.233846153846154 0.010000000000000009 0.27339122807017546 0.009999999999999787 9.0 0.01 0.009999999999999787 0.009999999999999787 0.7292 0.09620744765862234 
0.009999999999999787 0.6173140630074703 3.060178571428571 0.009999999999999787 0.009999999999999787 5.542307692307692 0.010000000000000009 0.3254385964912281 0.009999999999999787 9.0 0.01 0.009999999999999787 0.009999999999999787 0.2797 0.12494326354482978 
0.009999999999999787 0.6304530691783055 2.0969642857142854 0.009999999999999787 0.009999999999999787 6.233846153846154 1.2942857142857143 0.470540350877193 0.009999999999999787 0.009999999999999787 1.58325 9.0 0.009999999999999787 0.3696 0.858856001278568 
