9.0 0.49236797562626977 2.979910714285714 4.505 0.909 0.010000000000000009 0.010000000000000009 0.3254385964912281 0.009999999999999787 0.009999999999999787 0.5467164179104478 0.009999999999999787 0.009999999999999787 0.3696 0.054950000000000006 
9.0 0.8210477318889637 1.6153571428571427 4.505 0.909 9.0 7.876250000000001 0.010000000000000002 9.0 9.0 0.01 9.0 0.009999999999999787 0.01 0.01 
0.009999999999999787 4.891503046716316 1.3472625 0.009999999999999787 0.010000000000000009 6.9253846153846155 2.2575 0.036812280701754393 9.0 9.0 0.01 0.009999999999999787 0.009999999999999787 2.3474 0.01 
0.009999999999999787 0.6064928909952609 3.220714285714285 4.505 0.909 3.4676923076923076 1.13375 0.27339122807017546 0.009999999999999787 9.0 0.01 0.009999999999999787 0.009999999999999787 0.6393 0.01 
9.0 6.096662153012865 2.283185714285714 0.009999999999999787 0.010000000000000009 3.4676923076923076 1.13375 2.1392105263157895 0.009999999999999787 0.009999999999999787 0.41253731343283584 0.009999999999999787 0.009999999999999787 0.4595 0.014495000000000001 
0.009999999999999787 0.8590893703452944 2.418035714285714 0.009999999999999787 0.010000000000000009 8.308461538461538 0.010000000000000009 0.4563456140350877 0.009999999999999787 0.009999999999999787 0.14417910447761195 9.0 0.009999999999999787 0.3696 0.89102 
0.009999999999999787 3.2694075829383893 1.2942857142857143 0.009999999999999787 0.010000000000000009 0.010000000000000009 2.2575 1.5871929824561404 0.009999999999999787 9.0 0.01 0.009999999999999787 9.0 1.2686 0.01 
9.0 5.19583615436696 4.371755357142857 0.009999999999999787 0.010000000000000009 3.4676923076923076 1.13375 2.6912280701754385 0.009999999999999787 9.0 0.01 0.009999999999999787 0.009999999999999787 0.01 0.01 
0.009999999999999787 1.1892907921462426 0.8929464285714286 0.009999999999999787 0.010000000000000009 9.0 7.876250000000001 1.4294736842105265 9.0 9.0 0.01 9.0 0.009999999999999787 0.7292 0.0122475 
0.009999999999999787 3.6878656059580237 0.18337857142857145 4.505 0.909 8.308461538461538 0.010000000000000009 0.16771929824561405 0.009999999999999787 0.009999999999999787 0.41253731343283584 9.0 0.009999999999999787 0.909 0.0999 
0.009999999999999787 2.102290115098172 0.19622142857142857 0.009999999999999787 0.010000000000000009 6.233846153846154 0.010000000000000009 0.10147719298245614 9.0 0.009999999999999787 0.14417910447761195 9.0 0.009999999999999787 1.5383 0.2619897 
0.009999999999999787 0.7708327691266081 1.6426482142857142 4.505 0.909 2.7761538461538464 0.010000000000000009 0.10147719298245614 9.0 9.0 0.01 9.0 0.009999999999999787 0.6393 0.0265416 
0.009999999999999787 1.557533852403521 0.2909375 0.009999999999999787 0.010000000000000009 3.4676923076923076 0.010000000000000009 0.12828947368421054 9.0 0.009999999999999787 0.2783582089552239 0.009999999999999787 0.009999999999999787 0.79213 0.0102697 
9.0 2.913337846987136 0.4113392857142857 4.505 0.909 2.0846153846153848 1.13375 0.16771929824561405 9.0 9.0 0.01 0.009999999999999787 0.009999999999999787 0.7292 0.01 
0.009999999999999787 1.1132075152335816 0.21066964285714285 4.505 0.909 8.308461538461538 0.010000000000000009 0.04942982456140351 0.009999999999999787 9.0 0.01 9.0 0.009999999999999787 0.8190999999999999 0.0100899 
0.009999999999999787 3.9282887610020314 0.50445 0.009999999999999787 0.010000000000000009 2.0846153846153848 2.2575 1.1140350877192982 9.0 9.0 0.01 9.0 0.009999999999999787 0.98092 0.01 
9.0 0.7327911306702775 3.809880357142857 0.009999999999999787 0.010000000000000009 0.010000000000000009 1.13375 1.9026315789473685 0.009999999999999787 9.0 0.01 9.0 0.009999999999999787 1.5383 0.01 
0.009999999999999787 2.546616452268111 0.7051196428571429 4.505 0.909 3.4676923076923076 7.876250000000001 0.010000000000000002 9.0 9.0 0.01 9.0 0.009999999999999787 0.5494 0.01 
0.009999999999999787 3.6239556533513877 1.3745535714285715 0.009999999999999787 0.010000000000000009 0.010000000000000009 2.2575 2.0603508771929824 0.009999999999999787 0.009999999999999787 2.156865671641791 9.0 0.009999999999999787 0.535915 0.118779 
0.009999999999999787 3.193324306025728 0.6521428571428571 0.009999999999999787 0.010000000000000009 2.0846153846153848 0.010000000000000009 0.08885964912280703 9.0 9.0 0.01 0.009999999999999787 0.009999999999999787 1.0033949999999998 0.01 
0.009999999999999787 0.9351726472579553 0.09026785714285714 0.009999999999999787 0.010000000000000009 0.7015384615384616 1.13375 0.2197666666666667 0.009999999999999787 9.0 0.01 0.009999999999999787 0.009999999999999787 0.01 0.01 
0.009999999999999787 2.204241706161138 0.1705357142857143 0.009999999999999787 0.010000000000000009 0.010000000000000009 0.010000000000000009 0.5620175438596491 0.009999999999999787 0.009999999999999787 1.4859701492537314 9.0 0.009999999999999787 0.15384 0.058546 
0.009999999999999787 0.44063134732566 3.3138249999999996 0.009999999999999787 0.010000000000000009 9.0 7.876250000000001 0.14090701754385965 9.0 9.0 0.01 9.0 0.009999999999999787 0.3696 0.01 
9.0 3.003116113744076 3.8628571428571425 0.009999999999999787 0.010000000000000009 5.542307692307692 1.13375 4.426140350877192 0.009999999999999787 0.009999999999999787 1.0834328358208956 9.0 0.009999999999999787 0.01 0.602441 
0.009999999999999787 1.8481719702098847 0.33107142857142857 4.505 0.909 0.7015384615384616 1.13375 0.9563157894736842 9.0 9.0 0.01 9.0 0.009999999999999787 0.8011199999999999 0.0582763 
9.0 1.1010341909275563 0.4113392857142857 0.009999999999999787 0.010000000000000009 5.542307692307692 0.010000000000000009 0.08885964912280703 9.0 9.0 0.01 0.009999999999999787 0.009999999999999787 0.5494 0.0827291 
0.009999999999999787 2.8129079214624237 2.9542249999999997 0.009999999999999787 0.010000000000000009 0.010000000000000009 0.010000000000000009 1.4294736842105265 0.009999999999999787 0.009999999999999787 1.6201492537313433 0.009999999999999787 0.009999999999999787 0.01 0.029867900000000003 
0.009999999999999787 2.7231296547054837 0.8929464285714286 0.009999999999999787 0.010000000000000009 4.15923076923077 0.010000000000000009 1.3506140350877194 0.009999999999999787 0.009999999999999787 0.8150746268656717 9.0 0.009999999999999787 0.92698 0.01 
9.0 0.9108259986459042 3.702321428571428 4.505 0.909 2.7761538461538464 3.38125 0.010000000000000002 0.009999999999999787 0.009999999999999787 1.4859701492537314 0.009999999999999787 0.009999999999999787 0.01 0.01 
9.0 1.3536306702775893 0.22511785714285715 0.009999999999999787 0.010000000000000009 8.308461538461538 1.13375 0.5620175438596491 0.009999999999999787 9.0 0.01 9.0 0.009999999999999787 1.808 0.01 
9.0 0.7830060934326335 0.1705357142857143 4.505 0.909 7.616923076923077 6.7524999999999995 0.3254385964912281 9.0 9.0 0.01 9.0 0.009999999999999787 1.1787 0.01 
9.0 6.299043669600541 6.270892857142857 0.009999999999999787 0.010000000000000009 0.010000000000000009 0.010000000000000009 1.7449122807017543 0.009999999999999787 0.009999999999999787 0.9492537313432836 9.0 0.009999999999999787 0.01 0.2797 
9.0 0.580624576844956 0.06297678571428571 0.009999999999999787 0.010000000000000009 5.542307692307692 0.010000000000000009 0.022617543859649127 9.0 9.0 0.01 0.009999999999999787 0.009999999999999787 1.7181 0.01 
9.0 7.3642095463777935 0.06297678571428571 0.009999999999999787 0.010000000000000009 9.0 7.876250000000001 0.010000000000000002 0.009999999999999787 0.009999999999999787 0.14417910447761195 9.0 0.009999999999999787 1.05284 0.01899 
0.009999999999999787 2.9650744752877456 1.4548214285714285 0.009999999999999787 0.010000000000000009 6.9253846153846155 1.13375 1.8237719298245614 9.0 9.0 0.01 0.009999999999999787 9.0 3.205945 0.01 
9.0 1.4297139471902502 0.8255214285714285 4.505 0.909 8.308461538461538 0.010000000000000009 0.08885964912280703 0.009999999999999787 9.0 0.01 0.009999999999999787 0.009999999999999787 1.67315 0.01 
0.009999999999999787 1.0629925524712256 0.06297678571428571 0.009999999999999787 0.010000000000000009 0.010000000000000009 3.38125 0.7197368421052632 9.0 9.0 0.01 0.009999999999999787 9.0 0.01 0.01 
0.009999999999999787 1.8999085985104944 0.05013392857142857 4.505 0.909 3.4676923076923076 0.010000000000000009 0.036812280701754393 9.0 9.0 0.01 9.0 0.009999999999999787 0.98092 0.19879000000000002 
0.009999999999999787 1.0629925524712256 0.5188982142857143 4.505 0.909 6.233846153846154 0.010000000000000009 0.9831280701754386 0.009999999999999787 0.009999999999999787 0.8150746268656717 9.0 0.009999999999999787 0.3696 0.01 
9.0 1.9379502369668247 1.13375 0.009999999999999787 0.010000000000000009 6.233846153846154 0.010000000000000009 0.27339122807017546 0.009999999999999787 9.0 0.01 9.0 9.0 1.2686 0.01 
0.009999999999999787 2.850949559918755 1.3745535714285715 0.009999999999999787 0.010000000000000009 2.0846153846153848 2.2575 1.0351754385964913 0.009999999999999787 0.009999999999999787 0.2783582089552239 9.0 0.009999999999999787 1.24163 0.064839 
0.009999999999999787 0.21238151658767768 0.09026785714285714 0.009999999999999787 0.010000000000000009 5.542307692307692 0.010000000000000009 0.11567192982456143 9.0 0.009999999999999787 0.5467164179104478 9.0 0.009999999999999787 0.7292 0.0107192 
9.0 7.530071090047393 4.505 0.009999999999999787 0.010000000000000009 9.0 7.876250000000001 0.010000000000000002 0.009999999999999787 0.009999999999999787 1.4859701492537314 0.009999999999999787 0.009999999999999787 0.01 0.13586 
0.009999999999999787 3.573740690589032 0.5590321428571429 0.009999999999999787 0.010000000000000009 6.9253846153846155 0.010000000000000009 0.04942982456140351 0.009999999999999787 0.009999999999999787 0.6808955223880597 0.009999999999999787 0.009999999999999787 2.1675999999999997 0.01 
0.009999999999999787 1.823825321597834 4.424732142857143 0.009999999999999787 0.010000000000000009 6.233846153846154 0.010000000000000009 1.8237719298245614 0.009999999999999787 9.0 0.01 0.009999999999999787 0.009999999999999787 2.1990649999999996 0.054950000000000006 
9.0 2.508574813811781 0.4787642857142857 0.009999999999999787 0.010000000000000009 6.233846153846154 0.010000000000000009 0.3522508771929825 0.009999999999999787 0.009999999999999787 2.156865671641791 9.0 0.009999999999999787 0.5494 0.19690210000000002 
0.009999999999999787 1.823825321597834 0.2508035714285714 0.009999999999999787 0.010000000000000009 5.542307692307692 1.13375 0.062047368421052636 9.0 9.0 0.01 0.009999999999999787 0.009999999999999787 0.9989 0.0325649 
0.009999999999999787 0.04804163845633047 1.0133482142857142 0.009999999999999787 0.010000000000000009 6.233846153846154 0.010000000000000009 0.036812280701754393 9.0 0.009999999999999787 0.14417910447761195 9.0 0.009999999999999787 0.01 0.0105394 
9.0 2.2164150304671635 1.7758928571428572 0.009999999999999787 0.010000000000000009 3.4676923076923076 0.010000000000000009 1.7449122807017543 9.0 9.0 0.01 0.009999999999999787 9.0 0.4595 0.01 
9.0 4.879329722410291 2.5785714285714283 0.009999999999999787 0.010000000000000009 0.010000000000000009 0.010000000000000009 2.494078947368421 0.009999999999999787 0.009999999999999787 0.8150746268656717 0.009999999999999787 0.009999999999999787 0.01 0.123274 
9.0 2.266629993229519 3.434226785714285 0.009999999999999787 0.010000000000000009 5.542307692307692 1.13375 0.036812280701754393 9.0 0.009999999999999787 1.6201492537313433 0.009999999999999787 0.009999999999999787 0.589855 0.0102697 
0.009999999999999787 1.671658767772512 4.692826785714286 0.009999999999999787 0.010000000000000009 2.0846153846153848 2.2575 0.010000000000000002 9.0 9.0 0.01 0.009999999999999787 0.009999999999999787 0.81011 0.01 
9.0 0.5304096140826 1.7486017857142857 0.009999999999999787 0.010000000000000009 2.0846153846153848 1.13375 0.10147719298245614 9.0 9.0 0.01 9.0 0.009999999999999787 0.3696 0.053511600000000006 
0.009999999999999787 1.125380839539607 3.702321428571428 0.009999999999999787 0.010000000000000009 2.0846153846153848 0.010000000000000009 1.1140350877192982 0.009999999999999787 0.009999999999999787 1.2176119402985075 9.0 0.009999999999999787 0.26172 0.07670579999999999 
0.009999999999999787 1.8101303317535544 0.6649857142857143 4.505 0.909 8.308461538461538 0.010000000000000009 0.6408771929824562 0.009999999999999787 0.009999999999999787 0.41253731343283584 0.009999999999999787 0.009999999999999787 1.67315 0.060344 
9.0 1.95012356127285 0.9860571428571429 4.505 0.909 6.9253846153846155 1.13375 0.8112140350877193 0.009999999999999787 0.009999999999999787 0.14417910447761195 9.0 0.009999999999999787 0.32465 0.01 
9.0 0.41628469871360885 2.979910714285714 0.009999999999999787 0.010000000000000009 5.542307692307692 0.010000000000000009 0.39168070175438596 0.009999999999999787 0.009999999999999787 0.5467164179104478 9.0 0.009999999999999787 0.2797 0.058546 
9.0 3.7502538930264047 2.430878571428571 4.505 0.909 5.542307692307692 1.13375 2.5335087719298244 0.009999999999999787 0.009999999999999787 1.8885074626865672 9.0 0.009999999999999787 0.01 0.21677000000000002 
0.009999999999999787 6.667286729857819 0.8929464285714286 0.009999999999999787 0.010000000000000009 6.233846153846154 0.010000000000000009 0.5620175438596491 0.009999999999999787 0.009999999999999787 0.6808955223880597 0.009999999999999787 0.009999999999999787 0.2797 0.0152142 
0.009999999999999787 2.787039607312119 1.6426482142857142 4.505 0.909 2.0846153846153848 2.2575 0.3522508771929825 9.0 9.0 0.01 0.009999999999999787 0.009999999999999787 2.1675999999999997 0.01 
0.009999999999999787 0.7327911306702775 3.220714285714285 4.505 0.909 0.010000000000000009 0.010000000000000009 0.7985964912280702 0.009999999999999787 9.0 0.01 9.0 9.0 0.1898 0.01 
9.0 4.8032464454976305 0.2508035714285714 0.009999999999999787 0.010000000000000009 5.542307692307692 1.13375 0.8774561403508772 0.009999999999999787 0.009999999999999787 0.14417910447761195 9.0 0.009999999999999787 1.506835 0.0901908 
9.0 0.03586831415030467 0.9330803571428571 0.009999999999999787 0.010000000000000009 5.542307692307692 0.010000000000000009 0.036812280701754393 9.0 9.0 0.01 9.0 0.009999999999999787 0.5494 0.01 
0.009999999999999787 0.7586594448205828 0.4113392857142857 4.505 0.909 0.010000000000000009 1.13375 0.4437280701754386 0.009999999999999787 0.009999999999999787 0.41253731343283584 0.009999999999999787 0.009999999999999787 0.6393 0.028879000000000002 
0.009999999999999787 2.5846580907244414 1.7758928571428572 0.009999999999999787 0.010000000000000009 5.542307692307692 1.13375 1.7449122807017543 0.009999999999999787 0.009999999999999787 1.6201492537313433 0.009999999999999787 0.009999999999999787 1.84396 0.0999 
0.009999999999999787 1.125380839539607 0.01 0.009999999999999787 0.010000000000000009 3.4676923076923076 0.010000000000000009 0.3254385964912281 9.0 0.009999999999999787 1.4859701492537314 9.0 9.0 0.01 0.01 
0.009999999999999787 3.29375423155044 2.0969642857142854 0.009999999999999787 0.010000000000000009 4.15923076923077 1.13375 1.3506140350877194 0.009999999999999787 0.009999999999999787 1.6201492537313433 0.009999999999999787 0.009999999999999787 0.428035 0.01 
0.009999999999999787 1.3292840216655386 0.6521428571428571 0.009999999999999787 0.010000000000000009 7.616923076923077 6.7524999999999995 0.062047368421052636 9.0 0.009999999999999787 0.2783582089552239 9.0 0.009999999999999787 1.4484 0.12687 
0.009999999999999787 0.34020142180094837 0.07581964285714285 0.009999999999999787 0.010000000000000009 8.308461538461538 0.010000000000000009 0.022617543859649127 9.0 9.0 0.01 9.0 0.009999999999999787 1.2686 0.077425 
0.009999999999999787 0.8347427217332433 0.2909375 4.505 0.909 0.010000000000000009 1.13375 0.08885964912280703 9.0 9.0 0.01 9.0 0.009999999999999787 1.2686 0.0283396 
0.009999999999999787 0.21238151658767768 1.066325 0.009999999999999787 0.010000000000000009 2.0846153846153848 0.010000000000000009 0.11567192982456143 9.0 9.0 0.01 0.009999999999999787 0.009999999999999787 0.6393 0.010179800000000001 
0.009999999999999787 3.700038930264049 2.0969642857142854 0.009999999999999787 0.010000000000000009 8.308461538461538 2.2575 1.1140350877192982 0.009999999999999787 0.009999999999999787 0.14417910447761195 9.0 0.009999999999999787 0.01 0.054950000000000006 
9.0 1.1892907921462426 2.8996428571428567 0.009999999999999787 0.010000000000000009 5.542307692307692 0.010000000000000009 2.6912280701754385 0.009999999999999787 0.009999999999999787 0.6808955223880597 0.009999999999999787 0.009999999999999787 0.5494 0.01 
0.009999999999999787 2.204241706161138 0.3583625 4.505 0.909 0.010000000000000009 0.010000000000000009 0.022617543859649127 9.0 9.0 0.01 9.0 0.009999999999999787 0.77415 0.0260921 
0.009999999999999787 0.5045412999322951 0.571875 4.505 0.909 0.010000000000000009 0.010000000000000009 0.7465491228070176 9.0 9.0 0.01 0.009999999999999787 0.009999999999999787 0.51344 0.0105394 
0.009999999999999787 3.8400321597833447 0.27809464285714286 0.009999999999999787 0.010000000000000009 9.0 7.876250000000001 0.010000000000000002 0.009999999999999787 9.0 0.01 9.0 0.009999999999999787 0.59435 0.0100899 
0.009999999999999787 0.47867298578199025 0.01 0.009999999999999787 0.010000000000000009 5.542307692307692 0.010000000000000009 0.2197666666666667 9.0 9.0 0.01 9.0 0.009999999999999787 0.7292 0.0100899 
0.009999999999999787 1.5194922139471907 0.7195678571428571 4.505 0.909 8.308461538461538 0.010000000000000009 1.2717543859649123 0.009999999999999787 9.0 0.01 9.0 0.009999999999999787 0.8550599999999999 0.01 
0.009999999999999787 2.634873053486798 0.8126785714285714 4.505 0.909 6.233846153846154 0.010000000000000009 2.218070175438596 9.0 9.0 0.01 0.009999999999999787 0.009999999999999787 1.2686 0.01 
9.0 1.0249509140148954 3.6220535714285713 4.505 0.909 6.9253846153846155 1.13375 0.24657894736842106 0.009999999999999787 0.009999999999999787 0.5467164179104478 9.0 0.009999999999999787 0.01 0.0388579 
9.0 0.5927979011509814 0.2235125 4.505 0.909 0.010000000000000009 0.010000000000000009 0.3254385964912281 9.0 0.009999999999999787 0.14417910447761195 9.0 0.009999999999999787 9.0 0.010179800000000001 
9.0 3.9404620853080567 0.34391428571428573 0.009999999999999787 0.010000000000000009 8.308461538461538 0.010000000000000009 0.2197666666666667 9.0 9.0 0.01 9.0 0.009999999999999787 1.0888 0.0313063 
0.009999999999999787 1.607748815165877 0.50445 0.009999999999999787 0.010000000000000009 6.233846153846154 0.010000000000000009 0.04942982456140351 9.0 9.0 0.01 9.0 0.009999999999999787 0.4595 0.01 
0.009999999999999787 2.7231296547054837 0.11755892857142856 4.505 0.909 6.9253846153846155 0.010000000000000009 0.036812280701754393 9.0 9.0 0.01 9.0 0.009999999999999787 0.8190999999999999 0.01 
0.009999999999999787 0.9610409614082602 0.26364642857142856 0.009999999999999787 0.010000000000000009 6.233846153846154 0.010000000000000009 0.10147719298245614 9.0 0.009999999999999787 0.14417910447761195 9.0 0.009999999999999787 1.8979 0.0354417 
9.0 1.0371242383209207 2.7391071428571427 0.009999999999999787 0.010000000000000009 5.542307692307692 0.010000000000000009 0.5620175438596491 0.009999999999999787 0.009999999999999787 1.3517910447761194 9.0 0.009999999999999787 0.3696 0.09900099999999999 
9.0 2.672914691943128 0.9732142857142857 4.505 0.909 8.308461538461538 0.010000000000000009 0.6408771929824562 9.0 9.0 0.01 9.0 0.009999999999999787 0.8190999999999999 0.01 
0.009999999999999787 1.5438388625592414 4.130951785714285 0.009999999999999787 0.010000000000000009 6.9253846153846155 0.010000000000000009 0.16771929824561405 9.0 9.0 0.01 9.0 0.009999999999999787 0.01 0.010179800000000001 
0.009999999999999787 0.8849576844955993 3.1404464285714284 0.009999999999999787 0.010000000000000009 0.010000000000000009 0.010000000000000009 0.08885964912280703 0.009999999999999787 9.0 0.01 9.0 0.009999999999999787 0.6393 0.01 
0.009999999999999787 7.9226607989167235 1.7758928571428572 0.009999999999999787 0.010000000000000009 7.616923076923077 5.62875 4.110701754385965 0.009999999999999787 0.009999999999999787 0.14417910447761195 0.009999999999999787 0.009999999999999787 0.01 0.01 
0.009999999999999787 2.7231296547054837 0.09026785714285714 0.009999999999999787 0.010000000000000009 2.0846153846153848 2.2575 1.2717543859649123 9.0 9.0 0.01 0.009999999999999787 9.0 1.8979 0.01 
0.009999999999999787 0.9732142857142856 3.541785714285714 0.009999999999999787 0.010000000000000009 6.9253846153846155 0.010000000000000009 0.2197666666666667 0.009999999999999787 9.0 0.01 9.0 0.009999999999999787 0.4595 0.01 
0.009999999999999787 8.13873730534868 2.8996428571428567 0.009999999999999787 0.010000000000000009 9.0 7.876250000000001 1.2717543859649123 9.0 0.009999999999999787 0.14417910447761195 9.0 0.009999999999999787 0.32465 0.0105394 
0.009999999999999787 5.576252538930264 0.4514732142857143 4.505 0.909 0.010000000000000009 1.13375 2.994049122807018 0.009999999999999787 9.0 0.01 0.009999999999999787 0.009999999999999787 0.909 0.01899 
0.009999999999999787 2.7368246445497633 0.7051196428571429 0.009999999999999787 0.010000000000000009 0.010000000000000009 0.010000000000000009 0.4831578947368421 9.0 9.0 0.01 9.0 4.505 0.5494 0.01 
9.0 3.1796293161814484 0.10311071428571428 0.009999999999999787 0.010000000000000009 9.0 7.876250000000001 0.010000000000000002 9.0 0.009999999999999787 1.3517910447761194 9.0 0.009999999999999787 0.909 0.0116182 
0.009999999999999787 0.7327911306702775 0.7853875 0.009999999999999787 0.010000000000000009 0.010000000000000009 0.010000000000000009 0.6408771929824562 0.009999999999999787 0.009999999999999787 1.4859701492537314 0.009999999999999787 0.009999999999999787 0.909 0.2797 
0.009999999999999787 0.18803486797562652 0.11755892857142856 4.505 0.909 3.4676923076923076 0.010000000000000009 0.10147719298245614 9.0 9.0 0.01 9.0 9.0 0.909 0.01 
9.0 1.2273324306025728 0.23796071428571428 0.009999999999999787 0.010000000000000009 6.233846153846154 0.010000000000000009 0.08885964912280703 9.0 0.009999999999999787 0.14417910447761195 0.009999999999999787 0.009999999999999787 1.0888 0.0103596 
9.0 1.1771174678402172 0.26364642857142856 4.505 0.909 5.542307692307692 0.010000000000000009 0.4831578947368421 0.009999999999999787 0.009999999999999787 0.2783582089552239 0.009999999999999787 0.009999999999999787 0.3696 0.04596 
9.0 4.943239675016927 0.43863035714285714 0.009999999999999787 0.010000000000000009 2.0846153846153848 9.0 0.11567192982456143 9.0 9.0 0.01 9.0 0.009999999999999787 0.01 0.020788 
0.009999999999999787 1.5194922139471907 4.0233928571428565 0.009999999999999787 0.010000000000000009 6.9253846153846155 0.010000000000000009 0.39168070175438596 0.009999999999999787 0.009999999999999787 9.0 0.009999999999999787 0.009999999999999787 0.6393 0.0331942 
0.009999999999999787 0.9990825998645905 0.15769285714285716 0.009999999999999787 0.010000000000000009 3.4676923076923076 0.010000000000000009 0.04942982456140351 9.0 9.0 0.01 0.009999999999999787 0.009999999999999787 1.2686 0.0149445 
0.009999999999999787 4.867156398104266 0.10311071428571428 0.009999999999999787 0.010000000000000009 0.010000000000000009 2.2575 4.741578947368421 0.009999999999999787 0.009999999999999787 2.6935820895522387 9.0 0.009999999999999787 0.01 1.3585 
0.009999999999999787 0.26411814488828744 2.0969642857142854 0.009999999999999787 0.010000000000000009 2.0846153846153848 0.010000000000000009 0.04942982456140351 9.0 9.0 0.01 9.0 0.009999999999999787 0.2797 0.01899 
9.0 0.7586594448205828 0.5991660714285714 0.009999999999999787 0.010000000000000009 5.542307692307692 0.010000000000000009 0.6676894736842105 0.009999999999999787 0.009999999999999787 0.6808955223880597 9.0 0.009999999999999787 0.9989 0.23501970000000003 
0.009999999999999787 0.7586594448205828 0.14324464285714286 0.009999999999999787 0.010000000000000009 0.010000000000000009 0.010000000000000009 0.04942982456140351 9.0 9.0 0.01 9.0 0.009999999999999787 0.01 0.0139556 
0.009999999999999787 2.8129079214624237 0.50445 0.009999999999999787 0.010000000000000009 6.9253846153846155 0.010000000000000009 0.49577543859649126 0.009999999999999787 0.009999999999999787 0.14417910447761195 0.009999999999999787 0.009999999999999787 2.3474 4.505 
0.009999999999999787 2.8129079214624237 1.695625 0.009999999999999787 0.010000000000000009 6.233846153846154 0.010000000000000009 0.036812280701754393 9.0 9.0 0.01 0.009999999999999787 0.009999999999999787 1.31355 0.0105394 
0.009999999999999787 1.0751658767772514 3.541785714285714 0.009999999999999787 0.010000000000000009 5.542307692307692 0.010000000000000009 0.7985964912280702 0.009999999999999787 0.009999999999999787 0.9492537313432836 0.009999999999999787 0.009999999999999787 0.4595 0.0827291 
0.009999999999999787 1.3292840216655386 3.9704160714285712 0.009999999999999787 0.010000000000000009 5.542307692307692 1.13375 0.5099701754385965 0.009999999999999787 9.0 0.01 0.009999999999999787 0.009999999999999787 0.5494 0.01 
0.009999999999999787 3.0533310765064323 0.7853875 0.009999999999999787 0.010000000000000009 6.233846153846154 0.010000000000000009 0.04942982456140351 9.0 0.009999999999999787 0.2783582089552239 9.0 0.009999999999999787 0.9989 0.0100899 
0.009999999999999787 1.1512491536899119 0.33107142857142857 0.009999999999999787 0.010000000000000009 0.010000000000000009 0.010000000000000009 0.27339122807017546 0.009999999999999787 9.0 0.01 9.0 9.0 1.3585 0.01 
9.0 3.4337474610697356 1.9364285714285714 0.009999999999999787 0.010000000000000009 3.4676923076923076 0.010000000000000009 0.3254385964912281 0.009999999999999787 9.0 0.01 0.009999999999999787 0.009999999999999787 0.01 0.01 
0.009999999999999787 3.788295531482735 0.49160714285714285 0.009999999999999787 0.010000000000000009 2.0846153846153848 2.2575 0.010000000000000002 9.0 9.0 0.01 9.0 9.0 1.3585 0.01 
0.009999999999999787 3.85220548408937 0.022842857142857144 0.009999999999999787 0.010000000000000009 7.616923076923077 0.010000000000000009 0.022617543859649127 9.0 0.009999999999999787 0.14417910447761195 9.0 9.0 2.5271999999999997 0.01 
0.009999999999999787 2.7368246445497633 0.4113392857142857 0.009999999999999787 0.010000000000000009 6.233846153846154 0.010000000000000009 0.3774859649122807 9.0 9.0 0.01 9.0 0.009999999999999787 0.5494 0.01 
0.009999999999999787 2.787039607312119 1.7758928571428572 4.505 0.909 0.010000000000000009 0.010000000000000009 0.4831578947368421 9.0 9.0 0.01 0.009999999999999787 0.009999999999999787 0.2797 0.01 
0.009999999999999787 1.7599153689911988 0.21066964285714285 0.009999999999999787 0.010000000000000009 8.308461538461538 0.010000000000000009 0.15352456140350879 0.009999999999999787 9.0 0.01 0.009999999999999787 0.009999999999999787 0.909 0.01 
9.0 0.34020142180094837 0.18337857142857145 0.009999999999999787 0.010000000000000009 0.010000000000000009 0.010000000000000009 0.5620175438596491 9.0 0.009999999999999787 0.14417910447761195 0.009999999999999787 0.009999999999999787 0.3696 0.0104495 
0.009999999999999787 4.967586323628978 3.8628571428571425 0.009999999999999787 0.010000000000000009 4.15923076923077 0.010000000000000009 5.057017543859649 0.009999999999999787 9.0 0.01 9.0 9.0 0.50445 0.01 
0.009999999999999787 0.3021597833446177 1.4419785714285713 0.009999999999999787 0.010000000000000009 0.010000000000000009 0.010000000000000009 0.08885964912280703 9.0 9.0 0.01 9.0 9.0 0.3696 0.01 
0.009999999999999787 1.1512491536899119 1.2942857142857143 0.009999999999999787 0.010000000000000009 0.010000000000000009 2.2575 0.08885964912280703 0.009999999999999787 9.0 0.01 0.009999999999999787 0.009999999999999787 0.7292 0.01 
0.009999999999999787 0.6064928909952609 0.1304017857142857 0.009999999999999787 0.010000000000000009 5.542307692307692 0.010000000000000009 0.6408771929824562 0.009999999999999787 0.009999999999999787 0.2783582089552239 0.009999999999999787 0.009999999999999787 0.3696 0.01 
0.009999999999999787 0.6688811780636423 0.09026785714285714 0.009999999999999787 0.010000000000000009 5.542307692307692 0.010000000000000009 0.04942982456140351 9.0 9.0 0.01 9.0 0.009999999999999787 0.909 0.01 
0.009999999999999787 2.787039607312119 1.4548214285714285 0.009999999999999787 0.010000000000000009 8.308461538461538 0.010000000000000009 0.3254385964912281 0.009999999999999787 9.0 0.01 0.009999999999999787 0.009999999999999787 1.0888 0.01 
9.0 6.26100203114421 1.3745535714285715 4.505 0.909 9.0 7.876250000000001 1.5871929824561404 9.0 9.0 0.01 0.009999999999999787 0.009999999999999787 0.01 0.0103596 
0.009999999999999787 3.0274627623561274 0.2508035714285714 0.009999999999999787 0.010000000000000009 3.4676923076923076 0.010000000000000009 0.4831578947368421 9.0 9.0 0.01 0.009999999999999787 0.009999999999999787 1.048345 0.01 
0.009999999999999787 2.1281584292484768 0.46431607142857145 0.009999999999999787 0.010000000000000009 6.233846153846154 1.13375 0.24657894736842106 0.009999999999999787 0.009999999999999787 0.14417910447761195 9.0 0.009999999999999787 1.0888 0.01899 
0.009999999999999787 2.660741367637103 0.34391428571428573 0.009999999999999787 0.010000000000000009 4.850769230769231 1.13375 2.0603508771929824 0.009999999999999787 9.0 0.01 0.009999999999999787 0.009999999999999787 0.74718 2.8225214999999997 
0.009999999999999787 3.3074492213947195 0.6649857142857143 0.009999999999999787 0.010000000000000009 6.233846153846154 0.010000000000000009 0.022617543859649127 0.009999999999999787 9.0 0.01 0.009999999999999787 0.009999999999999787 1.808 0.53142 
9.0 0.2504231550440079 3.060178571428571 0.009999999999999787 0.010000000000000009 8.308461538461538 0.010000000000000009 0.5620175438596491 9.0 0.009999999999999787 1.3517910447761194 0.009999999999999787 0.009999999999999787 0.01 0.010899 
0.009999999999999787 1.1390758293838865 0.01 0.009999999999999787 0.010000000000000009 6.9253846153846155 0.010000000000000009 0.036812280701754393 0.009999999999999787 9.0 0.01 9.0 0.009999999999999787 0.01 0.01 
0.009999999999999787 2.456838185511171 0.022842857142857144 4.505 0.909 4.15923076923077 0.010000000000000009 0.022617543859649127 9.0 9.0 0.01 9.0 0.009999999999999787 0.01 0.01 
0.009999999999999787 0.07390995260663535 0.022842857142857144 0.009999999999999787 0.010000000000000009 0.010000000000000009 0.010000000000000009 0.022617543859649127 9.0 9.0 0.01 9.0 0.009999999999999787 0.01 0.01 
9.0 1.341457345971564 0.571875 4.505 0.909 0.010000000000000009 0.010000000000000009 0.062047368421052636 9.0 9.0 0.01 9.0 0.009999999999999787 0.60334 0.01 
0.009999999999999787 0.872784360189574 0.2508035714285714 4.505 0.909 4.850769230769231 4.505000000000001 0.24657894736842106 9.0 9.0 0.01 0.009999999999999787 0.009999999999999787 0.60334 0.010179800000000001 
0.009999999999999787 2.9270328368314154 1.6153571428571427 0.009999999999999787 0.010000000000000009 6.9253846153846155 1.13375 2.3757894736842102 0.009999999999999787 0.009999999999999787 0.8150746268656717 0.009999999999999787 0.009999999999999787 0.01 0.0999 
0.009999999999999787 3.4976574136763716 0.077425 0.009999999999999787 0.010000000000000009 3.4676923076923076 0.010000000000000009 0.036812280701754393 0.009999999999999787 9.0 0.01 0.009999999999999787 0.009999999999999787 1.2686 0.01 
0.009999999999999787 0.8347427217332433 0.01 0.009999999999999787 0.010000000000000009 0.010000000000000009 0.010000000000000009 0.16771929824561405 9.0 9.0 0.01 0.009999999999999787 9.0 0.01 0.01 
0.009999999999999787 6.19861374407583 9.0 4.505 0.909 0.010000000000000009 0.010000000000000009 9.0 0.009999999999999787 0.009999999999999787 5.3771641791044775 9.0 0.009999999999999787 0.01 0.011348500000000001 
0.009999999999999787 2.660741367637103 1.0261910714285714 4.505 0.909 6.9253846153846155 0.010000000000000009 1.0083631578947367 0.009999999999999787 0.009999999999999787 0.41253731343283584 0.009999999999999787 0.009999999999999787 1.7181 0.01 
0.009999999999999787 5.095406228842248 0.7452535714285714 0.009999999999999787 0.010000000000000009 9.0 7.876250000000001 0.10147719298245614 9.0 9.0 0.01 9.0 0.009999999999999787 0.909 0.0102697 
0.009999999999999787 4.815419769803656 2.0969642857142854 0.009999999999999787 0.010000000000000009 0.010000000000000009 0.010000000000000009 0.3254385964912281 9.0 9.0 0.01 0.009999999999999787 0.009999999999999787 0.01 0.030497200000000002 
0.009999999999999787 1.467755585646581 0.19622142857142857 0.009999999999999787 0.010000000000000009 0.010000000000000009 0.010000000000000009 0.10147719298245614 0.009999999999999787 0.009999999999999787 0.9492537313432836 0.009999999999999787 0.009999999999999787 0.44152 0.4706476 
0.009999999999999787 2.546616452268111 0.9732142857142857 0.009999999999999787 0.010000000000000009 0.7015384615384616 0.010000000000000009 0.062047368421052636 9.0 9.0 0.01 0.009999999999999787 0.009999999999999787 0.5494 0.01 
0.009999999999999787 1.8359986459038593 0.19782678571428572 4.505 0.909 6.9253846153846155 0.010000000000000009 0.08885964912280703 0.009999999999999787 0.009999999999999787 0.2783582089552239 9.0 0.009999999999999787 1.1787 0.054950000000000006 
9.0 0.022173324306025588 2.4581696428571425 0.009999999999999787 0.010000000000000009 5.542307692307692 0.010000000000000009 0.04942982456140351 9.0 0.009999999999999787 0.14417910447761195 0.009999999999999787 0.009999999999999787 0.01 0.024384000000000003 
0.009999999999999787 4.929544685172647 1.9492714285714285 0.009999999999999787 0.010000000000000009 3.4676923076923076 0.010000000000000009 0.022617543859649127 9.0 9.0 0.01 9.0 0.009999999999999787 0.01 0.251831 
0.009999999999999787 0.9869092755585651 3.902991071428571 0.009999999999999787 0.010000000000000009 0.010000000000000009 0.010000000000000009 1.0619877192982456 9.0 0.009999999999999787 0.2783582089552239 0.009999999999999787 0.009999999999999787 0.8190999999999999 0.0255527 
0.009999999999999787 2.9650744752877456 8.076919642857142 0.009999999999999787 0.010000000000000009 6.9253846153846155 1.13375 0.5225877192982457 0.009999999999999787 0.009999999999999787 0.14417910447761195 0.009999999999999787 0.009999999999999787 2.324925 0.054950000000000006 
9.0 5.728419092755585 0.06297678571428571 0.009999999999999787 0.010000000000000009 9.0 7.876250000000001 0.010000000000000002 9.0 9.0 0.01 0.009999999999999787 9.0 0.28869 0.0124273 
0.009999999999999787 0.7206178063642521 0.5991660714285714 0.009999999999999787 0.010000000000000009 0.010000000000000009 0.010000000000000009 0.7197368421052632 0.009999999999999787 0.009999999999999787 0.14417910447761195 9.0 0.009999999999999787 0.4595 0.023485 
9.0 1.1132075152335816 0.5991660714285714 0.009999999999999787 0.010000000000000009 2.7761538461538464 3.38125 0.010000000000000002 9.0 0.009999999999999787 0.14417910447761195 9.0 0.009999999999999787 0.909 0.0147647 
0.009999999999999787 0.42845802301963465 0.6521428571428571 0.009999999999999787 0.010000000000000009 2.0846153846153848 0.010000000000000009 0.4831578947368421 0.009999999999999787 0.009999999999999787 0.2783582089552239 9.0 0.009999999999999787 0.5494 0.03697 
9.0 1.0873392010832768 0.7452535714285714 0.009999999999999787 0.010000000000000009 5.542307692307692 1.13375 0.7323543859649123 0.009999999999999787 0.009999999999999787 0.9492537313432836 0.009999999999999787 0.009999999999999787 0.6393 0.2243216 
9.0 0.32650643195666884 3.541785714285714 0.009999999999999787 0.010000000000000009 6.9253846153846155 1.13375 0.3254385964912281 0.009999999999999787 0.009999999999999787 1.4859701492537314 9.0 0.009999999999999787 0.01 0.2797 
0.009999999999999787 2.1281584292484768 0.2508035714285714 4.505 0.909 0.010000000000000009 0.010000000000000009 0.022617543859649127 9.0 9.0 0.01 9.0 0.009999999999999787 1.0888 0.01 
0.009999999999999787 2.799212931618145 0.035685714285714286 4.505 0.909 4.15923076923077 2.2575 0.022617543859649127 0.009999999999999787 0.009999999999999787 0.14417910447761195 0.009999999999999787 0.009999999999999787 1.2686 0.18980000000000002 
0.009999999999999787 1.0751658767772514 3.702321428571428 0.009999999999999787 0.010000000000000009 2.0846153846153848 0.010000000000000009 0.14090701754385965 9.0 9.0 0.01 9.0 0.009999999999999787 0.01 0.01 
0.009999999999999787 0.39041638456330396 0.06297678571428571 0.009999999999999787 0.010000000000000009 0.7015384615384616 0.010000000000000009 0.08885964912280703 9.0 9.0 0.01 0.009999999999999787 9.0 1.2686 0.01 
0.009999999999999787 4.955412999322952 8.064076785714285 0.009999999999999787 0.010000000000000009 6.233846153846154 0.010000000000000009 0.5620175438596491 0.009999999999999787 0.009999999999999787 0.41253731343283584 9.0 0.009999999999999787 0.5494 0.0112586 
0.009999999999999787 2.6226997291807725 0.8126785714285714 0.009999999999999787 0.010000000000000009 8.308461538461538 0.010000000000000009 0.5620175438596491 9.0 0.009999999999999787 0.2783582089552239 0.009999999999999787 0.009999999999999787 3.2463999999999995 0.01 
9.0 5.602120853080569 2.2575 0.009999999999999787 0.010000000000000009 8.308461538461538 1.13375 0.9563157894736842 9.0 9.0 0.01 9.0 0.009999999999999787 0.01 0.01 
0.009999999999999787 2.456838185511171 0.8126785714285714 0.009999999999999787 0.010000000000000009 8.308461538461538 0.010000000000000009 2.3757894736842102 0.009999999999999787 9.0 0.01 0.009999999999999787 0.009999999999999787 2.3608849999999997 0.01 
9.0 1.0629925524712256 0.11755892857142856 0.009999999999999787 0.010000000000000009 5.542307692307692 0.010000000000000009 0.24657894736842106 9.0 9.0 0.01 9.0 9.0 0.7292 0.01 
9.0 0.8849576844955993 1.9364285714285714 0.009999999999999787 0.010000000000000009 8.308461538461538 0.010000000000000009 0.7985964912280702 0.009999999999999787 0.009999999999999787 0.41253731343283584 9.0 0.009999999999999787 0.3696 0.0925282 
0.009999999999999787 5.145621191604604 2.4453267857142853 0.009999999999999787 0.010000000000000009 2.0846153846153848 2.2575 2.4026017543859646 0.009999999999999787 0.009999999999999787 2.022686567164179 0.009999999999999787 0.009999999999999787 0.01 0.4595 
0.009999999999999787 2.0520751523358163 1.13375 0.009999999999999787 0.010000000000000009 6.233846153846154 0.010000000000000009 1.1140350877192982 0.009999999999999787 0.009999999999999787 0.41253731343283584 0.009999999999999787 0.009999999999999787 1.488855 0.01 
9.0 0.1241249153689914 0.4113392857142857 0.009999999999999787 0.010000000000000009 5.542307692307692 0.010000000000000009 0.08885964912280703 9.0 0.009999999999999787 0.14417910447761195 9.0 0.009999999999999787 0.49546 0.0188102 
0.009999999999999787 2.5207481381178063 0.06297678571428571 4.505 0.909 0.010000000000000009 1.13375 1.0351754385964913 0.009999999999999787 0.009999999999999787 0.14417910447761195 0.009999999999999787 0.009999999999999787 1.95184 0.7292000000000001 
0.009999999999999787 0.2762914691943128 7.073571428571428 9.0 9.0 9.0 9.0 0.010000000000000002 9.0 9.0 0.01 0.009999999999999787 4.505 2.0327499999999996 9.0 
0.009999999999999787 2.1525050778605284 1.13375 0.009999999999999787 0.010000000000000009 0.010000000000000009 0.010000000000000009 0.062047368421052636 9.0 9.0 0.01 9.0 0.009999999999999787 0.98092 0.01 
0.009999999999999787 0.45432633716993953 1.6153571428571427 0.009999999999999787 0.010000000000000009 5.542307692307692 0.010000000000000009 0.12828947368421054 0.009999999999999787 0.009999999999999787 0.2783582089552239 9.0 0.009999999999999787 0.01 0.0134162 
0.009999999999999787 3.319622545700745 0.37120535714285713 4.505 0.909 0.7015384615384616 0.010000000000000009 0.4831578947368421 9.0 9.0 0.01 0.009999999999999787 0.009999999999999787 1.9473449999999999 0.01 
0.009999999999999787 1.4434089370345298 1.13375 0.009999999999999787 0.010000000000000009 6.9253846153846155 0.010000000000000009 0.20714912280701755 0.009999999999999787 0.009999999999999787 0.9492537313432836 9.0 0.009999999999999787 0.01 0.6446041 
0.009999999999999787 0.4025897088693293 0.3984964285714286 4.505 0.909 7.616923076923077 6.7524999999999995 0.010000000000000002 9.0 9.0 0.01 9.0 0.009999999999999787 0.4595 0.01 
0.009999999999999787 0.06021496276235583 0.2508035714285714 0.009999999999999787 0.010000000000000009 0.010000000000000009 0.010000000000000009 0.5620175438596491 0.009999999999999787 0.009999999999999787 0.6808955223880597 0.009999999999999787 0.009999999999999787 1.5922399999999999 0.072031 
0.009999999999999787 5.437780974949222 0.022842857142857144 0.009999999999999787 0.010000000000000009 6.9253846153846155 1.13375 0.022617543859649127 0.009999999999999787 9.0 0.01 9.0 0.009999999999999787 0.01 0.2797 
9.0 4.358920108327691 0.01 0.009999999999999787 0.010000000000000009 0.010000000000000009 0.010000000000000009 0.7985964912280702 0.009999999999999787 9.0 0.01 9.0 0.009999999999999787 0.01 0.01 
0.009999999999999787 3.9024204468517265 0.01 0.009999999999999787 0.010000000000000009 0.010000000000000009 2.2575 4.741578947368421 0.009999999999999787 9.0 0.01 9.0 0.009999999999999787 0.01 0.01 
0.009999999999999787 0.9869092755585651 0.7324107142857142 0.009999999999999787 0.010000000000000009 2.0846153846153848 0.010000000000000009 0.04942982456140351 9.0 9.0 0.01 9.0 0.009999999999999787 0.7292 0.010899 
0.009999999999999787 2.4324915368991205 5.200119642857143 0.009999999999999787 0.010000000000000009 0.7015384615384616 0.010000000000000009 0.9563157894736842 0.009999999999999787 0.009999999999999787 1.2176119402985075 9.0 0.009999999999999787 1.13375 0.075627 
0.009999999999999787 1.671658767772512 1.3745535714285715 0.009999999999999787 0.010000000000000009 6.9253846153846155 0.010000000000000009 1.3632315789473683 0.009999999999999787 0.009999999999999787 0.14417910447761195 0.009999999999999787 0.009999999999999787 0.5494 0.01 
9.0 2.2422833446174684 0.4514732142857143 0.009999999999999787 0.010000000000000009 6.233846153846154 1.13375 0.022617543859649127 9.0 0.009999999999999787 0.41253731343283584 9.0 0.009999999999999787 0.01 0.012966700000000001 
0.009999999999999787 0.5045412999322951 0.01 4.505 0.909 9.0 7.876250000000001 0.010000000000000002 9.0 0.009999999999999787 0.5467164179104478 9.0 0.009999999999999787 0.212275 0.0100899 
9.0 2.102290115098172 0.15769285714285716 0.009999999999999787 0.010000000000000009 3.4676923076923076 0.010000000000000009 0.18033684210526318 0.009999999999999787 0.009999999999999787 0.5467164179104478 9.0 0.009999999999999787 1.7181 0.054950000000000006 
0.009999999999999787 5.031496276235613 8.46541607142857 4.505 0.909 9.0 7.876250000000001 0.010000000000000002 0.009999999999999787 9.0 0.01 0.009999999999999787 0.009999999999999787 0.01 0.01 
9.0 0.47867298578199025 3.060178571428571 0.009999999999999787 0.010000000000000009 6.233846153846154 0.010000000000000009 0.5225877192982457 0.009999999999999787 0.009999999999999787 0.8150746268656717 0.009999999999999787 0.009999999999999787 0.1898 0.06394 
0.009999999999999787 0.09825660121868651 0.8929464285714286 0.009999999999999787 0.010000000000000009 8.308461538461538 0.010000000000000009 0.2197666666666667 9.0 0.009999999999999787 0.14417910447761195 9.0 0.009999999999999787 0.3696 0.0118879 
0.009999999999999787 0.6947494922139472 3.2078714285714285 0.009999999999999787 0.010000000000000009 7.616923076923077 6.7524999999999995 0.010000000000000002 0.009999999999999787 9.0 0.01 9.0 0.009999999999999787 0.01 0.01 
0.009999999999999787 2.5329214624238316 1.13375 0.009999999999999787 0.010000000000000009 3.4676923076923076 0.010000000000000009 0.16771929824561405 9.0 9.0 0.01 0.009999999999999787 0.009999999999999787 1.05284 0.01 
0.009999999999999787 3.9921987136086665 0.14485 0.009999999999999787 0.010000000000000009 0.010000000000000009 1.13375 0.07624210526315789 0.009999999999999787 0.009999999999999787 0.8150746268656717 9.0 0.009999999999999787 0.9989 0.0952252 
9.0 1.341457345971564 0.34391428571428573 4.505 0.909 9.0 7.876250000000001 0.16771929824561405 0.009999999999999787 0.009999999999999787 0.41253731343283584 9.0 0.009999999999999787 0.8190999999999999 0.0232153 
9.0 0.49236797562626977 2.8996428571428567 0.009999999999999787 0.010000000000000009 8.308461538461538 0.010000000000000009 0.24657894736842106 0.009999999999999787 0.009999999999999787 0.2783582089552239 9.0 0.009999999999999787 0.40556 0.0631309 
9.0 2.1783733920108332 1.708467857142857 0.009999999999999787 0.010000000000000009 7.616923076923077 6.7524999999999995 0.7197368421052632 0.009999999999999787 0.009999999999999787 0.6808955223880597 0.009999999999999787 0.009999999999999787 0.455005 0.054950000000000006 
0.009999999999999787 1.1634224779959377 3.7424553571428567 4.505 0.909 6.233846153846154 0.010000000000000009 0.27339122807017546 0.009999999999999787 9.0 0.01 0.009999999999999787 0.009999999999999787 0.7292 0.03697 
0.009999999999999787 5.031496276235613 2.7391071428571427 0.009999999999999787 0.010000000000000009 0.010000000000000009 1.13375 3.952982456140351 0.009999999999999787 0.009999999999999787 1.2176119402985075 9.0 0.009999999999999787 0.823595 0.15878450000000002 
0.009999999999999787 4.130670277589709 1.494955357142857 0.009999999999999787 0.010000000000000009 5.542307692307692 0.010000000000000009 1.4547087719298246 0.009999999999999787 9.0 0.01 9.0 9.0 0.01 0.01 
0.009999999999999787 2.0642484766418416 4.758646428571428 0.009999999999999787 0.010000000000000009 8.308461538461538 0.010000000000000009 1.5998105263157896 0.009999999999999787 0.009999999999999787 0.6808955223880597 0.009999999999999787 0.009999999999999787 0.76516 0.01 
0.009999999999999787 6.222960392687881 5.949821428571428 0.009999999999999787 0.010000000000000009 0.7015384615384616 2.2575 4.741578947368421 0.009999999999999787 0.009999999999999787 2.291044776119403 0.009999999999999787 0.009999999999999787 0.01 0.01 
0.009999999999999787 0.9108259986459042 0.3840482142857143 4.505 0.909 3.4676923076923076 0.010000000000000009 0.7985964912280702 0.009999999999999787 0.009999999999999787 0.14417910447761195 9.0 0.009999999999999787 0.8190999999999999 0.011798 
0.009999999999999787 6.527293500338525 0.8801035714285714 0.009999999999999787 0.010000000000000009 0.010000000000000009 0.010000000000000009 0.7717842105263159 9.0 9.0 0.01 0.009999999999999787 0.009999999999999787 1.4484 0.01 
0.009999999999999787 1.4175406228842249 3.8628571428571425 0.009999999999999787 0.010000000000000009 3.4676923076923076 0.010000000000000009 0.7197368421052632 0.009999999999999787 0.009999999999999787 0.2783582089552239 0.009999999999999787 0.009999999999999787 0.5494 0.0104495 
0.009999999999999787 0.6825761679079219 2.979910714285714 0.009999999999999787 0.010000000000000009 0.010000000000000009 0.010000000000000009 0.5352052631578947 0.009999999999999787 0.009999999999999787 0.41253731343283584 0.009999999999999787 0.009999999999999787 0.1898 0.012517200000000001 
9.0 6.883363236289776 1.6153571428571427 0.009999999999999787 0.010000000000000009 8.308461538461538 0.010000000000000009 1.2717543859649123 0.009999999999999787 0.009999999999999787 0.5467164179104478 9.0 0.009999999999999787 0.01 0.018900100000000003 
9.0 0.04804163845633047 0.06297678571428571 0.009999999999999787 0.010000000000000009 8.308461538461538 0.010000000000000009 0.3254385964912281 9.0 0.009999999999999787 0.2783582089552239 0.009999999999999787 0.009999999999999787 1.4484 0.0100899 
0.009999999999999787 2.7489979688557886 0.8929464285714286 0.009999999999999787 0.010000000000000009 2.0846153846153848 2.2575 0.010000000000000002 9.0 9.0 0.01 9.0 0.009999999999999787 0.8190999999999999 0.01 
0.009999999999999787 2.1525050778605284 0.6649857142857143 4.505 0.909 6.9253846153846155 1.13375 0.022617543859649127 9.0 9.0 0.01 9.0 0.009999999999999787 0.58536 0.0100899 
9.0 0.09825660121868651 0.077425 0.009999999999999787 0.010000000000000009 8.308461538461538 0.010000000000000009 0.04942982456140351 9.0 9.0 0.01 9.0 0.009999999999999787 0.909 0.0100899 
0.009999999999999787 3.598087339201083 1.8962946428571428 0.009999999999999787 0.010000000000000009 6.9253846153846155 1.13375 3.1643859649122805 0.009999999999999787 0.009999999999999787 1.8885074626865672 0.009999999999999787 0.009999999999999787 1.803505 0.01 
0.009999999999999787 0.3782430602572786 0.7998357142857143 0.009999999999999787 0.010000000000000009 0.010000000000000009 4.505000000000001 0.31282105263157894 9.0 0.009999999999999787 0.2783582089552239 0.009999999999999787 0.009999999999999787 0.7292 0.0627713 
0.009999999999999787 2.9650744752877456 0.8126785714285714 0.009999999999999787 0.010000000000000009 3.4676923076923076 0.010000000000000009 1.4294736842105265 0.009999999999999787 0.009999999999999787 0.9492537313432836 9.0 0.009999999999999787 0.68425 0.124173 
0.009999999999999787 4.346746784021666 0.1705357142857143 0.009999999999999787 0.010000000000000009 4.15923076923077 0.010000000000000009 3.4009649122807017 0.009999999999999787 9.0 0.01 9.0 9.0 1.808 0.01 
0.009999999999999787 1.4175406228842249 3.6220535714285713 0.009999999999999787 0.010000000000000009 0.010000000000000009 0.010000000000000009 0.7985964912280702 0.009999999999999787 0.009999999999999787 2.291044776119403 9.0 0.009999999999999787 0.909 0.1185992 
9.0 3.85220548408937 0.6649857142857143 4.505 0.909 5.542307692307692 1.13375 0.04942982456140351 0.009999999999999787 0.009999999999999787 3.0961194029850745 0.009999999999999787 0.009999999999999787 2.0552249999999996 0.1211164 
0.009999999999999787 6.755543331076506 4.665535714285714 0.009999999999999787 0.010000000000000009 9.0 7.876250000000001 5.687894736842106 0.009999999999999787 0.009999999999999787 2.022686567164179 0.009999999999999787 0.009999999999999787 0.01 0.0999 
9.0 2.444664861205146 0.9732142857142857 4.505 0.909 2.7761538461538464 3.38125 0.010000000000000002 9.0 9.0 0.01 9.0 0.009999999999999787 0.7292 0.011798 
0.009999999999999787 0.23824983073798256 0.9732142857142857 0.009999999999999787 0.010000000000000009 3.4676923076923076 0.010000000000000009 0.022617543859649127 9.0 9.0 0.01 0.009999999999999787 0.009999999999999787 0.7292 0.013596 
0.009999999999999787 1.671658767772512 0.8801035714285714 4.505 0.909 6.9253846153846155 0.010000000000000009 1.6660526315789475 0.009999999999999787 0.009999999999999787 0.14417910447761195 9.0 0.009999999999999787 0.958445 0.01 
0.009999999999999787 0.5547562626946512 3.514494642857142 0.009999999999999787 0.010000000000000009 0.010000000000000009 2.2575 0.19453157894736842 9.0 0.009999999999999787 0.2783582089552239 0.009999999999999787 0.009999999999999787 0.909 0.0106293 
0.009999999999999787 0.28846479350033816 3.220714285714285 0.009999999999999787 0.010000000000000009 6.233846153846154 1.13375 0.062047368421052636 9.0 0.009999999999999787 0.14417910447761195 9.0 0.009999999999999787 0.5494 0.0100899 
0.009999999999999787 2.3685815842924844 0.9202374999999999 0.009999999999999787 0.010000000000000009 9.0 7.876250000000001 0.010000000000000002 9.0 0.009999999999999787 0.6808955223880597 9.0 0.009999999999999787 0.8011199999999999 0.0231254 
0.009999999999999787 0.21238151658767768 0.03729107142857143 4.505 0.909 0.010000000000000009 0.010000000000000009 0.022617543859649127 9.0 9.0 0.01 9.0 0.009999999999999787 0.6393 0.0749078 
9.0 0.9229993229519295 3.7825892857142853 0.009999999999999787 0.010000000000000009 0.010000000000000009 0.010000000000000009 0.08885964912280703 9.0 9.0 0.01 0.009999999999999787 0.009999999999999787 0.8190999999999999 0.01 
9.0 1.1892907921462426 0.49160714285714285 0.009999999999999787 0.010000000000000009 6.233846153846154 0.010000000000000009 0.28600877192982455 9.0 9.0 0.01 0.009999999999999787 0.009999999999999787 0.7292 0.01 
0.009999999999999787 3.636128977657414 4.4777089285714275 0.009999999999999787 0.010000000000000009 6.233846153846154 0.010000000000000009 2.730657894736842 0.009999999999999787 0.009999999999999787 0.8150746268656717 0.009999999999999787 0.009999999999999787 0.32465 0.01 
9.0 0.06021496276235583 0.11755892857142856 0.009999999999999787 0.010000000000000009 9.0 7.876250000000001 0.010000000000000002 9.0 0.009999999999999787 0.14417910447761195 9.0 0.009999999999999787 0.7292 0.0213274 
0.009999999999999787 2.799212931618145 0.8126785714285714 0.009999999999999787 0.010000000000000009 0.010000000000000009 0.010000000000000009 0.3254385964912281 9.0 9.0 0.01 9.0 0.009999999999999787 2.0776999999999997 0.0114384 
0.009999999999999787 0.47867298578199025 1.1465928571428572 4.505 0.909 9.0 7.876250000000001 0.010000000000000002 9.0 9.0 0.01 0.009999999999999787 0.009999999999999787 0.8190999999999999 0.0100899 
0.009999999999999787 1.315589031821259 2.137098214285714 4.505 0.909 0.7015384615384616 0.010000000000000009 1.7449122807017543 0.009999999999999787 9.0 0.01 0.009999999999999787 9.0 0.4595 0.01 
0.009999999999999787 5.005627962085308 0.07581964285714285 4.505 0.909 3.4676923076923076 0.010000000000000009 0.08885964912280703 0.009999999999999787 0.009999999999999787 1.4859701492537314 9.0 0.009999999999999787 1.7181 0.2556068 
9.0 0.6064928909952609 0.077425 0.009999999999999787 0.010000000000000009 5.542307692307692 1.13375 0.10147719298245614 0.009999999999999787 0.009999999999999787 1.4859701492537314 9.0 0.009999999999999787 0.3696 0.018900100000000003 
9.0 3.5600457007447526 1.2942857142857143 0.009999999999999787 0.010000000000000009 0.010000000000000009 0.010000000000000009 0.9563157894736842 9.0 9.0 0.01 9.0 0.009999999999999787 2.1675999999999997 0.01 
0.009999999999999787 3.5859140148950575 3.060178571428571 0.009999999999999787 0.010000000000000009 4.15923076923077 0.010000000000000009 2.0603508771929824 0.009999999999999787 0.009999999999999787 1.8885074626865672 9.0 0.009999999999999787 1.0888 0.4241693 
0.009999999999999787 9.0 6.110357142857143 4.505 0.909 9.0 7.876250000000001 0.022617543859649127 9.0 0.009999999999999787 0.2783582089552239 9.0 0.009999999999999787 0.01 0.041554900000000006 
0.009999999999999787 2.1905467163168586 0.34391428571428573 4.505 0.909 2.0846153846153848 2.2575 0.16771929824561405 0.009999999999999787 0.009999999999999787 1.3517910447761194 0.009999999999999787 0.009999999999999787 0.60334 0.012517200000000001 
9.0 2.2803249830737986 3.8628571428571425 0.009999999999999787 0.010000000000000009 0.010000000000000009 0.010000000000000009 0.6408771929824562 0.009999999999999787 0.009999999999999787 0.14417910447761195 9.0 0.009999999999999787 0.9989 0.0117081 
9.0 5.23387779282329 4.036235714285714 0.009999999999999787 0.010000000000000009 8.308461538461538 0.010000000000000009 0.7323543859649123 0.009999999999999787 0.009999999999999787 0.41253731343283584 0.009999999999999787 0.009999999999999787 0.71122 0.01 
9.0 2.5329214624238316 0.18337857142857145 0.009999999999999787 0.010000000000000009 6.9253846153846155 0.010000000000000009 0.022617543859649127 0.009999999999999787 9.0 0.01 9.0 0.009999999999999787 1.9878 1.0148123 
0.009999999999999787 1.6838320920785375 0.6521428571428571 0.009999999999999787 0.010000000000000009 0.7015384615384616 0.010000000000000009 0.24657894736842106 9.0 9.0 0.01 0.009999999999999787 0.009999999999999787 0.3696 0.01 
0.009999999999999787 1.2532007447528777 0.2235125 0.009999999999999787 0.010000000000000009 0.010000000000000009 0.010000000000000009 0.062047368421052636 9.0 9.0 0.01 9.0 0.009999999999999787 0.4595 0.01 
0.009999999999999787 2.888991198375085 0.3567571428571429 0.009999999999999787 0.010000000000000009 4.15923076923077 0.010000000000000009 0.3774859649122807 9.0 9.0 0.01 9.0 9.0 0.13586 0.01 
0.009999999999999787 1.4555822613405551 0.33107142857142857 0.009999999999999787 0.010000000000000009 8.308461538461538 0.010000000000000009 0.16771929824561405 9.0 9.0 0.01 9.0 0.009999999999999787 0.909 0.01 
0.009999999999999787 2.82508124576845 0.571875 0.009999999999999787 0.010000000000000009 6.233846153846154 2.2575 0.08885964912280703 0.009999999999999787 9.0 0.01 0.009999999999999787 0.009999999999999787 0.742685 0.01 
0.009999999999999787 3.1172410291130674 1.7758928571428572 0.009999999999999787 0.010000000000000009 2.0846153846153848 2.2575 1.5871929824561404 9.0 9.0 0.01 9.0 0.009999999999999787 0.95395 0.0717613 
9.0 1.7599153689911988 0.10311071428571428 0.009999999999999787 0.010000000000000009 4.15923076923077 1.13375 0.04942982456140351 9.0 0.009999999999999787 0.14417910447761195 0.009999999999999787 0.009999999999999787 1.23264 0.019709200000000003 
9.0 1.3794989844278946 4.0233928571428565 0.009999999999999787 0.010000000000000009 8.308461538461538 0.010000000000000009 0.4831578947368421 0.009999999999999787 0.009999999999999787 1.6201492537313433 0.009999999999999787 0.009999999999999787 0.5494 0.0609733 
9.0 0.3645480704129991 0.1304017857142857 9.0 9.0 6.9253846153846155 7.876250000000001 3.1643859649122805 9.0 9.0 0.01 0.009999999999999787 9.0 1.3585 0.01 
0.009999999999999787 4.194580230196344 8.104210714285713 0.009999999999999787 0.010000000000000009 5.542307692307692 1.13375 0.07624210526315789 0.009999999999999787 0.009999999999999787 0.14417910447761195 9.0 0.009999999999999787 3.4261999999999997 0.018091000000000003 
0.009999999999999787 4.486740013540961 0.49160714285714285 0.009999999999999787 0.010000000000000009 0.010000000000000009 0.010000000000000009 0.7985964912280702 0.009999999999999787 9.0 0.01 0.009999999999999787 0.009999999999999787 0.6393 0.01 
0.009999999999999787 2.3427132701421796 0.49160714285714285 4.505 0.909 6.233846153846154 0.010000000000000009 0.022617543859649127 9.0 9.0 0.01 9.0 9.0 0.7292 0.01 
0.009999999999999787 0.9732142857142856 0.7597017857142857 0.009999999999999787 0.010000000000000009 3.4676923076923076 0.010000000000000009 0.24657894736842106 9.0 9.0 0.01 9.0 0.009999999999999787 0.8190999999999999 0.01 
9.0 0.47867298578199025 1.427530357142857 4.505 0.909 0.010000000000000009 1.13375 0.9563157894736842 0.009999999999999787 9.0 0.01 9.0 0.009999999999999787 1.0888 0.01 
0.009999999999999787 1.5955754908598512 4.0233928571428565 4.505 0.909 3.4676923076923076 1.13375 0.4042982456140351 9.0 9.0 0.01 0.009999999999999787 0.009999999999999787 0.01 0.0115283 
9.0 1.9622968855788763 1.214017857142857 0.009999999999999787 0.010000000000000009 0.010000000000000009 0.010000000000000009 0.08885964912280703 9.0 0.009999999999999787 0.14417910447761195 0.009999999999999787 0.009999999999999787 0.1898 0.0238446 
0.009999999999999787 2.9011645226811105 4.826071428571428 0.009999999999999787 0.010000000000000009 4.850769230769231 4.505000000000001 1.705482456140351 0.009999999999999787 0.009999999999999787 1.2176119402985075 0.009999999999999787 0.009999999999999787 0.01 0.0220466 
0.009999999999999787 0.9488676371022344 0.1705357142857143 0.009999999999999787 0.010000000000000009 0.010000000000000009 0.010000000000000009 0.04942982456140351 9.0 9.0 0.01 9.0 0.009999999999999787 1.6281999999999999 0.01 
0.009999999999999787 0.5547562626946512 3.060178571428571 0.009999999999999787 0.010000000000000009 5.542307692307692 0.010000000000000009 0.3254385964912281 0.009999999999999787 9.0 0.01 0.009999999999999787 0.009999999999999787 0.2797 0.04596 
9.0 0.7069228165199726 3.220714285714285 0.009999999999999787 0.010000000000000009 0.010000000000000009 1.13375 0.3254385964912281 0.009999999999999787 0.009999999999999787 0.5467164179104478 9.0 0.009999999999999787 0.23475000000000001 0.1417035 
0.009999999999999787 0.9351726472579553 0.50445 0.009999999999999787 0.010000000000000009 3.4676923076923076 0.010000000000000009 0.036812280701754393 9.0 9.0 0.01 0.009999999999999787 0.009999999999999787 1.61022 0.01 
9.0 0.7830060934326335 2.7391071428571427 0.009999999999999787 0.010000000000000009 0.010000000000000009 0.010000000000000009 0.062047368421052636 9.0 9.0 0.01 9.0 0.009999999999999787 0.01 0.041554900000000006 
9.0 1.581880501015572 2.792083928571428 0.009999999999999787 0.010000000000000009 8.308461538461538 0.010000000000000009 0.4563456140350877 0.009999999999999787 9.0 0.01 9.0 0.009999999999999787 0.7292 0.023485 
9.0 4.714989844278944 0.15769285714285716 0.009999999999999787 0.010000000000000009 6.9253846153846155 1.13375 0.14090701754385965 0.009999999999999787 0.009999999999999787 1.4859701492537314 0.009999999999999787 0.009999999999999787 1.9878 0.0105394 
0.009999999999999787 2.9392061611374407 0.8126785714285714 0.009999999999999787 0.010000000000000009 2.0846153846153848 0.010000000000000009 0.3254385964912281 9.0 9.0 0.01 0.009999999999999787 0.009999999999999787 0.95395 0.01 
9.0 0.3021597833446177 0.01 4.505 0.909 2.7761538461538464 7.876250000000001 0.010000000000000002 9.0 9.0 0.01 9.0 0.009999999999999787 0.39657 0.01 
9.0 2.102290115098172 0.3583625 4.505 0.909 6.9253846153846155 0.010000000000000009 0.3254385964912281 9.0 9.0 0.01 9.0 0.009999999999999787 1.2686 0.0111687 
0.009999999999999787 3.4596157752200414 0.23635535714285713 0.009999999999999787 0.010000000000000009 0.010000000000000009 0.010000000000000009 0.12828947368421054 9.0 0.009999999999999787 0.2783582089552239 9.0 0.009999999999999787 1.021375 0.054950000000000006 
9.0 0.7206178063642521 0.27809464285714286 0.009999999999999787 0.010000000000000009 5.542307692307692 0.010000000000000009 0.5099701754385965 0.009999999999999787 0.009999999999999787 0.14417910447761195 9.0 0.009999999999999787 0.01 0.01 
0.009999999999999787 0.8210477318889637 3.248005357142857 4.505 0.909 7.616923076923077 1.13375 0.4042982456140351 9.0 9.0 0.01 9.0 0.009999999999999787 1.1787 0.01 
0.009999999999999787 1.341457345971564 4.2914875 4.505 0.909 8.308461538461538 0.010000000000000009 0.022617543859649127 9.0 9.0 0.01 0.009999999999999787 0.009999999999999787 0.5494 0.052702500000000006 
0.009999999999999787 4.4608716993906565 2.7391071428571427 0.009999999999999787 0.010000000000000009 6.9253846153846155 1.13375 4.426140350877192 0.009999999999999787 0.009999999999999787 0.14417910447761195 0.009999999999999787 0.009999999999999787 0.40556 0.18980000000000002 
0.009999999999999787 1.0629925524712256 3.3812499999999996 0.009999999999999787 0.010000000000000009 5.542307692307692 1.13375 0.4311105263157895 0.009999999999999787 9.0 0.01 9.0 0.009999999999999787 0.4595 0.01 
9.0 3.483962423832092 1.6153571428571427 0.009999999999999787 0.010000000000000009 6.9253846153846155 0.010000000000000009 4.268421052631579 0.009999999999999787 9.0 0.01 0.009999999999999787 0.009999999999999787 4.4151 0.01 
0.009999999999999787 1.6199221394719023 4.183928571428571 0.009999999999999787 0.010000000000000009 7.616923076923077 6.7524999999999995 0.010000000000000002 9.0 9.0 0.01 0.009999999999999787 0.009999999999999787 0.6393 0.109789 
0.009999999999999787 0.3782430602572786 3.3009821428571424 0.009999999999999787 0.010000000000000009 0.010000000000000009 1.13375 0.3522508771929825 9.0 9.0 0.01 9.0 0.009999999999999787 1.4484 0.0111687 
9.0 0.7708327691266081 3.073021428571428 0.009999999999999787 0.010000000000000009 2.0846153846153848 0.010000000000000009 0.022617543859649127 9.0 9.0 0.01 9.0 0.009999999999999787 0.909 0.0999 
0.009999999999999787 1.8481719702098847 0.49160714285714285 0.009999999999999787 0.010000000000000009 6.233846153846154 0.010000000000000009 0.7197368421052632 9.0 0.009999999999999787 0.14417910447761195 0.009999999999999787 0.009999999999999787 0.4595 0.0102697 
9.0 0.010000000000000231 0.1304017857142857 0.009999999999999787 0.010000000000000009 0.010000000000000009 0.010000000000000009 0.3254385964912281 9.0 9.0 0.01 9.0 0.009999999999999787 0.5494 0.0116182 
0.009999999999999787 1.201464116452268 0.27809464285714286 0.009999999999999787 0.010000000000000009 2.0846153846153848 1.13375 0.036812280701754393 9.0 9.0 0.01 0.009999999999999787 0.009999999999999787 0.9989 0.0104495 
0.009999999999999787 5.424085985104942 3.220714285714285 0.009999999999999787 0.010000000000000009 2.0846153846153848 2.2575 0.010000000000000002 0.009999999999999787 0.009999999999999787 1.4859701492537314 9.0 0.009999999999999787 0.01 0.1222851 
9.0 1.201464116452268 3.702321428571428 4.505 0.909 3.4676923076923076 1.13375 0.9563157894736842 9.0 9.0 0.01 0.009999999999999787 0.009999999999999787 0.09989999999999999 0.0114384 
0.009999999999999787 1.4936238997968858 0.1304017857142857 0.009999999999999787 0.010000000000000009 4.15923076923077 0.010000000000000009 0.08885964912280703 0.009999999999999787 0.009999999999999787 0.41253731343283584 9.0 0.009999999999999787 1.1787 1.3682092000000001 
0.009999999999999787 0.656707853757617 0.4113392857142857 4.505 0.909 3.4676923076923076 0.010000000000000009 0.04942982456140351 9.0 9.0 0.01 9.0 0.009999999999999787 0.6393 0.0103596 
0.009999999999999787 0.41628469871360885 3.353958928571428 4.505 0.909 8.308461538461538 0.010000000000000009 0.04942982456140351 0.009999999999999787 9.0 0.01 9.0 0.009999999999999787 0.5494 0.0437125 
9.0 1.341457345971564 0.7853875 4.505 0.909 0.010000000000000009 0.010000000000000009 0.010000000000000002 9.0 9.0 0.01 9.0 0.009999999999999787 0.5494 0.01 
0.009999999999999787 2.4948798239675014 1.2942857142857143 0.009999999999999787 0.010000000000000009 4.15923076923077 0.010000000000000009 0.7985964912280702 0.009999999999999787 9.0 0.01 0.009999999999999787 0.009999999999999787 1.6281999999999999 0.01 
9.0 2.7368246445497633 0.1304017857142857 0.009999999999999787 0.010000000000000009 6.9253846153846155 0.010000000000000009 0.12828947368421054 9.0 9.0 0.01 9.0 0.009999999999999787 1.3585 0.0139556 
9.0 2.4705331753554507 1.0133482142857142 0.009999999999999787 0.010000000000000009 9.0 7.876250000000001 0.9689333333333333 9.0 0.009999999999999787 0.2783582089552239 0.009999999999999787 0.009999999999999787 0.909 0.0103596 
0.009999999999999787 0.6825761679079219 1.8160267857142858 0.009999999999999787 0.010000000000000009 6.233846153846154 0.010000000000000009 0.5494 0.009999999999999787 9.0 0.01 9.0 9.0 0.5494 0.01 
0.009999999999999787 3.916115436696006 1.6153571428571427 0.009999999999999787 0.010000000000000009 5.542307692307692 1.13375 1.5871929824561404 0.009999999999999787 0.009999999999999787 0.8150746268656717 0.009999999999999787 0.009999999999999787 2.1226499999999997 0.01 
9.0 3.445920785375762 1.427530357142857 0.009999999999999787 0.010000000000000009 0.010000000000000009 0.010000000000000009 0.04942982456140351 9.0 9.0 0.01 9.0 0.009999999999999787 0.7292 0.01 
0.009999999999999787 4.182406905890319 0.7324107142857142 0.009999999999999787 0.010000000000000009 2.0846153846153848 2.2575 0.24657894736842106 0.009999999999999787 9.0 0.01 9.0 0.009999999999999787 2.5271999999999997 0.01 
0.009999999999999787 7.161828029790115 2.2575 0.009999999999999787 0.010000000000000009 7.616923076923077 5.62875 0.010000000000000002 9.0 9.0 0.01 9.0 0.009999999999999787 0.01 0.0110788 
0.009999999999999787 3.129414353419093 1.6153571428571427 0.009999999999999787 0.010000000000000009 0.010000000000000009 2.2575 0.7985964912280702 0.009999999999999787 0.009999999999999787 0.8150746268656717 9.0 0.009999999999999787 0.01 0.042993300000000005 
9.0 1.3794989844278946 0.9732142857142857 0.009999999999999787 0.010000000000000009 5.542307692307692 1.13375 0.5888298245614035 0.009999999999999787 0.009999999999999787 2.5594029850746267 9.0 0.009999999999999787 0.01 0.054950000000000006 
0.009999999999999787 3.141587677725118 1.2268607142857142 0.009999999999999787 0.010000000000000009 6.233846153846154 0.010000000000000009 0.3774859649122807 0.009999999999999787 9.0 0.01 0.009999999999999787 0.009999999999999787 0.909 0.01 
0.009999999999999787 5.335829383886256 0.19782678571428572 0.009999999999999787 0.010000000000000009 9.0 7.876250000000001 0.010000000000000002 9.0 9.0 0.01 9.0 0.009999999999999787 0.661775 0.01 
9.0 5.513864251861882 2.0969642857142854 0.009999999999999787 0.010000000000000009 2.0846153846153848 2.2575 0.9831280701754386 9.0 9.0 0.01 0.009999999999999787 0.009999999999999787 0.338135 0.01 
0.009999999999999787 1.0873392010832768 0.9732142857142857 0.009999999999999787 0.010000000000000009 4.15923076923077 0.010000000000000009 0.41691578947368424 0.009999999999999787 0.009999999999999787 0.14417910447761195 9.0 0.009999999999999787 1.1787 0.08191999999999999 
9.0 0.5304096140826 0.19782678571428572 4.505 0.909 8.308461538461538 0.010000000000000009 0.19453157894736842 0.009999999999999787 9.0 0.01 0.009999999999999787 0.009999999999999787 0.7292 0.01 
0.009999999999999787 4.358920108327691 0.1705357142857143 0.009999999999999787 0.010000000000000009 2.0846153846153848 1.13375 1.5871929824561404 0.009999999999999787 9.0 0.01 0.009999999999999787 0.009999999999999787 1.4484 0.01 
9.0 0.8469160460392691 0.7597017857142857 0.009999999999999787 0.010000000000000009 2.0846153846153848 2.2575 0.16771929824561405 0.009999999999999787 0.009999999999999787 0.5467164179104478 9.0 9.0 0.3696 0.01 
9.0 4.625211577522004 0.9732142857142857 0.009999999999999787 0.010000000000000009 0.010000000000000009 0.010000000000000009 0.7591666666666667 0.009999999999999787 0.009999999999999787 1.0834328358208956 0.009999999999999787 0.009999999999999787 1.79002 0.3838941 
0.009999999999999787 2.3807549085985107 6.270892857142857 0.009999999999999787 0.010000000000000009 0.010000000000000009 0.010000000000000009 2.218070175438596 0.009999999999999787 0.009999999999999787 2.156865671641791 9.0 0.009999999999999787 0.01 0.4595 
9.0 1.341457345971564 0.1705357142857143 0.009999999999999787 0.010000000000000009 5.542307692307692 1.13375 0.4831578947368421 0.009999999999999787 9.0 0.01 9.0 0.009999999999999787 1.2686 0.0840776 
0.009999999999999787 5.589947528774544 0.49160714285714285 0.009999999999999787 0.010000000000000009 0.7015384615384616 0.010000000000000009 1.1928947368421052 9.0 9.0 0.01 0.009999999999999787 0.009999999999999787 0.01 0.041465 
0.009999999999999787 0.6825761679079219 2.633153571428571 0.009999999999999787 0.010000000000000009 8.308461538461538 0.010000000000000009 0.6282596491228071 0.009999999999999787 0.009999999999999787 1.8885074626865672 9.0 0.009999999999999787 0.2797 0.024204200000000002 
0.009999999999999787 2.330539945836154 0.6794339285714286 0.009999999999999787 0.010000000000000009 0.010000000000000009 0.010000000000000009 0.036812280701754393 9.0 9.0 0.01 9.0 0.009999999999999787 1.3585 0.01 
0.009999999999999787 0.47867298578199025 0.14324464285714286 4.505 0.909 0.010000000000000009 0.010000000000000009 0.062047368421052636 9.0 0.009999999999999787 0.14417910447761195 9.0 0.009999999999999787 0.909 0.0100899 
0.009999999999999787 2.977247799593771 5.307678571428571 4.505 0.909 0.010000000000000009 0.010000000000000009 1.2717543859649123 0.009999999999999787 9.0 0.01 9.0 0.009999999999999787 0.3696 0.01 
0.009999999999999787 5.818197359512526 3.1003125 0.009999999999999787 0.010000000000000009 7.616923076923077 0.010000000000000009 2.743275438596491 0.009999999999999787 0.009999999999999787 0.6808955223880597 9.0 0.009999999999999787 0.01 0.01 
0.009999999999999787 1.6838320920785375 1.4548214285714285 4.505 0.909 0.010000000000000009 2.2575 0.7985964912280702 9.0 9.0 0.01 9.0 0.009999999999999787 0.909 0.118779 
0.009999999999999787 3.878073798239676 0.4113392857142857 4.505 0.909 6.233846153846154 0.010000000000000009 0.08885964912280703 9.0 9.0 0.01 9.0 0.009999999999999787 0.01 0.0275305 
0.009999999999999787 2.660741367637103 0.33107142857142857 0.009999999999999787 0.010000000000000009 6.9253846153846155 0.010000000000000009 0.24657894736842106 0.009999999999999787 0.009999999999999787 0.9492537313432836 0.009999999999999787 0.009999999999999787 1.5383 0.3759829 
0.009999999999999787 2.5329214624238316 0.8126785714285714 0.009999999999999787 0.010000000000000009 0.010000000000000009 0.010000000000000009 0.4042982456140351 9.0 9.0 0.01 0.009999999999999787 0.009999999999999787 1.2686 0.01 
0.009999999999999787 1.9759918754231558 4.665535714285714 0.009999999999999787 0.010000000000000009 0.7015384615384616 0.010000000000000009 0.04942982456140351 9.0 9.0 0.01 9.0 0.009999999999999787 0.01 0.035711400000000004 
0.009999999999999787 2.266629993229519 0.8801035714285714 4.505 0.909 4.15923076923077 0.010000000000000009 0.04942982456140351 9.0 9.0 0.01 0.009999999999999787 9.0 0.3696 0.01 
0.009999999999999787 0.8088744075829384 0.9732142857142857 4.505 0.909 0.7015384615384616 0.010000000000000009 0.3522508771929825 0.009999999999999787 0.009999999999999787 1.0834328358208956 0.009999999999999787 0.009999999999999787 0.7292 0.0100899 
0.009999999999999787 3.573740690589032 0.8126785714285714 4.505 0.909 2.0846153846153848 1.13375 3.1643859649122805 9.0 9.0 0.01 0.009999999999999787 9.0 0.909 0.01 
0.009999999999999787 1.201464116452268 0.15769285714285716 4.505 0.909 6.233846153846154 0.010000000000000009 0.8380263157894737 0.009999999999999787 0.009999999999999787 0.8150746268656717 0.009999999999999787 0.009999999999999787 0.94496 0.041195300000000004 
9.0 0.9990825998645905 0.4113392857142857 4.505 0.909 9.0 7.876250000000001 1.0351754385964913 9.0 9.0 0.01 9.0 0.009999999999999787 1.2686 0.01 
0.009999999999999787 1.2532007447528777 0.49160714285714285 0.009999999999999787 0.010000000000000009 0.7015384615384616 1.13375 0.6014473684210526 0.009999999999999787 0.009999999999999787 0.8150746268656717 9.0 0.009999999999999787 0.909 0.0393973 
9.0 1.886213608666215 4.826071428571428 4.505 0.909 7.616923076923077 5.62875 0.010000000000000002 0.009999999999999787 9.0 0.01 9.0 0.009999999999999787 0.01 1.1977588000000001 
0.009999999999999787 1.8481719702098847 0.50445 0.009999999999999787 0.010000000000000009 6.233846153846154 0.010000000000000009 1.1928947368421052 0.009999999999999787 0.009999999999999787 0.6808955223880597 0.009999999999999787 0.009999999999999787 0.4595 0.0102697 
0.009999999999999787 0.8469160460392691 0.49160714285714285 0.009999999999999787 0.010000000000000009 6.233846153846154 0.010000000000000009 0.4831578947368421 9.0 9.0 0.01 9.0 0.009999999999999787 0.68425 0.0107192 
