1.0676470588235294 3.8047738693467337 0.01 0.01 0.01 0.01 0.912594402487783 0.010000000000000231 
0.01 6.244271356783919 4.913636363636364 5.254166666666667 1.7846217494089835 4.645678092399405 1.8311639271434919 0.010000000000000231 
2.1252941176470586 4.934170854271357 5.240545454545455 6.602666666666667 1.0620212765957446 4.6724739195231 3.3128565082185695 0.9273469387755102 
2.1252941176470586 5.5214572864321605 5.567454545454545 0.01 0.01 4.699269746646796 1.2720346512661036 1.4777551020408164 
1.596470588235294 8.63859296482412 5.567454545454545 2.2575 1.3914420803782506 4.149955290611029 0.8926254997778764 2.3951020408163264 
3.7117647058823526 5.160050251256282 5.404 0.01 0.01 4.40451564828614 0.7288804975566414 3.8628571428571434 
0.01 4.392060301507538 5.240545454545455 5.404 1.0726477541371158 4.94043219076006 2.0947534429142602 0.7438775510204079 
1.0676470588235294 4.166180904522613 4.259818181818182 0.01 0.01 4.042771982116245 0.2616081741448245 0.1934693877551017 
4.7694117647058825 4.798643216080402 4.259818181818182 0.01 0.01 4.190149031296572 1.216121723678365 3.8628571428571434 
0.5388235294117647 4.843819095477387 5.567454545454545 2.8568333333333333 0.01 3.5604470938897173 0.3574589071523767 0.5604081632653064 
0.5388235294117647 3.8951256281407036 5.404 7.801333333333334 0.7007210401891253 5.543338301043219 3.3607818747223455 1.4777551020408164 
3.7117647058823526 6.018391959798995 6.875090909090909 0.01 0.01 5.395961251862892 2.4781563749444686 2.9455102040816326 
2.6541176470588232 4.934170854271357 5.077090909090909 6.153166666666667 1.3808156028368794 4.80645305514158 1.751288316303865 0.7438775510204079 
2.6541176470588232 6.289447236180904 6.548181818181819 5.254166666666667 1.7102364066193854 4.2437406855439646 1.1402398933807196 0.7438775510204079 
1.0676470588235294 6.515326633165829 4.750181818181818 4.9545 1.4445744680851065 4.2437406855439646 1.3838605064415817 0.7438775510204079 
3.182941176470588 8.27718592964824 7.692363636363637 0.01 0.01 5.47634873323398 5.533398489560195 4.413265306122449 
5.827058823529411 6.244271356783919 6.221272727272727 0.01 0.01 4.458107302533533 1.3758729453576186 2.5785714285714287 
0.01 4.617939698492462 6.139545454545455 3.456166666666667 0.01 0.01 1.9829275877387826 0.010000000000000231 
4.7694117647058825 5.5666331658291455 5.730909090909091 6.602666666666667 1.008888888888889 4.444709388971685 1.192159040426477 3.4959183673469387 
0.5388235294117647 5.024522613065327 7.038545454545455 2.8568333333333333 0.01 4.042771982116245 0.2695957352287872 0.37693877551020405 
0.01 4.843819095477387 4.913636363636364 3.7558333333333334 0.01 3.547049180327869 0.22965792980897382 0.37693877551020405 
0.01 4.211356783919598 4.913636363636364 3.7558333333333334 0.9876359338061466 3.855201192250373 1.823176366059529 0.1934693877551017 
0.5388235294117647 4.934170854271357 4.5867272727272725 3.1565 1.4445744680851065 3.3862742175856932 3.0253043091959126 0.37693877551020405 
0.5388235294117647 5.656984924623115 4.096363636363637 6.003333333333334 1.7846217494089835 4.47150521609538 3.540501999111506 1.294285714285714 
0.5388235294117647 4.527587939698493 5.894363636363637 1.808 0.7538534278959811 3.3996721311475415 2.326392714349178 1.294285714285714 
1.596470588235294 3.8047738693467337 5.567454545454545 4.505 1.1364066193853428 4.283934426229509 2.058809418036428 0.7438775510204079 
0.5388235294117647 5.79251256281407 6.711636363636364 2.557166666666667 1.954645390070922 3.6944262295081973 0.15776988005330966 0.1934693877551017 
5.298235294117647 5.837688442211055 6.221272727272727 4.205333333333334 1.3064302600472812 4.819850968703428 0.816743669480231 3.3124489795918373 
0.5388235294117647 3.940301507537688 4.913636363636364 5.553833333333333 0.8069858156028369 4.994023845007453 1.7313194135939582 0.1934693877551017 
5.827058823529411 6.244271356783919 6.057818181818182 3.905666666666667 1.540212765957447 4.846646795827125 1.9230208796090626 5.330612244897958 
1.0676470588235294 6.605678391959799 0.01 0.01 0.01 3.6944262295081973 0.6569924478009773 1.294285714285714 
1.596470588235294 7.6898994974874375 5.240545454545455 5.553833333333333 2.4009574468085106 4.632280178837557 1.120270990670813 1.6612244897959187 
1.0676470588235294 2.5398492462311557 4.5867272727272725 4.205333333333334 0.48819148936170215 3.2522950819672136 1.0244202576632608 0.1934693877551017 
0.01 5.385929648241206 5.404 4.0555 0.01 5.20839046199702 0.7328742780986228 0.1934693877551017 
3.7117647058823526 6.15391959798995 6.057818181818182 3.905666666666667 1.4445744680851065 3.493457526080477 2.2824611283873835 5.5140816326530615 
0.5388235294117647 4.527587939698493 6.057818181818182 1.808 0.4988179669030733 2.622593144560358 0.2935584184806752 1.294285714285714 
1.0676470588235294 5.656984924623115 4.913636363636364 3.006666666666667 1.4977068557919622 4.53849478390462 0.049937805419813464 1.8446938775510202 
3.182941176470588 5.160050251256282 7.202 0.01 0.01 3.7346199701937413 0.6849489115948467 8.266122448979592 
0.5388235294117647 5.385929648241206 7.038545454545455 5.8535 2.3478250591016545 6.119448584202684 2.925459795646379 1.4777551020408164 
0.5388235294117647 5.7021608040201 4.5867272727272725 4.355166666666666 1.625224586288416 3.855201192250373 2.8975033318525094 0.010000000000000231 
3.182941176470588 5.160050251256282 0.01 0.01 0.01 0.01 0.4533096401599288 0.9273469387755102 
2.1252941176470586 4.482412060301508 6.221272727272727 2.2575 0.5519503546099291 3.1183159463487335 0.5890981785872945 0.010000000000000231 
0.5388235294117647 6.334623115577889 6.057818181818182 3.905666666666667 1.9227659574468086 3.238897168405366 3.005335406486006 0.37693877551020405 
3.7117647058823526 8.186834170854272 6.875090909090909 3.1565 2.050283687943262 4.819850968703428 2.0388405153265214 5.5140816326530615 
3.7117647058823526 6.650854271356784 6.221272727272727 0.01 0.01 5.288777943368108 0.7248867170146602 4.0463265306122445 
0.01 8.186834170854272 7.202 6.602666666666667 5.429503546099291 5.811296572280179 0.5851043980453132 0.9273469387755102 
0.5388235294117647 5.2955778894472365 7.202 3.606 1.550839243498818 4.632280178837557 1.3079786761439358 3.4959183673469387 
2.6541176470588232 1.9977386934673367 5.077090909090909 0.01 0.01 3.3594783904619976 2.042834295868503 2.762040816326531 
0.5388235294117647 5.3407537688442215 4.750181818181818 5.404 1.008888888888889 4.47150521609538 0.7408618391825854 0.37693877551020405 
4.7694117647058825 6.560502512562814 7.202 5.104333333333334 1.763368794326241 4.069567809239941 2.777689915593069 5.881020408163264 
2.1252941176470586 5.837688442211055 7.038545454545455 3.006666666666667 2.8791489361702127 4.712667660208645 0.6210484229231453 0.37693877551020405 
0.01 5.656984924623115 5.567454545454545 0.01 0.01 3.319284649776453 0.5212039093736117 0.010000000000000231 
0.01 4.617939698492462 5.240545454545455 6.902333333333334 0.8388652482269504 5.449552906110284 1.6794002665482006 0.010000000000000231 
4.240588235294117 4.482412060301508 6.875090909090909 0.01 0.01 4.752861400894188 1.2480719680142156 5.330612244897958 
0.5388235294117647 8.141658291457286 0.01 0.01 0.01 5.811296572280179 0.8247312305641936 3.679387755102041 
6.355882352941176 3.8047738693467337 5.894363636363637 4.654833333333333 0.01 3.9891803278688527 0.8846379386939136 4.596734693877551 
3.182941176470588 5.656984924623115 6.221272727272727 0.01 0.01 4.53849478390462 0.18173256330519766 6.064489795918368 
2.1252941176470586 4.256532663316583 5.322272727272727 3.3063333333333333 0.01 3.319284649776453 0.289564637938694 0.010000000000000231 
6.355882352941176 4.527587939698493 6.875090909090909 4.9545 1.1257801418439717 4.029374068554397 1.6474500222123498 4.596734693877551 
2.1252941176470586 4.301708542713568 4.913636363636364 4.804666666666667 0.01 4.752861400894188 0.8327187916481562 1.294285714285714 
2.6541176470588232 8.45788944723618 6.221272727272727 4.0555 2.2096808510638297 5.851490312965724 3.8280541981341627 5.881020408163264 
3.7117647058823526 8.774120603015076 5.567454545454545 4.205333333333334 0.01 4.819850968703428 2.6738516215015546 3.679387755102041 
5.827058823529411 7.012261306532664 6.221272727272727 4.205333333333334 1.6039716312056738 4.47150521609538 5.102070191026211 5.5140816326530615 
1.0676470588235294 4.030653266331658 7.365454545454545 4.505 0.01 4.498301043219077 0.864669035984007 3.8628571428571434 
0.01 4.527587939698493 7.202 9.0 1.1789125295508274 6.280223546944859 3.540501999111506 1.8446938775510202 
0.01 4.527587939698493 5.730909090909091 3.905666666666667 0.5413238770685579 4.136557377049181 2.0827721012883162 0.010000000000000231 
6.884705882352941 4.708291457286432 5.894363636363637 0.01 0.01 4.190149031296572 1.5555930697467792 3.128979591836735 
1.0676470588235294 5.069698492462312 6.384727272727273 7.501666666666667 1.4977068557919622 5.288777943368108 0.3973967125721901 0.5604081632653064 
4.240588235294117 6.831557788944724 6.384727272727273 4.804666666666667 2.241560283687943 5.757704918032788 1.7592758773878274 2.762040816326531 
1.0676470588235294 3.6692462311557787 4.913636363636364 3.3063333333333333 0.01 3.721222056631893 0.8566814749000442 0.7438775510204079 
0.5388235294117647 3.6240703517587938 6.057818181818182 1.6581666666666668 0.6475886524822695 4.029374068554397 1.8032074633496222 0.1934693877551017 
1.0676470588235294 4.798643216080402 4.5867272727272725 4.0555 1.763368794326241 3.895394932935917 1.3998356286095068 0.1934693877551017 
0.5388235294117647 5.385929648241206 7.202 6.153166666666667 1.816501182033097 6.079254843517139 1.7233318525099954 0.9273469387755102 
1.596470588235294 7.328492462311558 4.259818181818182 5.703666666666667 0.01 4.994023845007453 2.30243003109729 0.5604081632653064 
0.5388235294117647 8.186834170854272 6.384727272727273 6.303 3.1235579196217493 5.369165424739196 4.722661039537982 0.1934693877551017 
2.1252941176470586 6.06356783919598 5.894363636363637 0.01 0.01 3.1987034277198214 0.8047623278542868 7.16530612244898 
5.298235294117647 4.166180904522613 5.077090909090909 0.01 0.01 3.480059612518629 0.3654464682363393 1.8446938775510202 
0.01 5.114874371859297 6.548181818181819 2.4073333333333333 0.01 4.163353204172877 3.1890493114171483 0.010000000000000231 
0.01 4.482412060301508 0.01 0.01 0.01 3.3594783904619976 0.7089115948467348 0.1934693877551017 
0.5388235294117647 3.940301507537688 5.567454545454545 5.104333333333334 0.8282387706855792 5.047615499254844 1.2999911150599734 0.5604081632653064 
1.0676470588235294 3.940301507537688 0.01 3.456166666666667 0.01 3.8819970193740687 2.7856774766770322 0.7438775510204079 
1.0676470588235294 4.121005025125628 5.077090909090909 0.01 0.01 3.667630402384501 1.7952199022656599 0.1934693877551017 
0.01 5.4762814070351755 5.404 4.505 1.763368794326241 4.60548435171386 0.5092225677476677 2.211632653061225 
1.596470588235294 5.837688442211055 7.528909090909091 7.351833333333333 1.6571040189125297 4.886840536512668 3.5644646823633934 2.0281632653061226 
1.0676470588235294 5.069698492462312 7.038545454545455 6.303 1.7102364066193854 5.154798807749628 0.6809551310528654 1.294285714285714 
0.5388235294117647 9.0 6.221272727272727 6.452833333333333 0.01 5.757704918032788 5.265815193247446 0.1934693877551017 
6.355882352941176 5.4762814070351755 6.384727272727273 2.557166666666667 0.01 3.5604470938897173 0.7328742780986228 7.532244897959183 
0.5388235294117647 4.030653266331658 5.404 3.456166666666667 1.008888888888889 3.774813710879285 0.3654464682363393 0.010000000000000231 
1.0676470588235294 4.753467336683417 6.548181818181819 6.7525 2.039657210401891 4.525096870342773 2.538063083074189 1.4777551020408164 
1.0676470588235294 4.437236180904523 4.913636363636364 2.557166666666667 1.285177304964539 4.659076005961253 0.489253665037761 0.1934693877551017 
0.5388235294117647 5.385929648241206 4.423272727272727 1.9578333333333335 0.5413238770685579 2.9977347242921017 0.5172101288316303 0.5604081632653064 
0.01 6.244271356783919 0.01 0.01 0.01 4.87344262295082 3.4246823633940466 0.7438775510204079 
1.596470588235294 5.069698492462312 6.057818181818182 4.505 0.01 4.2437406855439646 0.4852598844957795 0.7438775510204079 
1.596470588235294 7.7350753768844225 5.894363636363637 4.9545 1.4445744680851065 4.47150521609538 0.4932474455797422 0.5604081632653064 
1.596470588235294 3.7595979899497487 4.750181818181818 4.654833333333333 0.20127659574468088 4.60548435171386 1.0403953798311862 0.7438775510204079 
4.240588235294117 8.186834170854272 5.567454545454545 5.404 5.270106382978724 4.042771982116245 2.1546601510439802 7.16530612244898 
2.1252941176470586 3.4433668341708543 5.077090909090909 0.01 0.01 4.565290611028317 1.2600533096401598 0.7438775510204079 
0.01 4.572763819095477 5.240545454545455 2.557166666666667 0.01 2.8235618479880777 0.7049178143047534 0.010000000000000231 
0.01 4.617939698492462 4.259818181818182 0.01 0.01 3.3728763040238454 0.010000000000000009 0.010000000000000231 
0.01 5.2955778894472365 6.548181818181819 4.654833333333333 0.5732033096926714 6.065856929955292 0.053931585961794815 0.5604081632653064 
9.0 7.373668341708543 5.894363636363637 6.153166666666667 1.2214184397163121 5.489746646795828 2.9614038205242115 4.780204081632652 
2.1252941176470586 5.97321608040201 0.01 0.01 0.01 4.417913561847988 0.9046068414038204 0.37693877551020405 
0.01 8.141658291457286 7.365454545454545 3.905666666666667 0.9663829787234043 4.900238450074516 0.9525322079075966 2.5785714285714287 
2.6541176470588232 4.798643216080402 6.711636363636364 4.505 0.01 5.302175856929956 0.840706352732119 3.128979591836735 
1.0676470588235294 6.289447236180904 6.139545454545455 0.01 0.01 3.4398658718330855 0.3654464682363393 1.4777551020408164 
0.01 7.328492462311558 6.221272727272727 5.404 0.01 6.655365126676603 1.1522212350066636 0.9273469387755102 
4.240588235294117 5.3407537688442215 5.894363636363637 2.8568333333333333 0.01 3.1049180327868857 5.593305197689915 4.596734693877551 
0.5388235294117647 4.166180904522613 5.077090909090909 3.7558333333333334 0.4456855791962175 2.622593144560358 1.623487338960462 0.7438775510204079 
2.1252941176470586 4.301708542713568 5.240545454545455 0.01 0.01 4.297332339791357 0.3414837849844513 1.8446938775510202 
0.01 5.837688442211055 6.548181818181819 0.01 0.01 4.190149031296572 2.5061128387383382 1.4777551020408164 
1.596470588235294 4.843819095477387 5.077090909090909 1.9578333333333335 0.5200709219858156 3.0781222056631896 2.4062683251888046 0.37693877551020405 
3.182941176470588 4.617939698492462 7.365454545454545 5.8535 0.01 4.793055141579733 2.3902932030208794 1.294285714285714 
2.1252941176470586 5.4311055276381905 5.567454545454545 0.01 0.01 3.9757824143070053 2.5300755219902267 2.3951020408163264 
0.5388235294117647 5.4311055276381905 6.548181818181819 7.202 2.1352955082742313 5.221788375558868 4.339258107507774 3.679387755102041 
0.5388235294117647 6.108743718592965 4.423272727272727 0.01 0.01 3.5872429210134134 2.442212350066637 7.532244897959183 
0.5388235294117647 5.79251256281407 7.202 5.8535 1.1789125295508274 4.900238450074516 3.919911150599733 2.9455102040816326 
2.6541176470588232 6.15391959798995 6.711636363636364 0.01 0.01 0.01 2.254504664593514 8.816530612244899 
0.5388235294117647 6.741206030150754 5.567454545454545 4.355166666666666 1.3595626477541372 3.935588673621461 1.0923145268769434 3.8628571428571434 
0.5388235294117647 8.54824120603015 4.913636363636364 3.456166666666667 9.0 4.042771982116245 1.288009773434029 6.981836734693877 
2.1252941176470586 5.5666331658291455 6.548181818181819 2.2575 1.8802600472813238 4.297332339791357 1.4677298978231894 2.3951020408163264 
2.1252941176470586 5.928040201005025 5.567454545454545 3.1565 1.7739952718676124 4.444709388971685 0.33749000444247 1.294285714285714 
1.596470588235294 4.617939698492462 3.606 3.006666666666667 1.008888888888889 4.136557377049181 1.295997334517992 0.9273469387755102 
5.298235294117647 5.205226130653267 8.019272727272728 0.01 0.01 3.2254992548435175 3.780128831630386 2.3951020408163264 
0.01 5.61180904522613 4.5867272727272725 1.9578333333333335 1.1257801418439717 2.9307451564828617 1.5036739227010216 0.010000000000000231 
1.0676470588235294 3.940301507537688 4.750181818181818 2.4073333333333333 0.5625768321513003 4.391117734724293 0.3614526876943581 0.7438775510204079 
1.596470588235294 4.798643216080402 4.423272727272727 3.1565 1.688983451536643 4.149955290611029 0.864669035984007 0.5604081632653064 
1.596470588235294 3.8047738693467337 5.894363636363637 4.804666666666667 0.01 4.994023845007453 0.7648245224344736 1.294285714285714 
3.7117647058823526 6.876733668341709 7.202 6.602666666666667 0.01 6.708956780923995 1.0443891603731674 2.762040816326531 
1.596470588235294 3.7144221105527637 5.730909090909091 0.01 0.01 2.836959761549926 1.2520657485561972 0.7438775510204079 
0.5388235294117647 3.8499497487437186 5.404 4.355166666666666 0.01 3.5738450074515655 1.1003020879609062 1.8446938775510202 
0.01 3.3530150753768844 4.259818181818182 1.5083333333333335 0.39255319148936174 3.7346199701937413 0.772812083518436 0.1934693877551017 
0.5388235294117647 6.244271356783919 6.711636363636364 0.01 0.01 5.382563338301044 0.641017325633052 1.294285714285714 
2.6541176470588232 5.2955778894472365 7.038545454545455 4.505 1.1257801418439717 5.248584202682564 0.700924033762772 3.8628571428571434 
1.0676470588235294 4.527587939698493 5.567454545454545 3.7558333333333334 0.7644799054373522 5.168196721311476 0.99247001332741 0.9273469387755102 
4.240588235294117 5.7021608040201 7.202 5.404 1.157659574468085 5.168196721311476 1.0923145268769434 5.147142857142857 
3.7117647058823526 8.864472361809046 7.365454545454545 0.01 0.01 5.3423695976155 1.4996801421590404 3.679387755102041 
0.01 7.464020100502513 7.365454545454545 4.9545 7.236004728132388 7.017108792846498 1.4038294091514882 0.37693877551020405 
1.596470588235294 8.232010050251256 6.057818181818182 0.01 0.01 4.096363636363637 1.076339404709018 1.4777551020408164 
0.5388235294117647 8.864472361809046 6.221272727272727 5.404 2.6559929078014184 4.900238450074516 3.193043091959129 1.4777551020408164 
0.01 4.572763819095477 5.077090909090909 0.01 0.01 2.9441430700447095 1.0403953798311862 0.7438775510204079 
0.01 3.3078391959798994 0.01 0.01 0.01 2.836959761549926 1.0643580630830742 0.7438775510204079 
0.01 8.54824120603015 8.509636363636364 3.7558333333333334 0.01 4.60548435171386 1.4357796534873388 3.679387755102041 
0.5388235294117647 3.2174874371859294 5.077090909090909 0.01 0.01 2.9307451564828617 1.3598978231896934 0.9273469387755102 
0.5388235294117647 4.075829145728643 5.077090909090909 2.707 0.6369621749408984 3.3728763040238454 4.762598844957797 0.7438775510204079 
0.5388235294117647 6.470150753768844 6.875090909090909 3.456166666666667 3.304208037825059 5.690715350223548 3.9957929808973778 0.1934693877551017 
2.6541176470588232 5.97321608040201 6.548181818181819 0.01 0.01 3.600640834575261 0.44132829853398503 8.816530612244899 
1.596470588235294 6.424974874371859 6.548181818181819 2.2575 0.01 4.350923994038749 0.4972412261217237 7.715714285714286 
3.182941176470588 8.593417085427136 7.528909090909091 0.01 0.01 4.766259314456036 0.8087561083962684 8.266122448979592 
2.6541176470588232 4.301708542713568 5.894363636363637 4.9545 0.01 5.061013412816693 1.1761839182585516 1.1108163265306126 
3.182941176470588 6.967085427135679 6.057818181818182 4.804666666666667 2.0609101654846333 3.935588673621461 3.049266992447801 3.3124489795918373 
1.596470588235294 6.696030150753769 5.404 3.7558333333333334 0.01 4.364321907600597 0.7208929364726788 0.1934693877551017 
1.596470588235294 5.97321608040201 6.548181818181819 0.01 0.01 4.618882265275708 1.3039848956019546 4.229795918367346 
0.5388235294117647 4.843819095477387 4.096363636363637 2.8568333333333333 0.01 3.8016095380029813 0.4213593958240782 1.4777551020408164 
5.298235294117647 4.572763819095477 6.221272727272727 7.202 1.9227659574468086 4.417913561847988 0.3814215904042648 7.715714285714286 
0.5388235294117647 4.888994974874372 4.913636363636364 6.902333333333334 1.9015130023640663 4.766259314456036 1.355904042647712 0.5604081632653064 
3.7117647058823526 6.15391959798995 7.365454545454545 0.01 0.01 4.015976154992549 0.537179031541537 5.330612244897958 
1.0676470588235294 5.024522613065327 4.913636363636364 0.01 0.01 3.5202533532041733 1.0683518436250554 0.37693877551020405 
0.01 6.108743718592965 5.567454545454545 6.303 2.6666193853427895 5.677317436661699 1.156215015548645 0.5604081632653064 
2.1252941176470586 4.663115577889447 4.913636363636364 4.9545 2.050283687943262 3.2254992548435175 3.556477121279431 2.211632653061225 
2.1252941176470586 4.301708542713568 5.730909090909091 4.804666666666667 0.01 4.310730253353205 2.1426788094180362 0.5604081632653064 
2.6541176470588232 4.482412060301508 6.057818181818182 4.0555 0.01 3.895394932935917 0.5092225677476677 2.0281632653061226 
2.6541176470588232 7.328492462311558 8.509636363636364 0.01 0.01 5.061013412816693 0.3015459795646379 5.697551020408163 
0.01 4.301708542713568 5.240545454545455 5.8535 1.1257801418439717 5.985469448584204 1.1602087960906262 0.1934693877551017 
3.182941176470588 5.837688442211055 7.365454545454545 1.0588333333333335 3.4742316784869973 2.635991058122206 2.0228653931585963 7.16530612244898 
5.298235294117647 4.888994974874372 5.404 0.01 0.01 4.350923994038749 0.7847934251443802 3.8628571428571434 
0.01 5.2955778894472365 5.404 4.654833333333333 2.0077777777777777 4.136557377049181 1.6674189249222566 0.1934693877551017 
2.6541176470588232 6.470150753768844 6.384727272727273 0.01 0.01 6.039061102831596 0.4573034207019102 4.780204081632652 
1.0676470588235294 5.3407537688442215 6.548181818181819 0.01 0.01 5.757704918032788 2.4661750333185246 0.010000000000000231 
1.596470588235294 5.024522613065327 5.077090909090909 0.01 0.01 3.0379284649776457 0.2656019546868058 0.010000000000000231 
4.240588235294117 5.656984924623115 7.855818181818182 0.01 0.01 0.01 0.6250422034651265 6.064489795918368 
3.7117647058823526 8.45788944723618 5.567454545454545 5.8535 3.240449172576832 5.061013412816693 0.712905375388716 3.679387755102041 
2.1252941176470586 6.199095477386935 6.875090909090909 0.01 0.01 4.190149031296572 0.7049178143047534 1.6612244897959187 
4.7694117647058825 6.560502512562814 6.548181818181819 6.902333333333334 1.3914420803782506 5.087809239940388 2.24252332296757 3.4959183673469387 
4.7694117647058825 7.7350753768844225 9.0 3.606 2.5603546099290777 6.092652757078987 2.578000888494002 6.064489795918368 
4.7694117647058825 4.030653266331658 5.077090909090909 0.01 0.01 3.024530551415798 0.2656019546868058 2.211632653061225 
2.6541176470588232 3.8499497487437186 6.057818181818182 3.3063333333333333 0.01 3.895394932935917 4.5868725011106175 2.0281632653061226 
5.827058823529411 6.108743718592965 0.01 0.01 0.01 7.017108792846498 2.0068902709906706 3.4959183673469387 
1.596470588235294 5.4762814070351755 4.259818181818182 0.01 0.01 4.833248882265276 0.2056952465570857 0.7438775510204079 
0.5388235294117647 6.470150753768844 7.038545454545455 4.505 3.516737588652482 4.042771982116245 3.260937361172812 0.37693877551020405 
4.7694117647058825 5.385929648241206 6.548181818181819 5.254166666666667 0.01 3.895394932935917 0.7488494002665482 1.4777551020408164 
1.0676470588235294 4.753467336683417 6.139545454545455 0.01 0.01 3.131713859910582 1.9350022212350066 5.881020408163264 
0.5388235294117647 7.554371859296483 6.057818181818182 2.557166666666667 1.540212765957447 3.145111773472429 1.483705019991115 2.211632653061225 
1.0676470588235294 6.379798994974874 4.750181818181818 5.104333333333334 1.3701891252955083 3.4130700447093894 2.490137716570413 0.5604081632653064 
1.0676470588235294 5.069698492462312 5.404 3.3063333333333333 0.01 3.3594783904619976 0.9245757441137272 0.5604081632653064 
1.596470588235294 5.88286432160804 6.384727272727273 3.456166666666667 0.8494917257683215 3.815007451564829 0.9884762327854284 2.3951020408163264 
7.4135294117647055 7.9157788944723615 5.077090909090909 4.505 0.01 4.511698956780925 0.5451665926254997 3.128979591836735 
0.5388235294117647 0.01 5.567454545454545 5.254166666666667 0.01 4.297332339791357 1.2520657485561972 0.1934693877551017 
2.1252941176470586 4.979346733668342 7.528909090909091 0.01 0.01 5.047615499254844 0.4612972012438916 1.6612244897959187 
1.0676470588235294 5.069698492462312 5.567454545454545 3.3063333333333333 1.008888888888889 4.578688524590165 0.9565259884495778 0.9273469387755102 
0.5388235294117647 5.88286432160804 5.730909090909091 1.9578333333333335 1.1257801418439717 3.480059612518629 1.5835495335406486 0.1934693877551017 
4.240588235294117 4.843819095477387 6.548181818181819 0.01 0.01 3.305886736214606 3.1171612616614834 2.3951020408163264 
0.01 4.753467336683417 7.365454545454545 0.01 0.01 3.9757824143070053 0.4852598844957795 4.596734693877551 
3.7117647058823526 8.81929648241206 5.730909090909091 4.9545 1.550839243498818 3.3728763040238454 0.349471346068414 6.247959183673469 
0.01 6.108743718592965 7.692363636363637 6.902333333333334 1.550839243498818 5.449552906110284 0.8327187916481562 0.9273469387755102 
1.0676470588235294 5.88286432160804 7.855818181818182 0.01 0.01 3.0379284649776457 0.7688183029764548 0.010000000000000231 
0.01 6.289447236180904 5.077090909090909 2.557166666666667 2.241560283687943 2.970938897168406 0.525197689915593 0.010000000000000231 
0.01 5.656984924623115 7.855818181818182 0.01 0.01 3.024530551415798 0.7448556197245668 0.010000000000000231 
2.6541176470588232 4.979346733668342 5.567454545454545 0.01 0.01 3.493457526080477 0.864669035984007 1.6612244897959187 
4.7694117647058825 5.5214572864321605 4.5867272727272725 0.01 0.01 4.47150521609538 4.14755664149267 2.211632653061225 
0.5388235294117647 5.7021608040201 4.913636363636364 0.01 0.01 4.042771982116245 1.0923145268769434 4.780204081632652 
4.7694117647058825 4.121005025125628 5.567454545454545 0.01 0.01 3.2522950819672136 0.4972412261217237 6.798367346938775 
1.0676470588235294 4.888994974874372 6.548181818181819 0.01 0.01 3.6274366616989573 0.7328742780986228 5.697551020408163 
1.596470588235294 8.141658291457286 5.240545454545455 3.7558333333333334 0.7538534278959811 4.565290611028317 0.780799644602399 0.9273469387755102 
4.7694117647058825 5.61180904522613 5.730909090909091 4.9545 4.281843971631205 4.752861400894188 0.8247312305641936 2.3951020408163264 
1.596470588235294 7.147788944723618 5.240545454545455 1.9578333333333335 4.122446808510638 4.190149031296572 0.876650377609951 0.5604081632653064 
2.6541176470588232 5.2504020100502515 6.057818181818182 4.355166666666666 0.01 4.3375260804769 2.3343802754331406 2.5785714285714287 
3.182941176470588 5.656984924623115 6.384727272727273 4.654833333333333 0.01 3.707824143070045 1.954971123944913 5.147142857142857 
4.240588235294117 8.27718592964824 5.240545454545455 0.01 0.01 3.131713859910582 2.382305641936917 2.0281632653061226 
2.1252941176470586 5.3407537688442215 5.730909090909091 0.01 0.01 5.972071535022356 3.308862727676588 0.9273469387755102 
1.0676470588235294 5.837688442211055 6.057818181818182 3.905666666666667 2.1884278959810874 4.458107302533533 2.058809418036428 0.7438775510204079 
0.5388235294117647 5.656984924623115 5.730909090909091 3.606 1.1789125295508274 3.2656929955290614 0.5811106175033318 0.7438775510204079 
0.5388235294117647 0.01 3.932909090909091 3.006666666666667 0.01 3.319284649776453 0.2576143936028432 0.1934693877551017 
3.182941176470588 5.5666331658291455 5.894363636363637 6.7525 2.4540898345153663 4.511698956780925 2.6259262549977787 2.3951020408163264 
1.596470588235294 5.5666331658291455 8.182727272727274 5.254166666666667 2.5603546099290777 7.687004470938898 3.213011994669036 0.1934693877551017 
4.240588235294117 4.934170854271357 6.221272727272727 5.8535 1.2214184397163121 3.748017883755589 2.254504664593514 1.8446938775510202 
4.7694117647058825 8.322361809045226 6.956818181818182 2.2575 0.01 4.029374068554397 4.542940915148822 5.147142857142857 
6.884705882352941 6.921909547738694 7.202 5.553833333333333 1.4977068557919622 5.449552906110284 4.38718347401155 3.3124489795918373 
3.182941176470588 4.753467336683417 6.548181818181819 4.205333333333334 0.01 4.364321907600597 3.205024433585073 0.9273469387755102 
6.355882352941176 4.798643216080402 6.548181818181819 0.01 0.01 3.1719076005961258 0.2456330519768991 4.229795918367346 
6.355882352941176 6.831557788944724 5.730909090909091 6.003333333333334 2.889775413711584 5.610327868852459 2.6618702798756106 3.128979591836735 
0.01 8.503065326633166 6.711636363636364 2.107666666666667 1.9758983451536642 4.297332339791357 2.4222434473567303 0.1934693877551017 
1.596470588235294 5.656984924623115 4.750181818181818 0.01 0.01 4.2437406855439646 0.3015459795646379 0.5604081632653064 
3.7117647058823526 5.61180904522613 5.730909090909091 4.9545 2.294692671394799 3.426467958271237 0.3414837849844513 2.9455102040816326 
1.0676470588235294 4.572763819095477 4.750181818181818 2.557166666666667 2.8260165484633566 3.2522950819672136 2.150666370501999 0.37693877551020405 
0.01 4.572763819095477 6.221272727272727 0.01 0.01 4.793055141579733 0.489253665037761 0.9273469387755102 
0.5388235294117647 7.102613065326633 5.894363636363637 3.1565 1.7952482269503547 3.4398658718330855 0.18972012438916042 0.5604081632653064 
0.01 7.825427135678392 6.384727272727273 4.804666666666667 2.8260165484633566 6.240029806259315 4.32727676588183 6.798367346938775 
1.596470588235294 7.825427135678392 6.875090909090909 4.9545 5.046950354609929 4.793055141579733 0.7288804975566414 0.1934693877551017 
0.5388235294117647 6.515326633165829 6.711636363636364 6.902333333333334 1.9227659574468086 6.186438152011924 1.0364015992892048 4.596734693877551 
1.596470588235294 5.79251256281407 6.384727272727273 0.01 0.01 2.836959761549926 0.7688183029764548 6.247959183673469 
4.240588235294117 4.121005025125628 6.711636363636364 0.01 0.01 4.779657228017885 2.042834295868503 8.633061224489795 
0.01 5.61180904522613 5.730909090909091 3.006666666666667 0.01 3.681028315946349 0.712905375388716 2.762040816326531 
1.0676470588235294 4.211356783919598 5.240545454545455 4.804666666666667 1.7102364066193854 5.101207153502236 2.3902932030208794 0.37693877551020405 
3.7117647058823526 8.45788944723618 4.096363636363637 4.9545 4.175579196217494 4.551892697466468 2.997347845402043 2.3951020408163264 
3.182941176470588 7.464020100502513 5.567454545454545 3.905666666666667 1.7952482269503547 4.511698956780925 2.218560639715682 5.147142857142857 
2.6541176470588232 4.934170854271357 6.139545454545455 3.905666666666667 0.01 4.833248882265276 1.8790892936472678 7.16530612244898 
3.182941176470588 6.06356783919598 6.548181818181819 5.553833333333333 3.9417966903073283 6.199836065573772 0.6490048867170147 4.596734693877551 
0.01 5.837688442211055 9.0 6.902333333333334 1.3914420803782506 9.0 0.9725011106175032 0.9273469387755102 
0.5388235294117647 4.934170854271357 4.913636363636364 1.2086666666666668 1.9440189125295508 3.4130700447093894 3.480595290981786 0.010000000000000231 
2.1252941176470586 4.392060301507538 4.913636363636364 3.456166666666667 0.01 3.788211624441133 1.4677298978231894 0.1934693877551017 
2.6541176470588232 7.147788944723618 6.875090909090909 6.153166666666667 2.241560283687943 5.288777943368108 1.2760284318080852 1.4777551020408164 
1.0676470588235294 5.79251256281407 5.240545454545455 6.303 0.01 5.369165424739196 4.095637494446912 0.5604081632653064 
0.5388235294117647 4.753467336683417 4.750181818181818 0.01 0.01 3.2656929955290614 0.4453220790759662 0.010000000000000231 
5.298235294117647 5.205226130653267 0.01 0.01 0.01 4.7394634873323405 0.2336517103509551 1.4777551020408164 
0.5388235294117647 4.211356783919598 5.730909090909091 4.654833333333333 0.01 4.082965722801789 0.9565259884495778 0.37693877551020405 
4.7694117647058825 6.967085427135679 6.384727272727273 4.505 1.0726477541371158 4.149955290611029 0.3534651266103953 4.413265306122449 
4.7694117647058825 2.5850251256281407 6.548181818181819 5.553833333333333 0.01 4.40451564828614 0.08188804975566416 3.679387755102041 
1.0676470588235294 7.9157788944723615 7.202 0.01 0.01 3.0781222056631896 1.0004575744113726 0.1934693877551017 
0.01 4.211356783919598 4.913636363636364 0.01 0.01 4.7394634873323405 0.7488494002665482 0.7438775510204079 
1.596470588235294 4.030653266331658 6.057818181818182 2.4073333333333333 0.9132505910165485 4.082965722801789 1.8990581963571747 3.128979591836735 
1.0676470588235294 3.8499497487437186 5.322272727272727 0.01 0.01 5.315573770491804 3.412701021768103 1.1108163265306126 
5.827058823529411 6.470150753768844 7.692363636363637 4.9545 1.5614657210401892 4.913636363636365 0.712905375388716 5.5140816326530615 
1.0676470588235294 4.482412060301508 5.730909090909091 2.4073333333333333 0.47756501182033095 2.74317436661699 0.6370235450910705 1.1108163265306126 
1.596470588235294 4.482412060301508 5.077090909090909 2.8568333333333333 0.7963593380614657 2.9307451564828617 0.8127498889382494 0.9273469387755102 
0.01 4.121005025125628 6.548181818181819 0.01 0.01 4.350923994038749 2.0987472234562414 1.1108163265306126 
0.5388235294117647 5.79251256281407 3.932909090909091 6.7525 2.0715366430260045 5.436154992548436 2.1466725899600174 0.5604081632653064 
0.01 6.876733668341709 6.711636363636364 5.8535 2.900401891252955 5.570134128166916 0.7768058640604176 1.1108163265306126 
0.5388235294117647 7.373668341708543 5.894363636363637 0.01 0.01 5.235186289120716 4.578884940026654 2.211632653061225 
0.5388235294117647 3.6692462311557787 5.894363636363637 2.707 0.43505910165484635 3.5738450074515655 0.828725011106175 0.5604081632653064 
1.596470588235294 4.075829145728643 6.384727272727273 0.01 0.01 5.730909090909092 1.931008440693025 0.010000000000000231 
1.0676470588235294 4.934170854271357 7.528909090909091 0.01 0.01 5.730909090909092 3.0732296756996886 6.064489795918368 
3.182941176470588 8.774120603015076 6.384727272727273 0.01 0.01 3.1585096870342775 0.2136828076410484 6.981836734693877 
2.6541176470588232 3.985477386934673 6.384727272727273 4.505 0.01 3.707824143070045 0.7288804975566414 2.9455102040816326 
3.182941176470588 4.663115577889447 5.894363636363637 4.804666666666667 2.02903073286052 5.061013412816693 0.99247001332741 6.247959183673469 
0.5388235294117647 3.578894472361809 6.139545454545455 4.505 0.01 4.297332339791357 1.2800222123500666 0.1934693877551017 
0.5388235294117647 5.2504020100502515 5.730909090909091 4.205333333333334 0.01 3.681028315946349 0.513216348289649 0.010000000000000231 
2.6541176470588232 3.985477386934673 5.404 3.1565 0.2544089834515366 3.2790909090909093 1.0643580630830742 1.6612244897959187 
1.596470588235294 7.147788944723618 5.730909090909091 4.505 3.4954846335697396 4.766259314456036 1.0723456241670366 2.5785714285714287 
2.1252941176470586 5.837688442211055 4.913636363636364 1.808 2.4647163120567375 3.6944262295081973 1.8032074633496222 1.8446938775510202 
1.0676470588235294 4.527587939698493 5.730909090909091 7.801333333333334 0.6157092198581561 5.436154992548436 2.4022745446468234 0.7438775510204079 
5.298235294117647 3.081959798994975 8.67309090909091 3.456166666666667 0.5306973995271868 4.766259314456036 0.8367125721901376 4.780204081632652 
0.5388235294117647 5.928040201005025 5.240545454545455 2.107666666666667 4.419988179669031 3.1853055141579736 1.2520657485561972 0.010000000000000231 
0.01 4.301708542713568 6.956818181818182 3.7558333333333334 0.39255319148936174 5.020819672131148 0.6849489115948467 0.5604081632653064 
2.6541176470588232 5.069698492462312 5.404 0.01 0.01 5.07441132637854 0.7408618391825854 3.679387755102041 
4.240588235294117 4.527587939698493 6.221272727272727 0.01 0.01 5.194992548435173 0.4573034207019102 3.8628571428571434 
0.01 8.141658291457286 5.404 5.8535 0.01 5.637123695976156 7.258711683696134 0.7438775510204079 
1.596470588235294 5.024522613065327 7.365454545454545 1.808 0.8388652482269504 3.815007451564829 1.6754064860062192 1.4777551020408164 
1.596470588235294 6.786381909547739 6.221272727272727 0.01 0.01 2.8235618479880777 0.525197689915593 2.9455102040816326 
0.5388235294117647 3.7144221105527637 5.240545454545455 1.9578333333333335 1.01951536643026 2.850357675111774 1.355904042647712 0.37693877551020405 
2.6541176470588232 5.205226130653267 6.221272727272727 0.01 0.01 4.190149031296572 1.0683518436250554 4.229795918367346 
2.1252941176470586 5.069698492462312 6.384727272727273 6.003333333333334 0.01 5.288777943368108 0.641017325633052 3.128979591836735 
3.182941176470588 7.509195979899498 6.057818181818182 0.01 0.01 3.5738450074515655 0.912594402487783 8.266122448979592 
0.01 6.379798994974874 6.875090909090909 3.905666666666667 0.01 4.350923994038749 1.4277920924033762 0.1934693877551017 
0.01 4.708291457286432 5.240545454545455 3.456166666666667 1.2426713947990544 3.7346199701937413 1.5116614837849842 0.37693877551020405 
4.7694117647058825 5.4311055276381905 5.894363636363637 3.3063333333333333 0.6050827423167848 2.796766020864382 2.6259262549977787 4.963673469387755 
1.596470588235294 3.6240703517587938 0.01 0.01 0.01 0.01 0.3934029320302087 0.1934693877551017 
3.182941176470588 4.934170854271357 4.913636363636364 4.0555 0.01 3.3594783904619976 0.5212039093736117 1.1108163265306126 
1.0676470588235294 5.747336683417085 3.7694545454545456 3.1565 3.569869976359338 4.618882265275708 0.4013904931141715 0.1934693877551017 
3.182941176470588 6.967085427135679 6.384727272727273 6.153166666666667 1.4977068557919622 6.186438152011924 1.9789338071968015 1.1108163265306126 
4.240588235294117 4.527587939698493 6.057818181818182 6.003333333333334 2.294692671394799 5.288777943368108 2.338374055975122 4.0463265306122445 
1.596470588235294 5.61180904522613 6.548181818181819 4.9545 1.3914420803782506 4.458107302533533 0.9165881830297644 0.9273469387755102 
1.0676470588235294 7.012261306532664 6.057818181818182 2.557166666666667 1.0301418439716312 3.5738450074515655 1.4277920924033762 1.1108163265306126 
0.5388235294117647 4.301708542713568 4.913636363636364 2.707 0.6263356973995272 3.2121013412816692 0.7368680586406042 0.1934693877551017 
2.6541176470588232 7.147788944723618 5.730909090909091 0.01 0.01 4.002578241430701 0.525197689915593 7.715714285714286 
1.0676470588235294 3.081959798994975 5.730909090909091 4.804666666666667 0.7113475177304964 3.3594783904619976 0.4453220790759662 0.7438775510204079 
2.6541176470588232 6.650854271356784 6.384727272727273 0.01 0.01 4.525096870342773 0.5691292758773878 8.08265306122449 
0.5388235294117647 5.5214572864321605 5.240545454545455 4.804666666666667 1.6677304964539008 4.712667660208645 2.462181252776544 1.6612244897959187 
1.596470588235294 4.617939698492462 6.057818181818182 0.01 0.01 3.962384500745157 0.18173256330519766 2.0281632653061226 
0.5388235294117647 3.2174874371859294 3.932909090909091 2.707 0.817612293144208 2.74317436661699 0.9884762327854284 0.1934693877551017 
2.1252941176470586 6.560502512562814 6.711636363636364 2.707 0.01 4.364321907600597 0.6370235450910705 9.0 
0.01 6.831557788944724 7.365454545454545 6.902333333333334 0.01 5.650521609538004 1.180177698800533 0.010000000000000231 
1.596470588235294 4.482412060301508 4.423272727272727 2.8568333333333333 0.9238770685579196 3.4398658718330855 0.3135273211905819 0.5604081632653064 
1.0676470588235294 6.605678391959799 5.730909090909091 5.703666666666667 3.835531914893617 3.7614157973174374 1.0443891603731674 1.4777551020408164 
0.01 5.5666331658291455 7.202 5.553833333333333 0.01 4.726065573770493 0.4852598844957795 1.4777551020408164 
6.884705882352941 5.7021608040201 7.365454545454545 0.01 0.01 5.824694485842027 2.026859173700577 3.8628571428571434 
2.1252941176470586 6.967085427135679 5.077090909090909 4.654833333333333 3.0279196217494087 4.40451564828614 0.6450111061750332 0.37693877551020405 
0.5388235294117647 5.61180904522613 4.913636363636364 4.804666666666667 0.01 4.80645305514158 1.751288316303865 0.010000000000000231 
0.01 4.843819095477387 5.077090909090909 4.505 0.7963593380614657 4.913636363636365 2.7217769880053306 0.7438775510204079 
3.7117647058823526 4.663115577889447 5.404 4.804666666666667 0.01 5.248584202682564 1.0723456241670366 1.8446938775510202 
1.0676470588235294 4.166180904522613 5.077090909090909 4.205333333333334 0.01 4.2437406855439646 0.21767658818302982 0.5604081632653064 
0.5388235294117647 7.418844221105528 6.711636363636364 6.452833333333333 0.7219739952718677 4.40451564828614 1.0603642825410928 5.330612244897958 
6.355882352941176 3.985477386934673 6.057818181818182 6.003333333333334 0.5838297872340426 4.7394634873323405 1.2081341625944022 4.963673469387755 
2.6541176470588232 5.5666331658291455 6.057818181818182 6.003333333333334 0.8282387706855792 4.578688524590165 0.772812083518436 1.294285714285714 
3.182941176470588 7.328492462311558 5.077090909090909 0.01 0.01 3.2656929955290614 0.4093780541981342 5.330612244897958 
0.5388235294117647 5.160050251256282 5.404 5.404 2.1352955082742313 5.114605067064084 0.852687694358063 0.010000000000000231 
5.298235294117647 5.656984924623115 5.730909090909091 3.905666666666667 1.2320449172576833 4.176751117734725 0.5172101288316303 3.679387755102041 
1.0676470588235294 4.888994974874372 5.077090909090909 4.804666666666667 0.6050827423167848 3.3862742175856932 0.20968902709906712 0.010000000000000231 
0.5388235294117647 4.798643216080402 5.730909090909091 4.205333333333334 1.4445744680851065 4.592086438152013 0.2656019546868058 0.1934693877551017 
1.596470588235294 4.798643216080402 5.894363636363637 0.01 0.01 3.4666616989567816 0.525197689915593 1.1108163265306126 
1.596470588235294 4.482412060301508 6.548181818181819 1.6581666666666668 0.6900945626477542 2.595797317436662 0.8327187916481562 1.6612244897959187 
1.0676470588235294 4.482412060301508 0.01 0.01 0.01 2.9843368107302535 0.12981341625944032 0.37693877551020405 
2.6541176470588232 5.7021608040201 6.384727272727273 4.0555 0.24378250591016548 3.9757824143070053 1.4517547756552642 3.4959183673469387 
0.01 6.379798994974874 0.01 0.01 0.01 5.690715350223548 0.5172101288316303 1.4777551020408164 
1.596470588235294 4.663115577889447 5.894363636363637 4.505 1.625224586288416 3.707824143070045 2.6139449133718347 1.1108163265306126 
0.01 4.256532663316583 0.01 0.01 0.01 0.01 0.7208929364726788 0.7438775510204079 
1.0676470588235294 4.888994974874372 5.240545454545455 0.01 0.01 4.136557377049181 0.3295024433585073 0.010000000000000231 
2.1252941176470586 5.2955778894472365 5.077090909090909 1.808 0.01 3.9891803278688527 1.216121723678365 1.6612244897959187 
1.0676470588235294 3.3981909547738693 5.240545454545455 3.606 0.5944562647754137 3.9891803278688527 1.1761839182585516 2.211632653061225 
1.0676470588235294 3.2174874371859294 5.730909090909091 4.0555 0.01 3.7614157973174374 2.0388405153265214 0.1934693877551017 
1.0676470588235294 4.617939698492462 7.038545454545455 5.404 1.285177304964539 6.106050670640835 0.2056952465570857 0.37693877551020405 
4.7694117647058825 6.334623115577889 7.692363636363637 0.01 0.01 4.391117734724293 2.6299200355397603 4.413265306122449 
3.182941176470588 3.940301507537688 6.548181818181819 0.01 0.01 3.1183159463487335 0.033962683251888115 2.0281632653061226 
0.5388235294117647 8.186834170854272 5.240545454545455 4.505 1.9227659574468086 4.578688524590165 1.0084451354953352 3.128979591836735 
3.182941176470588 6.06356783919598 5.730909090909091 3.456166666666667 1.3914420803782506 4.752861400894188 1.8631141714793427 1.4777551020408164 
3.7117647058823526 4.798643216080402 7.528909090909091 2.707 0.01 3.0513263785394935 0.6370235450910705 4.963673469387755 
3.182941176470588 4.121005025125628 0.01 0.01 0.01 4.002578241430701 1.6993691692581074 1.8446938775510202 
0.01 5.3407537688442215 6.875090909090909 7.052166666666667 2.4540898345153663 6.146244411326379 1.8990581963571747 1.8446938775510202 
2.6541176470588232 7.509195979899498 5.894363636363637 2.8568333333333333 1.8696335697399526 3.4666616989567816 2.042834295868503 5.5140816326530615 
3.7117647058823526 8.322361809045226 6.875090909090909 4.9545 0.01 4.766259314456036 1.1162772101288314 3.679387755102041 
0.01 6.560502512562814 0.01 0.01 0.01 5.931877794336812 2.2145668591737 1.8446938775510202 
0.01 7.328492462311558 6.221272727272727 8.400666666666668 1.0726477541371158 7.137690014903131 2.7297645490892934 0.7438775510204079 
0.5388235294117647 4.617939698492462 6.057818181818182 0.01 0.01 5.302175856929956 0.8686628165259884 3.8628571428571434 
1.0676470588235294 3.8047738693467337 4.096363636363637 3.456166666666667 0.817612293144208 4.082965722801789 3.5644646823633934 0.010000000000000231 
2.6541176470588232 7.509195979899498 6.221272727272727 0.01 0.01 6.132846497764532 1.0563705019991114 1.1108163265306126 
0.5388235294117647 4.888994974874372 7.202 2.8568333333333333 0.01 3.6408345752608056 1.295997334517992 0.5604081632653064 
0.01 7.554371859296483 0.01 0.01 0.01 4.3375260804769 3.049266992447801 1.6612244897959187 
0.01 4.301708542713568 6.548181818181819 6.7525 0.9876359338061466 4.900238450074516 1.016432696579298 0.9273469387755102 
4.7694117647058825 5.069698492462312 6.711636363636364 4.804666666666667 1.8696335697399526 4.592086438152013 0.7368680586406042 2.762040816326531 
2.6541176470588232 5.5214572864321605 7.038545454545455 0.01 0.01 4.659076005961253 0.8566814749000442 2.211632653061225 
3.182941176470588 4.346884422110553 0.01 0.01 0.01 3.1853055141579736 0.4573034207019102 1.294285714285714 
4.240588235294117 3.8047738693467337 6.057818181818182 4.654833333333333 0.01 5.14140089418778 1.5236428254109284 3.3124489795918373 
6.355882352941176 4.166180904522613 5.077090909090909 1.0588333333333335 2.7516312056737586 3.707824143070045 3.396725899600177 4.229795918367346 
0.01 4.753467336683417 5.240545454545455 6.153166666666667 1.5189598108747044 5.570134128166916 0.3894091514882275 0.1934693877551017 
4.7694117647058825 3.2626633165829144 6.384727272727273 3.7558333333333334 0.01 4.2437406855439646 0.816743669480231 3.128979591836735 
0.5388235294117647 4.392060301507538 5.730909090909091 6.003333333333334 0.01 5.114605067064084 0.5691292758773878 1.6612244897959187 
4.240588235294117 6.967085427135679 6.384727272727273 4.804666666666667 0.01 4.350923994038749 1.4677298978231894 4.413265306122449 
3.7117647058823526 6.786381909547739 6.384727272727273 4.355166666666666 1.348936170212766 4.726065573770493 2.462181252776544 6.064489795918368 
1.0676470588235294 3.081959798994975 5.077090909090909 1.9578333333333335 0.16939716312056738 2.702980625931446 0.7248867170146602 0.37693877551020405 
2.1252941176470586 8.90964824120603 5.730909090909091 5.8535 7.916099290780141 4.927034277198213 9.0 1.8446938775510202 
1.0676470588235294 4.798643216080402 5.240545454545455 5.254166666666667 1.2745508274231678 4.096363636363637 5.289777876499333 2.3951020408163264 
4.240588235294117 5.4311055276381905 7.038545454545455 0.01 0.01 3.815007451564829 0.7328742780986228 0.1934693877551017 
1.596470588235294 7.825427135678392 6.711636363636364 7.202 4.951312056737589 5.154798807749628 8.233194135939582 0.7438775510204079 
5.298235294117647 5.5214572864321605 5.567454545454545 0.01 0.01 4.190149031296572 0.7288804975566414 3.679387755102041 
6.884705882352941 6.560502512562814 6.711636363636364 2.8568333333333333 1.1789125295508274 2.9843368107302535 0.676961350510884 6.614897959183674 
2.1252941176470586 5.656984924623115 6.548181818181819 0.01 0.01 4.3375260804769 1.8391514882274542 1.1108163265306126 
1.596470588235294 6.289447236180904 4.423272727272727 0.01 0.01 3.4398658718330855 1.3039848956019546 0.1934693877551017 
5.298235294117647 5.205226130653267 0.01 0.01 0.01 0.01 0.7408618391825854 1.6612244897959187 
3.7117647058823526 5.385929648241206 0.01 0.01 0.01 3.3862742175856932 0.5331852509995557 2.9455102040816326 
1.596470588235294 3.3530150753768844 5.567454545454545 4.205333333333334 0.48819148936170215 3.9891803278688527 0.8686628165259884 0.37693877551020405 
1.596470588235294 5.024522613065327 4.5867272727272725 5.8535 0.01 4.042771982116245 1.9230208796090626 1.6612244897959187 
1.596470588235294 3.940301507537688 4.913636363636364 2.707 0.01 2.9307451564828617 1.471723678365171 0.010000000000000231 
4.7694117647058825 6.876733668341709 6.384727272727273 5.104333333333334 1.827127659574468 4.592086438152013 3.264931141714793 2.211632653061225 
3.7117647058823526 7.192964824120603 5.404 0.01 0.01 4.082965722801789 1.228103065304309 2.762040816326531 
4.240588235294117 4.301708542713568 5.894363636363637 0.01 0.01 4.94043219076006 1.6354686805864058 6.614897959183674 
1.0676470588235294 4.527587939698493 5.240545454545455 3.456166666666667 0.01 3.9891803278688527 1.168196357174589 0.010000000000000231 
3.182941176470588 6.831557788944724 5.077090909090909 4.654833333333333 1.285177304964539 4.766259314456036 2.462181252776544 1.294285714285714 
0.01 4.798643216080402 5.730909090909091 5.553833333333333 1.5827186761229315 5.288777943368108 2.1147223456241666 0.1934693877551017 
1.596470588235294 5.7021608040201 7.202 6.153166666666667 2.507222222222222 5.27538002980626 2.51010661928032 1.1108163265306126 
0.5388235294117647 4.798643216080402 6.221272727272727 0.01 0.01 5.034217585692996 0.4852598844957795 0.9273469387755102 
0.01 3.03678391959799 6.221272727272727 0.01 0.01 6.079254843517139 0.4732785428698355 4.596734693877551 
2.1252941176470586 5.5666331658291455 5.077090909090909 0.01 0.01 4.297332339791357 0.6010795202132385 2.5785714285714287 
2.1252941176470586 6.696030150753769 4.913636363636364 4.0555 3.389219858156028 4.149955290611029 0.2975521990226566 1.4777551020408164 
1.596470588235294 7.6447236180904525 6.057818181818182 2.8568333333333333 1.3383096926713949 4.015976154992549 0.7688183029764548 1.8446938775510202 
4.7694117647058825 5.069698492462312 6.711636363636364 3.606 0.01 3.788211624441133 4.818511772545534 5.330612244897958 
