0.01 3.9212337662337666 4.799754098360656 0.01 0.01 3.305886736214606 2.3343802754331406 1.5083333333333337 
4.240588235294117 4.796883116883118 6.494590163934427 5.789285714285714 1.157659574468085 5.168196721311476 1.0923145268769434 4.205333333333334 
0.01 3.687727272727274 5.610327868852459 0.01 0.01 6.079254843517139 2.4382185695246554 0.45950000000000024 
1.596470588235294 2.695324675324676 5.757704918032787 0.01 0.01 5.730909090909092 1.931008440693025 0.010000000000000231 
2.6541176470588232 8.47461038961039 4.726065573770492 5.307678571428571 3.463605200945626 4.190149031296572 2.026859173700577 1.2086666666666668 
1.0676470588235294 4.972012987012988 6.199836065573771 0.01 0.01 3.7614157973174374 0.8327187916481562 0.9090000000000007 
0.01 1.3526623376623381 5.610327868852459 0.01 0.01 6.079254843517139 0.4732785428698355 3.7558333333333342 
1.0676470588235294 2.8120779220779224 3.8418032786885243 0.01 0.01 4.042771982116245 0.2616081741448245 0.15983333333333372 
3.7117647058823526 2.2866883116883128 5.757704918032787 4.183928571428571 0.7644799054373522 3.935588673621461 2.7617147934251443 2.2575000000000003 
2.6541176470588232 3.9212337662337666 5.315573770491803 4.505 0.01 3.2121013412816692 1.3239537983118614 0.9090000000000007 
6.884705882352941 3.6293506493506498 5.315573770491803 8.678928571428571 0.01 4.913636363636365 0.4093780541981342 3.6060000000000008 
0.5388235294117647 3.045584415584416 9.0 0.01 0.01 3.0111326378539496 0.525197689915593 0.9090000000000007 
0.5388235294117647 7.248701298701301 6.494590163934427 4.665535714285714 0.01 4.699269746646796 3.3128565082185695 4.654833333333334 
1.596470588235294 7.5405844155844175 6.199836065573771 5.307678571428571 5.046950354609929 4.793055141579733 0.7288804975566414 0.15983333333333372 
1.596470588235294 7.5405844155844175 5.757704918032787 6.270892857142857 1.9758983451536642 4.53849478390462 3.5724522434473562 1.5083333333333337 
3.182941176470588 6.431428571428572 5.462950819672131 5.147142857142857 2.0609101654846333 3.935588673621461 3.049266992447801 2.7070000000000007 
1.0676470588235294 2.2866883116883128 4.87344262295082 3.702321428571428 0.5413238770685579 4.324128166915053 1.6833940470901823 0.15983333333333372 
4.7694117647058825 6.314675324675326 5.757704918032787 5.468214285714286 1.827127659574468 4.592086438152013 3.264931141714793 1.8080000000000007 
1.596470588235294 6.19792207792208 5.610327868852459 0.01 0.01 2.8235618479880777 0.525197689915593 2.4073333333333338 
1.596470588235294 5.03038961038961 5.757704918032787 3.702321428571428 0.8494917257683215 3.815007451564829 0.9884762327854284 1.9578333333333342 
3.182941176470588 3.395844155844157 6.052459016393443 0.01 0.01 4.136557377049181 0.4173656152820968 2.2575000000000003 
0.01 4.32987012987013 6.199836065573771 7.555178571428571 2.4540898345153663 6.146244411326379 1.8990581963571747 1.5083333333333337 
0.01 7.949220779220781 6.6419672131147545 4.183928571428571 0.9663829787234043 4.900238450074516 0.9525322079075966 2.1076666666666677 
1.596470588235294 4.213116883116884 0.01 0.01 0.01 3.1585096870342775 0.4453220790759662 0.3096666666666672 
1.596470588235294 2.345064935064936 5.315573770491803 5.147142857142857 0.01 4.994023845007453 0.7648245224344736 1.0588333333333342 
2.6541176470588232 1.7029220779220782 4.431311475409836 0.01 0.01 3.600640834575261 0.7688183029764548 0.9090000000000007 
0.01 1.7029220779220782 0.01 0.01 0.01 2.836959761549926 1.0643580630830742 0.6093333333333337 
0.5388235294117647 3.687727272727274 3.6944262295081964 3.060178571428571 0.01 3.8016095380029813 0.4213593958240782 1.2086666666666668 
1.596470588235294 4.15474025974026 4.87344262295082 6.270892857142857 1.4977068557919622 5.114605067064084 0.2975521990226566 1.0588333333333342 
0.01 3.5125974025974034 4.726065573770492 5.949821428571428 0.6900945626477542 4.511698956780925 1.7353131941359394 0.15983333333333372 
2.1252941176470586 4.213116883116884 5.315573770491803 1.9364285714285714 0.9345035460992908 2.970938897168406 1.5476055086628162 2.4073333333333338 
4.240588235294117 6.4898051948051965 4.578688524590164 4.183928571428571 5.270106382978724 4.565290611028317 1.8671079520213234 3.7558333333333342 
1.0676470588235294 2.8704545454545465 4.726065573770492 5.147142857142857 1.7102364066193854 5.101207153502236 2.3902932030208794 0.3096666666666672 
0.01 7.77409090909091 4.431311475409836 4.665535714285714 5.089456264775413 4.645678092399405 3.979817858729453 0.010000000000000231 
4.7694117647058825 4.446623376623377 5.315573770491803 3.541785714285714 0.6050827423167848 2.796766020864382 2.6259262549977787 4.0555 
1.0676470588235294 7.657337662337664 6.494590163934427 0.01 0.01 3.0781222056631896 1.0004575744113726 0.15983333333333372 
0.01 3.5709740259740266 4.726065573770492 6.591964285714285 1.5189598108747044 5.570134128166916 0.3894091514882275 0.15983333333333372 
0.5388235294117647 4.388246753246754 6.494590163934427 6.591964285714285 1.816501182033097 6.079254843517139 1.7233318525099954 0.7591666666666672 
0.5388235294117647 5.789285714285716 5.462950819672131 3.541785714285714 0.6582151300236406 3.5202533532041733 0.7208929364726788 0.010000000000000231 
0.5388235294117647 3.2207142857142865 4.283934426229508 1.6153571428571427 0.01 3.4130700447093894 1.8990581963571747 0.010000000000000231 
2.1252941176470586 3.8044805194805202 4.726065573770492 7.073571428571428 1.0620212765957446 4.6724739195231 3.3128565082185695 0.7591666666666672 
1.0676470588235294 1.7612987012987023 0.01 0.01 0.01 0.01 0.10585073300755221 0.15983333333333372 
1.0676470588235294 4.972012987012988 5.462950819672131 4.183928571428571 2.1884278959810874 4.458107302533533 2.058809418036428 0.6093333333333337 
0.5388235294117647 3.8044805194805202 4.13655737704918 3.3812499999999996 1.4445744680851065 3.3862742175856932 3.0253043091959126 0.3096666666666672 
1.0676470588235294 5.847662337662339 4.283934426229508 5.307678571428571 1.4445744680851065 4.2437406855439646 1.3838605064415817 0.6093333333333337 
4.240588235294117 3.746103896103897 5.1681967213114755 0.01 0.01 4.096363636363637 3.5125455353176362 1.8080000000000007 
1.0676470588235294 1.4110389610389618 5.1681967213114755 5.147142857142857 0.7113475177304964 3.3594783904619976 0.4453220790759662 0.6093333333333337 
3.7117647058823526 5.380649350649351 5.462950819672131 4.183928571428571 1.4445744680851065 3.493457526080477 2.2824611283873835 4.505000000000001 
2.1252941176470586 3.9796103896103907 5.757704918032787 6.431428571428571 0.01 5.288777943368108 0.641017325633052 2.5571666666666673 
1.0676470588235294 5.263896103896105 5.1681967213114755 0.01 0.01 3.8819970193740687 1.8631141714793427 0.3096666666666672 
2.1252941176470586 5.263896103896105 5.315573770491803 0.01 0.01 3.1987034277198214 0.8047623278542868 5.8535 
4.7694117647058825 0.7688961038961044 5.905081967213115 5.949821428571428 0.01 4.40451564828614 0.08188804975566416 3.0066666666666677 
1.0676470588235294 2.695324675324676 5.905081967213115 2.2575 0.5944562647754137 3.2790909090909093 0.6929364726788094 0.45950000000000024 
1.0676470588235294 4.621753246753247 3.5470491803278685 5.147142857142857 1.763368794326241 5.650521609538004 1.775250999555753 0.7591666666666672 
1.596470588235294 7.423831168831171 5.315573770491803 5.307678571428571 1.4445744680851065 4.47150521609538 0.4932474455797422 0.45950000000000024 
2.1252941176470586 5.147142857142859 6.347213114754099 4.986607142857142 0.01 3.7614157973174374 1.3718791648156374 6.303000000000001 
0.5388235294117647 3.746103896103897 6.494590163934427 3.060178571428571 0.01 3.6408345752608056 1.295997334517992 0.45950000000000024 
1.596470588235294 4.213116883116884 5.462950819672131 2.418035714285714 1.1257801418439717 3.5336512667660216 0.1258196357174589 0.45950000000000024 
0.5388235294117647 4.388246753246754 6.347213114754099 6.270892857142857 2.3478250591016545 6.119448584202684 2.925459795646379 1.2086666666666668 
2.1252941176470586 6.022792207792209 5.462950819672131 4.0233928571428565 3.1235579196217493 4.685871833084948 1.2360906263882718 1.3585000000000003 
1.596470588235294 4.972012987012988 4.726065573770492 4.665535714285714 1.2320449172576833 3.547049180327869 0.573123056419369 1.0588333333333342 
2.1252941176470586 6.664935064935067 5.757704918032787 0.01 0.01 4.417913561847988 2.9054908929364722 1.5083333333333337 
2.6541176470588232 5.380649350649351 6.052459016393443 0.01 0.01 0.01 2.254504664593514 7.202000000000002 
0.01 2.987207792207793 6.273524590163935 4.0233928571428565 0.39255319148936174 5.020819672131148 0.6849489115948467 0.45950000000000024 
3.7117647058823526 6.19792207792208 4.87344262295082 6.7524999999999995 3.644255319148936 4.659076005961253 2.566019546868058 3.1565000000000003 
3.182941176470588 7.131948051948054 5.462950819672131 0.01 0.01 3.5738450074515655 0.912594402487783 6.752500000000001 
0.01 2.8704545454545465 4.431311475409836 4.0233928571428565 0.9876359338061466 3.855201192250373 1.823176366059529 0.15983333333333372 
0.5388235294117647 4.213116883116884 5.1681967213114755 4.505 0.01 3.681028315946349 0.513216348289649 0.010000000000000231 
2.1252941176470586 8.941623376623378 5.1681967213114755 6.270892857142857 7.916099290780141 4.927034277198213 9.0 1.5083333333333337 
0.5388235294117647 3.6293506493506498 5.1681967213114755 4.505 1.4445744680851065 4.592086438152013 0.2656019546868058 0.15983333333333372 
3.182941176470588 3.5125974025974034 5.462950819672131 2.8996428571428567 1.6677304964539008 4.015976154992549 2.581994669035984 3.0066666666666677 
3.7117647058823526 3.5709740259740266 0.01 0.01 0.01 0.01 0.9165881830297644 0.45950000000000024 
2.6541176470588232 4.796883116883118 5.757704918032787 4.3444642857142854 0.24378250591016548 3.9757824143070053 1.4517547756552642 2.8568333333333342 
1.596470588235294 6.664935064935067 5.1681967213114755 4.826071428571428 3.4954846335697396 4.766259314456036 1.0723456241670366 2.1076666666666677 
0.5388235294117647 8.47461038961039 4.431311475409836 3.702321428571428 9.0 4.042771982116245 1.288009773434029 5.703666666666667 
5.827058823529411 4.855259740259742 7.820983606557377 0.01 0.01 5.235186289120716 0.4573034207019102 4.505000000000001 
2.1252941176470586 3.2207142857142865 5.315573770491803 2.7391071428571427 0.01 3.4398658718330855 0.8726565970679696 1.0588333333333342 
0.01 5.964415584415585 6.052459016393443 0.01 0.01 5.436154992548436 6.811408262994224 3.4561666666666673 
0.01 3.5125974025974034 4.726065573770492 3.702321428571428 1.2426713947990544 3.7346199701937413 1.5116614837849842 0.3096666666666672 
5.827058823529411 3.9212337662337666 6.199836065573771 6.431428571428571 0.01 6.280223546944859 3.3927321190581963 3.6060000000000008 
1.596470588235294 2.1115584415584423 6.052459016393443 4.986607142857142 0.7538534278959811 4.592086438152013 4.858449577965347 0.9090000000000007 
0.01 2.345064935064936 4.726065573770492 3.541785714285714 0.7113475177304964 4.80645305514158 1.8750955131052867 0.010000000000000231 
2.1252941176470586 5.147142857142859 0.01 0.01 0.01 4.417913561847988 0.9046068414038204 0.3096666666666672 
0.5388235294117647 5.205519480519481 7.526229508196721 4.505 1.4977068557919622 4.40451564828614 0.6330297645490892 3.6060000000000008 
1.0676470588235294 4.913636363636364 5.757704918032787 5.949821428571428 1.9440189125295508 5.811296572280179 4.5868725011106175 1.5083333333333337 
3.7117647058823526 2.9288311688311697 4.726065573770492 4.0233928571428565 0.8494917257683215 4.47150521609538 2.645895157707685 3.0066666666666677 
1.596470588235294 7.365454545454547 4.726065573770492 5.949821428571428 2.4009574468085106 4.632280178837557 1.120270990670813 1.3585000000000003 
3.182941176470588 3.45422077922078 5.315573770491803 5.147142857142857 2.02903073286052 5.061013412816693 0.99247001332741 5.104333333333335 
5.298235294117647 3.337467532467533 5.610327868852459 7.715714285714285 1.9227659574468086 4.417913561847988 0.3814215904042648 6.303000000000001 
0.5388235294117647 5.789285714285716 6.347213114754099 4.826071428571428 3.516737588652482 4.042771982116245 3.260937361172812 0.3096666666666672 
1.596470588235294 3.2207142857142865 3.9891803278688522 3.060178571428571 0.9238770685579196 3.4398658718330855 0.3135273211905819 0.45950000000000024 
5.298235294117647 4.972012987012988 4.578688524590164 5.789285714285714 0.01 5.529940387481372 1.4597423367392268 2.5571666666666673 
3.182941176470588 4.0963636363636375 0.01 0.01 0.01 0.01 0.4533096401599288 0.7591666666666672 
1.0676470588235294 3.2790909090909097 4.726065573770492 3.702321428571428 0.01 3.9891803278688527 1.168196357174589 0.010000000000000231 
0.01 7.5405844155844175 5.757704918032787 5.147142857142857 2.8260165484633566 6.240029806259315 4.32727676588183 5.553833333333333 
0.5388235294117647 3.2790909090909097 4.87344262295082 2.418035714285714 0.6050827423167848 3.1719076005961258 2.358342958685028 0.7591666666666672 
0.5388235294117647 3.337467532467533 3.6944262295081964 2.418035714285714 0.39255319148936174 3.2522950819672136 1.799213682807641 0.7591666666666672 
1.0676470588235294 4.446623376623377 5.610327868852459 5.949821428571428 1.1257801418439717 5.328971684053652 0.5571479342514437 1.2086666666666668 
0.5388235294117647 3.45422077922078 2.220655737704918 6.110357142857143 0.8919976359338062 5.811296572280179 0.4293469569080408 1.8080000000000007 
4.7694117647058825 8.182727272727274 6.273524590163935 2.418035714285714 0.01 4.029374068554397 4.542940915148822 4.205333333333334 
1.596470588235294 2.5201948051948055 4.431311475409836 2.8996428571428567 0.01 2.9307451564828617 1.471723678365171 0.010000000000000231 
1.0676470588235294 3.746103896103897 3.8418032786885243 4.183928571428571 0.679468085106383 4.364321907600597 0.968507330075522 0.15983333333333372 
4.240588235294117 4.7385064935064936 7.084098360655737 0.01 0.01 0.01 0.6250422034651265 4.954500000000001 
0.5388235294117647 2.5785714285714296 2.220655737704918 6.7524999999999995 1.0620212765957446 7.378852459016395 1.6794002665482006 0.7591666666666672 
2.6541176470588232 5.555779220779222 4.726065573770492 5.628749999999999 1.4977068557919622 3.8418032786885252 1.3399289204797868 0.7591666666666672 
0.01 5.672532467532468 0.01 0.01 0.01 5.690715350223548 0.5172101288316303 1.2086666666666668 
0.01 2.753701298701299 5.905081967213115 0.01 0.01 4.350923994038749 2.0987472234562414 0.9090000000000007 
2.6541176470588232 6.022792207792209 5.757704918032787 0.01 0.01 4.525096870342773 0.5691292758773878 6.602666666666668 
0.5388235294117647 4.0379870129870135 4.726065573770492 5.628749999999999 0.01 4.511698956780925 1.8671079520213234 0.010000000000000231 
0.5388235294117647 3.1039610389610393 5.1681967213114755 2.418035714285714 0.01 2.448420268256334 0.2855708573967125 0.010000000000000231 
0.5388235294117647 8.883246753246755 5.610327868852459 5.789285714285714 2.6559929078014184 4.900238450074516 3.193043091959129 1.2086666666666668 
0.01 9.000000000000002 4.87344262295082 5.147142857142857 2.9216548463356973 5.543338301043219 1.7033629498000886 1.0588333333333342 
0.01 3.8044805194805202 6.494590163934427 4.826071428571428 0.01 4.364321907600597 3.1131674811195023 2.5571666666666673 
0.01 7.890844155844157 3.6944262295081964 5.789285714285714 1.6996099290780142 5.07441132637854 1.5156552643269658 0.15983333333333372 
0.5388235294117647 2.5785714285714296 5.757704918032787 4.665535714285714 0.817612293144208 4.297332339791357 1.156215015548645 1.2086666666666668 
1.0676470588235294 3.337467532467533 4.283934426229508 5.628749999999999 0.9663829787234043 2.9307451564828617 0.3175211017325633 0.15983333333333372 
2.1252941176470586 5.0887662337662345 5.0208196721311475 3.3812499999999996 1.7739952718676124 4.444709388971685 0.33749000444247 1.0588333333333342 
5.298235294117647 6.081168831168833 6.199836065573771 7.715714285714285 2.5284751773049643 5.047615499254844 3.6962594402487774 4.505000000000001 
2.1252941176470586 2.695324675324676 0.01 0.01 0.01 3.7614157973174374 2.1346912483340734 1.5083333333333337 
1.596470588235294 7.5405844155844175 6.052459016393443 7.715714285714285 4.951312056737589 5.154798807749628 8.233194135939582 0.6093333333333337 
9.0 6.956818181818184 5.315573770491803 6.591964285714285 1.2214184397163121 5.489746646795828 2.9614038205242115 3.9056666666666677 
2.1252941176470586 4.271493506493508 4.578688524590164 1.9364285714285714 0.01 3.9891803278688527 1.216121723678365 1.3585000000000003 
0.5388235294117647 2.987207792207793 5.462950819672131 3.3812499999999996 0.7857328605200946 3.480059612518629 2.386299422478898 2.2575000000000003 
2.1252941176470586 2.987207792207793 4.726065573770492 0.01 0.01 4.297332339791357 0.3414837849844513 1.5083333333333337 
2.1252941176470586 3.8628571428571434 6.789344262295082 0.01 0.01 5.047615499254844 0.4612972012438916 1.3585000000000003 
5.827058823529411 3.45422077922078 5.0208196721311475 6.431428571428571 0.01 6.199836065573772 0.2017014660151044 3.1565000000000003 
4.7694117647058825 6.431428571428572 5.757704918032787 4.826071428571428 1.0726477541371158 4.149955290611029 0.3534651266103953 3.6060000000000008 
3.7117647058823526 8.824870129870131 5.1681967213114755 5.307678571428571 1.550839243498818 3.3728763040238454 0.349471346068414 5.104333333333335 
3.7117647058823526 2.1699350649350655 5.757704918032787 6.431428571428571 0.5200709219858156 6.266825633383012 0.7408618391825854 3.1565000000000003 
4.240588235294117 3.8044805194805202 5.610327868852459 6.270892857142857 1.2214184397163121 3.748017883755589 2.254504664593514 1.5083333333333337 
1.0676470588235294 2.345064935064936 3.6944262295081964 3.702321428571428 0.817612293144208 4.082965722801789 3.5644646823633934 0.010000000000000231 
2.6541176470588232 6.4898051948051965 6.199836065573771 7.073571428571428 5.801430260047281 5.194992548435173 2.1706352732119054 1.9578333333333342 
1.0676470588235294 4.446623376623377 3.9891803278688522 0.01 0.01 3.600640834575261 1.5156552643269658 0.9090000000000007 
0.5388235294117647 3.6293506493506498 5.610327868852459 0.01 0.01 5.034217585692996 0.4852598844957795 0.7591666666666672 
2.6541176470588232 4.563376623376625 6.347213114754099 0.01 0.01 4.659076005961253 0.8566814749000442 1.8080000000000007 
1.596470588235294 4.796883116883118 6.494590163934427 6.591964285714285 2.507222222222222 5.27538002980626 2.51010661928032 0.9090000000000007 
1.0676470588235294 2.695324675324676 5.1681967213114755 2.7391071428571427 0.01 3.667630402384501 0.03795646379386941 0.15983333333333372 
1.0676470588235294 2.2866883116883128 4.799754098360656 4.505 0.7113475177304964 4.94043219076006 2.210573078631719 0.45950000000000024 
0.5388235294117647 2.8120779220779224 4.578688524590164 4.0233928571428565 0.4456855791962175 2.622593144560358 1.623487338960462 0.6093333333333337 
6.355882352941176 3.6293506493506498 5.905081967213115 0.01 0.01 3.1719076005961258 0.2456330519768991 3.4561666666666673 
0.5388235294117647 5.322272727272727 3.9891803278688522 0.01 0.01 3.5872429210134134 2.442212350066637 6.153166666666667 
1.596470588235294 6.081168831168833 4.87344262295082 4.0233928571428565 0.01 4.364321907600597 0.7208929364726788 0.15983333333333372 
2.1252941176470586 4.621753246753247 4.578688524590164 0.01 0.01 4.297332339791357 0.6010795202132385 2.1076666666666677 
0.5388235294117647 4.680129870129871 4.431311475409836 5.147142857142857 0.01 4.80645305514158 1.751288316303865 0.010000000000000231 
4.240588235294117 2.403441558441559 4.062868852459016 3.220714285714285 0.01 3.2790909090909093 0.2416392714349178 3.1565000000000003 
0.5388235294117647 4.913636363636364 3.5470491803278685 7.234107142857143 2.0715366430260045 5.436154992548436 2.1466725899600174 0.45950000000000024 
5.827058823529411 2.403441558441559 5.462950819672131 0.01 0.01 4.042771982116245 0.8966192803198578 2.1076666666666677 
3.7117647058823526 6.781688311688313 3.9891803278688522 5.147142857142857 1.8696335697399526 4.096363636363637 2.046828076410484 2.7070000000000007 
4.7694117647058825 7.365454545454547 5.462950819672131 4.986607142857142 0.01 5.905081967213116 1.3079786761439358 3.306333333333334 
1.596470588235294 4.680129870129871 5.905081967213115 5.307678571428571 1.3914420803782506 4.458107302533533 0.9165881830297644 0.7591666666666672 
1.596470588235294 2.636948051948053 5.462950819672131 2.5785714285714283 0.9132505910165485 4.082965722801789 1.8990581963571747 2.5571666666666673 
1.0676470588235294 3.9796103896103907 5.757704918032787 8.036785714285713 1.4977068557919622 5.288777943368108 0.3973967125721901 0.45950000000000024 
0.01 6.256298701298702 6.6419672131147545 7.394642857142856 0.01 5.650521609538004 1.180177698800533 0.010000000000000231 
0.01 3.395844155844157 3.8418032786885243 0.01 0.01 3.3728763040238454 0.010000000000000009 0.010000000000000231 
1.596470588235294 3.6293506493506498 3.9891803278688522 3.3812499999999996 1.688983451536643 4.149955290611029 0.864669035984007 0.45950000000000024 
0.01 8.007597402597405 6.494590163934427 7.073571428571428 5.429503546099291 5.811296572280179 0.5851043980453132 0.7591666666666672 
1.0676470588235294 2.987207792207793 3.9891803278688522 2.2575 0.9451300236406619 3.5068554396423255 2.6858329631274986 0.15983333333333372 
1.0676470588235294 3.746103896103897 4.578688524590164 1.6153571428571427 2.964160756501182 3.3996721311475415 3.2170057752110166 0.15983333333333372 
5.827058823529411 5.789285714285716 6.93672131147541 5.307678571428571 1.5614657210401892 4.913636363636365 0.712905375388716 4.505000000000001 
0.01 4.271493506493508 0.01 0.01 0.01 4.53849478390462 3.4206885828520655 3.4561666666666673 
0.5388235294117647 3.9796103896103907 5.905081967213115 7.234107142857143 1.4126950354609928 4.6724739195231 0.5651354953354064 0.45950000000000024 
4.240588235294117 4.446623376623377 0.01 0.01 0.01 4.029374068554397 0.4293469569080408 2.5571666666666673 
1.0676470588235294 4.680129870129871 5.0208196721311475 4.505 2.1884278959810874 4.417913561847988 3.193043091959129 1.3585000000000003 
2.6541176470588232 3.1039610389610393 5.610327868852459 4.3444642857142854 0.01 4.779657228017885 1.2081341625944022 4.654833333333334 
2.1252941176470586 5.847662337662339 4.283934426229508 4.505 1.4977068557919622 3.962384500745157 0.8447001332741002 2.4073333333333338 
1.0676470588235294 0.7105194805194812 4.13655737704918 4.505 0.48819148936170215 3.2522950819672136 1.0244202576632608 0.15983333333333372 
6.884705882352941 5.906038961038963 6.052459016393443 3.060178571428571 1.1789125295508274 2.9843368107302535 0.676961350510884 5.404000000000002 
2.1252941176470586 4.913636363636364 5.1681967213114755 0.01 0.01 4.60548435171386 0.9086006219458018 0.45950000000000024 
6.884705882352941 3.6293506493506498 5.1681967213114755 0.01 0.01 4.592086438152013 0.700924033762772 4.654833333333334 
1.596470588235294 3.9212337662337666 4.13655737704918 6.270892857142857 0.01 4.042771982116245 1.9230208796090626 1.3585000000000003 
3.7117647058823526 3.6293506493506498 4.431311475409836 3.8628571428571425 0.01 3.5604470938897173 0.8806441581519326 1.2086666666666668 
1.0676470588235294 1.4110389610389618 4.578688524590164 2.0969642857142854 0.16939716312056738 2.702980625931446 0.7248867170146602 0.3096666666666672 
4.240588235294117 2.753701298701299 6.052459016393443 0.01 0.01 4.779657228017885 2.042834295868503 7.052166666666668 
4.240588235294117 3.2207142857142865 6.199836065573771 0.01 0.01 4.752861400894188 1.2480719680142156 4.355166666666667 
4.240588235294117 7.890844155844157 5.315573770491803 6.7524999999999995 1.3914420803782506 4.391117734724293 2.5700133274100403 2.2575000000000003 
0.5388235294117647 2.695324675324676 4.578688524590164 1.9364285714285714 0.4669385342789598 3.654232488822653 2.014877832074633 0.45950000000000024 
3.7117647058823526 3.8044805194805202 5.905081967213115 4.986607142857142 0.01 4.819850968703428 4.199475788538427 3.306333333333334 
4.240588235294117 3.2790909090909097 5.462950819672131 6.431428571428571 2.294692671394799 5.288777943368108 2.338374055975122 3.306333333333334 
1.596470588235294 3.746103896103897 4.578688524590164 3.8628571428571425 0.01 3.493457526080477 0.5890981785872945 0.6093333333333337 
1.0676470588235294 3.2207142857142865 3.8418032786885243 2.418035714285714 1.008888888888889 3.305886736214606 2.24252332296757 0.010000000000000231 
0.5388235294117647 2.8704545454545465 4.13655737704918 1.7758928571428572 0.01 3.024530551415798 1.3638916037316748 0.15983333333333372 
1.0676470588235294 5.555779220779222 5.536639344262295 0.01 0.01 3.4398658718330855 0.3654464682363393 1.2086666666666668 
4.7694117647058825 6.548181818181819 6.347213114754099 0.01 0.01 3.3326825633383015 0.6170546423811639 4.804666666666668 
1.596470588235294 3.045584415584416 4.13655737704918 5.468214285714286 1.2320449172576833 3.319284649776453 3.468613949355842 2.7070000000000007 
4.7694117647058825 4.388246753246754 5.905081967213115 5.628749999999999 0.01 3.895394932935917 0.7488494002665482 1.2086666666666668 
2.6541176470588232 7.131948051948054 5.610327868852459 0.01 0.01 6.132846497764532 1.0563705019991114 0.9090000000000007 
3.182941176470588 6.431428571428572 5.757704918032787 6.591964285714285 1.4977068557919622 6.186438152011924 1.9789338071968015 0.9090000000000007 
0.01 2.9288311688311697 5.1681967213114755 4.3444642857142854 1.2320449172576833 5.838092399403876 1.084326965792981 0.010000000000000231 
1.596470588235294 1.7612987012987023 5.0208196721311475 4.505 0.48819148936170215 3.9891803278688527 0.8686628165259884 0.3096666666666672 
0.5388235294117647 5.847662337662339 6.052459016393443 6.431428571428571 0.01 5.543338301043219 2.1227099067081294 1.0588333333333342 
1.596470588235294 7.949220779220781 4.726065573770492 4.0233928571428565 0.7538534278959811 4.565290611028317 0.780799644602399 0.7591666666666672 
1.0676470588235294 3.687727272727274 5.462950819672131 4.826071428571428 1.0726477541371158 4.511698956780925 1.3119724566859172 0.3096666666666672 
0.01 3.337467532467533 5.610327868852459 0.01 0.01 4.793055141579733 0.489253665037761 0.7591666666666672 
6.884705882352941 4.796883116883118 6.6419672131147545 0.01 0.01 5.824694485842027 2.026859173700577 3.1565000000000003 
3.7117647058823526 8.883246753246755 6.6419672131147545 0.01 0.01 5.3423695976155 1.4996801421590404 3.0066666666666677 
3.182941176470588 2.403441558441559 5.757704918032787 0.01 0.01 4.190149031296572 1.2241092847623278 3.1565000000000003 
0.5388235294117647 3.9212337662337666 6.93672131147541 0.01 0.01 4.40451564828614 0.7568369613505108 3.6060000000000008 
1.0676470588235294 2.8120779220779224 5.610327868852459 3.220714285714285 0.01 3.2522950819672136 6.479924478009773 1.0588333333333342 
2.1252941176470586 3.045584415584416 4.13655737704918 2.7391071428571427 0.5306973995271868 2.796766020864382 1.0563705019991114 0.7591666666666672 
0.5388235294117647 4.15474025974026 5.1681967213114755 4.826071428571428 1.0301418439716312 4.645678092399405 1.811195024433585 1.6581666666666672 
6.355882352941176 3.2790909090909097 6.199836065573771 5.307678571428571 1.1257801418439717 4.029374068554397 1.6474500222123498 3.7558333333333342 
2.6541176470588232 3.8628571428571434 5.0208196721311475 0.01 0.01 3.493457526080477 0.864669035984007 1.3585000000000003 
2.1252941176470586 3.2207142857142865 5.0208196721311475 6.110357142857143 0.01 4.40451564828614 0.2775832963127498 1.8080000000000007 
2.1252941176470586 4.972012987012988 4.431311475409836 1.9364285714285714 2.4647163120567375 3.6944262295081973 1.8032074633496222 1.5083333333333337 
6.355882352941176 2.345064935064936 5.315573770491803 4.986607142857142 0.01 3.9891803278688527 0.8846379386939136 3.7558333333333342 
1.0676470588235294 2.5201948051948055 0.01 3.702321428571428 0.01 3.8819970193740687 2.7856774766770322 0.6093333333333337 
1.596470588235294 3.2790909090909097 5.0208196721311475 3.702321428571428 0.8707446808510638 4.2437406855439646 3.4885828520657487 1.0588333333333342 
0.01 4.796883116883118 6.199836065573771 4.665535714285714 2.294692671394799 4.123159463487333 1.775250999555753 0.45950000000000024 
2.1252941176470586 6.431428571428572 4.578688524590164 4.986607142857142 3.0279196217494087 4.40451564828614 0.6450111061750332 0.3096666666666672 
1.0676470588235294 2.8120779220779224 4.578688524590164 4.505 0.01 4.2437406855439646 0.21767658818302982 0.45950000000000024 
0.5388235294117647 3.9212337662337666 6.347213114754099 3.060178571428571 0.01 4.042771982116245 0.2695957352287872 0.3096666666666672 
0.5388235294117647 5.03038961038961 5.1681967213114755 2.0969642857142854 1.1257801418439717 3.480059612518629 1.5835495335406486 0.15983333333333372 
0.01 4.32987012987013 4.726065573770492 3.702321428571428 0.9557565011820331 0.01 6.611719235895157 0.010000000000000231 
3.7117647058823526 6.840064935064936 6.347213114754099 0.01 0.01 4.082965722801789 0.3574589071523767 3.9056666666666677 
0.01 5.555779220779222 4.578688524590164 2.7391071428571427 2.241560283687943 2.970938897168406 0.525197689915593 0.010000000000000231 
1.0676470588235294 2.5785714285714296 5.462950819672131 3.060178571428571 0.5732033096926714 3.895394932935917 0.6130608618391825 0.15983333333333372 
1.596470588235294 1.994805194805195 5.1681967213114755 0.01 0.01 4.364321907600597 0.7768058640604176 2.7070000000000007 
1.0676470588235294 3.6293506493506498 4.13655737704918 4.3444642857142854 1.763368794326241 3.895394932935917 1.3998356286095068 0.15983333333333372 
0.01 3.1623376623376633 6.052459016393443 2.418035714285714 0.9026241134751773 3.3862742175856932 0.8926254997778764 0.15983333333333372 
1.0676470588235294 2.2283116883116887 3.8418032786885243 3.541785714285714 1.2320449172576833 3.828405365126677 6.483918258551755 0.6093333333333337 
0.5388235294117647 2.053181818181819 5.905081967213115 4.0233928571428565 0.4031796690307329 3.4130700447093894 2.026859173700577 0.15983333333333372 
0.5388235294117647 2.5201948051948055 4.431311475409836 5.949821428571428 0.8069858156028369 4.994023845007453 1.7313194135939582 0.15983333333333372 
2.1252941176470586 1.8780519480519486 4.578688524590164 0.01 0.01 4.565290611028317 1.2600533096401598 0.6093333333333337 
0.01 2.987207792207793 4.726065573770492 6.270892857142857 1.1257801418439717 5.985469448584204 1.1602087960906262 0.15983333333333372 
1.0676470588235294 5.964415584415585 5.1681967213114755 6.110357142857143 3.835531914893617 3.7614157973174374 1.0443891603731674 1.2086666666666668 
0.5388235294117647 6.1395454545454555 5.0208196721311475 4.665535714285714 1.3595626477541372 3.935588673621461 1.0923145268769434 3.1565000000000003 
0.5388235294117647 2.1115584415584423 5.462950819672131 1.7758928571428572 0.6475886524822695 4.029374068554397 1.8032074633496222 0.15983333333333372 
0.5388235294117647 2.8704545454545465 5.1681967213114755 4.986607142857142 0.01 4.082965722801789 0.9565259884495778 0.3096666666666672 
0.01 4.680129870129871 5.1681967213114755 3.220714285714285 0.01 3.681028315946349 0.712905375388716 2.2575000000000003 
2.1252941176470586 4.7385064935064936 5.905081967213115 0.01 0.01 4.3375260804769 1.8391514882274542 0.9090000000000007 
0.5388235294117647 3.9796103896103907 5.315573770491803 4.826071428571428 1.8802600472813238 4.618882265275708 1.8072012438916039 0.6093333333333337 
4.240588235294117 8.124350649350651 4.726065573770492 0.01 0.01 3.131713859910582 2.382305641936917 1.6581666666666672 
2.6541176470588232 4.680129870129871 5.462950819672131 0.01 0.01 4.565290611028317 0.5771168369613505 2.5571666666666673 
1.0676470588235294 2.9288311688311697 5.0208196721311475 2.8996428571428567 0.817612293144208 3.493457526080477 1.9389960017769883 0.010000000000000231 
3.182941176470588 8.766493506493507 5.757704918032787 0.01 0.01 3.1585096870342775 0.2136828076410484 5.703666666666667 
2.6541176470588232 5.439025974025975 7.968360655737705 0.01 0.01 6.548181818181819 0.6050733007552198 2.4073333333333338 
2.1252941176470586 2.9288311688311697 4.799754098360656 3.541785714285714 0.01 3.319284649776453 0.289564637938694 0.010000000000000231 
2.1252941176470586 5.964415584415585 6.273524590163935 4.3444642857142854 1.0726477541371158 3.8819970193740687 0.4533096401599288 0.9090000000000007 
1.596470588235294 3.9212337662337666 4.578688524590164 0.01 0.01 3.0379284649776457 0.2656019546868058 0.010000000000000231 
1.596470588235294 3.2207142857142865 4.578688524590164 3.060178571428571 0.7963593380614657 2.9307451564828617 0.8127498889382494 0.7591666666666672 
3.7117647058823526 8.007597402597405 6.199836065573771 3.3812499999999996 2.050283687943262 4.819850968703428 2.0388405153265214 4.505000000000001 
4.7694117647058825 3.395844155844157 5.610327868852459 5.949821428571428 0.01 4.417913561847988 2.3543491781430474 3.7558333333333342 
0.01 4.0963636363636375 5.905081967213115 5.468214285714286 3.03854609929078 5.931877794336812 0.3654464682363393 0.9090000000000007 
3.182941176470588 5.263896103896105 5.1681967213114755 3.702321428571428 1.3914420803782506 4.752861400894188 1.8631141714793427 1.2086666666666668 
3.7117647058823526 6.19792207792208 5.757704918032787 4.665535714285714 1.348936170212766 4.726065573770493 2.462181252776544 4.954500000000001 
1.0676470588235294 3.045584415584416 5.0208196721311475 2.0969642857142854 0.5306973995271868 2.836959761549926 2.2824611283873835 0.7591666666666672 
1.0676470588235294 3.9212337662337666 4.431311475409836 0.01 0.01 3.5202533532041733 1.0683518436250554 0.3096666666666672 
0.5388235294117647 4.505000000000001 5.757704918032787 6.270892857142857 0.7963593380614657 5.235186289120716 0.7408618391825854 1.0588333333333342 
2.6541176470588232 2.5785714285714296 5.757704918032787 4.826071428571428 0.01 3.707824143070045 0.7288804975566414 2.4073333333333338 
5.298235294117647 5.555779220779222 5.905081967213115 0.01 0.01 3.6408345752608056 5.453522878720568 5.404000000000002 
2.6541176470588232 3.2207142857142865 3.9891803278688522 4.505 0.8919976359338062 4.565290611028317 1.6913816081741446 1.3585000000000003 
1.0676470588235294 3.746103896103897 5.905081967213115 0.01 0.01 3.6274366616989573 0.7328742780986228 4.654833333333334 
1.0676470588235294 6.4898051948051965 5.462950819672131 2.7391071428571427 1.0301418439716312 3.5738450074515655 1.4277920924033762 0.9090000000000007 
0.01 3.6293506493506498 5.1681967213114755 5.949821428571428 1.5827186761229315 5.288777943368108 2.1147223456241666 0.15983333333333372 
0.01 7.190324675324677 0.01 0.01 0.01 4.3375260804769 3.049266992447801 1.3585000000000003 
4.240588235294117 8.883246753246755 5.610327868852459 4.665535714285714 2.985413711583924 5.034217585692996 2.1147223456241666 5.404000000000002 
6.884705882352941 4.972012987012988 0.01 4.826071428571428 0.01 5.355767511177348 1.9709462461128382 3.4561666666666673 
4.7694117647058825 7.015194805194806 5.757704918032787 0.01 0.01 4.40451564828614 0.289564637938694 3.6060000000000008 
0.01 4.972012987012988 8.115737704918033 7.394642857142856 1.3914420803782506 9.0 0.9725011106175032 0.7591666666666672 
2.6541176470588232 3.45422077922078 7.968360655737705 5.949821428571428 0.01 5.261982116244412 0.9165881830297644 6.602666666666668 
3.7117647058823526 6.723311688311689 4.87344262295082 0.01 0.01 4.082965722801789 1.228103065304309 2.2575000000000003 
3.182941176470588 8.124350649350651 6.93672131147541 0.01 0.01 5.47634873323398 5.533398489560195 3.6060000000000008 
0.5388235294117647 3.1039610389610393 5.0208196721311475 3.3812499999999996 0.01 3.654232488822653 4.071674811195024 0.15983333333333372 
2.1252941176470586 5.672532467532468 5.462950819672131 0.01 0.01 3.707824143070045 0.6729675699689026 2.8568333333333342 
1.596470588235294 5.147142857142859 5.905081967213115 0.01 0.01 4.618882265275708 1.3039848956019546 3.4561666666666673 
2.1252941176470586 7.423831168831171 5.315573770491803 0.01 0.01 5.851490312965724 1.6115059973345178 0.7591666666666672 
0.5388235294117647 4.7385064935064936 3.6944262295081964 6.431428571428571 1.7846217494089835 4.47150521609538 3.540501999111506 1.0588333333333342 
6.355882352941176 6.256298701298702 5.1681967213114755 6.431428571428571 2.889775413711584 5.610327868852459 2.6618702798756106 2.5571666666666673 
1.0676470588235294 5.964415584415585 5.610327868852459 5.628749999999999 2.0715366430260045 5.128002980625933 1.0124389160373166 1.2086666666666668 
2.6541176470588232 3.2207142857142865 5.462950819672131 4.3444642857142854 0.01 3.895394932935917 0.5092225677476677 1.6581666666666672 
2.6541176470588232 0.010000000000000675 4.578688524590164 0.01 0.01 3.3594783904619976 2.042834295868503 2.2575000000000003 
3.7117647058823526 6.022792207792209 5.610327868852459 0.01 0.01 5.288777943368108 0.7248867170146602 3.306333333333334 
0.01 5.4974025974025995 4.431311475409836 5.628749999999999 1.7846217494089835 4.645678092399405 1.8311639271434919 0.010000000000000231 
3.182941176470588 3.395844155844157 6.6419672131147545 6.270892857142857 0.01 4.793055141579733 2.3902932030208794 1.0588333333333342 
4.240588235294117 3.687727272727274 5.905081967213115 0.01 0.01 3.305886736214606 3.1171612616614834 1.9578333333333342 
0.01 3.395844155844157 5.536639344262295 3.702321428571428 0.01 0.01 1.9829275877387826 0.010000000000000231 
1.0676470588235294 3.746103896103897 4.578688524590164 5.147142857142857 0.6050827423167848 3.3862742175856932 0.20968902709906712 0.010000000000000231 
1.596470588235294 2.1699350649350655 6.347213114754099 2.5785714285714283 0.7113475177304964 3.6944262295081973 0.9205819635717458 0.15983333333333372 
2.1252941176470586 4.972012987012988 6.347213114754099 3.220714285714285 2.8791489361702127 4.712667660208645 0.6210484229231453 0.3096666666666672 
0.01 3.337467532467533 4.799754098360656 4.505 0.01 3.305886736214606 0.6450111061750332 0.15983333333333372 
4.7694117647058825 5.906038961038963 5.905081967213115 7.394642857142856 1.3914420803782506 5.087809239940388 2.24252332296757 2.8568333333333342 
0.01 3.337467532467533 4.726065573770492 2.7391071428571427 0.01 2.8235618479880777 0.7049178143047534 0.010000000000000231 
3.7117647058823526 7.832467532467534 6.199836065573771 0.01 0.01 5.355767511177348 1.0204264771212794 3.0066666666666677 
0.5388235294117647 7.190324675324677 5.462950819672131 2.7391071428571427 1.540212765957447 3.145111773472429 1.483705019991115 1.8080000000000007 
6.355882352941176 2.8120779220779224 4.578688524590164 1.13375 2.7516312056737586 3.707824143070045 3.396725899600177 3.4561666666666673 
0.5388235294117647 1.5861688311688318 3.5470491803278685 2.8996428571428567 0.817612293144208 2.74317436661699 0.9884762327854284 0.15983333333333372 
2.1252941176470586 2.8120779220779224 5.905081967213115 0.01 0.01 5.663919523099852 0.6450111061750332 1.2086666666666668 
3.182941176470588 3.5709740259740266 5.1681967213114755 5.147142857142857 0.7326004728132388 4.136557377049181 0.185726343847179 2.4073333333333338 
0.5388235294117647 4.0963636363636375 4.87344262295082 5.789285714285714 2.1352955082742313 5.114605067064084 0.852687694358063 0.010000000000000231 
0.01 4.271493506493508 5.905081967213115 4.986607142857142 0.5732033096926714 6.065856929955292 0.053931585961794815 0.45950000000000024 
0.01 4.972012987012988 5.905081967213115 0.01 0.01 4.190149031296572 2.5061128387383382 1.2086666666666668 
1.596470588235294 2.1115584415584423 0.01 0.01 0.01 0.01 0.3934029320302087 0.15983333333333372 
1.0676470588235294 4.855259740259742 3.399672131147541 3.3812499999999996 3.569869976359338 4.618882265275708 0.4013904931141715 0.15983333333333372 
0.5388235294117647 2.695324675324676 5.0208196721311475 1.2942857142857143 0.01 3.2924888226527576 4.2434073745002205 2.2575000000000003 
0.01 2.753701298701299 5.0208196721311475 5.147142857142857 2.241560283687943 5.355767511177348 1.2201155042203464 0.6093333333333337 
2.6541176470588232 5.555779220779222 5.905081967213115 5.628749999999999 1.7102364066193854 4.2437406855439646 1.1402398933807196 0.6093333333333337 
0.01 5.0887662337662345 0.01 0.01 0.01 5.797898658718332 0.7768058640604176 0.7591666666666672 
3.182941176470588 4.7385064935064936 5.757704918032787 4.986607142857142 0.01 3.707824143070045 1.954971123944913 4.205333333333334 
0.01 3.687727272727274 4.578688524590164 4.826071428571428 0.7963593380614657 4.913636363636365 2.7217769880053306 0.6093333333333337 
2.6541176470588232 1.9364285714285718 6.052459016393443 6.591964285714285 0.4563120567375887 4.80645305514158 0.3215148822745446 2.1076666666666677 
5.298235294117647 4.15474025974026 0.01 0.01 0.01 4.7394634873323405 0.2336517103509551 1.2086666666666668 
0.5388235294117647 8.007597402597405 4.726065573770492 4.826071428571428 1.9227659574468086 4.578688524590165 1.0084451354953352 2.5571666666666673 
0.01 4.388246753246754 4.726065573770492 2.8996428571428567 0.9876359338061466 4.685871833084948 2.593976010661928 0.3096666666666672 
7.94235294117647 5.380649350649351 5.1681967213114755 5.147142857142857 1.1789125295508274 4.980625931445604 0.3095335406486006 3.306333333333334 
1.0676470588235294 3.8628571428571434 5.462950819672131 4.665535714285714 1.3383096926713949 4.350923994038749 2.4861439360284314 0.9090000000000007 
1.0676470588235294 4.563376623376625 4.431311475409836 2.8996428571428567 1.1364066193853428 4.002578241430701 2.5620257663260775 0.15983333333333372 
0.5388235294117647 4.563376623376625 4.726065573770492 5.147142857142857 1.6677304964539008 4.712667660208645 2.462181252776544 1.3585000000000003 
4.7694117647058825 5.263896103896105 5.462950819672131 5.307678571428571 0.6475886524822695 3.480059612518629 1.5356241670368724 9.000000000000002 
0.5388235294117647 3.8044805194805202 2.8101639344262295 2.8996428571428567 1.285177304964539 3.1049180327868857 1.3239537983118614 0.7591666666666672 
3.182941176470588 5.439025974025975 4.505 0.01 0.01 3.2522950819672136 0.3015459795646379 5.104333333333335 
0.5388235294117647 5.789285714285716 6.199836065573771 3.702321428571428 3.304208037825059 5.690715350223548 3.9957929808973778 0.15983333333333372 
1.0676470588235294 2.5201948051948055 4.283934426229508 2.5785714285714283 0.5625768321513003 4.391117734724293 0.3614526876943581 0.6093333333333337 
0.01 5.439025974025975 6.199836065573771 4.3444642857142854 0.01 3.667630402384501 0.6210484229231453 5.703666666666667 
3.7117647058823526 5.205519480519481 6.494590163934427 2.418035714285714 1.6571040189125297 4.350923994038749 0.7448556197245668 2.4073333333333338 
2.1252941176470586 2.345064935064936 6.6419672131147545 3.702321428571428 0.6050827423167848 5.302175856929956 0.3334962239004887 0.6093333333333337 
3.182941176470588 6.081168831168833 5.315573770491803 5.628749999999999 0.01 4.511698956780925 2.202585517547756 4.355166666666667 
1.596470588235294 7.715714285714288 6.347213114754099 4.3444642857142854 1.6677304964539008 4.47150521609538 4.307307863171923 4.654833333333334 
1.596470588235294 8.591363636363639 5.0208196721311475 2.418035714285714 1.3914420803782506 4.149955290611029 0.8926254997778764 1.9578333333333342 
7.4135294117647055 7.657337662337664 4.578688524590164 4.826071428571428 0.01 4.511698956780925 0.5451665926254997 2.5571666666666673 
4.7694117647058825 3.9796103896103907 6.052459016393443 3.8628571428571425 0.01 3.788211624441133 4.818511772545534 4.355166666666667 
3.182941176470588 2.5201948051948055 5.905081967213115 0.01 0.01 3.1183159463487335 0.033962683251888115 1.6581666666666672 
3.182941176470588 8.824870129870131 5.1681967213114755 0.01 0.01 4.149955290611029 1.0084451354953352 1.5083333333333337 
0.01 5.147142857142859 5.757704918032787 0.01 0.01 4.350923994038749 1.2680408707241224 0.010000000000000231 
0.01 4.0379870129870135 5.610327868852459 0.01 0.01 4.47150521609538 0.8087561083962684 0.3096666666666672 
3.7117647058823526 4.0963636363636375 5.610327868852459 2.7391071428571427 1.1789125295508274 3.1987034277198214 1.5595868502887604 1.5083333333333337 
1.596470588235294 4.446623376623377 5.1681967213114755 4.826071428571428 1.4445744680851065 5.757704918032788 1.5036739227010216 1.3585000000000003 
0.01 6.89844155844156 5.610327868852459 9.0 1.0726477541371158 7.137690014903131 2.7297645490892934 0.6093333333333337 
0.01 4.855259740259742 5.905081967213115 5.949821428571428 2.241560283687943 4.87344262295082 2.909484673478454 0.3096666666666672 
3.182941176470588 3.746103896103897 3.252295081967213 3.220714285714285 1.3914420803782506 3.2254992548435175 2.9454286983562854 2.1076666666666677 
0.5388235294117647 2.636948051948053 1.7785245901639344 3.060178571428571 0.27566193853427895 3.7346199701937413 1.931008440693025 0.010000000000000231 
0.5388235294117647 5.03038961038961 4.431311475409836 3.702321428571428 1.816501182033097 3.8418032786885252 2.462181252776544 0.010000000000000231 
5.298235294117647 4.563376623376625 5.757704918032787 4.986607142857142 0.01 3.707824143070045 1.7433007552199022 3.6060000000000008 
1.596470588235294 1.994805194805195 3.6944262295081964 5.147142857142857 0.9451300236406619 4.163353204172877 0.688942692136828 0.7591666666666672 
1.0676470588235294 8.941623376623378 5.1681967213114755 7.234107142857143 5.780177304964539 4.096363636363637 0.3295024433585073 4.804666666666668 
2.6541176470588232 4.15474025974026 7.231475409836065 0.01 0.01 7.097496274217587 0.5331852509995557 1.0588333333333342 
6.884705882352941 3.5125974025974034 5.315573770491803 0.01 0.01 4.190149031296572 1.5555930697467792 2.5571666666666673 
5.298235294117647 7.890844155844157 5.1681967213114755 0.01 0.01 4.712667660208645 0.4972412261217237 2.4073333333333338 
3.182941176470588 3.45422077922078 4.87344262295082 0.01 0.01 3.2656929955290614 0.6929364726788094 1.2086666666666668 
0.5388235294117647 3.2790909090909097 5.315573770491803 1.9364285714285714 0.7538534278959811 3.3996721311475415 2.326392714349178 1.0588333333333342 
0.5388235294117647 5.555779220779222 3.399672131147541 3.060178571428571 0.8919976359338062 3.855201192250373 2.3104175921812526 0.15983333333333372 
3.7117647058823526 3.45422077922078 4.87344262295082 5.147142857142857 0.01 5.248584202682564 1.0723456241670366 1.5083333333333337 
0.5388235294117647 3.1039610389610393 4.726065573770492 3.060178571428571 0.881371158392435 2.448420268256334 0.8926254997778764 0.010000000000000231 
2.6541176470588232 3.9796103896103907 4.87344262295082 0.01 0.01 5.07441132637854 0.7408618391825854 3.0066666666666677 
4.240588235294117 5.789285714285716 4.87344262295082 0.01 0.01 4.685871833084948 0.2136828076410484 3.0066666666666677 
0.5388235294117647 3.8044805194805202 4.431311475409836 1.2942857142857143 1.9440189125295508 3.4130700447093894 3.480595290981786 0.010000000000000231 
4.240588235294117 8.299480519480522 6.6419672131147545 5.628749999999999 2.4009574468085106 4.632280178837557 1.3878542869835626 2.4073333333333338 
1.0676470588235294 4.563376623376625 3.8418032786885243 6.913035714285714 1.688983451536643 4.860044709388973 2.95741003998223 1.0588333333333342 
1.596470588235294 2.2283116883116887 5.1681967213114755 0.01 0.01 2.836959761549926 1.2520657485561972 0.6093333333333337 
1.596470588235294 6.664935064935067 5.610327868852459 5.789285714285714 2.6134869976359334 4.2437406855439646 3.0971923589515766 1.0588333333333342 
4.240588235294117 1.7612987012987023 5.1681967213114755 6.431428571428571 0.5306973995271868 4.7394634873323405 2.514100399822301 2.7070000000000007 
2.1252941176470586 5.964415584415585 6.789344262295082 0.01 0.01 4.190149031296572 1.8511328298533987 6.003333333333334 
3.7117647058823526 7.248701298701301 6.494590163934427 6.7524999999999995 3.4210992907801416 5.128002980625933 2.841590404264771 2.8568333333333342 
0.5388235294117647 8.708116883116885 3.6944262295081964 2.5785714285714283 3.9949290780141844 3.480059612518629 2.314411372723234 0.45950000000000024 
2.1252941176470586 4.446623376623377 5.0208196721311475 0.01 0.01 3.9757824143070053 2.5300755219902267 1.9578333333333342 
0.5388235294117647 1.5861688311688318 5.757704918032787 8.036785714285713 0.48819148936170215 4.458107302533533 1.3838605064415817 0.010000000000000231 
1.596470588235294 1.002402597402598 6.052459016393443 4.505 0.01 4.618882265275708 0.6689737894269213 3.7558333333333342 
3.182941176470588 4.15474025974026 4.431311475409836 6.270892857142857 0.01 4.525096870342773 0.676961350510884 2.8568333333333342 
0.5388235294117647 4.913636363636364 6.052459016393443 2.7391071428571427 1.954645390070922 3.6944262295081973 0.15776988005330966 0.15983333333333372 
4.240588235294117 3.8628571428571434 5.610327868852459 0.01 0.01 3.7346199701937413 0.6450111061750332 5.553833333333333 
0.5388235294117647 2.5201948051948055 5.757704918032787 4.3444642857142854 0.3500472813238771 4.645678092399405 0.10185695246557086 0.15983333333333372 
1.596470588235294 8.357857142857144 5.1681967213114755 3.541785714285714 2.1352955082742313 4.886840536512668 1.3279475788538426 2.2575000000000003 
3.182941176470588 3.9212337662337666 4.726065573770492 6.270892857142857 0.01 4.592086438152013 0.7368680586406042 0.45950000000000024 
2.6541176470588232 6.022792207792209 5.536639344262295 0.01 0.01 4.015976154992549 1.4317858729453574 1.0588333333333342 
5.298235294117647 4.15474025974026 0.01 0.01 0.01 0.01 0.7408618391825854 1.3585000000000003 
1.596470588235294 6.956818181818184 5.1681967213114755 2.8996428571428567 1.1257801418439717 4.2437406855439646 0.7688183029764548 1.0588333333333342 
0.5388235294117647 2.987207792207793 4.87344262295082 2.0969642857142854 0.413806146572104 2.635991058122206 1.0324078187472232 0.6093333333333337 
1.0676470588235294 5.03038961038961 7.084098360655737 0.01 0.01 3.0379284649776457 0.7688183029764548 0.010000000000000231 
1.0676470588235294 2.403441558441559 4.799754098360656 0.01 0.01 5.315573770491804 3.412701021768103 0.9090000000000007 
0.01 0.7688961038961044 4.431311475409836 0.01 0.01 2.9173472429210134 2.633913816081741 6.902333333333335 
2.1252941176470586 5.906038961038963 6.052459016393443 2.8996428571428567 0.01 4.364321907600597 0.6370235450910705 7.351833333333335 
0.01 5.964415584415585 5.1681967213114755 0.01 0.01 5.087809239940388 1.0324078187472232 1.0588333333333342 
0.5388235294117647 2.5785714285714296 4.578688524590164 3.8628571428571425 0.47756501182033095 4.015976154992549 1.3838605064415817 0.3096666666666672 
3.7117647058823526 5.380649350649351 6.6419672131147545 0.01 0.01 4.015976154992549 0.537179031541537 4.355166666666667 
4.240588235294117 4.796883116883118 5.462950819672131 6.110357142857143 0.8069858156028369 3.480059612518629 0.3454775655264327 2.7070000000000007 
4.240588235294117 2.987207792207793 5.315573770491803 0.01 0.01 4.94043219076006 1.6354686805864058 5.404000000000002 
6.355882352941176 4.505000000000001 5.757704918032787 2.7391071428571427 0.01 3.5604470938897173 0.7328742780986228 6.153166666666667 
0.5388235294117647 3.2790909090909097 5.462950819672131 1.9364285714285714 0.4988179669030733 2.622593144560358 0.2935584184806752 1.0588333333333342 
0.5388235294117647 2.2283116883116887 4.726065573770492 2.0969642857142854 1.01951536643026 2.850357675111774 1.355904042647712 0.3096666666666672 
0.01 5.4974025974025995 0.01 0.01 0.01 4.87344262295082 3.4246823633940466 0.6093333333333337 
1.0676470588235294 3.5709740259740266 4.283934426229508 6.431428571428571 1.008888888888889 4.685871833084948 0.5970857396712572 0.6093333333333337 
1.0676470588235294 5.672532467532468 4.283934426229508 5.468214285714286 1.3701891252955083 3.4130700447093894 2.490137716570413 0.45950000000000024 
1.0676470588235294 3.2790909090909097 3.9891803278688522 4.505 1.1257801418439717 5.07441132637854 1.6873878276321634 0.45950000000000024 
3.182941176470588 3.687727272727274 6.494590163934427 0.01 0.01 4.94043219076006 2.60196357174589 1.5083333333333337 
3.7117647058823526 3.1039610389610393 5.610327868852459 5.147142857142857 0.9770094562647754 5.489746646795828 3.1770679697912034 1.6581666666666672 
