1.2942857142857143 7.012261306532664 3.8418032786885243 3.862857142857143 5.748297872340426 5.867121212121212 0.6318531169940222 0.7591666666666668 
8.357857142857142 7.147788944723618 8.410491803278688 0.01 0.01 6.411969696969696 0.6971093082835185 4.317708333333332 
1.2942857142857143 3.8047738693467337 0.01 0.01 0.01 0.01 0.8775234842015371 0.009999999999999787 
1.2942857142857143 3.6692462311557787 5.315573770491803 2.1504761904761907 0.817612293144208 4.56553872053872 1.8103031596925705 0.7591666666666668 
4.505 8.45788944723618 5.0208196721311475 5.575238095238095 3.240449172576832 5.715774410774411 0.685593509820666 3.755833333333333 
5.789285714285714 5.61180904522613 5.1681967213114755 4.719047619047619 4.281843971631205 5.367676767676767 0.7930742954739538 2.4447916666666667 
3.220714285714285 4.798643216080402 6.052459016393443 4.2909523809523815 0.01 5.988198653198653 0.8084286934244236 3.1939583333333332 
0.6521428571428571 4.346884422110553 9.0 0.01 0.01 3.4001683501683497 0.5051793339026474 1.1337499999999996 
0.01 6.831557788944724 6.6419672131147545 6.574126984126985 0.01 6.381700336700336 1.1347096498719043 0.009999999999999787 
0.6521428571428571 0.01 5.0208196721311475 5.004444444444445 0.01 4.853097643097643 1.2038044406490178 0.1972916666666662 
2.5785714285714283 4.979346733668342 4.87344262295082 0.01 0.01 4.837962962962962 1.5185695986336465 1.5083333333333333 
0.6521428571428571 4.346884422110553 4.726065573770492 3.862857142857143 0.9345035460992908 5.034713804713805 0.8199444918872758 0.009999999999999787 
1.9364285714285714 5.88286432160804 4.726065573770492 0.01 0.01 3.506111111111111 0.9159094790777114 0.1972916666666662 
0.6521428571428571 4.572763819095477 3.6944262295081964 2.1504761904761907 0.39255319148936174 3.672592592592592 1.7296925704526047 0.9464583333333327 
1.9364285714285714 5.114874371859297 3.252295081967213 1.8650793650793653 0.01 3.4001683501683497 0.24799316823228018 0.1972916666666662 
1.2942857142857143 4.166180904522613 3.8418032786885243 0.01 0.01 4.56553872053872 0.2518317677198975 0.1972916666666662 
0.01 4.256532663316583 5.1681967213114755 3.862857142857143 1.2320449172576833 6.593585858585858 1.0425832621690863 0.009999999999999787 
3.8628571428571425 4.663115577889447 5.315573770491803 4.576349206349207 2.02903073286052 5.715774410774411 0.9542954739538856 6.377916666666666 
1.9364285714285714 3.6240703517587938 0.01 0.01 0.01 0.01 0.3785055508112724 0.1972916666666662 
1.2942857142857143 4.753467336683417 5.536639344262295 0.01 0.01 3.536380471380471 1.8602049530315972 6.003333333333332 
1.2942857142857143 3.3981909547738693 4.726065573770492 3.434761904761905 0.5944562647754137 4.505 1.130871050384287 2.2575 
0.01 6.334623115577889 4.799754098360656 3.7201587301587304 1.3914420803782506 6.457373737373737 1.3650256191289496 0.5718749999999999 
1.9364285714285714 8.232010050251256 5.462950819672131 0.01 0.01 4.626077441077441 1.0349060631938511 1.5083333333333333 
4.505 7.283316582914573 6.347213114754099 0.01 0.01 4.61094276094276 0.34395815542271563 4.879583333333333 
5.147142857142857 8.412713567839196 6.6419672131147545 5.004444444444445 2.4009574468085106 5.231464646464646 1.33431682322801 3.0066666666666664 
0.6521428571428571 5.2955778894472365 4.431311475409836 3.2920634920634924 1.1364066193853428 5.125521885521884 1.4993766011955594 1.1337499999999996 
4.505 4.663115577889447 4.87344262295082 4.576349206349207 0.01 5.927659932659933 1.0310674637062338 1.8829166666666661 
0.6521428571428571 5.7021608040201 4.13655737704918 4.148253968253968 1.625224586288416 4.353653198653198 2.785307429547395 0.009999999999999787 
1.2942857142857143 5.79251256281407 4.726065573770492 6.003333333333334 0.01 6.063872053872053 3.9368872758326217 0.5718749999999999 
1.9364285714285714 7.6447236180904525 5.462950819672131 2.7212698412698413 1.3383096926713949 4.53526936026936 0.73933390264731 1.8829166666666661 
3.8628571428571425 5.160050251256282 0.01 0.01 0.01 0.01 0.43608454312553363 0.9464583333333327 
5.789285714285714 4.121005025125628 5.0208196721311475 0.01 0.01 3.672592592592592 0.4783091374893254 6.939791666666666 
0.6521428571428571 4.843819095477387 5.0208196721311475 2.7212698412698413 0.01 4.020690235690235 0.34395815542271563 0.5718749999999999 
1.2942857142857143 3.081959798994975 4.578688524590164 1.8650793650793653 0.16939716312056738 3.052070707070707 0.6971093082835185 0.38458333333333306 
1.2942857142857143 6.06356783919598 5.1681967213114755 0.01 0.01 4.383922558922558 1.7911101622544834 0.38458333333333306 
4.505 8.322361809045226 6.199836065573771 4.719047619047619 0.01 5.382811447811448 1.0732920580700256 3.755833333333333 
2.5785714285714283 4.392060301507538 4.431311475409836 3.2920634920634924 0.01 4.277979797979797 1.4110888129803585 0.1972916666666662 
1.9364285714285714 5.2504020100502515 5.462950819672131 2.1504761904761907 1.1257801418439717 3.990420875420875 0.12131938514090518 0.5718749999999999 
4.505 3.6692462311557787 5.757704918032787 5.717936507936509 0.5200709219858156 7.077895622895623 0.712463706233988 3.9431249999999998 
0.01 5.385929648241206 4.726065573770492 2.5785714285714287 0.9876359338061466 5.292003367003367 2.4935738684884714 0.38458333333333306 
0.01 6.108743718592965 5.0208196721311475 6.003333333333334 2.6666193853427895 6.411969696969696 1.1116780529461998 0.5718749999999999 
1.2942857142857143 4.166180904522613 4.578688524590164 4.0055555555555555 0.01 4.792558922558922 0.2096071733561059 0.5718749999999999 
5.147142857142857 4.843819095477387 5.905081967213115 0.01 0.01 3.733131313131313 2.996430401366353 2.4447916666666667 
4.505 6.018391959798995 6.199836065573771 0.01 0.01 6.094141414141414 2.382254483347566 3.0066666666666664 
7.073571428571428 5.4311055276381905 5.905081967213115 5.28984126984127 1.6039716312056738 6.411969696969696 2.7238898377455167 5.066875 
0.01 4.572763819095477 4.578688524590164 0.01 0.01 3.324494949494949 1.0003586678052947 0.7591666666666668 
1.9364285714285714 5.4311055276381905 5.1681967213114755 4.2909523809523815 1.4445744680851065 6.502777777777777 1.4456362083689154 1.6956249999999993 
1.9364285714285714 6.424974874371859 5.905081967213115 2.1504761904761907 0.01 4.913636363636363 0.4783091374893254 7.876249999999999 
0.01 4.934170854271357 6.494590163934427 4.2909523809523815 0.01 4.928771043771043 2.992591801878736 3.1939583333333332 
0.01 5.385929648241206 4.87344262295082 3.862857142857143 0.01 5.882255892255891 0.7047865072587531 0.1972916666666662 
2.5785714285714283 5.160050251256282 4.799754098360656 0.01 0.01 3.324494949494949 1.3688642186165672 3.0066666666666664 
0.6521428571428571 6.244271356783919 6.052459016393443 0.01 0.01 6.079006734006734 0.6164987190435525 1.3210416666666664 
4.505 4.798643216080402 4.431311475409836 3.434761904761905 0.01 4.020690235690235 0.8468146883005978 1.5083333333333333 
0.01 6.108743718592965 6.93672131147541 6.574126984126985 1.550839243498818 6.1546801346801345 0.8007514944491885 0.9464583333333327 
0.01 4.617939698492462 3.8418032786885243 0.01 0.01 3.808804713804714 0.010000000000000009 0.009999999999999787 
3.220714285714285 6.15391959798995 6.052459016393443 0.01 0.01 0.01 2.1672929120409905 8.999999999999998 
0.6521428571428571 3.6692462311557787 5.462950819672131 5.860634920634921 0.6157092198581561 7.017356902356902 3.9176942783945337 2.070208333333333 
3.220714285714285 6.15391959798995 6.199836065573771 5.860634920634921 0.9451300236406619 5.3071380471380465 0.8084286934244236 2.6320833333333327 
0.6521428571428571 5.2504020100502515 5.757704918032787 4.148253968253968 1.9227659574468086 5.473619528619529 1.6145345858240818 0.7591666666666668 
1.2942857142857143 4.527587939698493 4.726065573770492 3.2920634920634924 0.01 4.505 1.123193851409052 0.009999999999999787 
2.5785714285714283 8.322361809045226 5.757704918032787 5.575238095238095 2.9535342789598107 5.60983164983165 0.7239795046968402 1.8829166666666661 
5.147142857142857 7.012261306532664 4.578688524590164 3.7201587301587304 5.270106382978724 5.155791245791246 1.7949487617421003 4.692291666666666 
2.5785714285714283 5.747336683417085 6.494590163934427 1.5796825396825398 1.6571040189125297 5.231464646464646 2.006071733561059 1.3210416666666664 
0.01 4.211356783919598 7.378852459016393 5.575238095238095 0.7751063829787235 6.578451178451178 3.6297993168232274 2.6320833333333327 
1.9364285714285714 4.482412060301508 4.578688524590164 2.7212698412698413 0.7963593380614657 3.309360269360269 0.7815584970111014 0.9464583333333327 
5.147142857142857 5.069698492462312 5.315573770491803 0.01 0.01 3.5817845117845115 2.9350128095644745 6.939791666666666 
0.6521428571428571 7.7802512562814075 5.0208196721311475 7.002222222222223 6.162730496453901 6.427104377104376 2.405286080273271 1.3210416666666664 
0.01 4.301708542713568 6.273524590163935 3.5774603174603175 0.39255319148936174 5.67037037037037 0.6587233134073442 0.5718749999999999 
1.9364285714285714 5.114874371859297 3.6944262295081964 1.4369841269841273 0.9132505910165485 4.474730639730639 2.1135525192143465 0.7591666666666668 
2.5785714285714283 7.7350753768844225 5.315573770491803 0.01 0.01 6.608720538720538 1.5492783945345856 0.9464583333333327 
3.220714285714285 8.45788944723618 5.610327868852459 3.862857142857143 2.2096808510638297 6.608720538720538 3.6797011101622545 6.003333333333332 
1.9364285714285714 5.024522613065327 6.6419672131147545 1.7223809523809526 0.8388652482269504 4.308249158249158 1.6106959863364645 1.5083333333333333 
6.431428571428571 8.096482412060302 5.1681967213114755 0.01 0.01 5.322272727272727 0.4783091374893254 3.0066666666666664 
1.2942857142857143 4.256532663316583 5.0208196721311475 2.5785714285714287 0.817612293144208 3.9450168350168346 1.8640435525192145 0.009999999999999787 
2.5785714285714283 4.979346733668342 5.610327868852459 2.8639682539682543 1.0726477541371158 4.308249158249158 0.16354397950469685 1.1337499999999996 
5.789285714285714 7.418844221105528 5.757704918032787 0.01 0.01 4.974175084175084 0.2787019641332195 4.504999999999999 
0.6521428571428571 4.527587939698493 4.87344262295082 2.1504761904761907 0.6050827423167848 3.5817845117845115 2.2670964987190434 0.9464583333333327 
2.5785714285714283 7.057437185929648 5.536639344262295 0.01 0.01 7.320050505050504 0.6241759180187874 2.070208333333333 
4.505 6.15391959798995 5.462950819672131 3.7201587301587304 1.4445744680851065 3.9450168350168346 2.1941631084543127 5.628749999999998 
0.6521428571428571 7.825427135678392 5.462950819672131 0.01 0.01 5.579562289562289 0.04838599487617423 3.1939583333333332 
0.01 5.4311055276381905 5.462950819672131 2.5785714285714287 0.679468085106383 4.626077441077441 0.804590093936806 0.9464583333333327 
3.220714285714285 3.3078391959798994 4.431311475409836 0.01 0.01 4.066094276094276 0.73933390264731 1.1337499999999996 
0.6521428571428571 5.61180904522613 4.431311475409836 4.576349206349207 0.01 5.428215488215487 1.6836293766011956 0.009999999999999787 
3.220714285714285 5.2504020100502515 5.462950819672131 0.01 0.01 3.884478114478114 0.48214773697694285 1.6956249999999993 
7.715714285714285 4.166180904522613 4.578688524590164 1.008888888888889 2.7516312056737586 4.187171717171717 3.2651323654995728 4.317708333333332 
1.9364285714285714 6.379798994974874 0.01 0.01 0.01 4.55040404040404 2.631763450042698 1.1337499999999996 
2.5785714285714283 6.424974874371859 6.347213114754099 0.01 0.01 6.669259259259259 2.1864859094790776 0.1972916666666662 
3.220714285714285 5.2955778894472365 6.347213114754099 4.2909523809523815 1.1257801418439717 5.927659932659933 0.6740777113578138 3.9431249999999998 
1.2942857142857143 5.069698492462312 5.536639344262295 4.576349206349207 0.01 5.413080808080808 0.2787019641332195 0.009999999999999787 
0.6521428571428571 4.392060301507538 4.726065573770492 2.7212698412698413 0.881371158392435 2.764511784511784 0.85833048676345 0.009999999999999787 
0.6521428571428571 3.3078391959798994 3.6944262295081964 1.4369841269841273 0.01 3.4909764309764304 0.6625619128949616 0.009999999999999787 
5.147142857142857 8.096482412060302 5.315573770491803 6.003333333333334 1.3914420803782506 4.959040404040404 2.470542271562767 2.8193749999999995 
0.6521428571428571 4.843819095477387 3.6944262295081964 2.7212698412698413 0.01 4.293114478114478 0.4053757472245944 1.5083333333333333 
0.6521428571428571 4.934170854271357 4.13655737704918 3.006666666666667 1.4445744680851065 3.8239393939393933 2.9081426131511527 0.38458333333333306 
2.5785714285714283 6.605678391959799 6.273524590163935 3.862857142857143 1.0726477541371158 4.383922558922558 0.43608454312553363 1.1337499999999996 
4.505 5.160050251256282 4.87344262295082 0.01 0.01 4.974175084175084 0.7009479077711358 3.9431249999999998 
6.431428571428571 5.205226130653267 0.01 0.01 0.01 0.01 0.712463706233988 1.6956249999999993 
3.8628571428571425 7.328492462311558 4.578688524590164 0.01 0.01 3.6877272727272725 0.3938599487617422 5.441458333333333 
4.505 4.934170854271357 5.905081967213115 4.433650793650794 0.01 5.443350168350167 4.036690862510675 4.130416666666665 
3.220714285714285 5.205226130653267 5.610327868852459 0.01 0.01 4.732020202020202 1.0272288642186165 4.317708333333332 
0.01 5.114874371859297 5.610327868852459 0.01 0.01 5.049848484848484 0.7777198975234842 0.38458333333333306 
8.357857142857142 6.560502512562814 6.052459016393443 2.7212698412698413 1.1789125295508274 3.3698989898989895 0.6510461144321094 6.7524999999999995 
1.9364285714285714 5.79251256281407 5.315573770491803 3.5774603174603175 2.02903073286052 4.913636363636363 1.8179803586678052 1.1337499999999996 
6.431428571428571 5.205226130653267 7.231475409836065 0.01 0.01 3.642323232323232 3.6336379163108457 2.4447916666666667 
0.6521428571428571 8.141658291457286 0.01 0.01 0.01 6.563316498316498 0.7930742954739538 3.755833333333333 
1.2942857142857143 4.798643216080402 4.13655737704918 3.862857142857143 1.763368794326241 4.399057239057239 1.3458326216908625 0.1972916666666662 
0.01 5.3407537688442215 6.199836065573771 6.7168253968253975 2.4540898345153663 6.9416835016835 1.8256575576430403 1.8829166666666661 
1.2942857142857143 5.160050251256282 5.0208196721311475 3.1493650793650794 0.01 4.353653198653198 0.0637403928266439 0.7591666666666668 
1.2942857142857143 4.888994974874372 5.905081967213115 0.01 0.01 4.096363636363636 0.7047865072587531 5.816041666666665 
3.220714285714285 4.482412060301508 5.462950819672131 3.862857142857143 0.01 4.399057239057239 0.48982493595217763 2.070208333333333 
1.2942857142857143 3.985477386934673 5.462950819672131 2.7212698412698413 0.5732033096926714 4.399057239057239 0.5896285226302305 0.1972916666666662 
2.5785714285714283 4.663115577889447 4.431311475409836 4.719047619047619 2.050283687943262 3.642323232323232 3.4186763450042696 2.2575 
0.6521428571428571 5.2955778894472365 6.494590163934427 3.434761904761905 1.550839243498818 5.231464646464646 1.2575448334756616 3.568541666666666 
3.220714285714285 4.482412060301508 3.9891803278688522 4.0055555555555555 0.8919976359338062 5.155791245791246 1.6260503842869343 1.6956249999999993 
0.01 4.843819095477387 5.610327868852459 0.01 0.01 6.8660101010101 2.343868488471392 0.5718749999999999 
1.9364285714285714 4.482412060301508 5.905081967213115 1.5796825396825398 0.6900945626477542 2.9309932659932656 0.8007514944491885 1.6956249999999993 
3.8628571428571425 6.515326633165829 5.315573770491803 3.862857142857143 2.432836879432624 5.140656565656565 0.6894321093082836 3.568541666666666 
0.6521428571428571 6.470150753768844 6.199836065573771 3.2920634920634924 3.304208037825059 6.427104377104376 3.840922288642185 0.1972916666666662 
3.220714285714285 5.61180904522613 5.462950819672131 0.01 0.01 5.155791245791246 0.5550811272416738 3.1939583333333332 
0.6521428571428571 4.663115577889447 5.905081967213115 1.5796825396825398 0.881371158392435 2.9461279461279455 1.5953415883859947 0.1972916666666662 
5.789285714285714 8.322361809045226 6.273524590163935 2.1504761904761907 0.01 4.55040404040404 4.366810418445773 5.254166666666666 
5.789285714285714 4.798643216080402 3.8418032786885243 0.01 0.01 4.732020202020202 1.1692570452604611 3.9431249999999998 
3.220714285714285 5.88286432160804 6.052459016393443 0.01 0.01 5.927659932659933 3.3802903501280954 3.0066666666666664 
3.220714285714285 6.289447236180904 5.905081967213115 5.004444444444445 1.7102364066193854 4.792558922558922 1.09632365499573 0.7591666666666668 
6.431428571428571 7.599547738693468 5.462950819672131 0.01 0.01 5.76117845117845 1.7719171648163963 2.4447916666666667 
0.01 5.837688442211055 5.905081967213115 0.01 0.01 4.732020202020202 2.409124679760888 1.5083333333333333 
0.6521428571428571 5.024522613065327 6.93672131147541 0.01 0.01 4.974175084175084 0.7278181041844578 4.504999999999999 
2.5785714285714283 5.3407537688442215 5.1681967213114755 0.01 0.01 6.744932659932659 3.1806831767719896 0.9464583333333327 
0.6521428571428571 4.075829145728643 4.578688524590164 2.5785714285714287 0.6369621749408984 3.808804713804714 4.5779333902647315 0.7591666666666668 
1.9364285714285714 8.141658291457286 4.726065573770492 3.5774603174603175 0.7538534278959811 5.155791245791246 0.7508497011101622 0.9464583333333327 
5.147142857142857 6.967085427135679 5.757704918032787 4.576349206349207 0.01 4.913636363636363 1.4110888129803585 4.504999999999999 
3.220714285714285 3.8499497487437186 5.462950819672131 3.1493650793650794 0.01 4.399057239057239 4.409035012809564 2.070208333333333 
0.01 6.650854271356784 6.273524590163935 7.715714285714286 0.01 6.4876430976430965 1.150064047822374 0.5718749999999999 
0.6521428571428571 5.79251256281407 3.5470491803278685 6.4314285714285715 2.0715366430260045 6.139545454545454 2.0636507258753203 0.5718749999999999 
0.6521428571428571 4.301708542713568 4.87344262295082 1.8650793650793653 0.413806146572104 2.976397306397306 0.9926814688300596 0.7591666666666668 
0.6521428571428571 4.392060301507538 5.1681967213114755 5.717936507936509 0.01 5.776313131313131 0.5474039282664389 1.6956249999999993 
5.147142857142857 6.831557788944724 5.757704918032787 4.576349206349207 2.241560283687943 6.502777777777777 1.6913065755764305 2.8193749999999995 
3.220714285714285 7.509195979899498 5.610327868852459 0.01 0.01 6.926548821548821 1.0157130657557643 1.1337499999999996 
5.147142857142857 7.9609547738693465 6.6419672131147545 4.861746031746032 3.1979432624113473 5.110387205387205 1.5032152006831767 6.939791666666666 
0.6521428571428571 5.61180904522613 5.462950819672131 5.147142857142858 0.01 4.2174410774410775 0.09444918872758329 1.6956249999999993 
5.789285714285714 2.5850251256281407 5.905081967213115 5.28984126984127 0.01 4.974175084175084 0.07909479077711357 3.755833333333333 
4.505 4.392060301507538 5.610327868852459 4.576349206349207 0.9770094562647754 6.200084175084174 3.054009393680615 2.070208333333333 
3.8628571428571425 5.385929648241206 3.6944262295081964 3.1493650793650794 1.8802600472813238 4.1114983164983165 4.769863364645603 2.2575 
3.8628571428571425 4.617939698492462 6.052459016393443 0.01 0.01 4.671481481481481 0.40153714773697696 2.8193749999999995 
0.6521428571428571 6.741206030150754 5.0208196721311475 4.148253968253968 1.3595626477541372 4.4444612794612794 1.050260461144321 3.9431249999999998 
1.2942857142857143 5.4311055276381905 3.9891803278688522 0.01 0.01 4.066094276094276 1.4571520068317678 1.1337499999999996 
1.2942857142857143 4.482412060301508 4.431311475409836 2.4358730158730157 1.7102364066193854 5.549292929292929 1.4494748078565327 0.009999999999999787 
0.6521428571428571 3.6240703517587938 4.062868852459016 0.01 0.01 2.900723905723906 0.7009479077711358 0.009999999999999787 
2.5785714285714283 6.06356783919598 5.315573770491803 0.01 0.01 3.6120538720538717 0.7738812980358667 7.314374999999998 
1.2942857142857143 4.482412060301508 5.1681967213114755 2.293174603174603 0.47756501182033095 3.097474747474747 0.6126601195559351 1.1337499999999996 
1.9364285714285714 4.798643216080402 3.9891803278688522 3.006666666666667 1.688983451536643 4.686616161616161 0.831460290350128 0.5718749999999999 
1.2942857142857143 3.8499497487437186 4.799754098360656 0.01 0.01 6.003333333333333 3.280486763450043 1.1337499999999996 
1.2942857142857143 5.069698492462312 6.347213114754099 6.003333333333334 1.7102364066193854 5.821717171717171 0.6548847139197269 1.3210416666666664 
3.8628571428571425 7.464020100502513 5.0208196721311475 3.7201587301587304 1.7952482269503547 5.095252525252525 2.1327455166524336 5.254166666666666 
0.01 4.527587939698493 6.494590163934427 8.571904761904763 1.1789125295508274 7.093030303030302 3.4033219470538003 1.8829166666666661 
0.6521428571428571 5.5214572864321605 4.726065573770492 4.576349206349207 1.6677304964539008 5.322272727272727 2.3669000853970967 1.6956249999999993 
2.5785714285714283 4.256532663316583 4.799754098360656 3.1493650793650794 0.01 3.748265993265993 0.2787019641332195 0.009999999999999787 
0.6521428571428571 6.650854271356784 6.93672131147541 5.860634920634921 0.01 7.471397306397305 1.0848078565328778 1.1337499999999996 
3.8628571428571425 5.656984924623115 5.757704918032787 4.433650793650794 0.01 4.187171717171717 1.8793979504696838 5.254166666666666 
2.5785714285714283 6.967085427135679 4.578688524590164 4.433650793650794 3.0279196217494087 4.974175084175084 0.6203373185311698 0.38458333333333306 
0.6521428571428571 5.069698492462312 5.315573770491803 4.2909523809523815 1.8802600472813238 5.216329966329965 1.7373697694278394 0.7591666666666668 
0.6521428571428571 8.54824120603015 4.431311475409836 3.2920634920634924 9.0 4.56553872053872 1.2383518360375745 7.127083333333333 
7.715714285714285 6.334623115577889 6.273524590163935 4.719047619047619 0.01 5.67037037037037 0.6472075149444918 3.755833333333333 
0.01 2.5850251256281407 4.431311475409836 0.01 0.01 3.2942255892255887 2.5319598633646456 8.625416666666666 
6.431428571428571 4.572763819095477 5.610327868852459 6.85952380952381 1.9227659574468086 4.9893097643097635 0.3669897523484202 7.876249999999999 
4.505 3.7595979899497487 5.757704918032787 3.7201587301587304 0.7644799054373522 4.4444612794612794 2.654795046968403 2.8193749999999995 
0.01 3.3078391959798994 0.01 0.01 0.01 3.2034175084175085 1.0233902647309991 0.7591666666666668 
0.6521428571428571 4.075829145728643 5.0208196721311475 1.1515873015873017 0.01 3.7179966329966327 4.0789154568744665 2.8193749999999995 
0.01 6.605678391959799 6.052459016393443 0.01 0.01 6.139545454545454 6.547134927412468 4.317708333333332 
0.6521428571428571 8.72894472361809 3.6944262295081964 2.293174603174603 3.9949290780141844 3.9298821548821543 2.224871904355252 0.5718749999999999 
3.220714285714285 7.147788944723618 5.1681967213114755 0.01 0.01 4.52013468013468 0.5051793339026474 7.876249999999999 
1.2942857142857143 4.843819095477387 5.462950819672131 4.2909523809523815 1.0726477541371158 5.095252525252525 1.2613834329632791 0.38458333333333306 
0.6521428571428571 7.554371859296483 5.462950819672131 2.4358730158730157 1.540212765957447 3.551515151515151 1.4264432109308283 2.2575 
3.8628571428571425 4.753467336683417 5.1681967213114755 4.576349206349207 0.7326004728132388 4.671481481481481 0.1788983774551665 3.0066666666666664 
7.073571428571428 6.244271356783919 5.462950819672131 3.7201587301587304 1.540212765957447 5.473619528619529 1.8486891545687447 5.441458333333333 
4.505 4.753467336683417 0.01 0.01 0.01 0.01 0.8813620836891545 0.5718749999999999 
0.6521428571428571 5.2504020100502515 5.1681967213114755 4.0055555555555555 0.01 4.156902356902356 0.49366353543979496 0.009999999999999787 
5.147142857142857 4.121005025125628 6.052459016393443 0.01 0.01 5.397946127946128 1.9638471391972674 8.812708333333333 
4.505 4.256532663316583 4.726065573770492 3.5774603174603175 0.8494917257683215 5.049848484848484 2.5434756618274976 3.755833333333333 
0.01 4.121005025125628 5.905081967213115 0.01 0.01 4.913636363636363 2.017587532023911 1.1337499999999996 
1.2942857142857143 4.482412060301508 3.8418032786885243 2.1504761904761907 1.008888888888889 3.733131313131313 2.1557771135781385 0.009999999999999787 
3.8628571428571425 4.708291457286432 5.462950819672131 2.5785714285714287 1.6677304964539008 4.53526936026936 2.482058070025619 3.755833333333333 
4.505 8.45788944723618 3.6944262295081964 4.719047619047619 4.175579196217494 5.140656565656565 2.8812724167378305 2.4447916666666667 
6.431428571428571 5.024522613065327 5.1681967213114755 3.862857142857143 0.01 4.172037037037037 0.2518317677198975 3.568541666666666 
0.01 5.2955778894472365 5.905081967213115 4.433650793650794 0.5732033096926714 6.850875420875421 0.052224594363791677 0.5718749999999999 
1.2942857142857143 4.030653266331658 6.6419672131147545 4.2909523809523815 0.01 5.080117845117845 0.831460290350128 3.9431249999999998 
1.9364285714285714 3.533718592964824 5.1681967213114755 0.01 0.01 4.928771043771043 0.7470111016225449 3.381249999999999 
0.01 4.708291457286432 5.610327868852459 0.01 0.01 2.7947811447811444 1.9446541417591803 1.1337499999999996 
0.6521428571428571 6.921909547738694 6.052459016393443 6.003333333333334 5.163841607565011 6.1546801346801345 2.3477070879590096 0.38458333333333306 
5.789285714285714 7.057437185929648 6.347213114754099 4.0055555555555555 1.6571040189125297 5.2011952861952855 4.274684030742955 3.9431249999999998 
1.9364285714285714 5.2504020100502515 0.01 0.01 0.01 3.566649831649831 0.42840734415029885 0.38458333333333306 
5.789285714285714 3.2626633165829144 5.757704918032787 3.5774603174603175 0.01 4.792558922558922 0.7853970964987191 3.1939583333333332 
0.6521428571428571 5.205226130653267 5.1681967213114755 4.2909523809523815 1.0301418439716312 5.246599326599326 1.7412083689154567 2.070208333333333 
0.6521428571428571 4.030653266331658 4.87344262295082 3.2920634920634924 1.008888888888889 4.262845117845118 0.3516353543979504 0.009999999999999787 
2.5785714285714283 5.79251256281407 5.1681967213114755 0.01 0.01 5.2011952861952855 0.8736848847139196 0.5718749999999999 
4.505 8.864472361809046 6.6419672131147545 0.01 0.01 6.033602693602693 1.441797608881298 3.755833333333333 
0.6521428571428571 4.527587939698493 5.315573770491803 1.7223809523809526 0.7538534278959811 3.8390740740740736 2.236387702818104 1.3210416666666664 
0.01 5.747336683417085 5.905081967213115 5.28984126984127 2.241560283687943 5.503888888888888 2.796823228010248 0.38458333333333306 
0.01 3.03678391959799 5.610327868852459 0.01 0.01 6.8660101010101 0.45527754056362074 4.692291666666666 
1.9364285714285714 4.482412060301508 3.9891803278688522 2.7212698412698413 0.9238770685579196 3.884478114478114 0.30173356105892396 0.5718749999999999 
0.6521428571428571 4.798643216080402 5.1681967213114755 4.0055555555555555 1.4445744680851065 5.1860606060606065 0.25567036720751485 0.1972916666666662 
0.6521428571428571 6.018391959798995 7.526229508196721 4.0055555555555555 1.4977068557919622 4.974175084175084 0.6088215200683176 4.504999999999999 
0.6521428571428571 8.186834170854272 5.757704918032787 6.003333333333334 3.1235579196217493 6.063872053872053 4.539547395388557 0.1972916666666662 
7.073571428571428 6.244271356783919 5.610327868852459 0.01 0.01 5.034713804713805 1.3228010247651578 2.6320833333333327 
3.220714285714285 3.985477386934673 5.757704918032787 4.2909523809523815 0.01 4.187171717171717 0.7009479077711358 3.0066666666666664 
2.5785714285714283 8.27718592964824 0.01 0.01 0.01 4.308249158249158 0.5243723313407345 2.8193749999999995 
3.220714285714285 3.8951256281407036 5.0208196721311475 4.0055555555555555 0.7644799054373522 4.5806734006734 1.1078394534585823 0.5718749999999999 
0.01 6.379798994974874 0.01 0.01 0.01 6.427104377104376 0.4975021349274124 1.5083333333333333 
0.01 7.554371859296483 0.01 0.01 0.01 4.898501683501682 2.9311742100768576 1.6956249999999993 
3.220714285714285 5.79251256281407 5.905081967213115 0.01 0.01 5.246599326599326 0.26334756618274985 4.504999999999999 
0.01 6.289447236180904 4.578688524590164 2.4358730158730157 2.241560283687943 3.3547643097643096 0.5051793339026474 0.009999999999999787 
7.715714285714285 6.831557788944724 5.1681967213114755 5.717936507936509 2.889775413711584 6.336296296296295 2.5588300597779674 3.1939583333333332 
3.8628571428571425 4.482412060301508 4.431311475409836 2.7212698412698413 0.5838297872340426 4.081228956228956 1.6183731853116996 2.070208333333333 
0.01 7.283316582914573 3.6944262295081964 0.01 0.01 3.324494949494949 0.685593509820666 8.250833333333333 
5.147142857142857 8.27718592964824 4.726065573770492 0.01 0.01 3.536380471380471 2.2901280956447483 2.070208333333333 
0.01 7.825427135678392 5.757704918032787 4.576349206349207 2.8260165484633566 7.047626262626262 4.159526046114433 6.939791666666666 
0.6521428571428571 3.8047738693467337 4.726065573770492 3.2920634920634924 1.2320449172576833 5.594696969696969 1.5185695986336465 1.3210416666666664 
1.2942857142857143 5.837688442211055 0.01 0.01 0.01 5.8368518518518515 0.8775234842015371 3.755833333333333 
0.01 5.3407537688442215 4.726065573770492 3.2920634920634924 0.9557565011820331 0.01 6.355204953031596 0.009999999999999787 
6.431428571428571 6.018391959798995 5.0208196721311475 0.01 0.01 4.096363636363636 0.6510461144321094 2.8193749999999995 
0.01 6.199095477386935 2.9575409836065574 5.004444444444445 1.7952482269503547 6.533047138047138 8.493304867634501 2.2575 
0.01 4.843819095477387 4.578688524590164 4.2909523809523815 0.7963593380614657 5.549292929292929 2.6164090520922287 0.7591666666666668 
5.789285714285714 7.057437185929648 6.347213114754099 0.01 0.01 3.7634006734006733 0.593467122117848 6.003333333333332 
0.01 5.5666331658291455 6.494590163934427 5.28984126984127 0.01 5.337407407407407 0.4667933390264731 1.5083333333333333 
0.01 4.708291457286432 4.726065573770492 5.28984126984127 0.6900945626477542 5.095252525252525 1.6682749786507258 0.1972916666666662 
0.01 4.527587939698493 5.1681967213114755 3.7201587301587304 0.5413238770685579 4.671481481481481 2.002233134073441 0.009999999999999787 
3.8628571428571425 6.967085427135679 5.462950819672131 4.576349206349207 2.0609101654846333 4.4444612794612794 2.9311742100768576 3.381249999999999 
3.8628571428571425 4.888994974874372 3.252295081967213 2.8639682539682543 1.3914420803782506 3.642323232323232 2.8313706233988043 2.6320833333333327 
0.6521428571428571 4.934170854271357 2.8101639344262295 2.5785714285714287 1.285177304964539 3.506111111111111 1.2728992314261316 0.9464583333333327 
1.9364285714285714 4.346884422110553 5.757704918032787 5.575238095238095 0.01 5.655235690235689 0.6241759180187874 3.568541666666666 
0.6521428571428571 4.482412060301508 4.283934426229508 1.4369841269841273 0.01 3.8542087542087535 1.8256575576430403 0.009999999999999787 
0.01 3.8047738693467337 6.052459016393443 4.433650793650794 1.3383096926713949 5.791447811447812 0.6049829205807002 0.38458333333333306 
1.2942857142857143 4.482412060301508 0.01 0.01 0.01 3.3698989898989895 0.12515798462852268 0.38458333333333306 
5.147142857142857 8.186834170854272 5.0208196721311475 5.147142857142858 5.270106382978724 4.56553872053872 2.071327924850555 7.314374999999998 
0.6521428571428571 5.5214572864321605 6.6419672131147545 7.2876190476190486 2.3478250591016545 7.531936026936027 0.9581340734415029 1.8829166666666661 
0.01 8.141658291457286 5.757704918032787 9.0 0.1587706855791962 9.0 9.0 0.7591666666666668 
2.5785714285714283 4.482412060301508 5.610327868852459 2.1504761904761907 0.5519503546099291 3.5212457912457906 0.566596925704526 0.009999999999999787 
4.505 5.160050251256282 5.610327868852459 2.4358730158730157 1.1789125295508274 3.6120538720538717 1.4993766011955594 1.8829166666666661 
0.6521428571428571 5.656984924623115 3.6944262295081964 5.717936507936509 1.7846217494089835 5.049848484848484 3.4033219470538003 1.3210416666666664 
3.8628571428571425 4.437236180904523 4.283934426229508 4.719047619047619 2.02903073286052 5.155791245791246 1.361187019641332 4.130416666666665 
0.6521428571428571 5.656984924623115 5.1681967213114755 3.434761904761905 1.1789125295508274 3.6877272727272725 0.5589197267292911 0.7591666666666668 
0.01 5.024522613065327 4.799754098360656 0.01 0.01 3.733131313131313 2.244064901793339 1.8829166666666661 
1.2942857142857143 5.5214572864321605 3.8418032786885243 6.146031746031746 1.688983451536643 5.488754208754209 2.8428864218616563 1.3210416666666664 
1.9364285714285714 5.5666331658291455 7.378852459016393 5.004444444444445 2.5603546099290777 8.682171717171716 3.0885567890691714 0.1972916666666662 
3.220714285714285 5.160050251256282 5.462950819672131 0.01 0.01 3.7785353535353527 2.5665072587532025 6.7524999999999995 
8.357857142857142 4.798643216080402 5.1681967213114755 0.01 0.01 5.1860606060606065 0.6740777113578138 5.816041666666665 
0.6521428571428571 6.831557788944724 4.431311475409836 0.01 0.01 3.960151515151515 0.3976985482493595 0.1972916666666662 
0.6521428571428571 7.418844221105528 6.052459016393443 6.146031746031746 0.7219739952718677 4.974175084175084 1.0195516652433818 5.441458333333333 
4.505 7.599547738693468 6.494590163934427 6.003333333333334 3.4210992907801416 5.791447811447812 2.7315670367207514 3.568541666666666 
0.01 4.482412060301508 0.01 0.01 0.01 3.7936700336700335 0.6817549103330487 0.1972916666666662 
8.357857142857142 4.708291457286432 5.315573770491803 0.01 0.01 4.732020202020202 1.495538001707942 3.1939583333333332 
1.2942857142857143 4.753467336683417 5.905081967213115 6.4314285714285715 2.039657210401891 5.110387205387205 2.4398334756618274 1.5083333333333333 
3.8628571428571425 5.837688442211055 6.6419672131147545 1.008888888888889 3.4742316784869973 2.976397306397306 1.9446541417591803 7.314374999999998 
1.9364285714285714 5.4762814070351755 3.8418032786885243 0.01 0.01 5.458484848484848 0.19809137489325362 0.7591666666666668 
0.01 3.3530150753768844 3.8418032786885243 1.4369841269841273 0.39255319148936174 4.2174410774410775 0.7431725021349271 0.1972916666666662 
6.431428571428571 6.289447236180904 5.905081967213115 0.01 0.01 4.1114983164983165 5.242011101622545 6.7524999999999995 
0.6521428571428571 4.482412060301508 5.315573770491803 4.2909523809523815 0.20127659574468088 5.851986531986531 1.2920922288642187 0.009999999999999787 
1.9364285714285714 8.72894472361809 5.1681967213114755 4.433650793650794 0.01 5.292003367003367 0.6356917164816398 0.7591666666666668 
0.6521428571428571 8.864472361809046 5.610327868852459 5.147142857142858 2.6559929078014184 5.534158249158248 3.0693637916310843 1.5083333333333333 
0.6521428571428571 0.01 3.5470491803278685 2.8639682539682543 0.01 3.748265993265993 0.24799316823228018 0.1972916666666662 
0.01 5.160050251256282 5.905081967213115 4.861746031746032 3.03854609929078 6.6995286195286194 0.3516353543979504 1.1337499999999996 
1.9364285714285714 7.147788944723618 4.726065573770492 1.8650793650793653 4.122446808510638 4.732020202020202 0.8429760888129803 0.5718749999999999 
0.6521428571428571 4.527587939698493 5.462950819672131 1.7223809523809526 0.4988179669030733 2.961262626262626 0.28254056362083685 1.3210416666666664 
0.6521428571428571 4.392060301507538 5.0208196721311475 3.006666666666667 0.01 4.126632996632996 3.9138556789069168 0.1972916666666662 
0.6521428571428571 6.605678391959799 4.13655737704918 0.01 0.01 4.505 1.8755593509820665 1.5083333333333333 
3.220714285714285 4.346884422110553 5.462950819672131 2.5785714285714287 0.7219739952718677 5.095252525252525 3.5376729291204096 4.130416666666665 
0.6521428571428571 3.7595979899497487 5.0208196721311475 0.01 0.01 2.764511784511784 2.105875320239112 1.1337499999999996 
1.9364285714285714 4.798643216080402 5.315573770491803 0.01 0.01 3.9147474747474744 0.5051793339026474 1.1337499999999996 
5.789285714285714 6.876733668341709 5.757704918032787 4.861746031746032 1.827127659574468 5.1860606060606065 3.138458582408198 2.2575 
0.6521428571428571 4.753467336683417 4.283934426229508 0.01 0.01 3.6877272727272725 0.42840734415029885 0.009999999999999787 
2.5785714285714283 5.837688442211055 6.347213114754099 2.8639682539682543 2.8791489361702127 5.322272727272727 0.5973057216054654 0.38458333333333306 
3.220714285714285 5.5214572864321605 6.347213114754099 0.01 0.01 5.261734006734007 0.8237830913748931 2.2575 
1.2942857142857143 4.934170854271357 6.789344262295082 0.01 0.01 6.4725084175084175 2.9542058070025616 6.190624999999999 
3.220714285714285 1.9977386934673367 4.578688524590164 0.01 0.01 3.7936700336700335 1.9638471391972674 2.8193749999999995 
0.6521428571428571 4.030653266331658 5.610327868852459 4.861746031746032 0.4031796690307329 4.732020202020202 0.44760034158838596 0.38458333333333306 
1.9364285714285714 4.663115577889447 5.315573770491803 4.2909523809523815 1.625224586288416 4.187171717171717 2.5127668659265585 1.1337499999999996 
2.5785714285714283 4.934170854271357 4.726065573770492 6.288730158730159 1.0620212765957446 5.276868686868686 3.1845217762596074 0.9464583333333327 
5.147142857142857 6.470150753768844 4.87344262295082 0.01 0.01 5.292003367003367 0.2057685738684885 3.755833333333333 
0.01 4.301708542713568 4.726065573770492 5.575238095238095 1.1257801418439717 6.76006734006734 1.1155166524338171 0.1972916666666662 
0.6521428571428571 5.928040201005025 4.726065573770492 2.0077777777777777 4.419988179669031 3.5969191919191914 1.2038044406490178 0.009999999999999787 
0.01 5.928040201005025 6.494590163934427 0.01 0.01 4.792558922558922 2.5626686592655847 2.070208333333333 
0.6521428571428571 3.6692462311557787 5.315573770491803 2.5785714285714287 0.43505910165484635 4.035824915824915 0.7969128949615714 0.5718749999999999 
2.5785714285714283 4.075829145728643 0.01 0.01 0.01 4.247710437710437 2.052134927412468 1.8829166666666661 
2.5785714285714283 5.160050251256282 4.726065573770492 0.01 0.01 4.383922558922558 0.19425277540563624 0.5718749999999999 
1.9364285714285714 3.6240703517587938 6.052459016393443 4.433650793650794 0.7538534278959811 5.1860606060606065 4.670059777967548 1.1337499999999996 
1.9364285714285714 3.7595979899497487 4.283934426229508 4.433650793650794 0.20127659574468088 5.2011952861952855 1.0003586678052947 0.7591666666666668 
0.01 6.560502512562814 0.01 0.01 0.01 6.6995286195286194 2.1289069171648163 1.8829166666666661 
1.9364285714285714 4.527587939698493 5.0208196721311475 3.2920634920634924 0.8707446808510638 4.792558922558922 3.353420153714774 1.3210416666666664 
2.5785714285714283 5.656984924623115 5.1681967213114755 2.5785714285714287 1.3064302600472812 4.383922558922558 4.101947053800171 4.504999999999999 
0.6521428571428571 5.385929648241206 3.9891803278688522 1.8650793650793653 0.5413238770685579 3.38503367003367 0.4975021349274124 0.5718749999999999 
1.2942857142857143 6.424974874371859 6.052459016393443 2.5785714285714287 0.6900945626477542 3.748265993265993 2.631763450042698 0.009999999999999787 
1.2942857142857143 5.837688442211055 6.199836065573771 0.01 0.01 4.247710437710437 0.8007514944491885 1.1337499999999996 
5.147142857142857 5.4311055276381905 5.757704918032787 0.01 0.01 3.7936700336700335 1.2805764304013663 8.063541666666666 
1.9364285714285714 5.024522613065327 4.283934426229508 4.433650793650794 0.47756501182033095 4.474730639730639 1.361187019641332 0.1972916666666662 
0.6521428571428571 7.102613065326633 5.315573770491803 3.006666666666667 1.7952482269503547 3.884478114478114 0.182736976942784 0.5718749999999999 
3.8628571428571425 4.843819095477387 6.494590163934427 0.01 0.01 5.579562289562289 2.501251067463706 1.8829166666666661 
0.01 5.656984924623115 7.084098360655737 0.01 0.01 3.41530303030303 0.7163023057216054 0.009999999999999787 
1.2942857142857143 5.79251256281407 5.757704918032787 5.28984126984127 1.9440189125295508 6.563316498316498 4.409035012809564 1.8829166666666661 
0.6521428571428571 6.515326633165829 6.052459016393443 6.574126984126985 1.9227659574468086 6.987087542087542 0.9965200683176771 4.692291666666666 
1.2942857142857143 5.069698492462312 5.0208196721311475 3.1493650793650794 1.008888888888889 5.170925925925926 0.9197480785653287 0.9464583333333327 
5.147142857142857 7.554371859296483 7.820983606557377 6.574126984126985 2.4647163120567375 5.700639730639731 0.34395815542271563 4.130416666666665 
3.8628571428571425 4.121005025125628 0.01 0.01 0.01 4.52013468013468 1.633727583262169 1.8829166666666661 
2.5785714285714283 6.605678391959799 6.789344262295082 0.01 0.01 4.732020202020202 1.779594363791631 7.501666666666665 
3.8628571428571425 5.160050251256282 6.494590163934427 0.01 0.01 4.2174410774410775 0.6587233134073442 8.438125 
3.220714285714285 5.2504020100502515 5.462950819672131 4.148253968253968 0.01 4.898501683501682 2.244064901793339 2.6320833333333327 
5.147142857142857 3.8499497487437186 4.062868852459016 2.8639682539682543 0.01 3.7028619528619524 0.23263877028181051 3.9431249999999998 
1.2942857142857143 4.753467336683417 4.283934426229508 5.717936507936509 1.008888888888889 5.292003367003367 0.5742741246797609 0.7591666666666668 
3.220714285714285 5.205226130653267 7.231475409836065 0.01 0.01 8.01624579124579 0.512856532877882 1.3210416666666664 
5.789285714285714 5.88286432160804 5.1681967213114755 0.01 0.01 5.1860606060606065 2.2133561058924 4.504999999999999 
1.2942857142857143 4.075829145728643 5.0208196721311475 6.003333333333334 0.01 5.791447811447812 1.6414047822374038 1.1337499999999996 
9.0 4.527587939698493 5.757704918032787 3.5774603174603175 1.965271867612293 5.549292929292929 1.2920922288642187 4.692291666666666 
1.9364285714285714 7.7350753768844225 5.315573770491803 4.719047619047619 1.4445744680851065 5.049848484848484 0.47447053800170785 0.5718749999999999 
1.2942857142857143 4.075829145728643 5.1681967213114755 2.4358730158730157 0.01 4.141767676767676 0.036870196413321954 0.1972916666666662 
0.6521428571428571 3.940301507537688 5.0208196721311475 4.861746031746032 0.8282387706855792 5.700639730639731 1.249867634500427 0.5718749999999999 
1.2942857142857143 5.069698492462312 5.757704918032787 7.144920634920635 1.4977068557919622 5.973063973063972 0.38234415029888985 0.5718749999999999 
5.789285714285714 4.617939698492462 5.610327868852459 5.28984126984127 0.01 4.9893097643097635 2.263257899231426 4.692291666666666 
8.357857142857142 4.798643216080402 5.315573770491803 7.715714285714286 0.01 5.549292929292929 0.3938599487617422 4.504999999999999 
1.2942857142857143 4.798643216080402 4.726065573770492 5.004444444444445 1.2745508274231678 4.626077441077441 5.084628522630231 2.4447916666666667 
1.9364285714285714 7.825427135678392 6.199836065573771 4.719047619047619 5.046950354609929 5.413080808080808 0.7009479077711358 0.1972916666666662 
5.147142857142857 4.888994974874372 5.1681967213114755 0.01 0.01 4.626077441077441 3.376451750640478 2.2575 
5.147142857142857 4.753467336683417 7.378852459016393 5.147142857142858 0.01 6.563316498316498 0.6280145175064047 4.504999999999999 
1.2942857142857143 5.4762814070351755 5.1681967213114755 4.576349206349207 1.01951536643026 5.927659932659933 3.111588385994876 0.38458333333333306 
1.9364285714285714 7.6898994974874375 4.726065573770492 5.28984126984127 2.4009574468085106 5.231464646464646 1.0771306575576431 1.6956249999999993 
0.6521428571428571 3.2174874371859294 4.578688524590164 0.01 0.01 3.309360269360269 1.3074466268146885 0.9464583333333327 
2.5785714285714283 6.605678391959799 5.757704918032787 0.01 0.01 5.8368518518518515 1.7066609735269 8.625416666666666 
1.9364285714285714 3.3530150753768844 5.0208196721311475 4.0055555555555555 0.48819148936170215 4.505 0.8352988898377454 0.38458333333333306 
3.220714285714285 6.650854271356784 5.757704918032787 0.01 0.01 5.110387205387205 0.5474039282664389 8.250833333333333 
1.9364285714285714 7.328492462311558 3.8418032786885243 5.432539682539683 0.01 5.64010101010101 2.2133561058924 0.5718749999999999 
0.6521428571428571 6.289447236180904 4.578688524590164 5.860634920634921 5.110709219858156 6.169814814814814 1.768078565328779 0.009999999999999787 
3.220714285714285 7.147788944723618 6.199836065573771 5.860634920634921 2.241560283687943 5.973063973063972 1.2268360375747225 1.5083333333333333 
0.6521428571428571 7.599547738693468 6.494590163934427 4.148253968253968 0.01 5.3071380471380465 3.1845217762596074 5.816041666666665 
0.6521428571428571 5.88286432160804 4.431311475409836 3.2920634920634924 1.816501182033097 4.338518518518518 2.3669000853970967 0.009999999999999787 
3.8628571428571425 4.166180904522613 6.789344262295082 0.01 0.01 3.0218013468013463 0.4322459436379163 1.3210416666666664 
0.6521428571428571 9.0 5.610327868852459 6.146031746031746 0.01 6.502777777777777 5.061596925704527 0.1972916666666662 
3.220714285714285 4.708291457286432 5.462950819672131 0.01 0.01 4.368787878787878 0.2978949615713065 5.066875 
5.147142857142857 2.94643216080402 5.315573770491803 3.2920634920634924 0.01 4.853097643097643 2.0137489325362936 3.9431249999999998 
1.9364285714285714 5.88286432160804 5.757704918032787 3.2920634920634924 0.8494917257683215 4.308249158249158 0.9504568744662678 2.4447916666666667 
0.01 5.2955778894472365 0.01 0.01 0.01 5.125521885521884 3.2881639624252776 4.317708333333332 
0.6521428571428571 4.301708542713568 6.052459016393443 3.5774603174603175 1.9227659574468086 5.3071380471380465 0.6049829205807002 4.130416666666665 
2.5785714285714283 5.97321608040201 6.347213114754099 4.433650793650794 0.01 4.247710437710437 1.3189624252775405 7.876249999999999 
0.01 5.928040201005025 0.01 0.01 0.01 6.548181818181818 0.7470111016225449 0.9464583333333327 
2.5785714285714283 4.301708542713568 4.431311475409836 4.576349206349207 0.01 5.367676767676767 0.8007514944491885 1.3210416666666664 
1.2942857142857143 3.7144221105527637 3.8418032786885243 3.1493650793650794 1.2320449172576833 4.323383838383838 6.23236976942784 0.7591666666666668 
1.2942857142857143 4.888994974874372 4.578688524590164 1.4369841269841273 2.964160756501182 3.8390740740740736 3.0923953885567887 0.1972916666666662 
8.357857142857142 5.7021608040201 6.6419672131147545 0.01 0.01 6.578451178451178 1.9484927412467976 3.9431249999999998 
1.9364285714285714 5.837688442211055 6.789344262295082 7.002222222222223 1.6571040189125297 5.5190235690235685 3.4263535439795043 2.070208333333333 
0.6521428571428571 0.01 5.462950819672131 2.8639682539682543 0.2544089834515366 4.202306397306397 0.85833048676345 0.009999999999999787 
1.2942857142857143 3.985477386934673 4.283934426229508 3.7201587301587304 0.18002364066193854 4.308249158249158 2.650956447480785 0.1972916666666662 
1.2942857142857143 7.147788944723618 6.6419672131147545 0.01 0.01 4.792558922558922 2.800661827497865 8.438125 
2.5785714285714283 6.515326633165829 4.283934426229508 4.0055555555555555 1.4977068557919622 4.474730639730639 0.8122672929120409 3.0066666666666664 
0.01 7.328492462311558 5.610327868852459 8.001111111111111 1.0726477541371158 8.06164983164983 2.624086251067464 0.7591666666666668 
4.505 6.424974874371859 6.6419672131147545 3.434761904761905 5.110709219858156 4.61094276094276 0.20192997438087107 4.130416666666665 
0.6521428571428571 4.663115577889447 2.220655737704918 5.432539682539683 0.8919976359338062 6.563316498316498 0.4130529461998292 2.2575 
3.8628571428571425 6.967085427135679 5.757704918032787 5.860634920634921 1.4977068557919622 6.987087542087542 1.9024295473953887 1.1337499999999996 
0.01 5.97321608040201 5.757704918032787 0.01 0.01 4.913636363636363 1.2191588385994874 0.009999999999999787 
0.01 4.572763819095477 4.726065573770492 2.4358730158730157 0.01 3.188282828282828 0.6779163108454314 0.009999999999999787 
4.505 5.385929648241206 0.01 0.01 0.01 3.8239393939393933 0.512856532877882 3.0066666666666664 
0.6521428571428571 5.385929648241206 6.347213114754099 5.575238095238095 2.3478250591016545 6.9114141414141415 2.812177625960717 1.5083333333333333 
4.505 5.656984924623115 6.347213114754099 0.01 0.01 5.700639730639731 0.8775234842015371 5.628749999999998 
1.2942857142857143 3.3530150753768844 0.01 0.01 0.01 0.01 0.10212638770281807 0.1972916666666662 
0.01 4.888994974874372 5.0208196721311475 2.8639682539682543 0.01 4.141767676767676 2.7315670367207514 2.070208333333333 
3.8628571428571425 5.656984924623115 5.610327868852459 0.01 0.01 5.125521885521884 0.17505977796754907 6.190624999999999 
4.505 7.192964824120603 4.726065573770492 0.01 0.01 4.156902356902356 0.8391374893253629 3.568541666666666 
1.9364285714285714 7.9609547738693465 6.347213114754099 3.862857142857143 1.6677304964539008 5.049848484848484 4.140333048676346 5.816041666666665 
2.5785714285714283 3.8047738693467337 6.6419672131147545 3.2920634920634924 0.6050827423167848 5.988198653198653 0.32092655849701107 0.7591666666666668 
4.505 8.186834170854272 6.199836065573771 3.006666666666667 2.050283687943262 5.443350168350167 1.9600085397096496 5.628749999999998 
6.431428571428571 5.5214572864321605 5.0208196721311475 0.01 0.01 4.732020202020202 0.7009479077711358 3.755833333333333 
3.8628571428571425 8.81929648241206 5.1681967213114755 0.01 0.01 4.686616161616161 0.9696498719043551 1.8829166666666661 
4.505 6.15391959798995 6.6419672131147545 0.01 0.01 4.53526936026936 0.5166951323654996 5.441458333333333 
1.9364285714285714 5.837688442211055 4.726065573770492 4.148253968253968 1.2320449172576833 4.0055555555555555 0.5512425277540562 1.3210416666666664 
0.6521428571428571 4.030653266331658 1.7785245901639344 2.7212698412698413 0.27566193853427895 4.2174410774410775 1.8563663535439794 0.009999999999999787 
0.01 4.392060301507538 4.726065573770492 5.147142857142858 1.0726477541371158 5.579562289562289 2.0137489325362936 0.7591666666666668 
1.2942857142857143 5.88286432160804 7.084098360655737 0.01 0.01 3.4304377104377104 0.73933390264731 0.009999999999999787 
3.8628571428571425 6.650854271356784 5.905081967213115 0.01 0.01 4.474730639730639 0.3938599487617422 5.441458333333333 
1.2942857142857143 3.7595979899497487 4.799754098360656 4.0055555555555555 0.7113475177304964 5.579562289562289 2.125068317677199 0.5718749999999999 
5.789285714285714 5.5666331658291455 5.1681967213114755 6.288730158730159 1.008888888888889 5.019579124579124 1.1462254483347565 3.568541666666666 
5.147142857142857 5.4311055276381905 6.347213114754099 0.01 0.01 4.308249158249158 0.7047865072587531 0.1972916666666662 
1.2942857142857143 4.166180904522613 5.610327868852459 2.8639682539682543 0.01 3.672592592592592 6.228531169940223 1.3210416666666664 
0.01 8.954824120603016 4.87344262295082 4.576349206349207 2.9216548463356973 6.260622895622895 1.6375661827497865 1.3210416666666664 
3.8628571428571425 4.617939698492462 6.6419672131147545 5.575238095238095 0.01 5.413080808080808 2.297805294619983 1.3210416666666664 
2.5785714285714283 6.831557788944724 6.6419672131147545 5.432539682539683 0.01 4.505 0.8391374893253629 2.8193749999999995 
1.2942857142857143 4.301708542713568 3.9891803278688522 2.0077777777777777 0.9451300236406619 3.960151515151515 2.581861656703672 0.1972916666666662 
2.5785714285714283 3.4433668341708543 4.578688524590164 0.01 0.01 5.155791245791246 1.2114816396242527 0.7591666666666668 
4.505 4.617939698492462 5.462950819672131 5.717936507936509 1.1257801418439717 5.64010101010101 0.49366353543979496 4.504999999999999 
