0.01 8.63492385786802 8.509636363636364 4.172037037037037 0.01 4.60548435171386 1.4357796534873388 3.5354901960784306 
2.4073333333333333 4.7103553299492384 4.913636363636364 5.503888888888889 2.050283687943262 3.2254992548435175 3.556477121279431 2.125294117647058 
6.003333333333334 6.353197969543147 6.548181818181819 0.01 0.01 3.6408345752608056 5.453522878720568 6.355882352941176 
0.6093333333333334 6.30756345177665 6.711636363636364 0.01 0.01 5.382563338301044 0.641017325633052 1.2439215686274507 
0.6093333333333334 3.797664974619289 5.567454545454545 0.01 0.01 2.448420268256334 2.1906041759218122 1.0676470588235296 
5.404 6.627005076142132 7.202 5.67037037037037 1.763368794326241 4.069567809239941 2.777689915593069 5.65078431372549 
1.2086666666666668 5.714314720812182 4.913636363636364 3.3396296296296293 1.4977068557919622 4.53849478390462 0.049937805419813464 1.7727450980392159 
0.01 4.664720812182741 7.038545454545455 2.840185185185185 1.1257801418439717 3.935588673621461 2.4741625944024874 1.0676470588235296 
2.4073333333333333 5.6230456852791875 5.077090909090909 0.01 0.01 4.297332339791357 0.6010795202132385 2.477843137254902 
0.01 5.349238578680203 0.01 0.01 0.01 4.53849478390462 3.4206885828520655 4.064313725490196 
3.606 8.863096446700508 6.384727272727273 0.01 0.01 3.1585096870342775 0.2136828076410484 6.70843137254902 
3.006666666666667 5.075431472081218 5.894363636363637 4.671481481481481 0.01 3.2121013412816692 1.3239537983118614 1.0676470588235296 
1.808 4.892893401015228 5.077090909090909 2.174259259259259 0.5200709219858156 3.0781222056631896 2.4062683251888046 0.36254901960784336 
0.01 7.357157360406092 4.096363636363637 0.01 0.01 2.9441430700447095 0.712905375388716 7.766078431372549 
3.606 5.896852791878173 7.365454545454545 1.1753703703703704 3.4742316784869973 2.635991058122206 2.0228653931585963 6.884705882352941 
0.6093333333333334 5.486142131979696 6.548181818181819 8.001111111111111 2.1352955082742313 5.221788375558868 4.339258107507774 3.5354901960784306 
7.202 4.2083756345177665 5.077090909090909 1.1753703703703704 2.7516312056737586 3.707824143070045 3.396725899600177 4.064313725490196 
1.808 7.9047715736040605 6.875090909090909 5.503888888888889 5.046950354609929 4.793055141579733 0.7288804975566414 0.18627450980392135 
1.2086666666666668 3.4325888324873093 5.240545454545455 4.0055555555555555 0.5944562647754137 3.9891803278688527 1.1761839182585516 2.125294117647058 
2.4073333333333333 6.900812182741117 7.365454545454545 6.336296296296296 0.01 3.9891803278688527 0.8726565970679696 2.6541176470588232 
3.006666666666667 7.083350253807106 6.875090909090909 7.335185185185185 5.801430260047281 5.194992548435173 2.1706352732119054 2.30156862745098 
1.2086666666666668 4.801624365482233 4.750181818181818 6.669259259259259 1.008888888888889 4.685871833084948 0.5970857396712572 0.7150980392156856 
4.804666666666667 3.8889340101522842 4.505 3.3396296296296293 0.01 3.2790909090909093 0.2416392714349178 3.7117647058823526 
3.606 4.2083756345177665 5.077090909090909 5.337407407407407 1.348936170212766 4.297332339791357 0.03795646379386941 4.41686274509804 
0.01 4.436548223350254 5.240545454545455 6.003333333333333 1.0726477541371158 4.94043219076006 2.0947534429142602 0.7150980392156856 
0.01 4.664720812182741 5.240545454545455 7.6681481481481475 0.8388652482269504 5.449552906110284 1.6794002665482006 0.009999999999999787 
1.2086666666666668 5.531776649746193 5.730909090909091 5.337407407407407 1.01951536643026 5.248584202682564 3.2369746779209234 0.36254901960784336 
2.4073333333333333 5.988121827411168 5.567454545454545 3.5061111111111107 1.7739952718676124 4.444709388971685 0.33749000444247 1.2439215686274507 
0.01 5.896852791878173 6.548181818181819 0.01 0.01 4.190149031296572 2.5061128387383382 1.4201960784313719 
4.804666666666667 5.75994923857868 6.057818181818182 6.336296296296296 0.8069858156028369 3.480059612518629 0.3454775655264327 3.1829411764705884 
0.6093333333333334 5.1210659898477155 5.894363636363637 5.004444444444444 1.8802600472813238 4.618882265275708 1.8072012438916039 0.7150980392156856 
3.606 3.6607614213197968 5.404 5.004444444444444 0.01 3.5202533532041733 0.9485384273656152 3.5354901960784306 
0.6093333333333334 8.63492385786802 4.913636363636364 3.8390740740740736 9.0 4.042771982116245 1.288009773434029 6.70843137254902 
0.6093333333333334 4.117106598984772 5.567454545454545 1.3418518518518519 0.01 3.2924888226527576 4.2434073745002205 2.6541176470588232 
1.808 4.390913705583756 4.5867272727272725 5.67037037037037 1.2320449172576833 3.319284649776453 3.468613949355842 3.1829411764705884 
0.6093333333333334 4.117106598984772 5.077090909090909 3.0066666666666664 0.6369621749408984 3.3728763040238454 4.762598844957797 0.7150980392156856 
3.006666666666667 5.1210659898477155 5.404 0.01 0.01 5.07441132637854 0.7408618391825854 3.5354901960784306 
0.01 4.892893401015228 4.913636363636364 4.172037037037037 0.01 3.547049180327869 0.22965792980897382 0.36254901960784336 
1.808 3.569492385786802 5.730909090909091 0.01 0.01 4.364321907600597 0.7768058640604176 3.1829411764705884 
4.804666666666667 4.573451776649746 6.221272727272727 0.01 0.01 5.194992548435173 0.4573034207019102 3.7117647058823526 
1.2086666666666668 5.5774111675126905 4.913636363636364 3.0066666666666664 1.1364066193853428 4.002578241430701 2.5620257663260775 0.18627450980392135 
1.808 3.980203045685279 4.913636363636364 3.0066666666666664 0.01 2.9307451564828617 1.471723678365171 0.009999999999999787 
0.01 6.353197969543147 5.077090909090909 2.840185185185185 2.241560283687943 2.970938897168406 0.525197689915593 0.009999999999999787 
8.400666666666668 7.996040609137055 5.077090909090909 5.004444444444444 0.01 4.511698956780925 0.5451665926254997 3.0066666666666664 
7.202 4.847258883248731 6.548181818181819 0.01 0.01 3.1719076005961258 0.2456330519768991 4.064313725490196 
0.6093333333333334 5.303604060913705 5.730909090909091 4.671481481481481 0.01 3.681028315946349 0.513216348289649 0.009999999999999787 
5.404 7.813502538071066 9.0 4.0055555555555555 2.5603546099290777 6.092652757078987 2.578000888494002 5.827058823529413 
1.808 4.071472081218274 6.057818181818182 2.6737037037037035 0.9132505910165485 4.082965722801789 1.8990581963571747 3.0066666666666664 
0.6093333333333334 3.7520304568527916 5.240545454545455 2.174259259259259 1.01951536643026 2.850357675111774 1.355904042647712 0.36254901960784336 
4.205333333333334 8.863096446700508 5.567454545454545 4.671481481481481 0.01 4.819850968703428 2.6738516215015546 3.5354901960784306 
4.804666666666667 6.900812182741117 6.384727272727273 5.337407407407407 2.241560283687943 5.757704918032788 1.7592758773878274 2.6541176470588232 
0.6093333333333334 6.5357360406091365 7.038545454545455 5.004444444444444 3.516737588652482 4.042771982116245 3.260937361172812 0.36254901960784336 
0.01 6.718274111675127 6.956818181818182 9.0 0.01 5.744307004470939 1.1961528209684584 0.5388235294117645 
0.01 5.75994923857868 7.038545454545455 4.505 1.285177304964539 3.681028315946349 1.7552820968458462 0.009999999999999787 
6.003333333333334 7.357157360406092 5.567454545454545 3.8390740740740736 1.4126950354609928 3.426467958271237 1.0004575744113726 4.593137254901961 
1.2086666666666668 6.672639593908629 6.221272727272727 5.8368518518518515 2.0715366430260045 5.128002980625933 1.0124389160373166 1.4201960784313719 
3.006666666666667 4.984162436548223 5.077090909090909 6.83574074074074 1.3808156028368794 4.80645305514158 1.751288316303865 0.7150980392156856 
1.808 8.315482233502538 6.057818181818182 0.01 0.01 4.096363636363637 1.076339404709018 1.4201960784313719 
6.003333333333334 7.4027918781725885 6.875090909090909 0.01 0.01 3.721222056631893 0.4253531763660595 5.827058823529413 
0.01 7.630964467005076 0.01 0.01 0.01 4.3375260804769 3.049266992447801 1.5964705882352939 
1.2086666666666668 4.938527918781726 6.548181818181819 0.01 0.01 3.6274366616989573 0.7328742780986228 5.474509803921569 
2.4073333333333333 4.2083756345177665 6.548181818181819 0.01 0.01 5.663919523099852 0.6450111061750332 1.4201960784313719 
1.808 5.5774111675126905 6.384727272727273 0.01 0.01 3.0915201192250374 0.712905375388716 3.3592156862745095 
3.606 5.257969543147208 4.913636363636364 6.502777777777777 0.01 4.525096870342773 0.676961350510884 3.3592156862745095 
3.606 4.984162436548223 4.913636363636364 4.505 0.01 3.3594783904619976 0.5212039093736117 1.0676470588235296 
0.01 5.714314720812182 7.855818181818182 0.01 0.01 3.024530551415798 0.7448556197245668 0.009999999999999787 
1.2086666666666668 4.390913705583756 5.567454545454545 2.174259259259259 0.5306973995271868 2.836959761549926 2.2824611283873835 0.8913725490196076 
3.006666666666667 4.7103553299492384 8.836545454545455 6.169814814814814 0.01 5.261982116244412 0.9165881830297644 7.766078431372549 
1.2086666666666668 5.075431472081218 4.913636363636364 0.01 0.01 3.5202533532041733 1.0683518436250554 0.36254901960784336 
4.804666666666667 5.486142131979696 6.384727272727273 0.01 0.01 3.3594783904619976 1.3319413593958238 7.5898039215686275 
4.804666666666667 8.26984771573604 5.567454545454545 6.003333333333333 5.270106382978724 4.042771982116245 2.1546601510439802 6.884705882352941 
0.6093333333333334 4.527817258883249 4.750181818181818 1.6748148148148148 0.01 3.4130700447093894 1.8990581963571747 0.009999999999999787 
0.6093333333333334 4.573451776649746 5.894363636363637 2.0077777777777777 0.7538534278959811 3.3996721311475415 2.326392714349178 1.2439215686274507 
2.4073333333333333 4.345279187817258 5.240545454545455 0.01 0.01 4.297332339791357 0.3414837849844513 1.7727450980392159 
2.4073333333333333 3.8432994923857864 7.365454545454545 3.8390740740740736 0.6050827423167848 5.302175856929956 0.3334962239004887 0.7150980392156856 
2.4073333333333333 6.763908629441624 4.913636363636364 4.505 3.389219858156028 4.149955290611029 0.2975521990226566 1.4201960784313719 
0.6093333333333334 5.075431472081218 5.077090909090909 2.174259259259259 1.9440189125295508 3.2254992548435175 0.24962683251888051 0.36254901960784336 
0.01 5.668680203045685 5.730909090909091 3.3396296296296293 0.01 3.681028315946349 0.712905375388716 2.6541176470588232 
3.006666666666667 7.676598984771573 5.240545454545455 0.01 0.01 4.417913561847988 0.23764549089293652 3.5354901960784306 
2.4073333333333333 6.581370558375634 6.711636363636364 5.337407407407407 0.01 5.168196721311476 1.9110395379831182 2.8303921568627444 
7.801333333333334 6.627005076142132 6.711636363636364 3.173148148148148 1.1789125295508274 2.9843368107302535 0.676961350510884 6.355882352941176 
2.4073333333333333 4.527817258883249 5.567454545454545 6.336296296296296 0.01 4.40451564828614 0.2775832963127498 2.125294117647058 
6.602666666666667 6.170659898477157 0.01 0.01 0.01 7.017108792846498 2.0068902709906706 3.3592156862745095 
0.6093333333333334 6.216294416243654 6.057818181818182 8.334074074074074 2.1778014184397163 5.020819672131148 1.2920035539760104 0.5388235294117645 
1.808 7.813502538071066 5.894363636363637 5.503888888888889 1.4445744680851065 4.47150521609538 0.4932474455797422 0.5388235294117645 
0.6093333333333334 5.440507614213198 7.202 6.83574074074074 1.816501182033097 6.079254843517139 1.7233318525099954 0.8913725490196076 
0.6093333333333334 0.01 5.567454545454545 5.8368518518518515 0.01 4.297332339791357 1.2520657485561972 0.18627450980392135 
5.404 7.037715736040609 6.384727272727273 5.004444444444444 1.0726477541371158 4.149955290611029 0.3534651266103953 4.240588235294117 
1.808 7.4027918781725885 4.259818181818182 6.336296296296296 0.01 4.994023845007453 2.30243003109729 0.5388235294117645 
0.6093333333333334 8.81746192893401 4.096363636363637 2.6737037037037035 3.9949290780141844 3.480059612518629 2.314411372723234 0.5388235294117645 
1.2086666666666668 3.2500507614213197 5.730909090909091 4.505 0.01 3.7614157973174374 2.0388405153265214 0.18627450980392135 
7.801333333333334 5.75994923857868 7.365454545454545 0.01 0.01 5.824694485842027 2.026859173700577 3.7117647058823526 
0.01 4.619086294416244 6.221272727272727 0.01 0.01 4.793055141579733 0.489253665037761 0.8913725490196076 
0.6093333333333334 3.980203045685279 4.913636363636364 6.169814814814814 0.8069858156028369 4.994023845007453 1.7313194135939582 0.18627450980392135 
2.4073333333333333 6.033756345177665 7.038545454545455 5.170925925925926 0.01 3.7614157973174374 1.3718791648156374 7.413529411764706 
1.2086666666666668 5.5774111675126905 4.259818181818182 7.168703703703703 1.688983451536643 4.860044709388973 2.95741003998223 1.2439215686274507 
4.205333333333334 8.178578680203046 7.774090909090909 5.170925925925926 0.01 4.592086438152013 0.3534651266103953 6.884705882352941 
1.2086666666666668 4.299644670050761 6.221272727272727 3.0066666666666664 0.7113475177304964 4.2437406855439646 2.290448689471346 0.36254901960784336 
4.205333333333334 8.954365482233502 7.365454545454545 0.01 0.01 5.3423695976155 1.4996801421590404 3.5354901960784306 
4.804666666666667 6.079390862944162 5.894363636363637 0.01 0.01 4.417913561847988 0.7768058640604176 3.1829411764705884 
2.4073333333333333 5.5774111675126905 5.567454545454545 0.01 0.01 4.699269746646796 1.2720346512661036 1.4201960784313719 
1.2086666666666668 4.117106598984772 6.548181818181819 2.3407407407407406 0.5944562647754137 3.2790909090909093 0.6929364726788094 0.5388235294117645 
7.202 3.8432994923857864 5.894363636363637 5.170925925925926 0.01 3.9891803278688527 0.8846379386939136 4.41686274509804 
0.6093333333333334 5.303604060913705 6.384727272727273 4.837962962962963 1.9227659574468086 4.846646795827125 1.6794002665482006 0.7150980392156856 
3.006666666666667 4.527817258883249 4.423272727272727 4.671481481481481 0.8919976359338062 4.565290611028317 1.6913816081741446 1.5964705882352939 
2.4073333333333333 4.117106598984772 7.202 7.834629629629629 0.5838297872340426 5.061013412816693 1.144233673922701 1.4201960784313719 
3.606 5.6230456852791875 5.894363636363637 7.501666666666666 2.4540898345153663 4.511698956780925 2.6259262549977787 2.30156862745098 
1.808 6.4901015228426395 6.548181818181819 2.507222222222222 0.01 4.350923994038749 0.4972412261217237 7.413529411764706 
0.6093333333333334 5.531776649746193 6.384727272727273 6.502777777777777 0.7963593380614657 5.235186289120716 0.7408618391825854 1.2439215686274507 
3.606 4.2083756345177665 7.528909090909091 0.01 0.01 2.67618479880775 0.4493158596179475 1.2439215686274507 
1.808 5.94248730964467 6.384727272727273 3.8390740740740736 0.8494917257683215 3.815007451564829 0.9884762327854284 2.30156862745098 
0.6093333333333334 3.6151269035532994 6.548181818181819 4.172037037037037 0.4031796690307329 3.4130700447093894 2.026859173700577 0.18627450980392135 
1.2086666666666668 5.257969543147208 5.240545454545455 3.672592592592592 0.01 4.136557377049181 1.3798667258996002 0.009999999999999787 
4.205333333333334 6.855177664974619 5.404 7.002222222222222 3.644255319148936 4.659076005961253 2.566019546868058 3.7117647058823526 
0.6093333333333334 4.573451776649746 6.057818181818182 2.0077777777777777 0.4988179669030733 2.622593144560358 0.2935584184806752 1.2439215686274507 
6.602666666666667 6.5357360406091365 7.692363636363637 5.503888888888889 1.5614657210401892 4.913636363636365 0.712905375388716 5.298235294117648 
0.6093333333333334 4.573451776649746 5.404 4.837962962962963 2.0927895981087468 4.297332339791357 1.471723678365171 3.7117647058823526 
0.6093333333333334 8.26984771573604 6.384727272727273 7.002222222222222 3.1235579196217493 5.369165424739196 4.722661039537982 0.18627450980392135 
1.2086666666666668 5.896852791878173 6.875090909090909 0.01 0.01 3.7614157973174374 0.8327187916481562 1.0676470588235296 
3.606 5.714314720812182 6.384727272727273 5.170925925925926 0.01 3.707824143070045 1.954971123944913 4.945686274509804 
6.003333333333334 5.714314720812182 5.730909090909091 4.338518518518518 1.2320449172576833 4.176751117734725 0.5172101288316303 3.5354901960784306 
3.606 8.361116751269035 7.692363636363637 0.01 0.01 5.47634873323398 5.533398489560195 4.240588235294117 
3.006666666666667 4.345279187817258 5.894363636363637 5.503888888888889 0.01 5.061013412816693 1.1761839182585516 1.0676470588235296 
0.6093333333333334 4.892893401015228 5.567454545454545 3.173148148148148 0.01 3.5604470938897173 0.3574589071523767 0.5388235294117645 
0.6093333333333334 5.1210659898477155 6.548181818181819 7.501666666666666 1.4126950354609928 4.6724739195231 0.5651354953354064 0.5388235294117645 
4.205333333333334 4.7103553299492384 5.404 5.337407407407407 0.01 5.248584202682564 1.0723456241670366 1.7727450980392159 
0.6093333333333334 6.992081218274111 6.711636363636364 7.002222222222222 5.163841607565011 5.449552906110284 2.442212350066637 0.36254901960784336 
0.6093333333333334 5.714314720812182 4.096363636363637 6.669259259259259 1.7846217494089835 4.47150521609538 3.540501999111506 1.2439215686274507 
3.606 7.539695431472081 5.567454545454545 4.338518518518518 1.7952482269503547 4.511698956780925 2.218560639715682 4.945686274509804 
3.606 3.980203045685279 6.548181818181819 0.01 0.01 3.1183159463487335 0.033962683251888115 1.949019607843137 
1.2086666666666668 3.113147208121827 5.730909090909091 5.337407407407407 0.7113475177304964 3.3594783904619976 0.4453220790759662 0.7150980392156856 
1.2086666666666668 5.486142131979696 6.221272727272727 6.169814814814814 1.1257801418439717 5.328971684053652 0.5571479342514437 1.4201960784313719 
0.01 6.033756345177665 6.384727272727273 0.01 0.01 4.350923994038749 1.2680408707241224 0.009999999999999787 
2.4073333333333333 5.349238578680203 5.077090909090909 2.0077777777777777 0.01 3.9891803278688527 1.216121723678365 1.5964705882352939 
2.4073333333333333 5.805583756345177 7.202 1.8412962962962962 1.6571040189125297 4.632280178837557 2.0867658818302974 1.2439215686274507 
0.6093333333333334 4.619086294416244 4.096363636363637 2.507222222222222 0.39255319148936174 3.2522950819672136 1.799213682807641 0.8913725490196076 
5.404 7.494060913705583 6.384727272727273 0.01 0.01 4.40451564828614 0.289564637938694 4.240588235294117 
1.808 2.793705583756345 6.711636363636364 4.671481481481481 0.01 4.618882265275708 0.6689737894269213 4.41686274509804 
3.006666666666667 4.847258883248731 6.711636363636364 5.004444444444444 0.01 5.302175856929956 0.840706352732119 3.0066666666666664 
0.6093333333333334 5.851218274111675 3.932909090909091 7.501666666666666 2.0715366430260045 5.436154992548436 2.1466725899600174 0.5388235294117645 
7.801333333333334 4.755989847715735 5.894363636363637 0.01 0.01 4.190149031296572 1.5555930697467792 3.0066666666666664 
4.205333333333334 4.299644670050761 5.240545454545455 4.172037037037037 0.8494917257683215 4.47150521609538 2.645895157707685 3.5354901960784306 
1.2086666666666668 2.5655329949238577 4.5867272727272725 4.671481481481481 0.48819148936170215 3.2522950819672136 1.0244202576632608 0.18627450980392135 
0.01 5.440507614213198 5.404 4.505 0.01 5.20839046199702 0.7328742780986228 0.18627450980392135 
3.606 8.680558375634517 7.528909090909091 0.01 0.01 4.766259314456036 0.8087561083962684 7.94235294117647 
4.205333333333334 6.079390862944162 7.202 2.507222222222222 1.6571040189125297 4.350923994038749 0.7448556197245668 2.8303921568627444 
1.2086666666666668 5.1210659898477155 6.384727272727273 8.334074074074074 1.4977068557919622 5.288777943368108 0.3973967125721901 0.5388235294117645 
4.804666666666667 5.029796954314721 6.221272727272727 0.01 0.01 3.7346199701937413 0.6450111061750332 6.532156862745097 
0.01 4.2540101522842635 4.913636363636364 4.172037037037037 0.9876359338061466 3.855201192250373 1.823176366059529 0.18627450980392135 
2.4073333333333333 5.257969543147208 5.894363636363637 0.01 0.01 3.8819970193740687 1.2001466015104396 4.41686274509804 
3.606 4.390913705583756 0.01 0.01 0.01 3.1853055141579736 0.4573034207019102 1.2439215686274507 
0.01 6.30756345177665 4.913636363636364 5.8368518518518515 1.7846217494089835 4.645678092399405 1.8311639271434919 0.009999999999999787 
1.808 4.847258883248731 5.894363636363637 0.01 0.01 3.4666616989567816 0.525197689915593 1.0676470588235296 
3.006666666666667 4.025837563451777 6.384727272727273 5.004444444444444 0.01 3.707824143070045 0.7288804975566414 2.8303921568627444 
0.6093333333333334 4.664720812182741 6.057818181818182 0.01 0.01 5.302175856929956 0.8686628165259884 3.7117647058823526 
0.6093333333333334 4.984162436548223 4.913636363636364 1.3418518518518519 1.9440189125295508 3.4130700447093894 3.480595290981786 0.009999999999999787 
2.4073333333333333 6.216294416243654 5.730909090909091 0.01 0.01 4.190149031296572 4.4191337183474 0.18627450980392135 
1.2086666666666668 5.668680203045685 5.567454545454545 4.671481481481481 2.1884278959810874 4.417913561847988 3.193043091959129 1.5964705882352939 
1.2086666666666668 6.672639593908629 0.01 0.01 0.01 3.6944262295081973 0.6569924478009773 1.2439215686274507 
1.2086666666666668 4.801624365482233 6.139545454545455 0.01 0.01 3.131713859910582 1.9350022212350066 5.65078431372549 
0.6093333333333334 4.345279187817258 6.057818181818182 3.5061111111111107 0.7857328605200946 3.480059612518629 2.386299422478898 2.6541176470588232 
7.202 6.398832487309645 6.956818181818182 5.503888888888889 0.01 5.020819672131148 0.6729675699689026 3.5354901960784306 
6.003333333333334 5.075431472081218 5.730909090909091 4.505 0.01 3.6944262295081973 0.2616081741448245 3.3592156862745095 
0.6093333333333334 4.025837563451777 2.461818181818182 7.002222222222222 1.0620212765957446 7.378852459016395 1.6794002665482006 0.8913725490196076 
3.606 4.527817258883249 4.913636363636364 3.173148148148148 0.5838297872340426 3.614038748137109 1.6833940470901823 1.949019607843137 
0.6093333333333334 5.5774111675126905 5.240545454545455 5.337407407407407 1.6677304964539008 4.712667660208645 2.462181252776544 1.5964705882352939 
2.4073333333333333 4.299644670050761 5.322272727272727 3.672592592592592 0.01 3.319284649776453 0.289564637938694 0.009999999999999787 
1.2086666666666668 6.444467005076142 4.750181818181818 5.67037037037037 1.3701891252955083 3.4130700447093894 2.490137716570413 0.5388235294117645 
1.2086666666666668 4.892893401015228 6.057818181818182 5.004444444444444 1.0726477541371158 4.511698956780925 1.3119724566859172 0.36254901960784336 
2.4073333333333333 6.125025380710659 5.894363636363637 0.01 0.01 3.1987034277198214 0.8047623278542868 6.884705882352941 
0.6093333333333334 6.900812182741117 4.913636363636364 0.01 0.01 3.5068554396423255 0.4133718347401154 0.18627450980392135 
3.006666666666667 4.801624365482233 5.894363636363637 4.837962962962963 3.463605200945626 4.953830104321908 0.3334962239004887 1.2439215686274507 
1.2086666666666668 5.5774111675126905 5.730909090909091 4.505 0.01 4.94043219076006 1.0563705019991114 1.0676470588235296 
4.804666666666667 5.486142131979696 7.038545454545455 0.01 0.01 3.815007451564829 0.7328742780986228 0.18627450980392135 
1.2086666666666668 4.117106598984772 5.730909090909091 2.840185185185185 0.01 3.667630402384501 0.03795646379386941 0.18627450980392135 
2.4073333333333333 3.478223350253807 5.077090909090909 0.01 0.01 4.565290611028317 1.2600533096401598 0.7150980392156856 
6.602666666666667 5.805583756345177 8.67309090909091 0.01 0.01 5.235186289120716 0.4573034207019102 5.298235294117648 
1.808 7.220253807106599 6.221272727272727 6.003333333333333 2.6134869976359334 4.2437406855439646 3.0971923589515766 1.2439215686274507 
1.2086666666666668 4.071472081218274 7.365454545454545 5.004444444444444 0.01 4.498301043219077 0.864669035984007 3.7117647058823526 
0.6093333333333334 4.162741116751269 4.423272727272727 4.172037037037037 1.0726477541371158 3.3862742175856932 0.6330297645490892 0.36254901960784336 
0.6093333333333334 5.440507614213198 7.038545454545455 6.502777777777777 2.3478250591016545 6.119448584202684 2.925459795646379 1.4201960784313719 
3.006666666666667 3.569492385786802 3.932909090909091 0.01 0.01 4.525096870342773 2.3104175921812526 0.7150980392156856 
0.6093333333333334 5.349238578680203 4.913636363636364 3.8390740740740736 1.1364066193853428 4.53849478390462 1.5595868502887604 1.0676470588235296 
0.01 8.26984771573604 7.202 7.335185185185185 5.429503546099291 5.811296572280179 0.5851043980453132 0.8913725490196076 
4.205333333333334 6.9464467005076145 7.202 7.335185185185185 0.01 6.708956780923995 1.0443891603731674 2.6541176470588232 
5.404 5.486142131979696 5.894363636363637 3.672592592592592 0.6050827423167848 2.796766020864382 2.6259262549977787 4.7694117647058825 
0.01 5.988121827411168 0.01 0.01 0.01 5.797898658718332 0.7768058640604176 0.8913725490196076 
0.01 7.4027918781725885 6.221272727272727 6.003333333333333 0.01 6.655365126676603 1.1522212350066636 0.8913725490196076 
0.01 5.440507614213198 0.01 0.01 0.01 4.350923994038749 0.2616081741448245 0.5388235294117645 
5.404 7.539695431472081 7.202 0.01 0.01 4.082965722801789 0.9046068414038204 4.945686274509804 
3.006666666666667 6.718274111675127 6.384727272727273 0.01 0.01 4.525096870342773 0.5691292758773878 7.766078431372549 
4.205333333333334 4.664720812182741 6.057818181818182 6.669259259259259 1.1257801418439717 4.994023845007453 0.513216348289649 4.240588235294117 
3.606 3.6607614213197968 6.548181818181819 6.003333333333333 0.01 5.3423695976155 0.4053842736561528 1.2439215686274507 
0.6093333333333334 4.345279187817258 5.404 2.174259259259259 0.413806146572104 2.635991058122206 1.0324078187472232 0.7150980392156856 
3.006666666666667 6.718274111675127 6.139545454545455 0.01 0.01 4.015976154992549 1.4317858729453574 1.2439215686274507 
9.0 6.216294416243654 5.730909090909091 5.337407407407407 1.1789125295508274 4.980625931445604 0.3095335406486006 3.8880392156862746 
1.808 3.569492385786802 4.096363636363637 5.337407407407407 0.9451300236406619 4.163353204172877 0.688942692136828 0.8913725490196076 
3.606 7.4027918781725885 5.077090909090909 0.01 0.01 3.2656929955290614 0.4093780541981342 5.121960784313725 
0.6093333333333334 3.706395939086294 6.057818181818182 6.83574074074074 0.6157092198581561 6.213233979135619 4.075668591737005 1.949019607843137 
0.6093333333333334 4.436548223350254 5.567454545454545 3.5061111111111107 0.01 3.654232488822653 4.071674811195024 0.18627450980392135 
8.400666666666668 4.573451776649746 6.384727272727273 4.172037037037037 1.965271867612293 4.913636363636365 1.343922701021768 4.41686274509804 
5.404 5.1210659898477155 6.711636363636364 4.0055555555555555 0.01 3.788211624441133 4.818511772545534 5.121960784313725 
3.606 6.261928934010152 4.995363636363637 0.01 0.01 3.2522950819672136 0.3015459795646379 6.003333333333334 
1.2086666666666668 7.996040609137055 7.202 0.01 0.01 3.0781222056631896 1.0004575744113726 0.18627450980392135 
0.6093333333333334 3.2500507614213197 3.932909090909091 3.0066666666666664 0.817612293144208 2.74317436661699 0.9884762327854284 0.18627450980392135 
3.606 6.125025380710659 6.548181818181819 6.169814814814814 3.9417966903073283 6.199836065573772 0.6490048867170147 4.41686274509804 
1.2086666666666668 5.851218274111675 6.384727272727273 6.169814814814814 1.9440189125295508 5.811296572280179 4.5868725011106175 1.7727450980392159 
0.01 4.345279187817258 5.240545454545455 6.502777777777777 1.1257801418439717 5.985469448584204 1.1602087960906262 0.18627450980392135 
1.2086666666666668 4.664720812182741 7.038545454545455 6.003333333333333 1.285177304964539 6.106050670640835 0.2056952465570857 0.36254901960784336 
3.006666666666667 4.025837563451777 5.404 3.5061111111111107 0.2544089834515366 3.2790909090909093 1.0643580630830742 1.5964705882352939 
0.01 6.444467005076142 0.01 0.01 0.01 5.690715350223548 0.5172101288316303 1.4201960784313719 
3.606 4.162741116751269 0.01 0.01 0.01 4.002578241430701 1.6993691692581074 1.7727450980392159 
2.4073333333333333 5.029796954314721 7.528909090909091 0.01 0.01 5.047615499254844 0.4612972012438916 1.5964705882352939 
1.808 4.527817258883249 5.077090909090909 3.173148148148148 0.7963593380614657 2.9307451564828617 0.8127498889382494 0.8913725490196076 
6.602666666666667 3.8889340101522842 6.057818181818182 0.01 0.01 4.042771982116245 0.8966192803198578 2.477843137254902 
4.804666666666667 5.75994923857868 7.202 6.003333333333333 1.157659574468085 5.168196721311476 1.0923145268769434 4.945686274509804 
1.808 5.075431472081218 7.365454545454545 2.0077777777777777 0.8388652482269504 3.815007451564829 1.6754064860062192 1.4201960784313719 
1.2086666666666668 9.0 5.730909090909091 7.501666666666666 5.780177304964539 4.096363636363637 0.3295024433585073 5.65078431372549 
4.804666666666667 4.892893401015228 6.548181818181819 0.01 0.01 3.305886736214606 3.1171612616614834 2.30156862745098 
5.404 6.627005076142132 6.548181818181819 7.6681481481481475 1.3914420803782506 5.087809239940388 2.24252332296757 3.3592156862745095 
0.01 4.892893401015228 5.077090909090909 5.004444444444444 0.7963593380614657 4.913636363636365 2.7217769880053306 0.7150980392156856 
0.01 4.755989847715735 5.240545454545455 6.169814814814814 0.6900945626477542 4.511698956780925 1.7353131941359394 0.18627450980392135 
0.6093333333333334 8.26984771573604 5.240545454545455 5.004444444444444 1.9227659574468086 4.578688524590165 1.0084451354953352 3.0066666666666664 
0.6093333333333334 6.170659898477157 4.423272727272727 0.01 0.01 3.5872429210134134 2.442212350066637 7.237254901960785 
1.808 5.166700507614213 3.606 2.174259259259259 0.01 3.0111326378539496 0.2576143936028432 0.18627450980392135 
2.4073333333333333 5.896852791878173 4.913636363636364 2.0077777777777777 2.4647163120567375 3.6944262295081973 1.8032074633496222 1.7727450980392159 
3.006666666666667 6.5357360406091365 6.384727272727273 0.01 0.01 6.039061102831596 0.4573034207019102 4.593137254901961 
4.205333333333334 5.714314720812182 7.038545454545455 0.01 0.01 5.047615499254844 0.912594402487783 5.298235294117648 
1.808 5.714314720812182 4.750181818181818 0.01 0.01 4.2437406855439646 0.3015459795646379 0.5388235294117645 
5.404 5.668680203045685 5.730909090909091 5.503888888888889 4.281843971631205 4.752861400894188 0.8247312305641936 2.30156862745098 
2.4073333333333333 6.033756345177665 0.01 0.01 0.01 4.417913561847988 0.9046068414038204 0.36254901960784336 
1.2086666666666668 4.847258883248731 5.240545454545455 5.8368518518518515 1.2745508274231678 4.096363636363637 5.289777876499333 2.30156862745098 
0.01 4.619086294416244 5.322272727272727 4.671481481481481 0.01 3.305886736214606 0.6450111061750332 0.18627450980392135 
0.01 5.3948730964467 6.875090909090909 7.834629629629629 2.4540898345153663 6.146244411326379 1.8990581963571747 1.7727450980392159 
0.6093333333333334 4.2540101522842635 4.5867272727272725 1.8412962962962962 0.01 3.024530551415798 1.3638916037316748 0.18627450980392135 
1.2086666666666668 6.4901015228426395 6.711636363636364 3.0066666666666664 0.6900945626477542 3.319284649776453 2.737752110173256 0.009999999999999787 
0.6093333333333334 4.847258883248731 6.221272727272727 0.01 0.01 5.034217585692996 0.4852598844957795 0.8913725490196076 
2.4073333333333333 7.9047715736040605 5.730909090909091 2.3407407407407406 1.7952482269503547 3.9891803278688527 1.1402398933807196 2.125294117647058 
4.205333333333334 5.668680203045685 5.730909090909091 5.503888888888889 2.294692671394799 3.426467958271237 0.3414837849844513 2.8303921568627444 
1.808 4.847258883248731 4.423272727272727 3.5061111111111107 1.688983451536643 4.149955290611029 0.864669035984007 0.5388235294117645 
0.01 6.261928934010152 5.567454545454545 2.3407407407407406 1.5827186761229315 3.3326825633383015 0.2695957352287872 0.009999999999999787 
0.6093333333333334 5.166700507614213 5.240545454545455 5.8368518518518515 0.01 4.511698956780925 1.8671079520213234 0.009999999999999787 
0.6093333333333334 4.984162436548223 4.5867272727272725 3.5061111111111107 1.4445744680851065 3.3862742175856932 3.0253043091959126 0.36254901960784336 
3.006666666666667 8.543654822335025 6.221272727272727 4.505 2.2096808510638297 5.851490312965724 3.8280541981341627 5.65078431372549 
3.606 4.664720812182741 7.365454545454545 6.502777777777777 0.01 4.793055141579733 2.3902932030208794 1.2439215686274507 
5.404 7.128984771573604 7.038545454545455 4.671481481481481 1.6571040189125297 4.60548435171386 4.44709018214127 3.7117647058823526 
3.606 4.7103553299492384 5.894363636363637 5.337407407407407 2.02903073286052 5.061013412816693 0.99247001332741 6.003333333333334 
1.808 5.486142131979696 5.730909090909091 5.004444444444444 1.4445744680851065 5.757704918032788 1.5036739227010216 1.5964705882352939 
5.404 4.847258883248731 4.259818181818182 0.01 0.01 4.190149031296572 1.216121723678365 3.7117647058823526 
2.4073333333333333 5.486142131979696 5.567454545454545 0.01 0.01 3.9757824143070053 2.5300755219902267 2.30156862745098 
1.2086666666666668 5.440507614213198 0.01 0.01 0.01 2.635991058122206 3.0213105286539315 9.0 
1.2086666666666668 7.220253807106599 7.365454545454545 0.01 0.01 4.2437406855439646 2.9134784540204355 7.94235294117647 
3.006666666666667 3.8889340101522842 6.057818181818182 3.672592592592592 0.01 3.895394932935917 4.5868725011106175 1.949019607843137 
2.4073333333333333 8.361116751269035 0.01 0.01 0.01 3.815007451564829 0.5451665926254997 2.6541176470588232 
1.2086666666666668 5.94248730964467 7.855818181818182 0.01 0.01 3.0379284649776457 0.7688183029764548 0.009999999999999787 
1.808 5.257969543147208 5.404 6.502777777777777 1.4977068557919622 5.114605067064084 0.2975521990226566 1.2439215686274507 
0.01 4.801624365482233 5.240545454545455 6.83574074074074 1.5189598108747044 5.570134128166916 0.3894091514882275 0.18627450980392135 
0.6093333333333334 4.847258883248731 5.730909090909091 4.671481481481481 1.4445744680851065 4.592086438152013 0.2656019546868058 0.18627450980392135 
2.4073333333333333 4.345279187817258 5.730909090909091 5.337407407407407 0.01 4.310730253353205 2.1426788094180362 0.5388235294117645 
1.2086666666666668 4.619086294416244 4.750181818181818 2.840185185185185 2.8260165484633566 3.2522950819672136 2.150666370501999 0.36254901960784336 
1.2086666666666668 6.125025380710659 5.730909090909091 0.01 0.01 3.8819970193740687 1.8631141714793427 0.36254901960784336 
0.6093333333333334 5.75994923857868 4.5867272727272725 4.837962962962963 1.625224586288416 3.855201192250373 2.8975033318525094 0.009999999999999787 
0.6093333333333334 6.079390862944162 8.346181818181819 4.671481481481481 1.4977068557919622 4.40451564828614 0.6330297645490892 4.240588235294117 
0.01 6.672639593908629 5.730909090909091 0.01 0.01 5.087809239940388 1.0324078187472232 1.2439215686274507 
5.404 5.5774111675126905 4.5867272727272725 0.01 0.01 4.47150521609538 4.14755664149267 2.125294117647058 
0.6093333333333334 4.162741116751269 5.240545454545455 4.0055555555555555 0.01 3.922190760059613 0.4652909817858729 0.009999999999999787 
3.606 7.037715736040609 6.384727272727273 6.83574074074074 1.4977068557919622 6.186438152011924 1.9789338071968015 1.0676470588235296 
3.006666666666667 4.527817258883249 6.057818181818182 4.505 0.01 3.895394932935917 0.5092225677476677 1.949019607843137 
2.4073333333333333 6.672639593908629 6.384727272727273 0.01 0.01 5.168196721311476 1.775250999555753 8.118627450980393 
0.01 5.166700507614213 6.221272727272727 0.01 0.01 4.47150521609538 0.8087561083962684 0.36254901960784336 
4.205333333333334 4.847258883248731 4.913636363636364 4.0055555555555555 0.01 3.5604470938897173 0.8806441581519326 1.4201960784313719 
0.6093333333333334 4.071472081218274 1.9714545454545456 3.173148148148148 0.27566193853427895 3.7346199701937413 1.931008440693025 0.009999999999999787 
3.006666666666667 0.01 6.548181818181819 5.337407407407407 0.01 5.503144560357676 1.0803331852509996 2.8303921568627444 
1.808 5.851218274111675 5.894363636363637 4.172037037037037 2.02903073286052 4.350923994038749 1.8910706352732114 1.0676470588235296 
0.01 2.611167512690355 4.913636363636364 0.01 0.01 2.9173472429210134 2.633913816081741 8.118627450980393 
0.01 4.801624365482233 5.567454545454545 3.672592592592592 0.01 2.6895827123695977 0.641017325633052 0.18627450980392135 
1.2086666666666668 4.117106598984772 4.913636363636364 0.01 0.01 3.1585096870342775 0.4612972012438916 0.7150980392156856 
0.6093333333333334 4.801624365482233 4.750181818181818 0.01 0.01 3.2656929955290614 0.4453220790759662 0.009999999999999787 
6.602666666666667 7.083350253807106 6.221272727272727 4.671481481481481 1.6039716312056738 4.47150521609538 5.102070191026211 5.298235294117648 
0.01 5.486142131979696 6.057818181818182 3.0066666666666664 0.679468085106383 4.096363636363637 0.8367125721901376 0.8913725490196076 
6.003333333333334 8.178578680203046 5.730909090909091 0.01 0.01 4.712667660208645 0.4972412261217237 2.8303921568627444 
1.2086666666666668 5.3948730964467 6.548181818181819 0.01 0.01 5.757704918032788 2.4661750333185246 0.009999999999999787 
1.808 7.448426395939086 5.730909090909091 3.0066666666666664 1.1257801418439717 4.2437406855439646 0.7688183029764548 1.2439215686274507 
0.6093333333333334 4.984162436548223 3.1156363636363635 3.0066666666666664 1.285177304964539 3.1049180327868857 1.3239537983118614 0.8913725490196076 
3.606 6.718274111675127 6.548181818181819 0.01 0.01 3.962384500745157 0.4093780541981342 5.121960784313725 
1.2086666666666668 3.797664974619289 5.404 3.8390740740740736 0.5413238770685579 4.324128166915053 1.6833940470901823 0.18627450980392135 
3.006666666666667 5.5774111675126905 7.038545454545455 0.01 0.01 4.659076005961253 0.8566814749000442 2.125294117647058 
2.4073333333333333 5.21233502538071 5.322272727272727 0.01 0.01 2.9441430700447095 1.423798311861395 2.8303921568627444 
1.2086666666666668 3.8432994923857864 0.01 0.01 0.01 0.01 0.912594402487783 0.009999999999999787 
1.2086666666666668 4.573451776649746 4.423272727272727 4.671481481481481 1.1257801418439717 5.07441132637854 1.6873878276321634 0.5388235294117645 
0.01 6.261928934010152 3.2790909090909093 5.8368518518518515 1.7952482269503547 5.784500745156484 8.836254997778765 2.125294117647058 
7.202 4.025837563451777 6.057818181818182 6.669259259259259 0.5838297872340426 4.7394634873323405 1.2081341625944022 4.7694117647058825 
0.6093333333333334 4.938527918781726 4.913636363636364 7.6681481481481475 1.9015130023640663 4.766259314456036 1.355904042647712 0.5388235294117645 
6.003333333333334 5.896852791878173 6.221272727272727 4.671481481481481 1.3064302600472812 4.819850968703428 0.816743669480231 3.1829411764705884 
2.4073333333333333 5.029796954314721 5.404 0.01 0.01 4.283934426229509 1.5795557529986672 1.4201960784313719 
1.808 7.9047715736040605 6.384727272727273 6.502777777777777 1.9758983451536642 4.53849478390462 3.5724522434473562 1.7727450980392159 
0.01 4.664720812182741 4.259818181818182 0.01 0.01 3.3728763040238454 0.010000000000000009 0.009999999999999787 
7.202 6.900812182741117 5.730909090909091 6.669259259259259 2.889775413711584 5.610327868852459 2.6618702798756106 3.0066666666666664 
0.6093333333333334 3.6607614213197968 4.505 0.01 0.01 2.5690014903129663 0.7288804975566414 0.009999999999999787 
0.01 6.398832487309645 5.322272727272727 4.338518518518518 1.3914420803782506 5.717511177347244 1.4198045313194134 0.5388235294117645 
1.2086666666666668 4.025837563451777 6.057818181818182 3.173148148148148 0.5732033096926714 3.895394932935917 0.6130608618391825 0.18627450980392135 
1.2086666666666668 3.797664974619289 5.322272727272727 4.671481481481481 0.7113475177304964 4.94043219076006 2.210573078631719 0.5388235294117645 
3.006666666666667 5.257969543147208 6.221272727272727 0.01 0.01 4.190149031296572 1.0683518436250554 4.064313725490196 
4.205333333333334 6.4901015228426395 7.365454545454545 4.0055555555555555 5.110709219858156 4.082965722801789 0.20968902709906712 3.8880392156862746 
1.808 5.6230456852791875 8.182727272727274 5.8368518518518515 2.5603546099290777 7.687004470938898 3.213011994669036 0.18627450980392135 
0.01 5.988121827411168 5.404 6.669259259259259 0.01 4.60548435171386 0.4812661039537983 0.18627450980392135 
4.804666666666667 8.361116751269035 5.240545454545455 0.01 0.01 3.131713859910582 2.382305641936917 1.949019607843137 
0.01 4.619086294416244 5.077090909090909 0.01 0.01 2.9441430700447095 1.0403953798311862 0.7150980392156856 
0.01 5.896852791878173 9.0 7.6681481481481475 1.3914420803782506 9.0 0.9725011106175032 0.8913725490196076 
3.006666666666667 5.531776649746193 5.894363636363637 3.8390740740740736 1.2001654846335696 3.5202533532041733 0.676961350510884 1.5964705882352939 
2.4073333333333333 5.1210659898477155 6.384727272727273 6.669259259259259 0.01 5.288777943368108 0.641017325633052 3.0066666666666664 
0.6093333333333334 4.984162436548223 4.750181818181818 3.0066666666666664 1.2426713947990544 3.828405365126677 0.573123056419369 0.18627450980392135 
3.606 4.892893401015228 7.202 0.01 0.01 4.94043219076006 2.60196357174589 1.7727450980392159 
3.606 5.440507614213198 4.096363636363637 3.672592592592592 1.8802600472813238 3.6408345752608056 4.962287872056864 2.125294117647058 
2.4073333333333333 6.4901015228426395 7.038545454545455 0.01 0.01 5.905081967213116 2.2744735673034207 0.18627450980392135 
0.01 4.892893401015228 6.221272727272727 0.01 0.01 6.079254843517139 2.4382185695246554 0.5388235294117645 
1.2086666666666668 4.573451776649746 5.730909090909091 8.667037037037037 0.6157092198581561 5.436154992548436 2.4022745446468234 0.7150980392156856 
3.006666666666667 4.390913705583756 6.057818181818182 3.0066666666666664 0.7219739952718677 4.511698956780925 3.6802843180808527 3.8880392156862746 
2.4073333333333333 5.714314720812182 6.548181818181819 0.01 0.01 4.3375260804769 1.8391514882274542 1.0676470588235296 
0.01 4.299644670050761 0.01 0.01 0.01 0.01 0.7208929364726788 0.7150980392156856 
1.808 7.220253807106599 5.730909090909091 5.004444444444444 3.4954846335697396 4.766259314456036 1.0723456241670366 2.477843137254902 
3.606 7.037715736040609 6.057818181818182 5.337407407407407 2.0609101654846333 3.935588673621461 3.049266992447801 3.1829411764705884 
1.2086666666666668 5.486142131979696 4.423272727272727 0.01 0.01 3.600640834575261 1.5156552643269658 1.0676470588235296 
2.4073333333333333 6.261928934010152 6.875090909090909 0.01 0.01 4.190149031296572 0.7049178143047534 1.5964705882352939 
0.01 4.573451776649746 5.730909090909091 4.338518518518518 0.5413238770685579 4.136557377049181 2.0827721012883162 0.009999999999999787 
3.006666666666667 5.94248730964467 6.711636363636364 0.01 0.01 5.248584202682564 3.5165393158596174 2.8303921568627444 
3.006666666666667 6.353197969543147 6.548181818181819 5.8368518518518515 1.7102364066193854 4.2437406855439646 1.1402398933807196 0.7150980392156856 
4.205333333333334 6.718274111675127 6.221272727272727 0.01 0.01 5.288777943368108 0.7248867170146602 3.8880392156862746 
0.01 5.3948730964467 5.240545454545455 3.8390740740740736 0.9557565011820331 0.01 6.611719235895157 0.009999999999999787 
1.808 6.353197969543147 4.423272727272727 0.01 0.01 3.4398658718330855 1.3039848956019546 0.18627450980392135 
0.6093333333333334 4.2083756345177665 5.077090909090909 4.172037037037037 0.4456855791962175 2.622593144560358 1.623487338960462 0.7150980392156856 
0.01 4.482182741116751 6.711636363636364 2.507222222222222 0.9026241134751773 3.3862742175856932 0.8926254997778764 0.18627450980392135 
1.808 6.855177664974619 6.221272727272727 0.01 0.01 2.8235618479880777 0.525197689915593 2.8303921568627444 
6.602666666666667 4.7103553299492384 5.567454545454545 6.669259259259259 0.01 6.199836065573772 0.2017014660151044 3.7117647058823526 
0.01 6.261928934010152 6.875090909090909 4.505 0.01 3.667630402384501 0.6210484229231453 6.70843137254902 
0.6093333333333334 4.573451776649746 5.404 2.507222222222222 0.6050827423167848 3.1719076005961258 2.358342958685028 0.8913725490196076 
3.606 8.908730964467004 5.730909090909091 0.01 0.01 4.149955290611029 1.0084451354953352 1.7727450980392159 
1.2086666666666668 4.619086294416244 4.750181818181818 5.8368518518518515 0.9663829787234043 2.9307451564828617 0.3175211017325633 0.18627450980392135 
0.6093333333333334 7.174619289340101 5.894363636363637 3.5061111111111107 1.7952482269503547 3.4398658718330855 0.18972012438916042 0.5388235294117645 
1.808 3.8432994923857864 5.894363636363637 5.337407407407407 0.01 4.994023845007453 0.7648245224344736 1.2439215686274507 
0.01 6.9464467005076145 6.711636363636364 6.502777777777777 2.900401891252955 5.570134128166916 0.7768058640604176 1.0676470588235296 
1.2086666666666668 7.083350253807106 4.259818181818182 4.505 5.748297872340426 5.194992548435173 0.6569924478009773 0.7150980392156856 
5.404 7.767868020304569 6.057818181818182 5.170925925925926 0.01 5.905081967213116 1.3079786761439358 3.8880392156862746 
0.6093333333333334 5.440507614213198 3.606 7.834629629629629 0.679468085106383 4.766259314456036 0.816743669480231 0.7150980392156856 
0.01 6.170659898477157 7.692363636363637 7.6681481481481475 1.550839243498818 5.449552906110284 0.8327187916481562 0.8913725490196076 
4.205333333333334 4.984162436548223 6.548181818181819 5.170925925925926 0.01 4.819850968703428 4.199475788538427 3.8880392156862746 
1.808 7.767868020304569 5.240545454545455 6.169814814814814 2.4009574468085106 4.632280178837557 1.120270990670813 1.5964705882352939 
3.606 5.714314720812182 5.567454545454545 5.004444444444444 1.285177304964539 4.029374068554397 1.5515992892047976 1.949019607843137 
0.6093333333333334 8.954365482233502 6.221272727272727 6.003333333333333 2.6559929078014184 4.900238450074516 3.193043091959129 1.4201960784313719 
0.01 6.444467005076142 6.875090909090909 4.338518518518518 0.01 4.350923994038749 1.4277920924033762 0.18627450980392135 
0.01 4.801624365482233 7.365454545454545 0.01 0.01 3.9757824143070053 0.4852598844957795 4.41686274509804 
2.4073333333333333 4.117106598984772 0.01 0.01 0.01 3.7614157973174374 2.1346912483340734 1.7727450980392159 
3.606 4.801624365482233 6.548181818181819 4.671481481481481 0.01 4.364321907600597 3.205024433585073 0.8913725490196076 
2.4073333333333333 5.714314720812182 5.730909090909091 3.0066666666666664 1.3064302600472812 3.8819970193740687 4.26737005775211 4.240588235294117 
0.01 4.619086294416244 5.240545454545455 2.840185185185185 0.01 2.8235618479880777 0.7049178143047534 0.009999999999999787 
1.808 3.6607614213197968 6.711636363636364 5.170925925925926 0.7538534278959811 4.592086438152013 4.858449577965347 1.0676470588235296 
5.404 8.406751269035533 6.956818181818182 2.507222222222222 0.01 4.029374068554397 4.542940915148822 4.945686274509804 
1.808 5.303604060913705 6.057818181818182 2.507222222222222 1.1257801418439717 3.5336512667660216 0.1258196357174589 0.5388235294117645 
4.804666666666667 3.8432994923857864 6.057818181818182 5.170925925925926 0.01 5.14140089418778 1.5236428254109284 3.1829411764705884 
3.606 7.585329949238578 6.057818181818182 0.01 0.01 3.5738450074515655 0.912594402487783 7.94235294117647 
2.4073333333333333 4.527817258883249 5.894363636363637 2.840185185185185 0.01 3.4398658718330855 0.8726565970679696 1.2439215686274507 
3.606 6.900812182741117 5.077090909090909 5.170925925925926 1.285177304964539 4.766259314456036 2.462181252776544 1.2439215686274507 
4.804666666666667 7.083350253807106 5.077090909090909 4.338518518518518 5.270106382978724 4.565290611028317 1.8671079520213234 4.41686274509804 
1.808 5.531776649746193 4.259818181818182 0.01 0.01 4.833248882265276 0.2056952465570857 0.7150980392156856 
0.6093333333333334 4.938527918781726 7.202 3.173148148148148 0.01 3.6408345752608056 1.295997334517992 0.5388235294117645 
2.4073333333333333 9.0 5.730909090909091 6.502777777777777 7.916099290780141 4.927034277198213 9.0 1.7727450980392159 
1.808 4.527817258883249 6.548181818181819 1.8412962962962962 0.6900945626477542 2.595797317436662 0.8327187916481562 1.5964705882352939 
1.2086666666666668 5.21233502538071 5.567454545454545 3.672592592592592 0.01 3.855201192250373 0.06591292758773881 0.7150980392156856 
1.2086666666666668 4.2083756345177665 5.077090909090909 4.671481481481481 0.01 4.2437406855439646 0.21767658818302982 0.5388235294117645 
1.2086666666666668 3.8432994923857864 4.096363636363637 3.8390740740740736 0.817612293144208 4.082965722801789 3.5644646823633934 0.009999999999999787 
3.006666666666667 5.21233502538071 6.057818181818182 0.01 0.01 3.3460804769001493 2.669857840959574 6.355882352941176 
0.6093333333333334 6.581370558375634 6.711636363636364 7.6681481481481475 1.9227659574468086 6.186438152011924 1.0364015992892048 4.41686274509804 
1.2086666666666668 7.174619289340101 6.057818181818182 5.8368518518518515 4.685650118203309 5.288777943368108 0.2336517103509551 1.5964705882352939 
0.01 4.938527918781726 5.567454545454545 3.3396296296296293 0.01 3.667630402384501 2.841590404264771 1.949019607843137 
4.205333333333334 8.26984771573604 6.875090909090909 3.5061111111111107 2.050283687943262 4.819850968703428 2.0388405153265214 5.298235294117648 
0.6093333333333334 4.345279187817258 6.711636363636364 4.172037037037037 1.9227659574468086 4.699269746646796 0.6290359840071079 3.8880392156862746 
0.6093333333333334 7.494060913705583 6.711636363636364 7.168703703703703 0.7219739952718677 4.40451564828614 1.0603642825410928 5.121960784313725 
3.006666666666667 5.303604060913705 6.057818181818182 0.01 0.01 3.4398658718330855 0.501235006663705 1.5964705882352939 
4.205333333333334 6.216294416243654 6.057818181818182 4.338518518518518 1.4445744680851065 3.493457526080477 2.2824611283873835 5.298235294117648 
6.003333333333334 4.938527918781726 5.404 0.01 0.01 4.350923994038749 0.7847934251443802 3.7117647058823526 
2.4073333333333333 7.220253807106599 6.384727272727273 0.01 0.01 4.417913561847988 2.9054908929364722 1.7727450980392159 
4.804666666666667 6.5357360406091365 5.404 0.01 0.01 4.685871833084948 0.2136828076410484 3.5354901960784306 
0.6093333333333334 4.345279187817258 4.913636363636364 3.0066666666666664 0.6263356973995272 3.2121013412816692 0.7368680586406042 0.18627450980392135 
3.006666666666667 5.257969543147208 8.019272727272728 0.01 0.01 7.097496274217587 0.5331852509995557 1.2439215686274507 
