2.0846153846153843 7.373668341708543 5.730909090909091 2.5785714285714287 1.1257801418439717 4.2437406855439646 0.73933390264731 1.0588333333333342 
2.0846153846153843 5.024522613065327 7.365454545454545 1.7223809523809526 0.8388652482269504 3.815007451564829 1.6106959863364645 1.2086666666666668 
1.393076923076923 4.888994974874372 4.259818181818182 3.7201587301587304 0.679468085106383 4.364321907600597 0.9312638770281809 0.15983333333333372 
2.0846153846153843 7.825427135678392 6.711636363636364 6.85952380952381 4.951312056737589 5.154798807749628 7.913676345004271 0.6093333333333337 
2.0846153846153843 5.024522613065327 5.077090909090909 0.01 0.01 3.0379284649776457 0.25567036720751485 0.010000000000000231 
4.850769230769231 6.018391959798995 7.202 2.1504761904761907 1.6571040189125297 4.350923994038749 0.7163023057216054 2.4073333333333338 
6.233846153846153 3.2626633165829144 6.384727272727273 3.5774603174603175 0.01 4.2437406855439646 0.7853970964987191 2.5571666666666673 
8.308461538461538 4.527587939698493 6.875090909090909 4.719047619047619 1.1257801418439717 4.029374068554397 1.5838257899231425 3.7558333333333342 
5.542307692307692 4.753467336683417 8.182727272727274 5.147142857142858 0.01 5.811296572280179 0.6280145175064047 3.6060000000000008 
2.776153846153846 8.27718592964824 0.01 0.01 0.01 3.815007451564829 0.5243723313407345 2.2575000000000003 
0.7015384615384616 5.024522613065327 7.038545454545455 2.7212698412698413 0.01 4.042771982116245 0.2595089666951324 0.3096666666666672 
2.776153846153846 7.7350753768844225 5.894363636363637 0.01 0.01 5.851490312965724 1.5492783945345856 0.7591666666666672 
4.159230769230769 4.166180904522613 7.528909090909091 0.01 0.01 2.67618479880775 0.4322459436379163 1.0588333333333342 
0.7015384615384616 5.2504020100502515 5.730909090909091 4.0055555555555555 0.01 3.681028315946349 0.49366353543979496 0.010000000000000231 
5.542307692307692 8.90964824120603 6.057818181818182 0.01 0.01 3.480059612518629 4.282361229718189 2.7070000000000007 
0.01 5.3407537688442215 5.240545454545455 3.2920634920634924 0.9557565011820331 0.01 6.355204953031596 0.010000000000000231 
6.233846153846153 6.876733668341709 6.384727272727273 4.861746031746032 1.827127659574468 4.592086438152013 3.138458582408198 1.8080000000000007 
6.9253846153846155 5.205226130653267 0.01 0.01 0.01 4.7394634873323405 0.22496157130657563 1.2086666666666668 
5.542307692307692 5.656984924623115 7.855818181818182 0.01 0.01 0.01 0.6011443210930827 4.954500000000001 
2.0846153846153843 4.888994974874372 5.077090909090909 3.434761904761905 0.01 3.493457526080477 0.566596925704526 0.6093333333333337 
9.0 4.708291457286432 5.894363636363637 0.01 0.01 4.190149031296572 1.495538001707942 2.5571666666666673 
2.776153846153846 6.199095477386935 6.875090909090909 0.01 0.01 4.190149031296572 0.6779163108454314 1.3585000000000003 
5.542307692307692 3.3530150753768844 5.730909090909091 5.717936507936509 0.5306973995271868 4.7394634873323405 2.416801878736123 2.7070000000000007 
3.4676923076923076 5.5214572864321605 7.038545454545455 0.01 0.01 4.659076005961253 0.8237830913748931 1.8080000000000007 
2.0846153846153843 4.798643216080402 4.423272727272727 3.006666666666667 1.688983451536643 4.149955290611029 0.831460290350128 0.45950000000000024 
2.0846153846153843 5.024522613065327 4.750181818181818 4.433650793650794 0.47756501182033095 3.962384500745157 1.361187019641332 0.15983333333333372 
0.01 5.2955778894472365 5.404 4.433650793650794 2.0077777777777777 4.136557377049181 1.6030187873612296 0.15983333333333372 
0.7015384615384616 5.4762814070351755 6.384727272727273 5.575238095238095 0.7963593380614657 5.235186289120716 0.712463706233988 1.0588333333333342 
3.4676923076923076 8.54824120603015 5.240545454545455 4.719047619047619 3.463605200945626 4.190149031296572 1.9484927412467976 1.2086666666666668 
0.7015384615384616 4.211356783919598 4.5867272727272725 1.5796825396825398 0.01 3.024530551415798 1.3112852263023058 0.15983333333333372 
2.0846153846153843 4.482412060301508 6.548181818181819 1.5796825396825398 0.6900945626477542 2.595797317436662 0.8007514944491885 1.3585000000000003 
3.4676923076923076 7.509195979899498 5.894363636363637 2.7212698412698413 1.8696335697399526 3.4666616989567816 1.9638471391972674 4.505000000000001 
6.233846153846153 6.06356783919598 6.057818181818182 4.719047619047619 0.6475886524822695 3.480059612518629 1.476345004269855 9.000000000000002 
4.159230769230769 3.940301507537688 6.548181818181819 0.01 0.01 3.1183159463487335 0.033031596925704565 1.6581666666666672 
8.308461538461538 3.8047738693467337 5.894363636363637 4.433650793650794 0.01 3.9891803278688527 0.8506532877882151 3.7558333333333342 
0.7015384615384616 4.030653266331658 6.221272727272727 4.861746031746032 0.4031796690307329 4.190149031296572 0.44760034158838596 0.3096666666666672 
0.7015384615384616 4.121005025125628 4.423272727272727 3.5774603174603175 1.0726477541371158 3.3862742175856932 0.6088215200683176 0.3096666666666672 
2.776153846153846 5.2955778894472365 5.077090909090909 1.7223809523809526 0.01 3.9891803278688527 1.1692570452604611 1.3585000000000003 
3.4676923076923076 4.798643216080402 6.711636363636364 4.2909523809523815 0.01 5.302175856929956 0.8084286934244236 2.5571666666666673 
0.7015384615384616 4.527587939698493 5.404 2.1504761904761907 0.6050827423167848 3.1719076005961258 2.2670964987190434 0.7591666666666672 
0.7015384615384616 4.075829145728643 5.567454545454545 1.1515873015873017 0.01 3.2924888226527576 4.0789154568744665 2.2575000000000003 
5.542307692307692 5.61180904522613 6.221272727272727 3.434761904761905 6.385886524822695 3.855201192250373 2.3477070879590096 4.654833333333334 
0.01 4.121005025125628 6.548181818181819 0.01 0.01 4.350923994038749 2.017587532023911 0.9090000000000007 
2.0846153846153843 5.205226130653267 5.404 5.575238095238095 1.4977068557919622 5.114605067064084 0.2863791631084543 1.0588333333333342 
0.7015384615384616 4.301708542713568 5.404 1.8650793650793653 0.413806146572104 2.635991058122206 0.9926814688300596 0.6093333333333337 
1.393076923076923 4.166180904522613 5.077090909090909 4.0055555555555555 0.01 4.2437406855439646 0.2096071733561059 0.45950000000000024 
6.233846153846153 5.61180904522613 5.730909090909091 4.719047619047619 4.281843971631205 4.752861400894188 0.7930742954739538 1.9578333333333342 
2.0846153846153843 5.61180904522613 6.548181818181819 4.719047619047619 1.3914420803782506 4.458107302533533 0.8813620836891545 0.7591666666666672 
0.01 7.283316582914573 4.096363636363637 0.01 0.01 2.9441430700447095 0.685593509820666 6.602666666666668 
1.393076923076923 6.605678391959799 0.01 0.01 0.01 3.6944262295081973 0.6318531169940222 1.0588333333333342 
0.7015384615384616 3.6692462311557787 6.057818181818182 5.860634920634921 0.6157092198581561 6.213233979135619 3.9176942783945337 1.6581666666666672 
7.616923076923077 5.024522613065327 6.875090909090909 5.717936507936509 0.01 6.280223546944859 3.261293766011956 3.6060000000000008 
1.393076923076923 4.798643216080402 4.5867272727272725 3.862857142857143 1.763368794326241 3.895394932935917 1.3458326216908625 0.15983333333333372 
2.776153846153846 5.160050251256282 5.240545454545455 0.01 0.01 3.8819970193740687 0.19425277540563624 0.45950000000000024 
3.4676923076923076 5.7021608040201 6.384727272727273 3.862857142857143 0.24378250591016548 3.9757824143070053 1.395734415029889 2.8568333333333342 
1.393076923076923 4.888994974874372 5.077090909090909 1.4369841269841273 2.964160756501182 3.3996721311475415 3.0923953885567887 0.15983333333333372 
2.0846153846153843 7.147788944723618 6.221272727272727 5.147142857142858 2.6134869976359334 4.2437406855439646 2.977237403928266 1.0588333333333342 
0.01 4.843819095477387 4.913636363636364 3.5774603174603175 0.01 3.547049180327869 0.22112297181895818 0.3096666666666672 
0.7015384615384616 4.121005025125628 5.240545454545455 3.434761904761905 0.01 3.922190760059613 0.44760034158838596 0.010000000000000231 
4.850769230769231 6.650854271356784 6.221272727272727 0.01 0.01 5.288777943368108 0.6971093082835185 3.306333333333334 
6.9253846153846155 3.3981909547738693 6.711636363636364 0.01 0.01 4.47150521609538 0.7201409052092229 2.5571666666666673 
0.01 5.385929648241206 5.240545454545455 2.5785714285714287 0.9876359338061466 4.685871833084948 2.4935738684884714 0.3096666666666672 
2.776153846153846 7.057437185929648 6.139545454545455 0.01 0.01 6.481192250372579 0.6241759180187874 1.6581666666666672 
1.393076923076923 5.160050251256282 5.567454545454545 3.1493650793650794 0.01 3.855201192250373 0.0637403928266439 0.6093333333333337 
1.393076923076923 4.753467336683417 6.139545454545455 0.01 0.01 3.131713859910582 1.8602049530315972 4.804666666666668 
0.7015384615384616 5.79251256281407 7.202 5.575238095238095 1.1789125295508274 4.900238450074516 3.7679888983774545 2.4073333333333338 
4.159230769230769 4.617939698492462 6.711636363636364 0.01 0.01 4.136557377049181 0.40153714773697696 2.2575000000000003 
9.0 6.560502512562814 6.711636363636364 2.7212698412698413 1.1789125295508274 2.9843368107302535 0.6510461144321094 5.404000000000002 
2.0846153846153843 4.030653266331658 6.057818181818182 2.293174603174603 0.9132505910165485 4.082965722801789 1.8256575576430403 2.5571666666666673 
2.776153846153846 5.5666331658291455 6.548181818181819 2.1504761904761907 1.8802600472813238 4.297332339791357 1.4110888129803585 1.9578333333333342 
0.01 6.379798994974874 0.01 0.01 0.01 5.690715350223548 0.4975021349274124 1.2086666666666668 
5.542307692307692 8.774120603015076 6.548181818181819 0.01 0.01 3.5068554396423255 1.8256575576430403 6.902333333333335 
2.0846153846153843 5.837688442211055 7.528909090909091 7.002222222222223 1.6571040189125297 4.886840536512668 3.4263535439795043 1.6581666666666672 
2.0846153846153843 5.88286432160804 5.240545454545455 0.01 0.01 3.1049180327868857 0.9159094790777114 0.15983333333333372 
4.159230769230769 7.328492462311558 5.077090909090909 0.01 0.01 3.2656929955290614 0.3938599487617422 4.355166666666667 
6.9253846153846155 5.205226130653267 8.019272727272728 0.01 0.01 3.2254992548435175 3.6336379163108457 1.9578333333333342 
3.4676923076923076 6.289447236180904 5.240545454545455 5.004444444444445 1.4977068557919622 3.8418032786885252 1.2882536293766012 0.7591666666666672 
8.308461538461538 6.334623115577889 6.956818181818182 4.719047619047619 0.01 5.020819672131148 0.6472075149444918 3.0066666666666677 
2.776153846153846 4.663115577889447 4.913636363636364 4.719047619047619 2.050283687943262 3.2254992548435175 3.4186763450042696 1.8080000000000007 
1.393076923076923 4.843819095477387 6.057818181818182 4.2909523809523815 1.0726477541371158 4.511698956780925 1.2613834329632791 0.3096666666666672 
2.0846153846153843 3.7144221105527637 5.730909090909091 0.01 0.01 2.836959761549926 1.2038044406490178 0.6093333333333337 
0.01 5.5666331658291455 7.202 5.28984126984127 0.01 4.726065573770493 0.4667933390264731 1.2086666666666668 
2.0846153846153843 7.825427135678392 6.384727272727273 5.575238095238095 1.9758983451536642 4.53849478390462 3.4340307429547394 1.5083333333333337 
0.01 7.328492462311558 6.221272727272727 8.001111111111111 1.0726477541371158 7.137690014903131 2.624086251067464 0.6093333333333337 
1.393076923076923 5.069698492462312 7.038545454545455 6.003333333333334 1.7102364066193854 5.154798807749628 0.6548847139197269 1.0588333333333342 
0.01 4.753467336683417 7.365454545454545 0.01 0.01 3.9757824143070053 0.4667933390264731 3.7558333333333342 
0.01 4.708291457286432 6.221272727272727 0.01 0.01 2.4752160953800297 1.9446541417591803 0.9090000000000007 
3.4676923076923076 7.599547738693468 5.240545454545455 0.01 0.01 4.417913561847988 0.22880017079419307 3.0066666666666677 
0.7015384615384616 5.928040201005025 5.240545454545455 2.0077777777777777 4.419988179669031 3.1853055141579736 1.2038044406490178 0.010000000000000231 
3.4676923076923076 3.985477386934673 6.384727272727273 4.2909523809523815 0.01 3.707824143070045 0.7009479077711358 2.4073333333333338 
1.393076923076923 4.527587939698493 5.404 2.8639682539682543 0.9663829787234043 4.417913561847988 3.038654995730145 1.0588333333333342 
4.850769230769231 7.192964824120603 5.404 0.01 0.01 4.082965722801789 1.1807728437233131 2.2575000000000003 
6.233846153846153 7.057437185929648 7.038545454545455 4.0055555555555555 1.6571040189125297 4.60548435171386 4.274684030742955 3.1565000000000003 
0.7015384615384616 9.0 6.221272727272727 6.146031746031746 0.01 5.757704918032788 5.061596925704527 0.15983333333333372 
6.233846153846153 7.7350753768844225 9.0 3.434761904761905 2.5603546099290777 6.092652757078987 2.4782194705380016 4.954500000000001 
1.393076923076923 4.121005025125628 5.077090909090909 0.01 0.01 3.667630402384501 1.7258539709649874 0.15983333333333372 
0.01 6.108743718592965 5.567454545454545 6.003333333333334 2.6666193853427895 5.677317436661699 1.1116780529461998 0.45950000000000024 
0.01 6.831557788944724 7.365454545454545 6.574126984126985 0.01 5.650521609538004 1.1347096498719043 0.010000000000000231 
0.7015384615384616 4.301708542713568 6.057818181818182 3.006666666666667 0.7857328605200946 3.480059612518629 2.293966695132365 2.2575000000000003 
4.850769230769231 5.656984924623115 7.038545454545455 0.01 0.01 5.047615499254844 0.8775234842015371 4.505000000000001 
3.4676923076923076 5.79251256281407 6.548181818181819 0.01 0.01 4.645678092399405 0.26334756618274985 3.6060000000000008 
2.0846153846153843 8.72894472361809 5.730909090909091 4.433650793650794 0.01 4.685871833084948 0.6356917164816398 0.6093333333333337 
4.850769230769231 4.798643216080402 4.913636363636364 3.434761904761905 0.01 3.5604470938897173 0.8468146883005978 1.2086666666666668 
2.0846153846153843 6.379798994974874 0.01 0.01 0.01 4.029374068554397 2.631763450042698 0.9090000000000007 
0.01 7.328492462311558 6.221272727272727 5.147142857142858 0.01 6.655365126676603 1.1078394534585823 0.7591666666666672 
2.776153846153846 6.650854271356784 6.057818181818182 3.5774603174603175 3.1235579196217493 4.685871833084948 1.1884500426985483 1.3585000000000003 
2.776153846153846 4.166180904522613 6.548181818181819 0.01 0.01 5.663919523099852 0.6203373185311698 1.2086666666666668 
2.776153846153846 5.656984924623115 6.548181818181819 0.01 0.01 4.3375260804769 1.768078565328779 0.9090000000000007 
2.776153846153846 5.160050251256282 5.322272727272727 0.01 0.01 2.9441430700447095 1.3688642186165672 2.4073333333333338 
4.159230769230769 4.934170854271357 4.913636363636364 3.862857142857143 0.01 3.3594783904619976 0.50134073441503 0.9090000000000007 
5.542307692307692 3.8499497487437186 4.505 2.8639682539682543 0.01 3.2790909090909093 0.23263877028181051 3.1565000000000003 
0.01 8.186834170854272 7.202 6.288730158730159 5.429503546099291 5.811296572280179 0.5627583262169087 0.7591666666666672 
2.0846153846153843 7.6898994974874375 5.240545454545455 5.28984126984127 2.4009574468085106 4.632280178837557 1.0771306575576431 1.3585000000000003 
2.776153846153846 5.5666331658291455 5.077090909090909 0.01 0.01 4.297332339791357 0.5781127241673782 2.1076666666666677 
5.542307692307692 4.482412060301508 6.875090909090909 0.01 0.01 4.752861400894188 1.1999658411614003 4.355166666666667 
0.01 5.385929648241206 5.404 3.862857142857143 0.01 5.20839046199702 0.7047865072587531 0.15983333333333372 
7.616923076923077 5.4311055276381905 6.548181818181819 5.28984126984127 1.6039716312056738 5.677317436661699 2.7238898377455167 4.0555 
0.01 3.533718592964824 7.202 4.148253968253968 0.43505910165484635 4.953830104321908 1.3765414175918018 0.010000000000000231 
0.7015384615384616 5.79251256281407 8.019272727272728 5.860634920634921 0.6263356973995272 4.297332339791357 4.781379163108454 1.8080000000000007 
0.7015384615384616 3.8047738693467337 5.240545454545455 3.2920634920634924 1.2320449172576833 4.953830104321908 1.5185695986336465 1.0588333333333342 
6.233846153846153 4.030653266331658 5.077090909090909 0.01 0.01 3.024530551415798 0.25567036720751485 1.8080000000000007 
6.9253846153846155 4.075829145728643 6.956818181818182 4.576349206349207 0.01 4.685871833084948 2.877433817250213 5.254166666666668 
3.4676923076923076 5.5666331658291455 6.057818181818182 5.717936507936509 0.8282387706855792 4.578688524590165 0.7431725021349271 1.0588333333333342 
0.7015384615384616 6.470150753768844 6.875090909090909 3.2920634920634924 3.304208037825059 5.690715350223548 3.840922288642185 0.15983333333333372 
0.7015384615384616 4.301708542713568 6.711636363636364 3.5774603174603175 1.9227659574468086 4.699269746646796 0.6049829205807002 3.306333333333334 
0.01 4.617939698492462 6.139545454545455 3.2920634920634924 0.01 0.01 1.906268146883006 0.010000000000000231 
1.393076923076923 7.8706030150753765 7.202 5.28984126984127 1.285177304964539 5.972071535022356 2.1903245089666945 0.45950000000000024 
0.01 5.837688442211055 9.0 6.574126984126985 1.3914420803782506 9.0 0.9351024765157985 0.7591666666666672 
4.850769230769231 6.15391959798995 7.365454545454545 0.01 0.01 4.015976154992549 0.5166951323654996 4.355166666666667 
6.9253846153846155 5.5214572864321605 5.567454545454545 0.01 0.01 4.190149031296572 0.7009479077711358 3.0066666666666677 
0.01 3.3078391959798994 0.01 0.01 0.01 2.836959761549926 1.0233902647309991 0.6093333333333337 
1.393076923076923 4.527587939698493 5.567454545454545 3.5774603174603175 0.7644799054373522 5.168196721311476 0.9542954739538856 0.7591666666666672 
2.776153846153846 5.97321608040201 0.01 0.01 0.01 4.417913561847988 0.8698462852263023 0.3096666666666672 
0.7015384615384616 7.7802512562814075 5.567454545454545 7.002222222222223 6.162730496453901 5.690715350223548 2.405286080273271 1.0588333333333342 
2.0846153846153843 6.786381909547739 6.221272727272727 0.01 0.01 2.8235618479880777 0.5051793339026474 2.4073333333333338 
4.159230769230769 8.593417085427136 7.528909090909091 0.01 0.01 4.766259314456036 0.7777198975234842 6.752500000000001 
1.393076923076923 6.515326633165829 4.750181818181818 4.719047619047619 1.4445744680851065 4.2437406855439646 1.330478223740393 0.6093333333333337 
0.7015384615384616 8.72894472361809 4.096363636363637 2.293174603174603 3.9949290780141844 3.480059612518629 2.224871904355252 0.45950000000000024 
2.776153846153846 3.4433668341708543 5.077090909090909 0.01 0.01 4.565290611028317 1.2114816396242527 0.6093333333333337 
0.01 5.4311055276381905 6.057818181818182 2.5785714285714287 0.679468085106383 4.096363636363637 0.804590093936806 0.7591666666666672 
6.233846153846153 5.069698492462312 6.711636363636364 4.576349206349207 1.8696335697399526 4.592086438152013 0.7086251067463707 2.2575000000000003 
4.159230769230769 7.509195979899498 6.057818181818182 0.01 0.01 3.5738450074515655 0.8775234842015371 6.752500000000001 
6.9253846153846155 5.024522613065327 5.730909090909091 3.862857142857143 0.01 3.6944262295081973 0.2518317677198975 2.8568333333333342 
2.0846153846153843 5.837688442211055 5.240545454545455 4.148253968253968 1.2320449172576833 3.547049180327869 0.5512425277540562 1.0588333333333342 
1.393076923076923 3.081959798994975 5.077090909090909 1.8650793650793653 0.16939716312056738 2.702980625931446 0.6971093082835185 0.3096666666666672 
1.393076923076923 5.837688442211055 6.875090909090909 0.01 0.01 3.7614157973174374 0.8007514944491885 0.9090000000000007 
4.850769230769231 5.61180904522613 5.730909090909091 4.719047619047619 2.294692671394799 3.426467958271237 0.32860375747224596 2.4073333333333338 
6.9253846153846155 4.256532663316583 5.894363636363637 2.5785714285714287 0.01 3.1049180327868857 1.9945559350982065 5.254166666666668 
2.776153846153846 6.379798994974874 6.057818181818182 0.01 0.01 3.707824143070045 0.6472075149444918 2.8568333333333342 
0.01 7.464020100502513 6.221272727272727 6.146031746031746 2.719751773049645 6.427600596125187 0.7047865072587531 0.7591666666666672 
3.4676923076923076 4.482412060301508 4.423272727272727 4.0055555555555555 0.8919976359338062 4.565290611028317 1.6260503842869343 1.3585000000000003 
4.850769230769231 7.238140703517588 4.423272727272727 4.576349206349207 1.8696335697399526 4.096363636363637 1.9676857386848847 2.7070000000000007 
2.0846153846153843 3.6692462311557787 7.038545454545455 2.293174603174603 0.7113475177304964 3.6944262295081973 0.8852006831767718 0.15983333333333372 
4.850769230769231 8.096482412060302 7.774090909090909 4.433650793650794 0.01 4.592086438152013 0.3401195559350982 5.8535 
4.159230769230769 5.385929648241206 4.096363636363637 3.1493650793650794 1.8802600472813238 3.6408345752608056 4.769863364645603 1.8080000000000007 
4.850769230769231 3.6692462311557787 6.384727272727273 5.717936507936509 0.5200709219858156 6.266825633383012 0.712463706233988 3.1565000000000003 
1.393076923076923 5.837688442211055 6.057818181818182 3.7201587301587304 2.1884278959810874 4.458107302533533 1.9792015371477367 0.6093333333333337 
0.7015384615384616 5.88286432160804 5.730909090909091 1.8650793650793653 1.1257801418439717 3.480059612518629 1.5224081981212638 0.15983333333333372 
3.4676923076923076 5.4762814070351755 5.894363636363637 3.2920634920634924 1.2001654846335696 3.5202533532041733 0.6510461144321094 1.3585000000000003 
2.776153846153846 4.075829145728643 0.01 0.01 0.01 3.7614157973174374 2.052134927412468 1.5083333333333337 
4.850769230769231 3.7595979899497487 6.384727272727273 3.7201587301587304 0.7644799054373522 3.935588673621461 2.654795046968403 2.2575000000000003 
0.7015384615384616 8.54824120603015 4.913636363636364 3.2920634920634924 9.0 4.042771982116245 1.2383518360375745 5.703666666666667 
4.850769230769231 6.786381909547739 5.404 6.003333333333334 3.644255319148936 4.659076005961253 2.466703672075149 3.1565000000000003 
0.7015384615384616 3.940301507537688 5.567454545454545 4.861746031746032 0.8282387706855792 5.047615499254844 1.249867634500427 0.45950000000000024 
0.7015384615384616 3.940301507537688 4.913636363636364 5.28984126984127 0.8069858156028369 4.994023845007453 1.6644363791631085 0.15983333333333372 
6.233846153846153 7.464020100502513 7.202 0.01 0.01 4.082965722801789 0.8698462852263023 4.205333333333334 
2.0846153846153843 5.656984924623115 4.750181818181818 0.01 0.01 4.2437406855439646 0.29021776259607174 0.45950000000000024 
8.308461538461538 4.166180904522613 5.077090909090909 1.008888888888889 2.7516312056737586 3.707824143070045 3.2651323654995728 3.4561666666666673 
0.7015384615384616 3.940301507537688 6.384727272727273 3.862857142857143 0.3500472813238771 4.645678092399405 0.09828778821520068 0.15983333333333372 
0.01 4.617939698492462 7.038545454545455 2.4358730158730157 1.1257801418439717 3.935588673621461 2.3784158838599483 0.9090000000000007 
3.4676923076923076 4.392060301507538 6.221272727272727 3.862857142857143 0.01 4.779657228017885 1.161579846285226 4.654833333333334 
0.01 8.141658291457286 6.384727272727273 9.0 0.1587706855791962 7.968360655737706 9.0 0.6093333333333337 
2.0846153846153843 3.8047738693467337 5.894363636363637 4.576349206349207 0.01 4.994023845007453 0.7354953031596925 1.0588333333333342 
6.9253846153846155 5.837688442211055 6.221272727272727 4.0055555555555555 1.3064302600472812 4.819850968703428 0.7853970964987191 2.7070000000000007 
0.7015384615384616 6.515326633165829 6.711636363636364 6.574126984126985 1.9227659574468086 6.186438152011924 0.9965200683176771 3.7558333333333342 
0.01 7.554371859296483 0.01 0.01 0.01 4.3375260804769 2.9311742100768576 1.3585000000000003 
0.01 8.954824120603016 5.404 4.576349206349207 2.9216548463356973 5.543338301043219 1.6375661827497865 1.0588333333333342 
6.9253846153846155 6.018391959798995 5.567454545454545 0.01 0.01 3.6274366616989573 0.6510461144321094 2.2575000000000003 
2.0846153846153843 5.069698492462312 6.057818181818182 4.2909523809523815 0.01 4.2437406855439646 0.4667933390264731 0.6093333333333337 
3.4676923076923076 0.01 6.548181818181819 4.576349206349207 0.01 5.503144560357676 1.038744662681469 2.4073333333333338 
0.7015384615384616 3.985477386934673 5.077090909090909 3.434761904761905 0.47756501182033095 4.015976154992549 1.330478223740393 0.3096666666666672 
2.776153846153846 4.979346733668342 5.404 0.01 0.01 4.283934426229509 1.5185695986336465 1.2086666666666668 
2.0846153846153843 4.527587939698493 5.567454545454545 3.2920634920634924 0.8707446808510638 4.2437406855439646 3.353420153714774 1.0588333333333342 
2.776153846153846 5.747336683417085 7.202 1.5796825396825398 1.6571040189125297 4.632280178837557 2.006071733561059 1.0588333333333342 
1.393076923076923 3.6692462311557787 4.913636363636364 3.1493650793650794 0.01 3.721222056631893 0.8237830913748931 0.6093333333333337 
4.159230769230769 6.967085427135679 6.384727272727273 5.860634920634921 1.4977068557919622 6.186438152011924 1.9024295473953887 0.9090000000000007 
4.159230769230769 4.346884422110553 0.01 0.01 0.01 3.1853055141579736 0.4399231426131512 1.0588333333333342 
1.393076923076923 3.8499497487437186 5.322272727272727 0.01 0.01 5.315573770491804 3.280486763450043 0.9090000000000007 
6.9253846153846155 5.837688442211055 5.077090909090909 5.147142857142858 0.01 5.529940387481372 1.4034116140051238 2.5571666666666673 
0.7015384615384616 6.831557788944724 4.913636363636364 0.01 0.01 3.5068554396423255 0.3976985482493595 0.15983333333333372 
0.01 6.605678391959799 6.711636363636364 0.01 0.01 5.436154992548436 6.547134927412468 3.4561666666666673 
1.393076923076923 4.753467336683417 6.548181818181819 6.4314285714285715 2.039657210401891 4.525096870342773 2.4398334756618274 1.2086666666666668 
7.616923076923077 6.15391959798995 6.875090909090909 5.004444444444445 1.3914420803782506 3.8016095380029813 0.7086251067463707 3.1565000000000003 
1.393076923076923 5.205226130653267 5.240545454545455 3.1493650793650794 0.01 4.136557377049181 1.3266396242527756 0.010000000000000231 
5.542307692307692 3.8047738693467337 6.057818181818182 4.433650793650794 0.01 5.14140089418778 1.4648292058070025 2.7070000000000007 
6.233846153846153 7.418844221105528 6.384727272727273 0.01 0.01 4.40451564828614 0.2787019641332195 3.6060000000000008 
4.850769230769231 8.45788944723618 5.567454545454545 5.575238095238095 3.240449172576832 5.061013412816693 0.685593509820666 3.0066666666666677 
0.7015384615384616 4.843819095477387 5.567454545454545 2.7212698412698413 0.01 3.5604470938897173 0.34395815542271563 0.45950000000000024 
4.850769230769231 8.45788944723618 4.096363636363637 4.719047619047619 4.175579196217494 4.551892697466468 2.8812724167378305 1.9578333333333342 
0.7015384615384616 3.7595979899497487 5.567454545454545 0.01 0.01 2.448420268256334 2.105875320239112 0.9090000000000007 
1.393076923076923 5.5214572864321605 4.913636363636364 2.5785714285714287 1.1364066193853428 4.002578241430701 2.4628650725875323 0.15983333333333372 
0.01 3.3530150753768844 4.259818181818182 1.4369841269841273 0.39255319148936174 3.7346199701937413 0.7431725021349271 0.15983333333333372 
2.0846153846153843 5.79251256281407 5.894363636363637 3.5774603174603175 2.02903073286052 4.350923994038749 1.8179803586678052 0.9090000000000007 
0.7015384615384616 4.392060301507538 5.567454545454545 3.006666666666667 0.01 3.654232488822653 3.9138556789069168 0.15983333333333372 
2.0846153846153843 3.940301507537688 4.913636363636364 2.5785714285714287 0.01 2.9307451564828617 1.414927412467976 0.010000000000000231 
3.4676923076923076 4.663115577889447 8.836545454545455 5.28984126984127 0.01 5.261982116244412 0.8813620836891545 6.602666666666668 
2.776153846153846 6.605678391959799 6.956818181818182 3.862857142857143 1.0726477541371158 3.8819970193740687 0.43608454312553363 0.9090000000000007 
1.393076923076923 3.940301507537688 0.01 3.2920634920634924 0.01 3.8819970193740687 2.6778266438941074 0.6093333333333337 
0.01 4.211356783919598 4.913636363636364 3.5774603174603175 0.9876359338061466 3.855201192250373 1.7527241673783092 0.15983333333333372 
2.0846153846153843 4.617939698492462 6.057818181818182 0.01 0.01 3.962384500745157 0.17505977796754907 1.6581666666666672 
0.7015384615384616 5.656984924623115 5.730909090909091 3.434761904761905 1.1789125295508274 3.2656929955290614 0.5589197267292911 0.6093333333333337 
3.4676923076923076 5.2955778894472365 7.038545454545455 4.2909523809523815 1.1257801418439717 5.248584202682564 0.6740777113578138 3.1565000000000003 
1.393076923076923 4.979346733668342 6.057818181818182 4.148253968253968 1.3383096926713949 4.350923994038749 2.3899316823228007 0.9090000000000007 
7.616923076923077 6.244271356783919 6.057818181818182 3.7201587301587304 1.540212765957447 4.846646795827125 1.8486891545687447 4.355166666666667 
1.393076923076923 7.9157788944723615 7.202 0.01 0.01 3.0781222056631896 0.9619726729291205 0.15983333333333372 
0.01 8.096482412060302 7.365454545454545 3.862857142857143 0.01 5.918479880774964 2.343868488471392 0.3096666666666672 
0.01 4.708291457286432 5.240545454545455 3.2920634920634924 1.2426713947990544 3.7346199701937413 1.45331340734415 0.3096666666666672 
4.850769230769231 8.864472361809046 7.365454545454545 0.01 0.01 5.3423695976155 1.441797608881298 3.0066666666666677 
4.850769230769231 8.051306532663316 6.875090909090909 0.01 0.01 5.355767511177348 0.9811656703672076 3.0066666666666677 
1.393076923076923 3.081959798994975 5.730909090909091 4.576349206349207 0.7113475177304964 3.3594783904619976 0.42840734415029885 0.6093333333333337 
3.4676923076923076 3.4885427135678393 6.711636363636364 5.860634920634921 0.4563120567375887 4.80645305514158 0.30941076003415885 2.1076666666666677 
0.7015384615384616 5.385929648241206 3.606 6.7168253968253975 0.679468085106383 4.766259314456036 0.7853970964987191 0.6093333333333337 
2.0846153846153843 4.798643216080402 5.894363636363637 0.01 0.01 3.4666616989567816 0.5051793339026474 0.9090000000000007 
6.233846153846153 4.617939698492462 6.221272727272727 5.28984126984127 0.01 4.417913561847988 2.263257899231426 3.7558333333333342 
1.393076923076923 3.940301507537688 4.750181818181818 2.293174603174603 0.5625768321513003 4.391117734724293 0.3477967549103331 0.6093333333333337 
0.01 5.61180904522613 5.730909090909091 2.8639682539682543 0.01 3.681028315946349 0.685593509820666 2.2575000000000003 
0.7015384615384616 4.617939698492462 6.057818181818182 0.01 0.01 5.302175856929956 0.8352988898377454 3.1565000000000003 
1.393076923076923 3.7144221105527637 4.259818181818182 3.1493650793650794 1.2320449172576833 3.828405365126677 6.23236976942784 0.6093333333333337 
2.776153846153846 4.121005025125628 5.730909090909091 4.576349206349207 0.9451300236406619 4.444709388971685 1.422604611443211 0.15983333333333372 
6.9253846153846155 4.166180904522613 5.077090909090909 0.01 0.01 3.480059612518629 0.3516353543979504 1.5083333333333337 
0.01 4.617939698492462 4.259818181818182 0.01 0.01 3.3728763040238454 0.010000000000000009 0.010000000000000231 
0.7015384615384616 4.392060301507538 5.730909090909091 5.717936507936509 0.01 5.114605067064084 0.5474039282664389 1.3585000000000003 
0.01 4.437236180904523 6.711636363636364 2.1504761904761907 0.9026241134751773 3.3862742175856932 0.85833048676345 0.15983333333333372 
6.233846153846153 5.069698492462312 6.711636363636364 3.434761904761905 0.01 3.788211624441133 4.631673783091374 4.355166666666667 
0.7015384615384616 5.79251256281407 3.932909090909091 6.4314285714285715 2.0715366430260045 5.436154992548436 2.0636507258753203 0.45950000000000024 
0.7015384615384616 4.843819095477387 5.894363636363637 4.2909523809523815 0.881371158392435 4.136557377049181 2.8620794192997434 0.45950000000000024 
8.308461538461538 5.4762814070351755 6.384727272727273 2.4358730158730157 0.01 3.5604470938897173 0.7047865072587531 6.153166666666667 
0.7015384615384616 0.01 6.057818181818182 2.8639682539682543 0.2544089834515366 3.721222056631893 0.85833048676345 0.010000000000000231 
1.393076923076923 4.256532663316583 6.221272727272727 2.5785714285714287 0.7113475177304964 4.2437406855439646 2.2018403074295474 0.3096666666666672 
0.01 4.617939698492462 5.240545454545455 6.574126984126985 0.8388652482269504 5.449552906110284 1.6145345858240818 0.010000000000000231 
7.616923076923077 6.470150753768844 7.692363636363637 4.719047619047619 1.5614657210401892 4.913636363636365 0.685593509820666 4.505000000000001 
0.7015384615384616 4.030653266331658 5.404 3.2920634920634924 1.008888888888889 3.774813710879285 0.3516353543979504 0.010000000000000231 
3.4676923076923076 5.2504020100502515 6.057818181818182 4.148253968253968 0.01 4.3375260804769 2.244064901793339 2.1076666666666677 
1.393076923076923 4.166180904522613 6.221272727272727 2.8639682539682543 0.01 3.2522950819672136 6.228531169940223 1.0588333333333342 
5.542307692307692 8.864472361809046 6.221272727272727 4.148253968253968 2.985413711583924 5.034217585692996 2.0329419299743807 5.404000000000002 
9.0 6.876733668341709 7.365454545454545 4.719047619047619 0.3181678486997636 3.600640834575261 2.516605465414176 3.306333333333334 
4.850769230769231 8.322361809045226 6.875090909090909 4.719047619047619 0.01 4.766259314456036 1.0732920580700256 3.0066666666666677 
1.393076923076923 6.424974874371859 6.711636363636364 2.5785714285714287 0.6900945626477542 3.319284649776453 2.631763450042698 0.010000000000000231 
1.393076923076923 6.605678391959799 5.730909090909091 5.432539682539683 3.835531914893617 3.7614157973174374 1.004197267292912 1.2086666666666668 
7.616923076923077 4.663115577889447 5.567454545454545 5.717936507936509 0.01 6.199836065573772 0.19425277540563624 3.1565000000000003 
0.01 4.843819095477387 6.221272727272727 0.01 0.01 6.079254843517139 2.343868488471392 0.45950000000000024 
2.0846153846153843 6.696030150753769 5.404 3.5774603174603175 0.01 4.364321907600597 0.6932707087959009 0.15983333333333372 
1.393076923076923 4.346884422110553 5.567454545454545 1.8650793650793653 0.5306973995271868 2.836959761549926 2.1941631084543127 0.7591666666666672 
2.776153846153846 6.967085427135679 5.077090909090909 4.433650793650794 3.0279196217494087 4.40451564828614 0.6203373185311698 0.3096666666666672 
0.7015384615384616 5.024522613065327 5.077090909090909 1.8650793650793653 1.9440189125295508 3.2254992548435175 0.2403159692570453 0.3096666666666672 
3.4676923076923076 6.199095477386935 8.836545454545455 0.01 0.01 6.548181818181819 0.5819513236549956 2.4073333333333338 
0.01 8.141658291457286 5.404 5.575238095238095 0.01 5.637123695976156 6.9770580700256195 0.6093333333333337 
8.308461538461538 6.831557788944724 5.730909090909091 5.717936507936509 2.889775413711584 5.610327868852459 2.5588300597779674 2.5571666666666673 
0.7015384615384616 4.888994974874372 7.202 2.7212698412698413 0.01 3.6408345752608056 1.2460290350128096 0.45950000000000024 
0.01 6.199095477386935 5.567454545454545 2.0077777777777777 1.5827186761229315 3.3326825633383015 0.2595089666951324 0.010000000000000231 
0.01 4.121005025125628 5.567454545454545 4.576349206349207 2.241560283687943 5.355767511177348 1.1730956447480785 0.6093333333333337 
1.393076923076923 5.069698492462312 6.139545454545455 4.576349206349207 0.01 4.793055141579733 0.2787019641332195 0.010000000000000231 
0.01 4.211356783919598 4.913636363636364 0.01 0.01 4.7394634873323405 0.7201409052092229 0.6093333333333337 
0.01 8.54824120603015 8.509636363636364 3.5774603174603175 0.01 4.60548435171386 1.3803800170794192 3.0066666666666677 
4.159230769230769 4.708291457286432 6.057818181818182 2.5785714285714287 1.6677304964539008 4.015976154992549 2.482058070025619 3.0066666666666677 
2.0846153846153843 7.9609547738693465 7.038545454545455 3.862857142857143 1.6677304964539008 4.47150521609538 4.140333048676346 4.654833333333334 
0.01 4.843819095477387 5.077090909090909 4.2909523809523815 0.7963593380614657 4.913636363636365 2.6164090520922287 0.6093333333333337 
4.850769230769231 4.527587939698493 0.01 0.01 0.01 4.029374068554397 1.5684713919726727 1.6581666666666672 
0.7015384615384616 6.650854271356784 7.692363636363637 5.860634920634921 0.01 6.615171385991059 1.0848078565328778 0.9090000000000007 
0.7015384615384616 5.5214572864321605 7.365454545454545 7.2876190476190486 2.3478250591016545 6.668763040238452 0.9581340734415029 1.5083333333333337 
4.159230769230769 0.01 5.567454545454545 5.860634920634921 0.01 5.235186289120716 2.501251067463706 3.0066666666666677 
0.7015384615384616 5.5214572864321605 5.240545454545455 4.576349206349207 1.6677304964539008 4.712667660208645 2.3669000853970967 1.3585000000000003 
2.0846153846153843 8.232010050251256 6.057818181818182 0.01 0.01 4.096363636363637 1.0349060631938511 1.2086666666666668 
4.850769230769231 4.617939698492462 6.057818181818182 5.717936507936509 1.1257801418439717 4.994023845007453 0.49366353543979496 3.6060000000000008 
4.159230769230769 6.650854271356784 6.548181818181819 0.01 0.01 3.962384500745157 0.3938599487617422 4.355166666666667 
4.850769230769231 4.256532663316583 5.240545454545455 3.5774603174603175 0.8494917257683215 4.47150521609538 2.5434756618274976 3.0066666666666677 
0.7015384615384616 5.2955778894472365 4.913636363636364 3.2920634920634924 1.1364066193853428 4.53849478390462 1.4993766011955594 0.9090000000000007 
0.7015384615384616 3.578894472361809 6.139545454545455 4.2909523809523815 0.01 4.297332339791357 1.2306746370623398 0.15983333333333372 
3.4676923076923076 3.3078391959798994 4.913636363636364 0.01 0.01 3.600640834575261 0.73933390264731 0.9090000000000007 
2.776153846153846 6.967085427135679 5.894363636363637 4.148253968253968 1.348936170212766 4.203546944858421 1.0080358667805294 2.4073333333333338 
0.01 6.289447236180904 5.077090909090909 2.4358730158730157 2.241560283687943 2.970938897168406 0.5051793339026474 0.010000000000000231 
1.393076923076923 5.4762814070351755 5.730909090909091 4.576349206349207 1.01951536643026 5.248584202682564 3.111588385994876 0.3096666666666672 
2.776153846153846 6.696030150753769 4.913636363636364 3.862857142857143 3.389219858156028 4.149955290611029 0.2863791631084543 1.2086666666666668 
4.159230769230769 5.5666331658291455 5.894363636363637 6.4314285714285715 2.4540898345153663 4.511698956780925 2.5242826643894105 1.9578333333333342 
6.233846153846153 5.88286432160804 5.730909090909091 0.01 0.01 4.592086438152013 2.2133561058924 3.6060000000000008 
1.393076923076923 5.88286432160804 7.855818181818182 0.01 0.01 3.0379284649776457 0.73933390264731 0.010000000000000231 
5.542307692307692 8.27718592964824 5.240545454545455 0.01 0.01 3.131713859910582 2.2901280956447483 1.6581666666666672 
2.776153846153846 4.301708542713568 4.913636363636364 4.576349206349207 0.01 4.752861400894188 0.8007514944491885 1.0588333333333342 
1.393076923076923 4.527587939698493 4.423272727272727 4.0055555555555555 1.1257801418439717 5.07441132637854 1.6222117847993167 0.45950000000000024 
2.0846153846153843 5.114874371859297 3.606 1.8650793650793653 0.01 3.0111326378539496 0.24799316823228018 0.15983333333333372 
1.393076923076923 6.289447236180904 6.139545454545455 0.01 0.01 3.4398658718330855 0.3516353543979504 1.2086666666666668 
1.393076923076923 4.753467336683417 4.750181818181818 5.717936507936509 1.008888888888889 4.685871833084948 0.5742741246797609 0.6093333333333337 
0.7015384615384616 7.554371859296483 6.057818181818182 2.4358730158730157 1.540212765957447 3.145111773472429 1.4264432109308283 1.8080000000000007 
1.393076923076923 4.482412060301508 4.913636363636364 2.4358730158730157 1.7102364066193854 4.913636363636365 1.4494748078565327 0.010000000000000231 
5.542307692307692 6.967085427135679 6.384727272727273 4.576349206349207 0.01 4.350923994038749 1.4110888129803585 3.6060000000000008 
0.7015384615384616 5.7021608040201 4.5867272727272725 4.148253968253968 1.625224586288416 3.855201192250373 2.785307429547395 0.010000000000000231 
0.01 4.753467336683417 5.567454545454545 3.1493650793650794 0.01 2.6895827123695977 0.6164987190435525 0.15983333333333372 
4.850769230769231 5.837688442211055 5.567454545454545 7.002222222222223 1.3383096926713949 5.168196721311476 1.395734415029889 3.306333333333334 
0.01 4.572763819095477 6.221272727272727 0.01 0.01 4.793055141579733 0.4706319385140905 0.7591666666666672 
2.0846153846153843 4.482412060301508 5.077090909090909 2.7212698412698413 0.7963593380614657 2.9307451564828617 0.7815584970111014 0.7591666666666672 
0.01 6.334623115577889 5.322272727272727 3.7201587301587304 1.3914420803782506 5.717511177347244 1.3650256191289496 0.45950000000000024 
5.542307692307692 4.121005025125628 6.711636363636364 0.01 0.01 4.779657228017885 1.9638471391972674 7.052166666666668 
0.7015384615384616 4.934170854271357 3.1156363636363635 2.5785714285714287 1.285177304964539 3.1049180327868857 1.2728992314261316 0.7591666666666672 
0.01 6.605678391959799 5.730909090909091 0.01 0.01 5.087809239940388 0.9926814688300596 1.0588333333333342 
0.01 4.527587939698493 5.730909090909091 3.7201587301587304 0.5413238770685579 4.136557377049181 2.002233134073441 0.010000000000000231 
2.776153846153846 4.075829145728643 7.202 6.7168253968253975 0.5838297872340426 5.061013412816693 1.1001622544833476 1.2086666666666668 
0.7015384615384616 8.864472361809046 6.221272727272727 5.147142857142858 2.6559929078014184 4.900238450074516 3.0693637916310843 1.2086666666666668 
5.542307692307692 5.7021608040201 7.202 5.147142857142858 1.157659574468085 5.168196721311476 1.050260461144321 4.205333333333334 
5.542307692307692 5.3407537688442215 5.894363636363637 2.7212698412698413 0.01 3.1049180327868857 5.376362083689155 3.7558333333333342 
0.01 8.006130653266332 4.913636363636364 4.148253968253968 5.089456264775413 4.645678092399405 3.8255678906917168 0.010000000000000231 
2.776153846153846 5.024522613065327 5.894363636363637 6.7168253968253975 2.2096808510638297 4.980625931445604 5.046242527754056 5.254166666666668 
3.4676923076923076 4.753467336683417 5.894363636363637 4.148253968253968 3.463605200945626 4.953830104321908 0.32092655849701107 1.0588333333333342 
0.7015384615384616 3.6240703517587938 6.057818181818182 1.5796825396825398 0.6475886524822695 4.029374068554397 1.733531169940222 0.15983333333333372 
5.542307692307692 5.069698492462312 5.894363636363637 0.01 0.01 3.1719076005961258 2.9350128095644745 5.553833333333333 
2.0846153846153843 7.6447236180904525 6.057818181818182 2.7212698412698413 1.3383096926713949 4.015976154992549 0.73933390264731 1.5083333333333337 
5.542307692307692 4.979346733668342 6.221272727272727 0.01 0.01 3.7346199701937413 0.6203373185311698 5.553833333333333 
1.393076923076923 3.7595979899497487 5.322272727272727 4.0055555555555555 0.7113475177304964 4.94043219076006 2.125068317677199 0.45950000000000024 
0.01 5.7021608040201 7.038545454545455 3.862857142857143 1.285177304964539 3.681028315946349 1.687467976088813 0.010000000000000231 
6.9253846153846155 3.081959798994975 8.67309090909091 3.2920634920634924 0.5306973995271868 4.766259314456036 0.804590093936806 3.9056666666666677 
0.01 5.656984924623115 7.855818181818182 0.01 0.01 3.024530551415798 0.7163023057216054 0.010000000000000231 
1.393076923076923 4.166180904522613 4.259818181818182 0.01 0.01 4.042771982116245 0.2518317677198975 0.15983333333333372 
4.850769230769231 8.81929648241206 5.730909090909091 4.719047619047619 1.550839243498818 3.3728763040238454 0.33628095644748085 5.104333333333335 
2.0846153846153843 5.2504020100502515 0.01 0.01 0.01 3.1585096870342775 0.42840734415029885 0.3096666666666672 
1.393076923076923 7.012261306532664 6.057818181818182 2.4358730158730157 1.0301418439716312 3.5738450074515655 1.3727028181041845 0.9090000000000007 
0.01 5.114874371859297 6.548181818181819 2.293174603174603 0.01 4.163353204172877 3.0655251921434674 0.010000000000000231 
4.850769230769231 6.786381909547739 6.384727272727273 4.148253968253968 1.348936170212766 4.726065573770493 2.3669000853970967 4.954500000000001 
6.9253846153846155 5.656984924623115 5.730909090909091 3.7201587301587304 1.2320449172576833 4.176751117734725 0.4975021349274124 3.0066666666666677 
0.7015384615384616 7.599547738693468 7.202 4.148253968253968 0.01 4.699269746646796 3.1845217762596074 4.654833333333334 
0.01 6.650854271356784 6.956818181818182 7.715714285714286 0.01 5.744307004470939 1.150064047822374 0.45950000000000024 
0.01 4.572763819095477 5.322272727272727 4.0055555555555555 0.01 3.305886736214606 0.6203373185311698 0.15983333333333372 
5.542307692307692 2.94643216080402 5.894363636363637 3.2920634920634924 0.01 4.297332339791357 2.0137489325362936 3.1565000000000003 
3.4676923076923076 3.985477386934673 5.404 3.006666666666667 0.2544089834515366 3.2790909090909093 1.0233902647309991 1.3585000000000003 
3.4676923076923076 5.97321608040201 6.548181818181819 0.01 0.01 3.600640834575261 0.4245687446626815 7.202000000000002 
0.7015384615384616 5.7021608040201 4.913636363636364 0.01 0.01 4.042771982116245 1.050260461144321 3.9056666666666677 
3.4676923076923076 7.147788944723618 5.730909090909091 0.01 0.01 4.002578241430701 0.5051793339026474 6.303000000000001 
0.01 6.199095477386935 3.2790909090909093 5.004444444444445 1.7952482269503547 5.784500745156484 8.493304867634501 1.8080000000000007 
2.0846153846153843 5.88286432160804 6.384727272727273 3.2920634920634924 0.8494917257683215 3.815007451564829 0.9504568744662678 1.9578333333333342 
0.01 5.3407537688442215 6.875090909090909 6.7168253968253975 2.4540898345153663 6.146244411326379 1.8256575576430403 1.5083333333333337 
2.0846153846153843 4.617939698492462 3.606 2.8639682539682543 1.008888888888889 4.136557377049181 1.2460290350128096 0.7591666666666672 
0.7015384615384616 4.934170854271357 4.5867272727272725 3.006666666666667 1.4445744680851065 3.3862742175856932 2.9081426131511527 0.3096666666666672 
0.7015384615384616 3.2174874371859294 3.932909090909091 2.5785714285714287 0.817612293144208 2.74317436661699 0.9504568744662678 0.15983333333333372 
0.7015384615384616 4.798643216080402 5.730909090909091 4.0055555555555555 1.4445744680851065 4.592086438152013 0.25567036720751485 0.15983333333333372 
6.233846153846153 2.5850251256281407 6.548181818181819 5.28984126984127 0.01 4.40451564828614 0.07909479077711357 3.0066666666666677 
2.776153846153846 5.205226130653267 5.894363636363637 0.01 0.01 3.8819970193740687 1.1539026473099914 3.7558333333333342 
0.7015384615384616 5.4311055276381905 6.548181818181819 6.85952380952381 2.1352955082742313 5.221788375558868 4.171041844577284 3.0066666666666677 
2.0846153846153843 5.7021608040201 7.202 5.860634920634921 2.507222222222222 5.27538002980626 2.4129632792485056 0.9090000000000007 
3.4676923076923076 7.509195979899498 6.221272727272727 0.01 0.01 6.132846497764532 1.0157130657557643 0.9090000000000007 
3.4676923076923076 6.650854271356784 6.384727272727273 0.01 0.01 4.525096870342773 0.5474039282664389 6.602666666666668 
0.01 4.256532663316583 5.730909090909091 3.862857142857143 1.2320449172576833 5.838092399403876 1.0425832621690863 0.010000000000000231 
5.542307692307692 4.527587939698493 6.221272727272727 0.01 0.01 5.194992548435173 0.4399231426131512 3.1565000000000003 
6.9253846153846155 7.328492462311558 6.875090909090909 0.01 0.01 3.721222056631893 0.40921434671221174 4.954500000000001 
1.393076923076923 5.747336683417085 3.7694545454545456 3.006666666666667 3.569869976359338 4.618882265275708 0.3861827497865073 0.15983333333333372 
0.01 5.160050251256282 6.548181818181819 4.861746031746032 3.03854609929078 5.931877794336812 0.3516353543979504 0.9090000000000007 
5.542307692307692 4.888994974874372 5.730909090909091 0.01 0.01 4.096363636363637 3.376451750640478 1.8080000000000007 
0.01 3.03678391959799 6.221272727272727 0.01 0.01 6.079254843517139 0.45527754056362074 3.7558333333333342 
0.7015384615384616 4.527587939698493 5.894363636363637 1.7223809523809526 0.7538534278959811 3.3996721311475415 2.236387702818104 1.0588333333333342 
4.850769230769231 8.774120603015076 5.567454545454545 4.0055555555555555 0.01 4.819850968703428 2.57034585824082 3.0066666666666677 
7.616923076923077 5.747336683417085 8.67309090909091 0.01 0.01 5.235186289120716 0.4399231426131512 4.505000000000001 
3.4676923076923076 4.934170854271357 5.077090909090909 5.860634920634921 1.3808156028368794 4.80645305514158 1.6836293766011956 0.6093333333333337 
4.850769230769231 4.934170854271357 6.548181818181819 4.433650793650794 0.01 4.819850968703428 4.036690862510675 3.306333333333334 
1.393076923076923 3.985477386934673 6.057818181818182 2.7212698412698413 0.5732033096926714 3.895394932935917 0.5896285226302305 0.15983333333333372 
2.0846153846153843 5.5214572864321605 6.384727272727273 0.01 0.01 3.0915201192250374 0.685593509820666 2.8568333333333342 
0.7015384615384616 3.6692462311557787 5.894363636363637 2.5785714285714287 0.43505910165484635 3.5738450074515655 0.7969128949615714 0.45950000000000024 
1.393076923076923 3.3981909547738693 5.240545454545455 3.434761904761905 0.5944562647754137 3.9891803278688527 1.130871050384287 1.8080000000000007 
1.393076923076923 4.211356783919598 5.240545454545455 4.576349206349207 1.7102364066193854 5.101207153502236 2.297805294619983 0.3096666666666672 
0.7015384615384616 6.515326633165829 6.711636363636364 5.717936507936509 0.01 5.543338301043219 2.0406191289496154 1.0588333333333342 
0.7015384615384616 4.572763819095477 4.096363636363637 2.1504761904761907 0.39255319148936174 3.2522950819672136 1.7296925704526047 0.7591666666666672 
6.233846153846153 7.057437185929648 7.038545454545455 0.01 0.01 3.3326825633383015 0.593467122117848 4.804666666666668 
2.0846153846153843 5.4311055276381905 5.730909090909091 4.2909523809523815 1.4445744680851065 5.757704918032788 1.4456362083689154 1.3585000000000003 
0.7015384615384616 4.301708542713568 4.913636363636364 2.5785714285714287 0.6263356973995272 3.2121013412816692 0.7086251067463707 0.15983333333333372 
0.7015384615384616 4.482412060301508 4.750181818181818 1.4369841269841273 0.01 3.4130700447093894 1.8256575576430403 0.010000000000000231 
0.7015384615384616 4.843819095477387 4.096363636363637 2.7212698412698413 0.01 3.8016095380029813 0.4053757472245944 1.2086666666666668 
6.233846153846153 6.967085427135679 6.384727272727273 4.2909523809523815 1.0726477541371158 4.149955290611029 0.3401195559350982 3.6060000000000008 
8.308461538461538 4.798643216080402 6.548181818181819 0.01 0.01 3.1719076005961258 0.23647736976942774 3.4561666666666673 
4.850769230769231 6.424974874371859 4.913636363636364 4.719047619047619 2.02903073286052 3.8685991058122213 2.3477070879590096 6.003333333333334 
0.7015384615384616 4.753467336683417 4.750181818181818 0.01 0.01 3.2656929955290614 0.42840734415029885 0.010000000000000231 
3.4676923076923076 6.470150753768844 6.384727272727273 0.01 0.01 6.039061102831596 0.4399231426131512 3.9056666666666677 
2.776153846153846 6.06356783919598 5.894363636363637 0.01 0.01 3.1987034277198214 0.7738812980358667 5.8535 
4.850769230769231 4.392060301507538 6.221272727272727 4.576349206349207 0.9770094562647754 5.489746646795828 3.054009393680615 1.6581666666666672 
0.01 3.8047738693467337 6.711636363636364 4.433650793650794 1.3383096926713949 5.128002980625933 0.6049829205807002 0.3096666666666672 
2.776153846153846 4.482412060301508 6.221272727272727 2.1504761904761907 0.5519503546099291 3.1183159463487335 0.566596925704526 0.010000000000000231 
3.4676923076923076 5.024522613065327 5.894363636363637 4.0055555555555555 0.01 3.2121013412816692 1.2728992314261316 0.9090000000000007 
3.4676923076923076 4.301708542713568 5.894363636363637 4.719047619047619 0.01 5.061013412816693 1.130871050384287 0.9090000000000007 
1.393076923076923 5.4311055276381905 6.221272727272727 5.28984126984127 1.1257801418439717 5.328971684053652 0.5358881298035867 1.2086666666666668 
