3.8628571428571425 3.6607614213197968 6.548181818181819 3.279090909090909 0.01 5.3423695976155 0.4053842736561528 1.0588333333333342 
1.9364285714285714 5.75994923857868 7.202 3.733131313131313 2.507222222222222 5.27538002980626 2.51010661928032 0.9090000000000007 
0.6521428571428571 6.718274111675127 7.692363636363637 3.733131313131313 0.01 6.615171385991059 1.1282585517547754 0.9090000000000007 
1.9364285714285714 3.706395939086294 7.038545454545455 1.462929292929293 0.7113475177304964 3.6944262295081973 0.9205819635717458 0.15983333333333372 
3.220714285714285 4.345279187817258 5.894363636363637 3.0066666666666664 0.01 5.061013412816693 1.1761839182585516 0.9090000000000007 
4.505 4.7103553299492384 5.404 2.9158585858585857 0.01 5.248584202682564 1.0723456241670366 1.5083333333333337 
2.5785714285714283 6.900812182741117 7.365454545454545 3.4607070707070706 0.01 3.9891803278688527 0.8726565970679696 2.2575000000000003 
1.2942857142857143 2.5655329949238577 4.5867272727272725 2.5526262626262626 0.48819148936170215 3.2522950819672136 1.0244202576632608 0.15983333333333372 
2.5785714285714283 6.763908629441624 4.913636363636364 2.4618181818181815 3.389219858156028 4.149955290611029 0.2975521990226566 1.2086666666666668 
4.505 6.9464467005076145 7.202 4.0055555555555555 0.01 6.708956780923995 1.0443891603731674 2.2575000000000003 
0.01 4.573451776649746 7.202 5.458484848484848 1.1789125295508274 6.280223546944859 3.540501999111506 1.5083333333333337 
0.6521428571428571 4.984162436548223 4.913636363636364 0.7364646464646465 1.9440189125295508 3.4130700447093894 3.480595290981786 0.010000000000000231 
6.431428571428571 6.763908629441624 6.875090909090909 4.368787878787879 2.5284751773049643 5.047615499254844 3.6962594402487774 4.505000000000001 
5.147142857142857 4.573451776649746 6.221272727272727 0.01 0.01 5.194992548435173 0.4573034207019102 3.1565000000000003 
2.5785714285714283 5.5774111675126905 5.567454545454545 0.01 0.01 4.699269746646796 1.2720346512661036 1.2086666666666668 
5.789285714285714 4.162741116751269 5.567454545454545 0.01 0.01 3.2522950819672136 0.4972412261217237 5.553833333333333 
5.147142857142857 6.5357360406091365 5.404 0.01 0.01 4.685871833084948 0.2136828076410484 3.0066666666666677 
0.01 6.261928934010152 6.875090909090909 2.4618181818181815 0.01 3.667630402384501 0.6210484229231453 5.703666666666667 
0.01 5.486142131979696 6.057818181818182 1.6445454545454545 0.679468085106383 4.096363636363637 0.8367125721901376 0.7591666666666672 
3.220714285714285 7.585329949238578 5.894363636363637 1.7353535353535354 1.8696335697399526 3.4666616989567816 2.042834295868503 4.505000000000001 
0.6521428571428571 4.390913705583756 5.240545454545455 2.4618181818181815 0.9345035460992908 4.458107302533533 0.852687694358063 0.010000000000000231 
4.505 8.908730964467004 5.730909090909091 3.0066666666666664 1.550839243498818 3.3728763040238454 0.349471346068414 5.104333333333335 
1.2942857142857143 5.5774111675126905 6.221272727272727 2.4618181818181815 2.1352955082742313 4.819850968703428 1.6274811195024432 0.7591666666666672 
7.073571428571428 7.083350253807106 6.221272727272727 2.5526262626262626 1.6039716312056738 4.47150521609538 5.102070191026211 4.505000000000001 
0.01 6.261928934010152 5.567454545454545 1.2813131313131314 1.5827186761229315 3.3326825633383015 0.2695957352287872 0.010000000000000231 
1.9364285714285714 5.668680203045685 6.548181818181819 3.0066666666666664 1.3914420803782506 4.458107302533533 0.9165881830297644 0.7591666666666672 
7.715714285714285 5.531776649746193 6.384727272727273 1.5537373737373739 0.01 3.5604470938897173 0.7328742780986228 6.153166666666667 
1.9364285714285714 5.94248730964467 5.240545454545455 0.01 0.01 3.1049180327868857 0.9525322079075966 0.15983333333333372 
4.505 4.436548223350254 6.221272727272727 2.9158585858585857 0.9770094562647754 5.489746646795828 3.1770679697912034 1.6581666666666672 
0.01 6.444467005076142 0.01 0.01 0.01 5.690715350223548 0.5172101288316303 1.2086666666666668 
6.431428571428571 5.257969543147208 0.01 0.01 0.01 0.01 0.7408618391825854 1.3585000000000003 
1.2942857142857143 5.486142131979696 6.221272727272727 3.36989898989899 1.1257801418439717 5.328971684053652 0.5571479342514437 1.2086666666666668 
3.8628571428571425 0.01 5.567454545454545 3.733131313131313 0.01 5.235186289120716 2.60196357174589 3.0066666666666677 
1.2942857142857143 4.938527918781726 5.077090909090909 2.9158585858585857 0.6050827423167848 3.3862742175856932 0.20968902709906712 0.010000000000000231 
1.2942857142857143 4.938527918781726 6.548181818181819 0.01 0.01 3.6274366616989573 0.7328742780986228 4.654833333333334 
5.789285714285714 8.406751269035533 6.956818181818182 1.372121212121212 0.01 4.029374068554397 4.542940915148822 4.205333333333334 
0.01 4.345279187817258 6.956818181818182 2.28020202020202 0.39255319148936174 5.020819672131148 0.6849489115948467 0.45950000000000024 
5.147142857142857 5.75994923857868 6.057818181818182 3.4607070707070706 0.8069858156028369 3.480059612518629 0.3454775655264327 2.7070000000000007 
0.01 4.664720812182741 4.259818181818182 0.01 0.01 3.3728763040238454 0.010000000000000009 0.010000000000000231 
7.073571428571428 4.7103553299492384 5.567454545454545 3.642323232323232 0.01 6.199836065573772 0.2017014660151044 3.1565000000000003 
6.431428571428571 4.299644670050761 5.894363636363637 1.6445454545454545 0.01 3.1049180327868857 2.0747845402043534 5.254166666666668 
6.431428571428571 4.619086294416244 6.221272727272727 4.368787878787879 1.9227659574468086 4.417913561847988 0.3814215904042648 6.303000000000001 
1.9364285714285714 4.527817258883249 4.423272727272727 1.7353535353535354 0.9238770685579196 3.4398658718330855 0.3135273211905819 0.45950000000000024 
0.01 6.170659898477157 7.692363636363637 4.187171717171717 1.550839243498818 5.449552906110284 0.8327187916481562 0.7591666666666672 
5.147142857142857 5.75994923857868 7.202 3.279090909090909 1.157659574468085 5.168196721311476 1.0923145268769434 4.205333333333334 
5.147142857142857 7.037715736040609 6.384727272727273 2.9158585858585857 0.01 4.350923994038749 1.4677298978231894 3.6060000000000008 
5.147142857142857 8.954365482233502 6.221272727272727 2.6434343434343432 2.985413711583924 5.034217585692996 2.1147223456241666 5.404000000000002 
0.01 8.63492385786802 8.509636363636364 2.28020202020202 0.01 4.60548435171386 1.4357796534873388 3.0066666666666677 
5.147142857142857 5.1210659898477155 5.894363636363637 0.01 0.01 3.1719076005961258 3.053260772989782 5.553833333333333 
1.2942857142857143 3.4325888324873093 5.240545454545455 2.1893939393939394 0.5944562647754137 3.9891803278688527 1.1761839182585516 1.8080000000000007 
2.5785714285714283 8.406751269035533 6.384727272727273 3.5515151515151513 2.9535342789598107 4.967228017883756 0.7528431808085296 1.5083333333333337 
1.9364285714285714 4.938527918781726 5.077090909090909 2.1893939393939394 0.01 3.493457526080477 0.5890981785872945 0.6093333333333337 
1.9364285714285714 4.390913705583756 4.5867272727272725 3.0974747474747475 1.2320449172576833 3.319284649776453 3.468613949355842 2.7070000000000007 
1.2942857142857143 4.2083756345177665 5.077090909090909 2.5526262626262626 0.01 4.2437406855439646 0.21767658818302982 0.45950000000000024 
1.2942857142857143 5.1210659898477155 6.384727272727273 4.5504040404040405 1.4977068557919622 5.288777943368108 0.3973967125721901 0.45950000000000024 
1.9364285714285714 3.386954314720812 5.567454545454545 2.5526262626262626 0.48819148936170215 3.9891803278688527 0.8686628165259884 0.3096666666666672 
1.2942857142857143 4.299644670050761 5.567454545454545 1.6445454545454545 0.817612293144208 3.493457526080477 1.9389960017769883 0.010000000000000231 
1.2942857142857143 9.0 5.730909090909091 4.096363636363637 5.780177304964539 4.096363636363637 0.3295024433585073 4.804666666666668 
4.505 8.132944162436548 6.875090909090909 0.01 0.01 5.355767511177348 1.0204264771212794 3.0066666666666677 
1.9364285714285714 4.527817258883249 5.077090909090909 1.7353535353535354 0.7963593380614657 2.9307451564828617 0.8127498889382494 0.7591666666666672 
1.2942857142857143 4.025837563451777 6.057818181818182 1.7353535353535354 0.5732033096926714 3.895394932935917 0.6130608618391825 0.15983333333333372 
0.6521428571428571 4.162741116751269 5.240545454545455 2.1893939393939394 0.01 3.922190760059613 0.4652909817858729 0.010000000000000231 
6.431428571428571 4.938527918781726 5.404 0.01 0.01 4.350923994038749 0.7847934251443802 3.1565000000000003 
2.5785714285714283 3.8432994923857864 7.365454545454545 2.0985858585858583 0.6050827423167848 5.302175856929956 0.3334962239004887 0.6093333333333337 
0.6521428571428571 3.980203045685279 4.913636363636364 3.36989898989899 0.8069858156028369 4.994023845007453 1.7313194135939582 0.15983333333333372 
0.6521428571428571 6.5357360406091365 6.875090909090909 2.0985858585858583 3.304208037825059 5.690715350223548 3.9957929808973778 0.15983333333333372 
2.5785714285714283 6.581370558375634 6.711636363636364 2.9158585858585857 0.01 5.168196721311476 1.9110395379831182 2.4073333333333338 
1.2942857142857143 5.5774111675126905 4.913636363636364 1.6445454545454545 1.1364066193853428 4.002578241430701 2.5620257663260775 0.15983333333333372 
0.01 5.349238578680203 6.548181818181819 2.825050505050505 0.5732033096926714 6.065856929955292 0.053931585961794815 0.45950000000000024 
2.5785714285714283 5.075431472081218 5.894363636363637 4.277979797979798 2.2096808510638297 4.980625931445604 5.24984007107952 5.254166666666668 
4.505 5.440507614213198 0.01 0.01 0.01 3.3862742175856932 0.5331852509995557 2.4073333333333338 
0.6521428571428571 5.851218274111675 3.932909090909091 4.096363636363637 2.0715366430260045 5.436154992548436 2.1466725899600174 0.45950000000000024 
3.8628571428571425 5.21233502538071 7.202 0.01 0.01 3.7346199701937413 0.6849489115948467 6.752500000000001 
5.147142857142857 4.984162436548223 6.221272727272727 3.5515151515151513 1.2214184397163121 3.748017883755589 2.254504664593514 1.5083333333333337 
1.2942857142857143 3.8432994923857864 0.01 0.01 0.01 0.01 0.912594402487783 0.010000000000000231 
4.505 6.4901015228426395 4.913636363636364 3.0066666666666664 2.02903073286052 3.8685991058122213 2.442212350066637 6.003333333333334 
0.6521428571428571 6.398832487309645 6.057818181818182 2.371010101010101 1.9227659574468086 3.238897168405366 3.005335406486006 0.3096666666666672 
0.6521428571428571 4.345279187817258 6.057818181818182 1.916969696969697 0.7857328605200946 3.480059612518629 2.386299422478898 2.2575000000000003 
3.220714285714285 4.847258883248731 6.711636363636364 2.734242424242424 0.01 5.302175856929956 0.840706352732119 2.5571666666666673 
1.2942857142857143 9.0 5.730909090909091 9.0 0.01 4.659076005961253 1.9949089293647266 6.153166666666667 
0.01 8.178578680203046 7.365454545454545 2.4618181818181815 0.01 5.918479880774964 2.4382185695246554 0.3096666666666672 
0.6521428571428571 5.440507614213198 3.606 4.277979797979798 0.679468085106383 4.766259314456036 0.816743669480231 0.6093333333333337 
5.789285714285714 4.071472081218274 5.077090909090909 0.01 0.01 3.024530551415798 0.2656019546868058 1.8080000000000007 
0.01 4.2540101522842635 4.913636363636364 0.01 0.01 4.7394634873323405 0.7488494002665482 0.6093333333333337 
1.9364285714285714 7.767868020304569 5.240545454545455 3.36989898989899 2.4009574468085106 4.632280178837557 1.120270990670813 1.3585000000000003 
1.2942857142857143 6.672639593908629 5.730909090909091 3.4607070707070706 3.835531914893617 3.7614157973174374 1.0443891603731674 1.2086666666666668 
5.789285714285714 5.5774111675126905 4.5867272727272725 0.01 0.01 4.47150521609538 4.14755664149267 1.8080000000000007 
3.8628571428571425 5.714314720812182 6.221272727272727 0.01 0.01 4.53849478390462 0.18173256330519766 4.954500000000001 
4.505 4.801624365482233 0.01 0.01 0.01 0.01 0.9165881830297644 0.45950000000000024 
1.9364285714285714 4.025837563451777 4.750181818181818 1.008888888888889 0.5838297872340426 3.3326825633383015 0.7648245224344736 0.15983333333333372 
1.2942857142857143 7.996040609137055 7.202 0.01 0.01 3.0781222056631896 1.0004575744113726 0.15983333333333372 
1.2942857142857143 4.573451776649746 4.423272727272727 2.5526262626262626 1.1257801418439717 5.07441132637854 1.6873878276321634 0.45950000000000024 
6.431428571428571 3.113147208121827 8.67309090909091 2.0985858585858583 0.5306973995271868 4.766259314456036 0.8367125721901376 3.9056666666666677 
0.6521428571428571 4.025837563451777 2.461818181818182 3.8239393939393937 1.0620212765957446 7.378852459016395 1.6794002665482006 0.7591666666666672 
1.2942857142857143 4.619086294416244 4.750181818181818 3.188282828282828 0.9663829787234043 2.9307451564828617 0.3175211017325633 0.15983333333333372 
0.6521428571428571 4.7103553299492384 6.548181818181819 1.008888888888889 0.881371158392435 2.60919523099851 1.659431363838294 0.15983333333333372 
1.9364285714285714 2.793705583756345 6.711636363636364 2.5526262626262626 0.01 4.618882265275708 0.6689737894269213 3.7558333333333342 
2.5785714285714283 6.672639593908629 6.956818181818182 2.4618181818181815 1.0726477541371158 3.8819970193740687 0.4533096401599288 0.9090000000000007 
0.01 3.8432994923857864 6.711636363636364 2.825050505050505 1.3383096926713949 5.128002980625933 0.6290359840071079 0.3096666666666672 
2.5785714285714283 6.033756345177665 0.01 0.01 0.01 4.417913561847988 0.9046068414038204 0.3096666666666672 
5.147142857142857 4.573451776649746 6.057818181818182 3.642323232323232 2.294692671394799 5.288777943368108 2.338374055975122 3.306333333333334 
7.073571428571428 3.8889340101522842 6.057818181818182 0.01 0.01 4.042771982116245 0.8966192803198578 2.1076666666666677 
5.789285714285714 2.611167512690355 6.548181818181819 3.36989898989899 0.01 4.40451564828614 0.08188804975566416 3.0066666666666677 
2.5785714285714283 5.714314720812182 5.730909090909091 1.6445454545454545 1.3064302600472812 3.8819970193740687 4.26737005775211 3.6060000000000008 
2.5785714285714283 4.2083756345177665 6.548181818181819 0.01 0.01 5.663919523099852 0.6450111061750332 1.2086666666666668 
4.505 8.26984771573604 6.875090909090909 1.916969696969697 2.050283687943262 4.819850968703428 2.0388405153265214 4.505000000000001 
3.220714285714285 6.353197969543147 6.548181818181819 3.188282828282828 1.7102364066193854 4.2437406855439646 1.1402398933807196 0.6093333333333337 
5.789285714285714 7.494060913705583 6.875090909090909 1.916969696969697 0.01 4.136557377049181 3.01731674811195 1.6581666666666672 
0.6521428571428571 6.809543147208122 5.567454545454545 2.6434343434343432 1.3595626477541372 3.935588673621461 1.0923145268769434 3.1565000000000003 
0.6521428571428571 6.581370558375634 6.711636363636364 4.187171717171717 1.9227659574468086 6.186438152011924 1.0364015992892048 3.7558333333333342 
3.8628571428571425 8.680558375634517 7.528909090909091 0.01 0.01 4.766259314456036 0.8087561083962684 6.752500000000001 
5.147142857142857 8.26984771573604 5.567454545454545 3.279090909090909 5.270106382978724 4.042771982116245 2.1546601510439802 5.8535 
3.8628571428571425 5.21233502538071 0.01 0.01 0.01 0.01 0.4533096401599288 0.7591666666666672 
5.147142857142857 6.079390862944162 5.894363636363637 0.01 0.01 4.417913561847988 0.7768058640604176 2.7070000000000007 
0.01 3.386954314720812 4.259818181818182 0.918080808080808 0.39255319148936174 3.7346199701937413 0.772812083518436 0.15983333333333372 
0.6521428571428571 3.8889340101522842 5.404 2.6434343434343432 0.01 3.5738450074515655 1.1003020879609062 1.5083333333333337 
1.2942857142857143 4.527817258883249 4.259818181818182 1.372121212121212 1.008888888888889 3.305886736214606 2.24252332296757 0.010000000000000231 
3.8628571428571425 6.125025380710659 5.730909090909091 2.0985858585858583 1.3914420803782506 4.752861400894188 1.8631141714793427 1.2086666666666668 
3.220714285714285 6.261928934010152 8.836545454545455 0.01 0.01 6.548181818181819 0.6050733007552198 2.4073333333333338 
1.2942857142857143 4.117106598984772 4.913636363636364 0.01 0.01 3.1585096870342775 0.4612972012438916 0.6093333333333337 
0.6521428571428571 5.075431472081218 7.038545454545455 1.7353535353535354 0.01 4.042771982116245 0.2695957352287872 0.3096666666666672 
0.6521428571428571 4.2540101522842635 4.5867272727272725 1.008888888888889 0.01 3.024530551415798 1.3638916037316748 0.15983333333333372 
0.6521428571428571 5.440507614213198 7.038545454545455 3.5515151515151513 2.3478250591016545 6.119448584202684 2.925459795646379 1.2086666666666668 
5.147142857142857 8.361116751269035 5.240545454545455 0.01 0.01 3.131713859910582 2.382305641936917 1.6581666666666672 
3.8628571428571425 5.440507614213198 4.096363636363637 2.0077777777777777 1.8802600472813238 3.6408345752608056 4.962287872056864 1.8080000000000007 
0.6521428571428571 4.892893401015228 5.894363636363637 2.734242424242424 0.881371158392435 4.136557377049181 2.977378942692136 0.45950000000000024 
7.073571428571428 6.216294416243654 6.875090909090909 3.188282828282828 1.3914420803782506 3.8016095380029813 0.7368680586406042 3.1565000000000003 
4.505 8.406751269035533 6.875090909090909 3.0066666666666664 0.01 4.766259314456036 1.1162772101288314 3.0066666666666677 
0.01 4.345279187817258 6.548181818181819 4.096363636363637 0.9876359338061466 4.900238450074516 1.016432696579298 0.7591666666666672 
3.8628571428571425 4.527817258883249 4.913636363636364 1.7353535353535354 0.5838297872340426 3.614038748137109 1.6833940470901823 1.6581666666666672 
4.505 4.984162436548223 6.548181818181819 2.825050505050505 0.01 4.819850968703428 4.199475788538427 3.306333333333334 
0.6521428571428571 5.3948730964467 4.750181818181818 3.279090909090909 1.008888888888889 4.47150521609538 0.7408618391825854 0.3096666666666672 
2.5785714285714283 5.1210659898477155 6.384727272727273 3.642323232323232 0.01 5.288777943368108 0.641017325633052 2.5571666666666673 
3.8628571428571425 7.539695431472081 5.567454545454545 2.371010101010101 1.7952482269503547 4.511698956780925 2.218560639715682 4.205333333333334 
0.6521428571428571 5.531776649746193 6.384727272727273 3.5515151515151513 0.7963593380614657 5.235186289120716 0.7408618391825854 1.0588333333333342 
7.073571428571428 6.30756345177665 6.221272727272727 0.01 0.01 4.458107302533533 1.3758729453576186 2.1076666666666677 
1.9364285714285714 8.543654822335025 5.730909090909091 2.0077777777777777 2.1352955082742313 4.886840536512668 1.3279475788538426 2.2575000000000003 
1.2942857142857143 4.801624365482233 6.139545454545455 0.01 0.01 3.131713859910582 1.9350022212350066 4.804666666666668 
0.6521428571428571 4.117106598984772 5.077090909090909 1.0996969696969698 0.4669385342789598 3.654232488822653 2.014877832074633 0.45950000000000024 
1.2942857142857143 5.94248730964467 7.855818181818182 0.01 0.01 3.0379284649776457 0.7688183029764548 0.010000000000000231 
1.2942857142857143 5.714314720812182 4.913636363636364 1.826161616161616 1.4977068557919622 4.53849478390462 0.049937805419813464 1.5083333333333337 
3.8628571428571425 5.896852791878173 7.365454545454545 0.6456565656565657 3.4742316784869973 2.635991058122206 2.0228653931585963 5.8535 
3.8628571428571425 6.900812182741117 5.077090909090909 2.825050505050505 1.285177304964539 4.766259314456036 2.462181252776544 1.0588333333333342 
1.2942857142857143 4.527817258883249 4.913636363636364 1.5537373737373739 1.7102364066193854 4.913636363636365 1.5076677032430028 0.010000000000000231 
0.01 6.261928934010152 3.2790909090909093 3.188282828282828 1.7952482269503547 5.784500745156484 8.836254997778765 1.8080000000000007 
0.01 5.988121827411168 7.202 0.01 0.01 4.2437406855439646 2.665864060417592 1.6581666666666672 
0.6521428571428571 3.6151269035532994 6.139545454545455 2.734242424242424 0.01 4.297332339791357 1.2800222123500666 0.15983333333333372 
0.01 7.4027918781725885 6.221272727272727 5.095252525252525 1.0726477541371158 7.137690014903131 2.7297645490892934 0.6093333333333337 
0.01 3.9345685279187816 5.567454545454545 2.9158585858585857 0.01 4.80645305514158 0.6490048867170147 0.6093333333333337 
5.789285714285714 5.1210659898477155 6.711636363636364 2.1893939393939394 0.01 3.788211624441133 4.818511772545534 4.355166666666667 
1.9364285714285714 7.722233502538071 6.057818181818182 1.7353535353535354 1.3383096926713949 4.015976154992549 0.7688183029764548 1.5083333333333337 
0.6521428571428571 4.025837563451777 6.384727272727273 2.6434343434343432 0.817612293144208 4.297332339791357 1.156215015548645 1.2086666666666668 
3.220714285714285 4.801624365482233 5.894363636363637 2.6434343434343432 3.463605200945626 4.953830104321908 0.3334962239004887 1.0588333333333342 
8.357857142857142 6.992081218274111 7.202 3.36989898989899 1.4977068557919622 5.449552906110284 4.38718347401155 2.7070000000000007 
0.01 4.299644670050761 0.01 0.01 0.01 0.01 0.7208929364726788 0.6093333333333337 
0.01 5.166700507614213 6.548181818181819 1.462929292929293 0.01 4.163353204172877 3.1890493114171483 0.010000000000000231 
3.220714285714285 6.353197969543147 5.240545454545455 3.188282828282828 1.4977068557919622 3.8418032786885252 1.3399289204797868 0.7591666666666672 
2.5785714285714283 7.128984771573604 6.139545454545455 0.01 0.01 6.481192250372579 0.6490048867170147 1.6581666666666672 
3.220714285714285 5.94248730964467 6.711636363636364 0.01 0.01 5.248584202682564 3.5165393158596174 2.4073333333333338 
4.505 4.847258883248731 4.913636363636364 2.1893939393939394 0.01 3.5604470938897173 0.8806441581519326 1.2086666666666668 
1.9364285714285714 5.166700507614213 4.096363636363637 0.918080808080808 0.9132505910165485 3.962384500745157 2.198591737005775 0.6093333333333337 
0.01 4.664720812182741 7.038545454545455 1.5537373737373739 1.1257801418439717 3.935588673621461 2.4741625944024874 0.9090000000000007 
5.789285714285714 5.1210659898477155 6.711636363636364 2.9158585858585857 1.8696335697399526 4.592086438152013 0.7368680586406042 2.2575000000000003 
3.220714285714285 8.543654822335025 6.221272727272727 2.4618181818181815 2.2096808510638297 5.851490312965724 3.8280541981341627 4.804666666666668 
1.9364285714285714 8.315482233502538 6.057818181818182 0.01 0.01 4.096363636363637 1.076339404709018 1.2086666666666668 
3.8628571428571425 8.863096446700508 6.384727272727273 0.01 0.01 3.1585096870342775 0.2136828076410484 5.703666666666667 
2.5785714285714283 7.220253807106599 6.384727272727273 0.01 0.01 4.417913561847988 2.9054908929364722 1.5083333333333337 
0.01 6.9464467005076145 6.711636363636364 3.5515151515151513 2.900401891252955 5.570134128166916 0.7768058640604176 0.9090000000000007 
7.715714285714285 4.2083756345177665 5.077090909090909 0.6456565656565657 2.7516312056737586 3.707824143070045 3.396725899600177 3.4561666666666673 
2.5785714285714283 6.125025380710659 5.894363636363637 0.01 0.01 3.1987034277198214 0.8047623278542868 5.8535 
0.6521428571428571 6.353197969543147 5.077090909090909 3.733131313131313 5.110709219858156 5.462950819672132 1.8391514882274542 0.010000000000000231 
0.01 5.714314720812182 5.567454545454545 0.01 0.01 3.319284649776453 0.5212039093736117 0.010000000000000231 
3.220714285714285 3.9345685279187816 5.567454545454545 2.5526262626262626 0.7644799054373522 4.056169895678093 1.1522212350066636 0.45950000000000024 
1.2942857142857143 3.797664974619289 5.404 2.0985858585858583 0.5413238770685579 4.324128166915053 1.6833940470901823 0.15983333333333372 
0.6521428571428571 4.436548223350254 5.730909090909091 3.642323232323232 0.01 5.114605067064084 0.5691292758773878 1.3585000000000003 
1.9364285714285714 5.851218274111675 5.894363636363637 2.28020202020202 2.02903073286052 4.350923994038749 1.8910706352732114 0.9090000000000007 
1.2942857142857143 4.527817258883249 0.01 0.01 0.01 2.9843368107302535 0.12981341625944032 0.3096666666666672 
0.01 5.349238578680203 5.404 2.825050505050505 2.0077777777777777 4.136557377049181 1.6674189249222566 0.15983333333333372 
0.6521428571428571 4.071472081218274 1.9714545454545456 1.7353535353535354 0.27566193853427895 3.7346199701937413 1.931008440693025 0.010000000000000231 
5.147142857142857 5.486142131979696 0.01 0.01 0.01 4.029374068554397 0.4293469569080408 2.5571666666666673 
1.9364285714285714 5.075431472081218 7.365454545454545 1.0996969696969698 0.8388652482269504 3.815007451564829 1.6754064860062192 1.2086666666666668 
1.9364285714285714 7.448426395939086 5.730909090909091 1.6445454545454545 1.1257801418439717 4.2437406855439646 0.7688183029764548 1.0588333333333342 
0.01 6.261928934010152 5.730909090909091 3.4607070707070706 0.01 4.458107302533533 0.3774278098622834 0.15983333333333372 
1.2942857142857143 4.117106598984772 5.730909090909091 1.5537373737373739 0.01 3.667630402384501 0.03795646379386941 0.15983333333333372 
1.2942857142857143 4.801624365482233 4.750181818181818 3.642323232323232 1.008888888888889 4.685871833084948 0.5970857396712572 0.6093333333333337 
3.8628571428571425 6.261928934010152 4.995363636363637 0.01 0.01 3.2522950819672136 0.3015459795646379 5.104333333333335 
6.431428571428571 3.4325888324873093 6.711636363636364 0.01 0.01 4.47150521609538 0.7488494002665482 2.5571666666666673 
1.2942857142857143 5.896852791878173 6.875090909090909 0.01 0.01 3.7614157973174374 0.8327187916481562 0.9090000000000007 
3.8628571428571425 8.908730964467004 5.730909090909091 0.01 0.01 4.149955290611029 1.0084451354953352 1.5083333333333337 
3.220714285714285 4.755989847715735 6.057818181818182 0.01 0.01 3.8685991058122213 0.3095335406486006 4.0555 
1.9364285714285714 5.075431472081218 4.750181818181818 2.825050505050505 0.47756501182033095 3.962384500745157 1.415810750777432 0.15983333333333372 
0.6521428571428571 4.938527918781726 7.202 1.7353535353535354 0.01 3.6408345752608056 1.295997334517992 0.45950000000000024 
5.789285714285714 6.9464467005076145 6.384727272727273 3.0974747474747475 1.827127659574468 4.592086438152013 3.264931141714793 1.8080000000000007 
3.220714285714285 4.390913705583756 6.057818181818182 1.6445454545454545 0.7219739952718677 4.511698956780925 3.6802843180808527 3.306333333333334 
0.01 4.801624365482233 6.875090909090909 0.01 0.01 3.748017883755589 2.6578764993336295 6.153166666666667 
0.01 4.573451776649746 5.730909090909091 2.371010101010101 0.5413238770685579 4.136557377049181 2.0827721012883162 0.010000000000000231 
9.0 7.996040609137055 5.077090909090909 2.734242424242424 0.01 4.511698956780925 0.5451665926254997 2.5571666666666673 
5.147142857142857 4.938527918781726 5.730909090909091 0.01 0.01 4.096363636363637 3.5125455353176362 1.8080000000000007 
3.8628571428571425 7.037715736040609 6.384727272727273 3.733131313131313 1.4977068557919622 6.186438152011924 1.9789338071968015 0.9090000000000007 
1.2942857142857143 5.805583756345177 3.7694545454545456 1.916969696969697 3.569869976359338 4.618882265275708 0.4013904931141715 0.15983333333333372 
1.2942857142857143 4.345279187817258 4.423272727272727 1.2813131313131314 0.9451300236406619 3.5068554396423255 2.6858329631274986 0.15983333333333372 
3.8628571428571425 5.6230456852791875 5.894363636363637 4.096363636363637 2.4540898345153663 4.511698956780925 2.6259262549977787 1.9578333333333342 
1.9364285714285714 4.071472081218274 6.057818181818182 1.462929292929293 0.9132505910165485 4.082965722801789 1.8990581963571747 2.5571666666666673 
0.01 6.444467005076142 6.875090909090909 2.371010101010101 0.01 4.350923994038749 1.4277920924033762 0.15983333333333372 
0.6521428571428571 4.527817258883249 5.894363636363637 2.734242424242424 0.20127659574468088 5.181594634873324 1.343922701021768 0.010000000000000231 
1.2942857142857143 3.8432994923857864 4.096363636363637 2.0985858585858583 0.817612293144208 4.082965722801789 3.5644646823633934 0.010000000000000231 
3.220714285714285 7.4027918781725885 8.509636363636364 0.01 0.01 5.061013412816693 0.3015459795646379 4.654833333333334 
6.431428571428571 5.075431472081218 5.730909090909091 2.4618181818181815 0.01 3.6944262295081973 0.2616081741448245 2.8568333333333342 
0.01 4.619086294416244 6.221272727272727 0.01 0.01 4.793055141579733 0.489253665037761 0.7591666666666672 
1.2942857142857143 3.706395939086294 4.913636363636364 2.0077777777777777 0.01 3.721222056631893 0.8566814749000442 0.6093333333333337 
0.6521428571428571 8.81746192893401 4.096363636363637 1.462929292929293 3.9949290780141844 3.480059612518629 2.314411372723234 0.45950000000000024 
0.6521428571428571 4.117106598984772 5.077090909090909 1.6445454545454545 0.6369621749408984 3.3728763040238454 4.762598844957797 0.6093333333333337 
0.6521428571428571 6.30756345177665 6.711636363636364 0.01 0.01 5.382563338301044 0.641017325633052 1.0588333333333342 
0.6521428571428571 4.025837563451777 5.077090909090909 2.1893939393939394 0.47756501182033095 4.015976154992549 1.3838605064415817 0.3096666666666672 
3.8628571428571425 4.7103553299492384 5.404 0.01 0.01 3.2656929955290614 0.6929364726788094 1.2086666666666668 
0.6521428571428571 4.573451776649746 6.057818181818182 1.0996969696969698 0.4988179669030733 2.622593144560358 0.2935584184806752 1.0588333333333342 
0.01 6.627005076142132 0.01 0.01 0.01 5.931877794336812 2.2145668591737 1.5083333333333337 
2.5785714285714283 5.896852791878173 7.038545454545455 1.826161616161616 2.8791489361702127 4.712667660208645 0.6210484229231453 0.3096666666666672 
3.8628571428571425 4.2540101522842635 4.096363636363637 2.734242424242424 0.6900945626477542 3.855201192250373 1.120270990670813 0.3096666666666672 
0.6521428571428571 5.851218274111675 6.711636363636364 1.5537373737373739 1.954645390070922 3.6944262295081973 0.15776988005330966 0.15983333333333372 
3.220714285714285 5.5774111675126905 7.038545454545455 0.01 0.01 4.659076005961253 0.8566814749000442 1.8080000000000007 
0.6521428571428571 6.353197969543147 3.7694545454545456 1.7353535353535354 0.8919976359338062 3.855201192250373 2.3104175921812526 0.15983333333333372 
2.5785714285714283 4.299644670050761 5.322272727272727 2.0077777777777777 0.01 3.319284649776453 0.289564637938694 0.010000000000000231 
2.5785714285714283 4.527817258883249 5.894363636363637 1.5537373737373739 0.01 3.4398658718330855 0.8726565970679696 1.0588333333333342 
6.431428571428571 4.2083756345177665 5.077090909090909 0.01 0.01 3.480059612518629 0.3654464682363393 1.5083333333333337 
1.2942857142857143 7.083350253807106 4.259818181818182 2.4618181818181815 5.748297872340426 5.194992548435173 0.6569924478009773 0.6093333333333337 
6.431428571428571 7.4027918781725885 6.875090909090909 0.01 0.01 3.721222056631893 0.4253531763660595 4.954500000000001 
3.220714285714285 5.029796954314721 5.567454545454545 0.01 0.01 3.493457526080477 0.864669035984007 1.3585000000000003 
4.505 7.311522842639594 4.423272727272727 2.9158585858585857 1.8696335697399526 4.096363636363637 2.046828076410484 2.7070000000000007 
7.073571428571428 6.30756345177665 6.057818181818182 2.371010101010101 1.540212765957447 4.846646795827125 1.9230208796090626 4.355166666666667 
1.9364285714285714 5.303604060913705 0.01 0.01 0.01 3.1585096870342775 0.4453220790759662 0.3096666666666672 
6.431428571428571 5.257969543147208 8.019272727272728 0.01 0.01 3.2254992548435175 3.780128831630386 1.9578333333333342 
3.220714285714285 6.718274111675127 6.384727272727273 0.01 0.01 4.525096870342773 0.5691292758773878 6.602666666666668 
0.6521428571428571 7.448426395939086 5.894363636363637 0.01 0.01 5.235186289120716 4.578884940026654 1.8080000000000007 
0.6521428571428571 7.676598984771573 7.202 2.6434343434343432 0.01 4.699269746646796 3.3128565082185695 4.654833333333334 
0.6521428571428571 4.436548223350254 5.730909090909091 1.372121212121212 0.01 2.448420268256334 0.2855708573967125 0.010000000000000231 
3.220714285714285 8.63492385786802 5.240545454545455 3.0066666666666664 3.463605200945626 4.190149031296572 2.026859173700577 1.2086666666666668 
3.8628571428571425 8.361116751269035 7.692363636363637 0.01 0.01 5.47634873323398 5.533398489560195 3.6060000000000008 
4.505 4.847258883248731 7.528909090909091 1.6445454545454545 0.01 3.0513263785394935 0.6370235450910705 4.0555 
1.2942857142857143 3.797664974619289 5.322272727272727 2.5526262626262626 0.7113475177304964 4.94043219076006 2.210573078631719 0.45950000000000024 
2.5785714285714283 5.029796954314721 7.528909090909091 0.01 0.01 5.047615499254844 0.4612972012438916 1.3585000000000003 
3.8628571428571425 4.938527918781726 3.606 1.826161616161616 1.3914420803782506 3.2254992548435175 2.9454286983562854 2.1076666666666677 
0.6521428571428571 0.01 6.057818181818182 1.826161616161616 0.2544089834515366 3.721222056631893 0.8926254997778764 0.010000000000000231 
0.01 8.08730964467005 4.913636363636364 2.6434343434343432 5.089456264775413 4.645678092399405 3.979817858729453 0.010000000000000231 
0.01 5.440507614213198 5.404 2.4618181818181815 0.01 5.20839046199702 0.7328742780986228 0.15983333333333372 
7.715714285714285 6.398832487309645 6.711636363636364 3.9147474747474744 3.463605200945626 5.261982116244412 1.8072012438916039 5.553833333333333 
0.6521428571428571 7.9047715736040605 6.057818181818182 0.01 0.01 4.94043219076006 0.049937805419813464 2.5571666666666673 
4.505 6.079390862944162 6.875090909090909 0.01 0.01 5.395961251862892 2.4781563749444686 2.4073333333333338 
3.220714285714285 5.1210659898477155 5.404 0.01 0.01 5.07441132637854 0.7408618391825854 3.0066666666666677 
1.9364285714285714 3.6607614213197968 6.711636363636364 2.825050505050505 0.7538534278959811 4.592086438152013 4.858449577965347 0.9090000000000007 
2.5785714285714283 6.718274111675127 6.057818181818182 2.28020202020202 3.1235579196217493 4.685871833084948 1.2360906263882718 1.3585000000000003 
5.789285714285714 6.125025380710659 6.057818181818182 3.0066666666666664 0.6475886524822695 3.480059612518629 1.5356241670368724 9.000000000000002 
4.505 5.21233502538071 5.404 0.01 0.01 4.40451564828614 0.7288804975566414 3.1565000000000003 
2.5785714285714283 4.436548223350254 4.913636363636364 2.0985858585858583 0.01 3.788211624441133 1.4677298978231894 0.15983333333333372 
4.505 2.8393401015228426 6.384727272727273 0.01 0.01 4.377719821162445 1.2600533096401598 3.0066666666666677 
1.9364285714285714 3.797664974619289 4.750181818181818 2.825050505050505 0.20127659574468088 4.60548435171386 1.0403953798311862 0.6093333333333337 
4.505 4.892893401015228 6.057818181818182 0.01 0.01 3.9757824143070053 0.712905375388716 1.5083333333333337 
0.6521428571428571 4.573451776649746 5.894363636363637 1.0996969696969698 0.7538534278959811 3.3996721311475415 2.326392714349178 1.0588333333333342 
2.5785714285714283 6.672639593908629 6.384727272727273 0.01 0.01 5.168196721311476 1.775250999555753 6.902333333333335 
2.5785714285714283 3.478223350253807 5.077090909090909 0.01 0.01 4.565290611028317 1.2600533096401598 0.6093333333333337 
1.2942857142857143 3.2500507614213197 5.730909090909091 2.4618181818181815 0.01 3.7614157973174374 2.0388405153265214 0.15983333333333372 
0.01 4.801624365482233 5.567454545454545 2.0077777777777777 0.01 2.6895827123695977 0.641017325633052 0.15983333333333372 
1.2942857142857143 3.980203045685279 4.750181818181818 1.462929292929293 0.5625768321513003 4.391117734724293 0.3614526876943581 0.6093333333333337 
3.220714285714285 5.303604060913705 6.057818181818182 2.6434343434343432 0.01 4.3375260804769 2.3343802754331406 2.1076666666666677 
1.9364285714285714 3.980203045685279 4.913636363636364 1.6445454545454545 0.01 2.9307451564828617 1.471723678365171 0.010000000000000231 
1.2942857142857143 4.2083756345177665 4.259818181818182 0.01 0.01 4.042771982116245 0.2616081741448245 0.15983333333333372 
0.6521428571428571 4.892893401015228 4.096363636363637 1.7353535353535354 0.01 3.8016095380029813 0.4213593958240782 1.2086666666666668 
1.2942857142857143 5.5774111675126905 4.259818181818182 3.9147474747474744 1.688983451536643 4.860044709388973 2.95741003998223 1.0588333333333342 
0.01 7.9047715736040605 6.384727272727273 2.9158585858585857 2.8260165484633566 6.240029806259315 4.32727676588183 5.553833333333333 
3.8628571428571425 6.581370558375634 5.894363636363637 2.4618181818181815 2.432836879432624 4.551892697466468 0.7168991559306974 2.8568333333333342 
0.6521428571428571 5.075431472081218 5.077090909090909 1.1905050505050505 1.9440189125295508 3.2254992548435175 0.24962683251888051 0.3096666666666672 
3.220714285714285 3.3413197969543145 4.913636363636364 0.01 0.01 3.600640834575261 0.7688183029764548 0.9090000000000007 
2.5785714285714283 6.033756345177665 7.038545454545455 2.825050505050505 0.01 3.7614157973174374 1.3718791648156374 6.303000000000001 
0.6521428571428571 3.980203045685279 6.384727272727273 2.4618181818181815 0.3500472813238771 4.645678092399405 0.10185695246557086 0.15983333333333372 
8.357857142857142 4.847258883248731 5.730909090909091 0.01 0.01 4.592086438152013 0.700924033762772 4.654833333333334 
5.147142857142857 4.801624365482233 8.182727272727274 3.279090909090909 0.01 5.811296572280179 0.6529986672589959 3.6060000000000008 
4.505 6.079390862944162 7.202 1.372121212121212 1.6571040189125297 4.350923994038749 0.7448556197245668 2.4073333333333338 
8.357857142857142 5.75994923857868 7.365454545454545 0.01 0.01 5.824694485842027 2.026859173700577 3.1565000000000003 
6.431428571428571 5.257969543147208 0.01 0.01 0.01 4.7394634873323405 0.2336517103509551 1.2086666666666668 
4.505 4.664720812182741 6.057818181818182 3.642323232323232 1.1257801418439717 4.994023845007453 0.513216348289649 3.6060000000000008 
3.220714285714285 4.527817258883249 6.057818181818182 2.4618181818181815 0.01 3.895394932935917 0.5092225677476677 1.6581666666666672 
4.505 7.265888324873096 5.240545454545455 0.01 0.01 3.681028315946349 0.8726565970679696 2.8568333333333342 
1.2942857142857143 4.2540101522842635 5.240545454545455 2.9158585858585857 1.7102364066193854 5.101207153502236 2.3902932030208794 0.3096666666666672 
4.505 5.714314720812182 7.038545454545455 0.01 0.01 5.047615499254844 0.912594402487783 4.505000000000001 
3.220714285714285 4.7103553299492384 8.836545454545455 3.36989898989899 0.01 5.261982116244412 0.9165881830297644 6.602666666666668 
5.147142857142857 3.386954314720812 5.730909090909091 3.642323232323232 0.5306973995271868 4.7394634873323405 2.514100399822301 2.7070000000000007 
0.6521428571428571 3.5238578680203045 4.5867272727272725 2.734242424242424 0.6050827423167848 4.47150521609538 4.6947045757441135 0.45950000000000024 
0.6521428571428571 4.345279187817258 5.404 1.1905050505050505 0.413806146572104 2.635991058122206 1.0324078187472232 0.6093333333333337 
4.505 5.896852791878173 5.567454545454545 4.459595959595959 1.3383096926713949 5.168196721311476 1.4517547756552642 3.306333333333334 
1.2942857142857143 6.4901015228426395 6.711636363636364 1.6445454545454545 0.6900945626477542 3.319284649776453 2.737752110173256 0.010000000000000231 
2.5785714285714283 5.486142131979696 5.567454545454545 0.01 0.01 3.9757824143070053 2.5300755219902267 1.9578333333333342 
2.5785714285714283 4.345279187817258 4.913636363636364 2.9158585858585857 0.01 4.752861400894188 0.8327187916481562 1.0588333333333342 
3.220714285714285 3.8889340101522842 6.057818181818182 2.0077777777777777 0.01 3.895394932935917 4.5868725011106175 1.6581666666666672 
0.01 6.033756345177665 6.384727272727273 0.01 0.01 4.350923994038749 1.2680408707241224 0.010000000000000231 
5.789285714285714 7.494060913705583 6.384727272727273 0.01 0.01 4.40451564828614 0.289564637938694 3.6060000000000008 
0.6521428571428571 6.5357360406091365 7.038545454545455 2.734242424242424 3.516737588652482 4.042771982116245 3.260937361172812 0.3096666666666672 
1.2942857142857143 6.672639593908629 0.01 0.01 0.01 3.6944262295081973 0.6569924478009773 1.0588333333333342 
7.715714285714285 4.573451776649746 6.875090909090909 3.0066666666666664 1.1257801418439717 4.029374068554397 1.6474500222123498 3.7558333333333342 
1.9364285714285714 5.303604060913705 6.057818181818182 1.372121212121212 1.1257801418439717 3.5336512667660216 0.1258196357174589 0.45950000000000024 
0.6521428571428571 3.2500507614213197 3.932909090909091 1.6445454545454545 0.817612293144208 2.74317436661699 0.9884762327854284 0.15983333333333372 
0.6521428571428571 7.630964467005076 6.057818181818182 1.5537373737373739 1.540212765957447 3.145111773472429 1.483705019991115 1.8080000000000007 
0.01 4.162741116751269 5.567454545454545 2.9158585858585857 2.241560283687943 5.355767511177348 1.2201155042203464 0.6093333333333337 
0.6521428571428571 4.2540101522842635 5.730909090909091 2.825050505050505 0.01 4.082965722801789 0.9565259884495778 0.3096666666666672 
0.6521428571428571 5.21233502538071 5.404 3.279090909090909 2.1352955082742313 5.114605067064084 0.852687694358063 0.010000000000000231 
7.073571428571428 6.5357360406091365 7.692363636363637 3.0066666666666664 1.5614657210401892 4.913636363636365 0.712905375388716 4.505000000000001 
3.8628571428571425 3.980203045685279 6.548181818181819 0.01 0.01 3.1183159463487335 0.033962683251888115 1.6581666666666672 
1.2942857142857143 4.619086294416244 4.750181818181818 1.5537373737373739 2.8260165484633566 3.2522950819672136 2.150666370501999 0.3096666666666672 
0.01 8.178578680203046 4.096363636363637 3.279090909090909 1.6996099290780142 5.07441132637854 1.5156552643269658 0.15983333333333372 
1.9364285714285714 7.950406091370558 4.750181818181818 2.0077777777777777 2.0715366430260045 4.417913561847988 2.0667969791203906 2.2575000000000003 
0.6521428571428571 5.5774111675126905 5.240545454545455 2.9158585858585857 1.6677304964539008 4.712667660208645 2.462181252776544 1.3585000000000003 
1.9364285714285714 4.573451776649746 5.567454545454545 2.0985858585858583 0.8707446808510638 4.2437406855439646 3.4885828520657487 1.0588333333333342 
2.5785714285714283 4.390913705583756 4.5867272727272725 1.5537373737373739 0.5306973995271868 2.796766020864382 1.0563705019991114 0.7591666666666672 
6.431428571428571 8.178578680203046 5.730909090909091 0.01 0.01 4.712667660208645 0.4972412261217237 2.4073333333333338 
0.01 3.3413197969543145 0.01 0.01 0.01 2.836959761549926 1.0643580630830742 0.6093333333333337 
2.5785714285714283 6.627005076142132 6.711636363636364 1.6445454545454545 0.01 4.364321907600597 0.6370235450910705 7.351833333333335 
1.2942857142857143 6.353197969543147 6.139545454545455 0.01 0.01 3.4398658718330855 0.3654464682363393 1.2086666666666668 
1.2942857142857143 5.1210659898477155 5.567454545454545 2.0077777777777777 1.008888888888889 4.578688524590165 0.9565259884495778 0.7591666666666672 
0.6521428571428571 6.170659898477157 4.423272727272727 0.01 0.01 3.5872429210134134 2.442212350066637 6.153166666666667 
3.8628571428571425 6.125025380710659 6.548181818181819 3.36989898989899 3.9417966903073283 6.199836065573772 0.6490048867170147 3.7558333333333342 
1.9364285714285714 3.569492385786802 4.096363636363637 2.9158585858585857 0.9451300236406619 4.163353204172877 0.688942692136828 0.7591666666666672 
6.431428571428571 7.676598984771573 6.057818181818182 0.01 0.01 5.101207153502236 1.8431452687694359 1.9578333333333342 
0.6521428571428571 6.672639593908629 4.5867272727272725 0.01 0.01 3.9891803278688527 1.9509773434029318 1.2086666666666668 
8.357857142857142 6.627005076142132 6.711636363636364 1.7353535353535354 1.1789125295508274 2.9843368107302535 0.676961350510884 5.404000000000002 
1.2942857142857143 5.3948730964467 6.548181818181819 0.01 0.01 5.757704918032788 2.4661750333185246 0.010000000000000231 
0.6521428571428571 4.847258883248731 5.730909090909091 2.5526262626262626 1.4445744680851065 4.592086438152013 0.2656019546868058 0.15983333333333372 
1.2942857142857143 3.706395939086294 5.894363636363637 1.372121212121212 0.817612293144208 4.042771982116245 1.883083074189249 0.6093333333333337 
7.715714285714285 6.398832487309645 6.956818181818182 3.0066666666666664 0.01 5.020819672131148 0.6729675699689026 3.0066666666666677 
6.431428571428571 6.353197969543147 6.548181818181819 0.01 0.01 3.6408345752608056 5.453522878720568 5.404000000000002 
0.6521428571428571 6.216294416243654 6.057818181818182 4.5504040404040405 2.1778014184397163 5.020819672131148 1.2920035539760104 0.45950000000000024 
0.6521428571428571 4.938527918781726 4.913636363636364 4.187171717171717 1.9015130023640663 4.766259314456036 1.355904042647712 0.45950000000000024 
0.01 3.8432994923857864 5.240545454545455 2.0077777777777777 0.7113475177304964 4.80645305514158 1.8750955131052867 0.010000000000000231 
0.6521428571428571 6.992081218274111 6.711636363636364 3.8239393939393937 5.163841607565011 5.449552906110284 2.442212350066637 0.3096666666666672 
2.5785714285714283 5.21233502538071 5.240545454545455 0.01 0.01 3.8819970193740687 0.2017014660151044 0.45950000000000024 
0.01 5.896852791878173 9.0 4.187171717171717 1.3914420803782506 9.0 0.9725011106175032 0.7591666666666672 
4.505 3.797664974619289 6.384727272727273 2.371010101010101 0.7644799054373522 3.935588673621461 2.7617147934251443 2.2575000000000003 
5.789285714285714 5.94248730964467 5.730909090909091 0.01 0.01 4.592086438152013 2.30243003109729 3.6060000000000008 
1.2942857142857143 3.980203045685279 0.01 2.0985858585858583 0.01 3.8819970193740687 2.7856774766770322 0.6093333333333337 
5.147142857142857 5.486142131979696 7.038545454545455 0.01 0.01 3.815007451564829 0.7328742780986228 0.15983333333333372 
1.9364285714285714 4.892893401015228 5.077090909090909 1.1905050505050505 0.5200709219858156 3.0781222056631896 2.4062683251888046 0.3096666666666672 
1.2942857142857143 5.21233502538071 5.567454545454545 2.0077777777777777 0.01 3.855201192250373 0.06591292758773881 0.6093333333333337 
3.220714285714285 5.075431472081218 5.894363636363637 2.5526262626262626 0.01 3.2121013412816692 1.3239537983118614 0.9090000000000007 
0.6521428571428571 4.573451776649746 5.404 1.372121212121212 0.6050827423167848 3.1719076005961258 2.358342958685028 0.7591666666666672 
3.220714285714285 7.220253807106599 6.875090909090909 3.733131313131313 2.241560283687943 5.288777943368108 1.2760284318080852 1.2086666666666668 
0.6521428571428571 4.345279187817258 6.711636363636364 2.28020202020202 1.9227659574468086 4.699269746646796 0.6290359840071079 3.306333333333334 
2.5785714285714283 4.7103553299492384 4.913636363636364 3.0066666666666664 2.050283687943262 3.2254992548435175 3.556477121279431 1.8080000000000007 
3.8628571428571425 7.585329949238578 6.057818181818182 0.01 0.01 3.5738450074515655 0.912594402487783 6.752500000000001 
1.9364285714285714 7.220253807106599 6.221272727272727 3.279090909090909 2.6134869976359334 4.2437406855439646 3.0971923589515766 1.0588333333333342 
5.789285714285714 7.767868020304569 6.057818181818182 2.825050505050505 0.01 5.905081967213116 1.3079786761439358 3.306333333333334 
0.01 4.619086294416244 5.322272727272727 2.5526262626262626 0.01 3.305886736214606 0.6450111061750332 0.15983333333333372 
0.6521428571428571 8.63492385786802 4.913636363636364 2.0985858585858583 9.0 4.042771982116245 1.288009773434029 5.703666666666667 
0.01 4.892893401015228 5.077090909090909 2.734242424242424 0.7963593380614657 4.913636363636365 2.7217769880053306 0.6093333333333337 
5.147142857142857 4.162741116751269 6.711636363636364 0.01 0.01 4.779657228017885 2.042834295868503 7.052166666666668 
1.9364285714285714 5.166700507614213 3.606 1.1905050505050505 0.01 3.0111326378539496 0.2576143936028432 0.15983333333333372 
3.220714285714285 7.083350253807106 6.875090909090909 4.0055555555555555 5.801430260047281 5.194992548435173 2.1706352732119054 1.9578333333333342 
1.9364285714285714 3.8432994923857864 5.894363636363637 2.9158585858585857 0.01 4.994023845007453 0.7648245224344736 1.0588333333333342 
1.2942857142857143 4.892893401015228 6.057818181818182 2.734242424242424 1.0726477541371158 4.511698956780925 1.3119724566859172 0.3096666666666672 
3.220714285714285 5.257969543147208 6.221272727272727 0.01 0.01 4.190149031296572 1.0683518436250554 3.4561666666666673 
5.789285714285714 7.037715736040609 6.384727272727273 2.734242424242424 1.0726477541371158 4.149955290611029 0.3534651266103953 3.6060000000000008 
0.6521428571428571 5.1210659898477155 5.894363636363637 2.734242424242424 1.8802600472813238 4.618882265275708 1.8072012438916039 0.6093333333333337 
3.8628571428571425 6.718274111675127 6.548181818181819 0.01 0.01 3.962384500745157 0.4093780541981342 4.355166666666667 
1.2942857142857143 5.257969543147208 5.240545454545455 2.0077777777777777 0.01 4.136557377049181 1.3798667258996002 0.010000000000000231 
4.505 7.357157360406092 7.038545454545455 0.01 0.01 4.082965722801789 0.3574589071523767 3.9056666666666677 
1.2942857142857143 5.896852791878173 0.01 0.01 0.01 5.168196721311476 0.912594402487783 3.0066666666666677 
1.2942857142857143 4.162741116751269 5.077090909090909 0.01 0.01 3.667630402384501 1.7952199022656599 0.15983333333333372 
3.220714285714285 6.216294416243654 6.711636363636364 0.01 0.01 0.01 2.254504664593514 7.202000000000002 
3.8628571428571425 5.257969543147208 4.913636363636364 3.5515151515151513 0.01 4.525096870342773 0.676961350510884 2.8568333333333342 
6.431428571428571 5.896852791878173 6.221272727272727 2.5526262626262626 1.3064302600472812 4.819850968703428 0.816743669480231 2.7070000000000007 
1.2942857142857143 5.851218274111675 5.240545454545455 3.8239393939393937 0.01 5.369165424739196 4.095637494446912 0.45950000000000024 
2.5785714285714283 6.216294416243654 5.730909090909091 0.01 0.01 4.190149031296572 4.4191337183474 0.15983333333333372 
2.5785714285714283 9.0 5.730909090909091 3.5515151515151513 7.916099290780141 4.927034277198213 9.0 1.5083333333333337 
3.8628571428571425 4.390913705583756 0.01 0.01 0.01 3.1853055141579736 0.4573034207019102 1.0588333333333342 
5.789285714285714 7.128984771573604 7.038545454545455 0.01 0.01 3.3326825633383015 0.6170546423811639 4.804666666666668 
0.01 6.170659898477157 5.567454545454545 3.8239393939393937 2.6666193853427895 5.677317436661699 1.156215015548645 0.45950000000000024 
0.6521428571428571 5.714314720812182 4.096363636363637 3.642323232323232 1.7846217494089835 4.47150521609538 3.540501999111506 1.0588333333333342 
3.8628571428571425 4.664720812182741 6.711636363636364 0.01 0.01 4.136557377049181 0.4173656152820968 2.2575000000000003 
1.2942857142857143 5.851218274111675 6.384727272727273 3.36989898989899 1.9440189125295508 5.811296572280179 4.5868725011106175 1.5083333333333337 
5.789285714285714 4.664720812182741 6.221272727272727 3.36989898989899 0.01 4.417913561847988 2.3543491781430474 3.7558333333333342 
8.357857142857142 4.847258883248731 5.894363636363637 4.913636363636363 0.01 4.913636363636365 0.4093780541981342 3.6060000000000008 
6.431428571428571 6.079390862944162 5.567454545454545 0.01 0.01 3.6274366616989573 0.676961350510884 2.2575000000000003 
0.6521428571428571 4.436548223350254 5.567454545454545 1.916969696969697 0.01 3.654232488822653 4.071674811195024 0.15983333333333372 
0.01 4.892893401015228 6.221272727272727 0.01 0.01 6.079254843517139 2.4382185695246554 0.45950000000000024 
1.2942857142857143 7.220253807106599 7.365454545454545 0.01 0.01 4.2437406855439646 2.9134784540204355 6.752500000000001 
0.01 5.6230456852791875 7.202 3.36989898989899 0.01 4.726065573770493 0.4852598844957795 1.2086666666666668 
0.6521428571428571 7.174619289340101 5.894363636363637 1.916969696969697 1.7952482269503547 3.4398658718330855 0.18972012438916042 0.45950000000000024 
