1.0676470588235294 4.573451776649746 4.87344262295082 1.826161616161616 1.1998529411764707 4.9893097643097635 3.038654995730145 1.0588333333333342 
1.0676470588235294 4.117106598984772 5.1681967213114755 1.5537373737373739 0.01 4.141767676767676 0.036870196413321954 0.15983333333333372 
1.0676470588235294 2.5655329949238577 4.13655737704918 2.5526262626262626 0.6049264705882353 3.672592592592592 0.9850042698548249 0.15983333333333372 
0.01 5.668680203045685 5.1681967213114755 1.826161616161616 0.01 4.156902356902356 0.685593509820666 2.2575000000000003 
0.5388235294117647 7.676598984771573 6.494590163934427 2.6434343434343432 0.01 5.3071380471380465 3.1845217762596074 4.654833333333334 
0.5388235294117647 3.980203045685279 5.0208196721311475 3.0974747474747475 1.027985294117647 5.700639730639731 1.249867634500427 0.45950000000000024 
1.596470588235294 7.448426395939086 5.1681967213114755 1.6445454545454545 1.3981617647058824 4.792558922558922 0.73933390264731 1.0588333333333342 
2.6541176470588232 6.718274111675127 5.757704918032787 0.01 0.01 5.110387205387205 0.5474039282664389 6.602666666666668 
6.884705882352941 5.896852791878173 0.01 2.734242424242424 0.01 6.048737373737373 1.8947523484201536 3.4561666666666673 
2.6541176470588232 6.216294416243654 6.052459016393443 0.01 0.01 0.01 2.1672929120409905 7.202000000000002 
1.0676470588235294 5.1210659898477155 5.757704918032787 4.5504040404040405 1.8608823529411764 5.973063973063972 0.38234415029888985 0.45950000000000024 
3.182941176470588 5.21233502538071 0.01 0.01 0.01 0.01 0.43608454312553363 0.7591666666666672 
1.596470588235294 5.075431472081218 4.578688524590164 0.01 0.01 3.4304377104377104 0.25567036720751485 0.010000000000000231 
0.5388235294117647 3.3413197969543145 3.6944262295081964 0.918080808080808 0.01 3.4909764309764304 0.6625619128949616 0.010000000000000231 
1.596470588235294 5.075431472081218 4.13655737704918 3.5515151515151513 0.01 4.56553872053872 1.8486891545687447 1.3585000000000003 
2.1252941176470586 5.349238578680203 4.578688524590164 1.0996969696969698 0.01 4.505 1.1692570452604611 1.3585000000000003 
2.1252941176470586 5.21233502538071 4.799754098360656 0.01 0.01 3.324494949494949 1.3688642186165672 2.4073333333333338 
0.01 3.8432994923857864 6.052459016393443 2.825050505050505 1.6625735294117647 5.791447811447812 0.6049829205807002 0.3096666666666672 
4.240588235294117 4.938527918781726 5.1681967213114755 0.01 0.01 4.626077441077441 3.376451750640478 1.8080000000000007 
0.01 4.2540101522842635 4.431311475409836 0.01 0.01 5.352542087542087 0.7201409052092229 0.6093333333333337 
0.01 7.4027918781725885 5.610327868852459 3.279090909090909 0.01 7.516801346801347 1.1078394534585823 0.7591666666666672 
0.5388235294117647 0.01 5.0208196721311475 3.188282828282828 0.01 4.853097643097643 1.2038044406490178 0.15983333333333372 
0.5388235294117647 7.9047715736040605 5.462950819672131 0.01 0.01 5.579562289562289 0.04838599487617423 2.5571666666666673 
1.0676470588235294 4.527817258883249 0.01 0.01 0.01 3.3698989898989895 0.12515798462852268 0.3096666666666672 
0.5388235294117647 0.01 5.462950819672131 1.826161616161616 0.3140735294117647 4.202306397306397 0.85833048676345 0.010000000000000231 
1.0676470588235294 4.801624365482233 5.905081967213115 4.096363636363637 2.5351323529411762 5.110387205387205 2.4398334756618274 1.2086666666666668 
2.1252941176470586 5.805583756345177 6.494590163934427 1.008888888888889 2.059191176470588 5.231464646464646 2.006071733561059 1.0588333333333342 
0.01 3.9345685279187816 5.0208196721311475 2.9158585858585857 0.01 5.428215488215487 0.6241759180187874 0.6093333333333337 
4.7694117647058825 5.1210659898477155 6.052459016393443 2.1893939393939394 0.01 4.277979797979797 4.631673783091374 4.355166666666667 
3.182941176470588 3.6607614213197968 4.87344262295082 2.734242424242424 0.01 3.975286195286195 0.9120708795900938 3.0066666666666677 
5.827058823529411 7.083350253807106 5.610327868852459 2.5526262626262626 1.9930882352941177 5.049848484848484 4.904214346712213 4.505000000000001 
1.0676470588235294 3.706395939086294 5.315573770491803 1.372121212121212 1.014764705882353 4.56553872053872 1.8103031596925705 0.6093333333333337 
3.182941176470588 5.896852791878173 6.6419672131147545 0.6456565656565657 4.319911764705882 2.976397306397306 1.9446541417591803 5.8535 
3.182941176470588 0.01 5.0208196721311475 3.733131313131313 0.01 5.912525252525252 2.501251067463706 3.0066666666666677 
0.01 4.299644670050761 5.1681967213114755 2.4618181818181815 1.5303676470588234 6.593585858585858 1.0425832621690863 0.010000000000000231 
2.6541176470588232 7.4027918781725885 7.673606557377049 0.01 0.01 5.715774410774411 0.29021776259607174 4.654833333333334 
1.0676470588235294 7.174619289340101 5.462950819672131 3.188282828282828 5.827058823529412 5.973063973063972 0.22496157130657563 1.3585000000000003 
0.5388235294117647 5.851218274111675 3.5470491803278685 4.096363636363637 2.5747941176470586 6.139545454545454 2.0636507258753203 0.45950000000000024 
5.298235294117647 6.763908629441624 6.199836065573771 4.368787878787879 3.1432794117647056 5.700639730639731 3.553027327070879 4.505000000000001 
0.5388235294117647 5.075431472081218 4.578688524590164 1.1905050505050505 2.416147058823529 3.642323232323232 0.2403159692570453 0.3096666666666672 
4.240588235294117 4.984162436548223 5.610327868852459 3.5515151515151513 1.5171470588235294 4.2325757575757565 2.1672929120409905 1.5083333333333337 
4.240588235294117 5.486142131979696 6.347213114754099 0.01 0.01 4.308249158249158 0.7047865072587531 0.15983333333333372 
2.6541176470588232 5.029796954314721 5.0208196721311475 0.01 0.01 3.9450168350168346 0.831460290350128 1.3585000000000003 
0.5388235294117647 4.2083756345177665 4.578688524590164 2.28020202020202 0.5520441176470589 2.961262626262626 1.5607941929974383 0.6093333333333337 
0.01 3.3413197969543145 0.01 0.01 0.01 3.2034175084175085 1.0233902647309991 0.6093333333333337 
2.6541176470588232 5.75994923857868 5.757704918032787 2.4618181818181815 0.3008529411764706 4.48986531986532 1.395734415029889 2.8568333333333342 
2.6541176470588232 7.083350253807106 6.199836065573771 4.0055555555555555 7.215220588235294 5.867121212121212 2.0866823228010247 1.9578333333333342 
5.827058823529411 5.075431472081218 6.199836065573771 3.642323232323232 0.01 7.093030303030302 3.261293766011956 3.6060000000000008 
0.5388235294117647 3.980203045685279 4.431311475409836 3.36989898989899 1.0015441176470588 5.64010101010101 1.6644363791631085 0.15983333333333372 
1.0676470588235294 4.573451776649746 4.726065573770492 2.0985858585858583 0.01 4.505 1.123193851409052 0.010000000000000231 
4.240588235294117 7.037715736040609 5.757704918032787 2.9158585858585857 0.01 4.913636363636363 1.4110888129803585 3.6060000000000008 
2.1252941176470586 5.5774111675126905 5.0208196721311475 0.01 0.01 5.3071380471380465 1.222997438087105 1.2086666666666668 
1.596470588235294 7.950406091370558 4.283934426229508 2.0077777777777777 2.5747941176470586 4.9893097643097635 1.9868787361229718 2.2575000000000003 
2.6541176470588232 4.527817258883249 5.462950819672131 2.4618181818181815 0.01 4.399057239057239 0.48982493595217763 1.6581666666666672 
5.298235294117647 5.5774111675126905 5.0208196721311475 0.01 0.01 4.732020202020202 0.7009479077711358 3.0066666666666677 
3.7117647058823526 8.26984771573604 6.199836065573771 1.916969696969697 2.5483529411764705 5.443350168350167 1.9600085397096496 4.505000000000001 
2.1252941176470586 5.029796954314721 6.789344262295082 0.01 0.01 5.700639730639731 0.44376174210076863 1.3585000000000003 
2.6541176470588232 6.718274111675127 5.536639344262295 0.01 0.01 4.53526936026936 1.3765414175918018 1.0588333333333342 
0.5388235294117647 4.573451776649746 5.315573770491803 1.0996969696969698 0.9354411764705882 3.8390740740740736 2.236387702818104 1.0588333333333342 
3.7117647058823526 8.406751269035533 6.199836065573771 3.0066666666666664 0.01 5.382811447811448 1.0732920580700256 3.0066666666666677 
7.4135294117647055 7.996040609137055 4.578688524590164 2.734242424242424 0.01 5.095252525252525 0.5243723313407345 2.5571666666666673 
1.0676470588235294 6.353197969543147 5.536639344262295 0.01 0.01 3.884478114478114 0.3516353543979504 1.2086666666666668 
5.298235294117647 5.896852791878173 5.610327868852459 2.5526262626262626 1.6229117647058824 5.443350168350167 0.7853970964987191 2.7070000000000007 
0.01 6.398832487309645 4.799754098360656 2.371010101010101 1.7286764705882354 6.457373737373737 1.3650256191289496 0.45950000000000024 
0.5388235294117647 5.94248730964467 5.1681967213114755 1.1905050505050505 1.3981617647058824 3.9298821548821543 1.5224081981212638 0.15983333333333372 
3.7117647058823526 6.216294416243654 5.462950819672131 2.371010101010101 1.7947794117647058 3.9450168350168346 2.1941631084543127 4.505000000000001 
0.01 6.125025380710659 4.283934426229508 1.826161616161616 3.857191176470588 4.0055555555555555 1.0617762596071734 0.010000000000000231 
1.0676470588235294 4.619086294416244 4.283934426229508 3.188282828282828 1.1998529411764707 3.309360269360269 0.3055721605465414 0.15983333333333372 
0.01 4.801624365482233 6.199836065573771 0.01 0.01 4.2325757575757565 2.55499146029035 6.153166666666667 
3.182941176470588 7.585329949238578 5.462950819672131 0.01 0.01 4.035824915824915 0.8775234842015371 6.752500000000001 
2.1252941176470586 5.1210659898477155 5.757704918032787 3.642323232323232 0.01 5.973063973063972 0.6164987190435525 2.5571666666666673 
2.1252941176470586 6.581370558375634 4.283934426229508 2.5526262626262626 1.8608823529411764 4.474730639730639 0.8122672929120409 2.4073333333333338 
3.7117647058823526 5.21233502538071 4.726065573770492 0.01 0.01 4.156902356902356 2.520444064901793 1.9578333333333342 
2.6541176470588232 2.0179187817258883 4.578688524590164 0.01 0.01 3.7936700336700335 1.9638471391972674 2.2575000000000003 
0.01 4.664720812182741 5.536639344262295 2.0985858585858583 0.01 0.01 1.906268146883006 0.010000000000000231 
1.0676470588235294 4.2083756345177665 4.578688524590164 2.5526262626262626 0.01 4.792558922558922 0.2096071733561059 0.45950000000000024 
2.6541176470588232 6.353197969543147 4.726065573770492 3.188282828282828 1.8608823529411764 4.338518518518518 1.2882536293766012 0.7591666666666672 
0.5388235294117647 6.353197969543147 4.578688524590164 3.733131313131313 6.355882352941176 6.169814814814814 1.768078565328779 0.010000000000000231 
2.6541176470588232 6.033756345177665 5.905081967213115 0.01 0.01 4.066094276094276 0.4245687446626815 7.202000000000002 
0.5388235294117647 3.6151269035532994 4.431311475409836 3.8239393939393937 0.6445882352941177 6.593585858585858 2.3131596925704523 0.3096666666666672 
3.182941176470588 4.664720812182741 6.052459016393443 0.01 0.01 4.671481481481481 0.40153714773697696 2.2575000000000003 
1.596470588235294 3.8432994923857864 5.315573770491803 2.9158585858585857 0.01 5.64010101010101 0.7354953031596925 1.0588333333333342 
0.01 4.664720812182741 3.8418032786885243 0.01 0.01 3.808804713804714 0.010000000000000009 0.010000000000000231 
4.240588235294117 2.9762436548223348 5.315573770491803 2.0985858585858583 0.01 4.853097643097643 2.0137489325362936 3.1565000000000003 
2.1252941176470586 6.763908629441624 4.431311475409836 2.4618181818181815 4.214147058823529 4.686616161616161 0.2863791631084543 1.2086666666666668 
1.0676470588235294 3.113147208121827 5.1681967213114755 2.9158585858585857 0.8825588235294117 3.7936700336700335 0.42840734415029885 0.6093333333333337 
3.182941176470588 7.037715736040609 5.757704918032787 3.733131313131313 1.8608823529411764 6.987087542087542 1.9024295473953887 0.9090000000000007 
1.0676470588235294 4.664720812182741 6.347213114754099 3.279090909090909 1.596470588235294 6.896279461279461 0.19809137489325362 0.3096666666666672 
0.01 6.170659898477157 5.0208196721311475 3.8239393939393937 3.3151470588235292 6.411969696969696 1.1116780529461998 0.45950000000000024 
1.596470588235294 7.220253807106599 5.610327868852459 3.279090909090909 3.249044117647059 4.792558922558922 2.977237403928266 1.0588333333333342 
6.355882352941176 4.2083756345177665 4.578688524590164 0.6456565656565657 3.420911764705882 4.187171717171717 3.2651323654995728 3.4561666666666673 
0.01 5.3948730964467 6.199836065573771 4.277979797979798 3.0507352941176467 6.9416835016835 1.8256575576430403 1.5083333333333337 
4.240588235294117 4.162741116751269 6.052459016393443 0.01 0.01 5.397946127946128 1.9638471391972674 7.052166666666668 
2.6541176470588232 5.94248730964467 6.052459016393443 0.01 0.01 5.927659932659933 3.3802903501280954 2.4073333333333338 
1.0676470588235294 4.390913705583756 5.0208196721311475 1.1905050505050505 0.6578088235294117 3.2034175084175085 2.1941631084543127 0.7591666666666672 
0.5388235294117647 3.7520304568527916 4.726065573770492 1.1905050505050505 1.265955882352941 3.218552188552188 1.3036080273270707 0.3096666666666672 
1.0676470588235294 4.025837563451777 4.283934426229508 2.371010101010101 0.2215294117647059 4.308249158249158 2.650956447480785 0.15983333333333372 
4.240588235294117 9.0 5.462950819672131 0.01 0.01 3.9298821548821543 4.282361229718189 2.7070000000000007 
0.01 5.440507614213198 4.87344262295082 2.4618181818181815 0.01 5.882255892255891 0.7047865072587531 0.15983333333333372 
6.884705882352941 4.755989847715735 5.315573770491803 0.01 0.01 4.732020202020202 1.495538001707942 2.5571666666666673 
1.596470588235294 3.797664974619289 4.283934426229508 2.825050505050505 0.24797058823529414 5.2011952861952855 1.0003586678052947 0.6093333333333337 
2.1252941176470586 4.299644670050761 4.799754098360656 2.0077777777777777 0.01 3.748265993265993 0.2787019641332195 0.010000000000000231 
1.0676470588235294 4.162741116751269 4.578688524590164 0.01 0.01 4.141767676767676 1.7258539709649874 0.15983333333333372 
2.1252941176470586 7.128984771573604 5.536639344262295 0.01 0.01 7.320050505050504 0.6241759180187874 1.6581666666666672 
0.5388235294117647 5.349238578680203 6.494590163934427 2.1893939393939394 1.926985294117647 5.231464646464646 1.2575448334756616 2.8568333333333342 
3.7117647058823526 5.21233502538071 4.87344262295082 0.01 0.01 4.974175084175084 0.7009479077711358 3.1565000000000003 
0.5388235294117647 8.954365482233502 5.610327868852459 3.279090909090909 3.301926470588235 5.534158249158248 3.0693637916310843 1.2086666666666668 
1.0676470588235294 5.486142131979696 5.610327868852459 3.36989898989899 1.3981617647058824 6.018468013468014 0.5358881298035867 1.2086666666666668 
1.596470588235294 4.938527918781726 4.578688524590164 2.1893939393939394 0.01 3.9450168350168346 0.566596925704526 0.6093333333333337 
6.884705882352941 4.847258883248731 5.1681967213114755 0.01 0.01 5.1860606060606065 0.6740777113578138 4.654833333333334 
2.6541176470588232 3.5238578680203045 6.052459016393443 3.733131313131313 0.565264705882353 5.428215488215487 0.30941076003415885 2.1076666666666677 
0.01 5.805583756345177 5.905081967213115 3.36989898989899 2.7863235294117645 5.503888888888888 2.796823228010248 0.3096666666666672 
0.5388235294117647 4.390913705583756 9.0 0.01 0.01 3.4001683501683497 0.5051793339026474 0.9090000000000007 
2.1252941176470586 4.162741116751269 5.1681967213114755 2.9158585858585857 1.1734117647058824 5.019579124579124 1.422604611443211 0.15983333333333372 
1.0676470588235294 5.440507614213198 0.01 0.01 0.01 2.976397306397306 2.904304013663536 7.6515 
2.1252941176470586 4.436548223350254 4.431311475409836 2.0985858585858583 0.01 4.277979797979797 1.4110888129803585 0.15983333333333372 
1.0676470588235294 3.386954314720812 0.01 0.01 0.01 0.01 0.10212638770281807 0.15983333333333372 
1.0676470588235294 4.527817258883249 5.1681967213114755 1.462929292929293 0.5917058823529412 3.097474747474747 0.6126601195559351 0.9090000000000007 
1.596470588235294 7.767868020304569 4.726065573770492 3.36989898989899 2.9846323529411762 5.231464646464646 1.0771306575576431 1.3585000000000003 
2.1252941176470586 5.075431472081218 5.315573770491803 4.277979797979798 2.746661764705882 5.6249663299663295 5.046242527754056 5.254166666666668 
3.182941176470588 4.984162436548223 4.431311475409836 2.4618181818181815 0.01 3.7936700336700335 0.50134073441503 0.9090000000000007 
2.6541176470588232 6.216294416243654 6.199836065573771 3.733131313131313 1.1734117647058824 5.3071380471380465 0.8084286934244236 2.1076666666666677 
4.240588235294117 5.1210659898477155 5.315573770491803 0.01 0.01 3.5817845117845115 2.9350128095644745 5.553833333333333 
2.1252941176470586 5.349238578680203 4.726065573770492 2.4618181818181815 1.596470588235294 5.034713804713805 0.593467122117848 0.45950000000000024 
5.298235294117647 5.257969543147208 7.231475409836065 0.01 0.01 3.642323232323232 3.6336379163108457 1.9578333333333342 
2.1252941176470586 6.672639593908629 5.757704918032787 0.01 0.01 5.8368518518518515 1.7066609735269 6.902333333333335 
4.7694117647058825 7.128984771573604 6.347213114754099 2.5526262626262626 2.059191176470588 5.2011952861952855 4.274684030742955 3.1565000000000003 
0.5388235294117647 5.668680203045685 4.431311475409836 2.9158585858585857 0.01 5.428215488215487 1.6836293766011956 0.010000000000000231 
0.01 7.539695431472081 6.6419672131147545 3.0066666666666664 9.0 7.925437710437709 1.34967122117848 0.3096666666666672 
0.5388235294117647 3.6607614213197968 5.462950819672131 1.008888888888889 0.803235294117647 4.55040404040404 1.733531169940222 0.15983333333333372 
3.182941176470588 4.801624365482233 5.905081967213115 2.5526262626262626 0.01 4.928771043771043 3.0808795900939367 0.7591666666666672 
1.596470588235294 4.527817258883249 5.905081967213115 1.008888888888889 0.8561176470588235 2.9309932659932656 0.8007514944491885 1.3585000000000003 
2.1252941176470586 6.033756345177665 0.01 0.01 0.01 4.9893097643097635 0.8698462852263023 0.3096666666666672 
0.01 6.261928934010152 5.1681967213114755 3.4607070707070706 0.01 5.034713804713805 0.36315115286080274 0.15983333333333372 
3.7117647058823526 7.265888324873096 4.726065573770492 0.01 0.01 4.156902356902356 0.8391374893253629 2.8568333333333342 
1.0676470588235294 7.083350253807106 5.462950819672131 1.5537373737373739 1.2791764705882354 4.035824915824915 1.3727028181041845 0.9090000000000007 
2.6541176470588232 8.543654822335025 5.610327868852459 2.4618181818181815 2.746661764705882 6.608720538720538 3.6797011101622545 4.804666666666668 
0.01 8.26984771573604 6.494590163934427 4.0055555555555555 6.7524999999999995 6.563316498316498 0.5627583262169087 0.7591666666666672 
1.0676470588235294 4.2083756345177665 5.610327868852459 1.826161616161616 0.01 3.672592592592592 6.228531169940223 1.0588333333333342 
4.7694117647058825 3.295685279187817 5.757704918032787 2.28020202020202 0.01 4.792558922558922 0.7853970964987191 2.5571666666666673 
1.0676470588235294 4.299644670050761 5.0208196721311475 1.6445454545454545 1.014764705882353 3.9450168350168346 1.8640435525192145 0.010000000000000231 
0.01 6.900812182741117 6.6419672131147545 4.187171717171717 0.01 6.381700336700336 1.1347096498719043 0.010000000000000231 
2.6541176470588232 7.585329949238578 5.315573770491803 1.7353535353535354 2.3236029411764703 3.9147474747474744 1.9638471391972674 4.505000000000001 
1.596470588235294 3.8432994923857864 5.0208196721311475 2.734242424242424 1.4113823529411764 4.837962962962962 1.9792015371477367 0.6093333333333337 
6.884705882352941 3.478223350253807 4.431311475409836 0.01 0.01 4.974175084175084 0.40153714773697696 3.0066666666666677 
0.01 4.436548223350254 4.726065573770492 3.279090909090909 1.3320588235294117 5.579562289562289 2.0137489325362936 0.6093333333333337 
2.6541176470588232 4.436548223350254 5.610327868852459 2.4618181818181815 0.01 5.397946127946128 1.161579846285226 4.654833333333334 
5.827058823529411 6.216294416243654 6.199836065573771 3.188282828282828 1.7286764705882354 4.293114478114478 0.7086251067463707 3.1565000000000003 
1.0676470588235294 7.220253807106599 6.6419672131147545 0.01 0.01 4.792558922558922 2.800661827497865 6.752500000000001 
0.01 6.033756345177665 5.757704918032787 0.01 0.01 4.913636363636363 1.2191588385994874 0.010000000000000231 
0.5388235294117647 5.714314720812182 3.6944262295081964 3.642323232323232 2.2178382352941175 5.049848484848484 3.4033219470538003 1.0588333333333342 
1.596470588235294 5.486142131979696 5.1681967213114755 2.734242424242424 1.7947794117647058 6.502777777777777 1.4456362083689154 1.3585000000000003 
3.182941176470588 8.908730964467004 5.1681967213114755 0.01 0.01 4.686616161616161 0.9696498719043551 1.5083333333333337 
0.01 6.261928934010152 6.199836065573771 2.4618181818181815 0.01 4.141767676767676 0.5973057216054654 5.703666666666667 
0.01 8.224213197969544 5.757704918032787 5.7309090909090905 0.19508823529411765 9.0 9.0 0.6093333333333337 
5.298235294117647 4.619086294416244 5.610327868852459 4.368787878787879 2.389705882352941 4.9893097643097635 0.3669897523484202 6.303000000000001 
1.0676470588235294 4.071472081218274 6.6419672131147545 2.734242424242424 0.01 5.080117845117845 0.831460290350128 3.1565000000000003 
0.01 5.531776649746193 4.87344262295082 2.734242424242424 2.1913970588235294 5.2011952861952855 0.48982493595217763 1.8080000000000007 
3.182941176470588 4.7103553299492384 4.87344262295082 0.01 0.01 3.6877272727272725 0.6664005123825789 1.2086666666666668 
2.1252941176470586 3.8432994923857864 6.6419672131147545 2.0985858585858583 0.7503529411764706 5.988198653198653 0.32092655849701107 0.6093333333333337 
0.5388235294117647 4.2540101522842635 4.13655737704918 1.008888888888889 0.01 3.41530303030303 1.3112852263023058 0.15983333333333372 
2.6541176470588232 7.676598984771573 4.726065573770492 0.01 0.01 4.9893097643097635 0.22880017079419307 3.0066666666666677 
0.01 4.755989847715735 4.726065573770492 3.36989898989899 0.8561176470588235 5.095252525252525 1.6682749786507258 0.15983333333333372 
4.240588235294117 3.386954314720812 5.1681967213114755 3.642323232323232 0.6578088235294117 5.352542087542087 2.416801878736123 2.7070000000000007 
0.5388235294117647 4.847258883248731 5.1681967213114755 2.5526262626262626 1.7947794117647058 5.1860606060606065 0.25567036720751485 0.15983333333333372 
0.5388235294117647 4.2540101522842635 5.1681967213114755 2.825050505050505 0.01 4.61094276094276 0.9197480785653287 0.3096666666666672 
0.5388235294117647 4.025837563451777 4.578688524590164 2.1893939393939394 0.5917058823529412 4.53526936026936 1.330478223740393 0.3096666666666672 
2.1252941176470586 5.486142131979696 5.0208196721311475 0.01 0.01 4.48986531986532 2.4321562766865927 1.9578333333333342 
4.240588235294117 5.75994923857868 6.494590163934427 3.279090909090909 1.4378235294117647 5.8368518518518515 1.050260461144321 4.205333333333334 
0.01 5.988121827411168 0.01 0.01 0.01 6.548181818181818 0.7470111016225449 0.7591666666666672 
0.5388235294117647 3.706395939086294 5.462950819672131 3.733131313131313 0.7635735294117647 7.017356902356902 3.9176942783945337 1.6581666666666672 
1.596470588235294 6.4901015228426395 5.905081967213115 1.372121212121212 0.01 4.913636363636363 0.4783091374893254 6.303000000000001 
3.7117647058823526 8.178578680203046 7.010409836065574 2.825050505050505 0.01 5.1860606060606065 0.3401195559350982 5.8535 
0.5388235294117647 4.071472081218274 5.610327868852459 3.0974747474747475 0.49916176470588236 4.732020202020202 0.44760034158838596 0.3096666666666672 
1.0676470588235294 5.349238578680203 6.6419672131147545 1.7353535353535354 0.9486617647058824 3.8239393939393933 0.9120708795900938 0.010000000000000231 
4.240588235294117 5.029796954314721 5.610327868852459 0.01 0.01 4.2174410774410775 0.6203373185311698 5.553833333333333 
0.5388235294117647 5.440507614213198 3.9891803278688522 1.1905050505050505 0.6710294117647059 3.38503367003367 0.4975021349274124 0.45950000000000024 
0.5388235294117647 4.938527918781726 4.431311475409836 4.187171717171717 2.3632647058823526 5.382811447811448 1.3036080273270707 0.45950000000000024 
1.0676470588235294 5.851218274111675 5.757704918032787 3.36989898989899 2.416147058823529 6.563316498316498 4.409035012809564 1.5083333333333337 
0.01 6.30756345177665 0.01 0.01 0.01 5.503888888888888 3.2920025619128945 0.6093333333333337 
1.596470588235294 4.7103553299492384 5.315573770491803 2.734242424242424 2.019529411764706 4.187171717171717 2.5127668659265585 0.9090000000000007 
3.7117647058823526 6.4901015228426395 4.431311475409836 3.0066666666666664 2.521911764705882 4.368787878787878 2.3477070879590096 6.003333333333334 
1.596470588235294 5.166700507614213 3.6944262295081964 0.918080808080808 1.13375 4.474730639730639 2.1135525192143465 0.6093333333333337 
1.0676470588235294 4.801624365482233 5.536639344262295 0.01 0.01 3.536380471380471 1.8602049530315972 4.804666666666668 
0.01 4.2540101522842635 7.378852459016393 3.5515151515151513 0.9618823529411765 6.578451178451178 3.6297993168232274 2.1076666666666677 
0.5388235294117647 3.2500507614213197 5.757704918032787 4.5504040404040405 0.6049264705882353 5.034713804713805 1.330478223740393 0.010000000000000231 
2.6541176470588232 4.025837563451777 5.757704918032787 2.734242424242424 0.01 4.187171717171717 0.7009479077711358 2.4073333333333338 
5.298235294117647 5.5774111675126905 5.757704918032787 2.825050505050505 0.01 4.187171717171717 1.6759521776259607 3.6060000000000008 
2.1252941176470586 5.257969543147208 5.315573770491803 0.01 0.01 4.383922558922558 1.1539026473099914 3.7558333333333342 
3.7117647058823526 8.132944162436548 6.199836065573771 0.01 0.01 6.048737373737373 0.9811656703672076 3.0066666666666677 
1.0676470588235294 4.573451776649746 5.0208196721311475 2.28020202020202 0.9486617647058824 5.8368518518518515 0.9542954739538856 0.7591666666666672 
0.5388235294117647 4.436548223350254 5.1681967213114755 1.372121212121212 0.01 2.764511784511784 0.27486336464560207 0.010000000000000231 
0.5388235294117647 4.7103553299492384 5.905081967213115 1.008888888888889 1.0940882352941177 2.9461279461279455 1.5953415883859947 0.15983333333333372 
2.1252941176470586 5.851218274111675 5.1681967213114755 0.01 0.01 5.2011952861952855 0.8736848847139196 0.45950000000000024 
0.01 6.170659898477157 6.93672131147541 4.187171717171717 1.926985294117647 6.1546801346801345 0.8007514944491885 0.7591666666666672 
1.596470588235294 7.220253807106599 5.1681967213114755 2.734242424242424 4.3463529411764705 5.382811447811448 1.0310674637062338 2.1076666666666677 
0.01 5.349238578680203 5.905081967213115 2.825050505050505 0.7106911764705882 6.850875420875421 0.052224594363791677 0.45950000000000024 
2.1252941176470586 6.216294416243654 5.1681967213114755 0.01 0.01 4.732020202020202 4.247813834329633 0.15983333333333372 
0.5388235294117647 4.984162436548223 4.431311475409836 0.7364646464646465 2.416147058823529 3.8542087542087535 3.345742954739539 0.010000000000000231 
0.5388235294117647 7.630964467005076 5.462950819672131 1.5537373737373739 1.913764705882353 3.551515151515151 1.4264432109308283 1.8080000000000007 
3.7117647058823526 5.714314720812182 6.347213114754099 0.01 0.01 5.700639730639731 0.8775234842015371 4.505000000000001 
0.5388235294117647 4.664720812182741 5.462950819672131 0.01 0.01 5.988198653198653 0.8352988898377454 3.1565000000000003 
0.5388235294117647 5.303604060913705 5.757704918032787 2.6434343434343432 2.389705882352941 5.473619528619529 1.6145345858240818 0.6093333333333337 
2.1252941176470586 6.033756345177665 6.347213114754099 2.825050505050505 0.01 4.247710437710437 1.3189624252775405 6.303000000000001 
3.7117647058823526 8.954365482233502 6.6419672131147545 0.01 0.01 6.033602693602693 1.441797608881298 3.0066666666666677 
2.1252941176470586 6.4901015228426395 6.347213114754099 0.01 0.01 6.669259259259259 2.1864859094790776 0.15983333333333372 
0.01 6.627005076142132 0.01 0.01 0.01 6.6995286195286194 2.1289069171648163 1.5083333333333337 
1.0676470588235294 7.950406091370558 6.494590163934427 3.36989898989899 1.596470588235294 6.744932659932659 2.1903245089666945 0.45950000000000024 
3.7117647058823526 4.436548223350254 5.610327868852459 2.9158585858585857 1.2130735294117647 6.200084175084174 3.054009393680615 1.6581666666666672 
4.7694117647058825 7.494060913705583 6.199836065573771 1.916969696969697 0.01 4.671481481481481 2.9004654141759176 1.6581666666666672 
0.01 4.619086294416244 4.726065573770492 1.5537373737373739 0.01 3.188282828282828 0.6779163108454314 0.010000000000000231 
1.0676470588235294 5.075431472081218 4.431311475409836 0.01 0.01 3.975286195286195 1.0272288642186165 0.3096666666666672 
6.355882352941176 3.8432994923857864 5.315573770491803 2.825050505050505 0.01 4.505 0.8506532877882151 3.7558333333333342 
1.0676470588235294 5.1210659898477155 4.87344262295082 2.0077777777777777 0.01 3.7936700336700335 0.8890392826643894 0.45950000000000024 
0.01 4.801624365482233 6.6419672131147545 0.01 0.01 4.48986531986532 0.4667933390264731 3.7558333333333342 
2.1252941176470586 6.125025380710659 5.315573770491803 0.01 0.01 3.6120538720538717 0.7738812980358667 5.8535 
5.298235294117647 3.113147208121827 7.820983606557377 2.0985858585858583 0.6578088235294117 5.382811447811448 0.804590093936806 3.9056666666666677 
0.5388235294117647 3.797664974619289 5.0208196721311475 0.01 0.01 2.764511784511784 2.105875320239112 0.9090000000000007 
1.596470588235294 5.94248730964467 4.726065573770492 0.01 0.01 3.506111111111111 0.9159094790777114 0.15983333333333372 
1.596470588235294 5.6230456852791875 7.378852459016393 3.188282828282828 3.182941176470588 8.682171717171716 3.0885567890691714 0.15983333333333372 
1.596470588235294 7.9047715736040605 5.757704918032787 3.5515151515151513 2.4558088235294115 5.125521885521884 3.4340307429547394 1.5083333333333337 
2.6541176470588232 5.1210659898477155 4.87344262295082 0.01 0.01 5.73090909090909 0.712463706233988 3.0066666666666677 
0.5388235294117647 4.162741116751269 3.9891803278688522 2.28020202020202 1.3320588235294117 3.8239393939393933 0.6088215200683176 0.3096666666666672 
0.5388235294117647 4.573451776649746 4.87344262295082 2.6434343434343432 2.6012352941176466 4.853097643097643 1.414927412467976 3.1565000000000003 
2.6541176470588232 4.984162436548223 4.578688524590164 3.733131313131313 1.715455882352941 5.428215488215487 1.6836293766011956 0.6093333333333337 
1.0676470588235294 4.117106598984772 5.905081967213115 1.2813131313131314 0.7371323529411765 3.7028619528619524 0.6664005123825789 0.45950000000000024 
1.0676470588235294 9.0 5.1681967213114755 9.0 0.01 5.261734006734007 1.917783945345858 6.153166666666667 
0.01 7.539695431472081 5.610327868852459 3.9147474747474744 3.3812499999999996 7.259511784511783 0.7047865072587531 0.7591666666666672 
0.01 4.162741116751269 5.905081967213115 0.01 0.01 4.913636363636363 2.017587532023911 0.9090000000000007 
0.01 6.261928934010152 2.9575409836065574 3.188282828282828 2.2310588235294118 6.533047138047138 8.493304867634501 1.8080000000000007 
5.298235294117647 5.896852791878173 4.578688524590164 3.279090909090909 0.01 6.245488215488216 1.4034116140051238 2.5571666666666673 
1.0676470588235294 3.8432994923857864 0.01 0.01 0.01 0.01 0.8775234842015371 0.010000000000000231 
0.01 6.9464467005076145 6.052459016393443 3.5515151515151513 3.606 6.290892255892255 0.7470111016225449 0.9090000000000007 
4.7694117647058825 4.664720812182741 5.610327868852459 3.36989898989899 0.01 4.9893097643097635 2.263257899231426 3.7558333333333342 
1.0676470588235294 6.581370558375634 4.283934426229508 3.0066666666666664 1.7947794117647058 4.792558922558922 1.330478223740393 0.6093333333333337 
0.5388235294117647 4.938527918781726 6.494590163934427 1.7353535353535354 0.01 4.1114983164983165 1.2460290350128096 0.45950000000000024 
0.5388235294117647 6.581370558375634 6.052459016393443 4.187171717171717 2.389705882352941 6.987087542087542 0.9965200683176771 3.7558333333333342 
1.0676470588235294 4.527817258883249 3.8418032786885243 1.372121212121212 1.252735294117647 3.733131313131313 2.1557771135781385 0.010000000000000231 
5.298235294117647 5.714314720812182 5.1681967213114755 2.371010101010101 1.5303676470588234 4.716885521885522 0.4975021349274124 3.0066666666666677 
2.6541176470588232 5.531776649746193 5.315573770491803 2.0985858585858583 1.490705882352941 3.975286195286195 0.6510461144321094 1.3585000000000003 
4.240588235294117 5.714314720812182 7.084098360655737 0.01 0.01 0.01 0.6011443210930827 4.954500000000001 
0.01 4.984162436548223 6.494590163934427 2.734242424242424 0.01 4.928771043771043 2.992591801878736 2.5571666666666673 
1.0676470588235294 3.8432994923857864 3.6944262295081964 2.0985858585858583 1.014764705882353 4.61094276094276 3.4263535439795043 0.010000000000000231 
0.5388235294117647 5.486142131979696 5.905081967213115 4.368787878787879 2.6541176470588232 5.897390572390572 4.171041844577284 3.0066666666666677 
0.5388235294117647 6.30756345177665 6.052459016393443 0.01 0.01 6.079006734006734 0.6164987190435525 1.0588333333333342 
1.0676470588235294 6.672639593908629 0.01 0.01 0.01 4.172037037037037 0.6318531169940222 1.0588333333333342 
1.596470588235294 5.531776649746193 3.8418032786885243 0.01 0.01 5.458484848484848 0.19809137489325362 0.6093333333333337 
1.596470588235294 3.569492385786802 5.1681967213114755 0.01 0.01 4.928771043771043 0.7470111016225449 2.7070000000000007 
3.182941176470588 4.7103553299492384 5.315573770491803 2.9158585858585857 2.521911764705882 5.715774410774411 0.9542954739538856 5.104333333333335 
1.596470588235294 5.303604060913705 0.01 0.01 0.01 3.566649831649831 0.42840734415029885 0.3096666666666672 
3.7117647058823526 4.664720812182741 5.462950819672131 3.642323232323232 1.3981617647058824 5.64010101010101 0.49366353543979496 3.6060000000000008 
0.01 5.440507614213198 4.726065573770492 1.6445454545454545 1.2262941176470588 5.292003367003367 2.4935738684884714 0.3096666666666672 
0.01 4.801624365482233 4.726065573770492 3.733131313131313 1.8873235294117647 6.290892255892255 0.3746669513236551 0.15983333333333372 
5.827058823529411 6.170659898477157 0.01 0.01 0.01 7.925437710437709 1.9292997438087105 2.8568333333333342 
4.240588235294117 4.573451776649746 5.462950819672131 3.642323232323232 2.852426470588235 5.973063973063972 2.2479035012809563 3.306333333333334 
1.0676470588235294 5.3948730964467 5.905081967213115 0.01 0.01 6.502777777777777 2.3707386848847136 0.010000000000000231 
4.240588235294117 8.954365482233502 5.610327868852459 2.6434343434343432 3.7117647058823526 5.68550505050505 2.0329419299743807 5.404000000000002 
1.596470588235294 7.813502538071066 5.315573770491803 3.0066666666666664 1.7947794117647058 5.049848484848484 0.47447053800170785 0.45950000000000024 
2.1252941176470586 8.361116751269035 0.01 0.01 0.01 4.308249158249158 0.5243723313407345 2.2575000000000003 
1.596470588235294 7.722233502538071 5.462950819672131 1.7353535353535354 1.6625735294117647 4.53526936026936 0.73933390264731 1.5083333333333337 
5.298235294117647 8.178578680203046 5.1681967213114755 0.01 0.01 5.322272727272727 0.4783091374893254 2.4073333333333338 
5.298235294117647 5.257969543147208 0.01 0.01 0.01 0.01 0.712463706233988 1.3585000000000003 
3.7117647058823526 6.261928934010152 6.6419672131147545 3.733131313131313 0.01 4.853097643097643 1.2114816396242527 2.7070000000000007 
3.7117647058823526 4.299644670050761 4.726065573770492 2.28020202020202 1.0544264705882354 5.049848484848484 2.5434756618274976 3.0066666666666677 
2.1252941176470586 5.303604060913705 5.315573770491803 1.0996969696969698 1.1601911764705883 3.3547643097643096 1.487860802732707 2.4073333333333338 
0.5388235294117647 5.166700507614213 4.726065573770492 3.188282828282828 0.01 5.095252525252525 1.7949487617421003 0.010000000000000231 
0.01 4.847258883248731 5.1681967213114755 3.36989898989899 1.9666470588235294 5.973063973063972 2.0329419299743807 0.15983333333333372 
1.0676470588235294 5.805583756345177 3.399672131147541 1.916969696969697 4.438897058823529 5.216329966329965 0.3861827497865073 0.15983333333333372 
0.5388235294117647 7.494060913705583 6.052459016393443 3.9147474747474744 0.8957794117647059 4.974175084175084 1.0195516652433818 4.355166666666667 
3.7117647058823526 6.079390862944162 6.199836065573771 0.01 0.01 6.094141414141414 2.382254483347566 2.4073333333333338 
4.7694117647058825 7.539695431472081 6.494590163934427 0.01 0.01 4.61094276094276 0.8698462852263023 4.205333333333334 
0.5388235294117647 4.892893401015228 5.0208196721311475 1.7353535353535354 0.01 4.020690235690235 0.34395815542271563 0.45950000000000024 
4.7694117647058825 5.6230456852791875 5.1681967213114755 4.0055555555555555 1.252735294117647 5.019579124579124 1.1462254483347565 2.8568333333333342 
0.5388235294117647 8.26984771573604 5.757704918032787 3.8239393939393937 3.8836323529411763 6.063872053872053 4.539547395388557 0.15983333333333372 
0.01 2.611167512690355 4.431311475409836 0.01 0.01 3.2942255892255887 2.5319598633646456 6.902333333333335 
1.596470588235294 5.714314720812182 4.283934426229508 0.01 0.01 4.792558922558922 0.29021776259607174 0.45950000000000024 
2.6541176470588232 5.257969543147208 7.231475409836065 0.01 0.01 8.01624579124579 0.512856532877882 1.0588333333333342 
3.7117647058823526 5.668680203045685 5.1681967213114755 3.0066666666666664 2.852426470588235 3.869343434343434 0.32860375747224596 2.4073333333333338 
2.1252941176470586 4.2083756345177665 5.905081967213115 0.01 0.01 6.396835016835017 0.6203373185311698 1.2086666666666668 
1.0676470588235294 3.980203045685279 0.01 2.0985858585858583 0.01 4.383922558922558 2.6778266438941074 0.6093333333333337 
4.240588235294117 7.630964467005076 7.820983606557377 4.187171717171717 3.063955882352941 5.700639730639731 0.34395815542271563 3.306333333333334 
2.6541176470588232 5.668680203045685 5.462950819672131 0.01 0.01 5.155791245791246 0.5550811272416738 2.5571666666666673 
4.7694117647058825 4.071472081218274 4.578688524590164 0.01 0.01 3.41530303030303 0.25567036720751485 1.8080000000000007 
1.596470588235294 4.664720812182741 3.252295081967213 1.826161616161616 1.252735294117647 4.671481481481481 1.2460290350128096 0.7591666666666672 
2.6541176470588232 5.21233502538071 5.462950819672131 0.01 0.01 3.7785353535353527 2.5665072587532025 5.404000000000002 
3.182941176470588 6.581370558375634 5.315573770491803 2.4618181818181815 3.0242941176470586 5.140656565656565 0.6894321093082836 2.8568333333333342 
0.01 5.851218274111675 5.0208196721311475 1.7353535353535354 2.389705882352941 4.626077441077441 5.050081127241675 0.6093333333333337 
1.596470588235294 5.851218274111675 5.757704918032787 0.01 0.01 3.2034175084175085 0.73933390264731 5.104333333333335 
1.596470588235294 4.527817258883249 4.578688524590164 1.7353535353535354 0.9883235294117647 3.309360269360269 0.7815584970111014 0.7591666666666672 
6.884705882352941 6.9464467005076145 6.6419672131147545 3.0066666666666664 0.39339705882352943 4.066094276094276 2.516605465414176 3.306333333333334 
0.01 5.6230456852791875 5.315573770491803 0.01 0.01 5.503888888888888 0.7009479077711358 4.654833333333334 
2.1252941176470586 4.984162436548223 4.726065573770492 4.0055555555555555 1.3188382352941177 5.276868686868686 3.1845217762596074 0.7591666666666672 
2.1252941176470586 3.797664974619289 6.347213114754099 1.7353535353535354 0.01 4.4444612794612794 0.9274252775405636 1.9578333333333342 
2.6541176470588232 5.075431472081218 5.315573770491803 2.5526262626262626 0.01 3.6271885521885516 1.2728992314261316 0.9090000000000007 
1.0676470588235294 4.025837563451777 5.462950819672131 1.7353535353535354 0.7106911764705882 4.399057239057239 0.5896285226302305 0.15983333333333372 
4.240588235294117 5.3948730964467 5.315573770491803 1.7353535353535354 0.01 3.506111111111111 5.376362083689155 3.7558333333333342 
0.5388235294117647 4.117106598984772 4.578688524590164 1.6445454545454545 0.7900147058823529 3.808804713804714 4.5779333902647315 0.6093333333333337 
1.0676470588235294 6.4901015228426395 6.052459016393443 1.6445454545454545 0.8561176470588235 3.748265993265993 2.631763450042698 0.010000000000000231 
0.01 7.4027918781725885 5.610327868852459 5.095252525252525 1.3320588235294117 8.06164983164983 2.624086251067464 0.6093333333333337 
2.1252941176470586 8.406751269035533 5.757704918032787 3.5515151515151513 3.6721029411764703 5.60983164983165 0.7239795046968402 1.5083333333333337 
6.355882352941176 6.398832487309645 6.273524590163935 3.0066666666666664 0.01 5.67037037037037 0.6472075149444918 3.0066666666666677 
1.596470588235294 8.81746192893401 5.1681967213114755 2.825050505050505 0.01 5.292003367003367 0.6356917164816398 0.6093333333333337 
2.6541176470588232 5.5774111675126905 6.347213114754099 0.01 0.01 5.261734006734007 0.8237830913748931 1.8080000000000007 
3.7117647058823526 6.855177664974619 4.87344262295082 3.8239393939393937 4.531441176470588 5.261734006734007 2.466703672075149 3.1565000000000003 
2.6541176470588232 4.984162436548223 5.536639344262295 2.371010101010101 0.01 5.458484848484848 1.8064645602049532 5.8535 
4.240588235294117 8.178578680203046 5.315573770491803 3.8239393939393937 1.7286764705882354 4.959040404040404 2.470542271562767 2.2575000000000003 
0.5388235294117647 3.706395939086294 5.315573770491803 1.6445454545454545 0.5388235294117647 4.035824915824915 0.7969128949615714 0.45950000000000024 
5.298235294117647 6.079390862944162 5.0208196721311475 0.01 0.01 4.096363636363636 0.6510461144321094 2.2575000000000003 
4.240588235294117 4.573451776649746 5.610327868852459 0.01 0.01 5.867121212121212 0.4399231426131512 3.1565000000000003 
0.5388235294117647 6.079390862944162 7.526229508196721 2.5526262626262626 1.8608823529411764 4.974175084175084 0.6088215200683176 3.6060000000000008 
3.182941176470588 5.714314720812182 5.0208196721311475 2.734242424242424 1.596470588235294 4.55040404040404 1.4916994022203243 1.6581666666666672 
5.298235294117647 3.4325888324873093 6.052459016393443 0.01 0.01 5.049848484848484 0.7201409052092229 2.5571666666666673 
6.355882352941176 4.025837563451777 5.462950819672131 3.642323232323232 0.7239117647058824 5.352542087542087 1.161579846285226 4.0555 
4.240588235294117 6.900812182741117 5.757704918032787 2.9158585858585857 2.7863235294117645 6.502777777777777 1.6913065755764305 2.2575000000000003 
5.827058823529411 6.5357360406091365 6.93672131147541 3.0066666666666664 1.9402058823529411 5.549292929292929 0.685593509820666 4.505000000000001 
1.0676470588235294 3.980203045685279 4.283934426229508 1.462929292929293 0.6974705882352942 4.959040404040404 0.3477967549103331 0.6093333333333337 
1.596470588235294 5.94248730964467 5.757704918032787 2.0985858585858583 1.0544264705882354 4.308249158249158 0.9504568744662678 1.9578333333333342 
2.1252941176470586 5.714314720812182 5.1681967213114755 1.6445454545454545 1.6229117647058824 4.383922558922558 4.101947053800171 3.6060000000000008 
2.1252941176470586 4.345279187817258 4.431311475409836 2.9158585858585857 0.01 5.367676767676767 0.8007514944491885 1.0588333333333342 
0.01 8.224213197969544 4.87344262295082 3.5515151515151513 0.01 6.3665656565656565 6.9770580700256195 0.6093333333333337 
4.7694117647058825 7.037715736040609 5.757704918032787 2.734242424242424 1.3320588235294117 4.686616161616161 0.3401195559350982 3.6060000000000008 
0.01 4.573451776649746 6.494590163934427 5.458484848484848 1.464264705882353 7.093030303030302 3.4033219470538003 1.5083333333333337 
0.5388235294117647 4.117106598984772 5.0208196721311475 0.7364646464646465 0.01 3.7179966329966327 4.0789154568744665 2.2575000000000003 
0.01 4.664720812182741 4.726065573770492 4.187171717171717 1.041205882352941 6.1546801346801345 1.6145345858240818 0.010000000000000231 
0.5388235294117647 3.5238578680203045 4.13655737704918 2.734242424242424 0.7503529411764706 5.049848484848484 4.512677198975235 0.45950000000000024 
1.596470588235294 4.117106598984772 5.757704918032787 0.01 0.01 6.4725084175084175 1.8563663535439794 0.010000000000000231 
2.6541176470588232 5.349238578680203 6.347213114754099 2.734242424242424 1.3981617647058824 5.927659932659933 0.6740777113578138 3.1565000000000003 
0.5388235294117647 4.436548223350254 4.87344262295082 1.372121212121212 1.8608823529411764 3.5212457912457906 1.5799871904355254 0.15983333333333372 
1.0676470588235294 6.125025380710659 5.1681967213114755 0.01 0.01 4.383922558922558 1.7911101622544834 0.3096666666666672 
1.0676470588235294 4.938527918781726 4.726065573770492 0.01 0.01 4.671481481481481 0.31708795900939374 0.010000000000000231 
6.884705882352941 5.75994923857868 6.6419672131147545 0.01 0.01 6.578451178451178 1.9484927412467976 3.1565000000000003 
3.182941176470588 4.162741116751269 0.01 0.01 0.01 4.52013468013468 1.633727583262169 1.5083333333333337 
1.596470588235294 5.166700507614213 3.252295081967213 1.1905050505050505 0.01 3.4001683501683497 0.24799316823228018 0.15983333333333372 
1.0676470588235294 4.345279187817258 3.9891803278688522 1.2813131313131314 1.1734117647058824 3.960151515151515 2.581861656703672 0.15983333333333372 
4.240588235294117 4.345279187817258 5.315573770491803 0.01 0.01 5.579562289562289 1.5723099914602903 5.404000000000002 
2.6541176470588232 3.8889340101522842 5.462950819672131 2.0077777777777777 0.01 4.399057239057239 4.409035012809564 1.6581666666666672 
0.5388235294117647 6.581370558375634 6.052459016393443 3.642323232323232 0.01 6.260622895622895 2.0406191289496154 1.0588333333333342 
0.5388235294117647 5.440507614213198 3.252295081967213 4.277979797979798 0.8428970588235294 5.382811447811448 0.7853970964987191 0.6093333333333337 
0.5388235294117647 5.3948730964467 4.283934426229508 3.279090909090909 1.252735294117647 5.049848484848484 0.712463706233988 0.3096666666666672 
0.5388235294117647 4.345279187817258 4.87344262295082 1.1905050505050505 0.5123823529411765 2.976397306397306 0.9926814688300596 0.6093333333333337 
3.7117647058823526 4.984162436548223 5.905081967213115 2.825050505050505 0.01 5.443350168350167 4.036690862510675 3.306333333333334 
3.7117647058823526 5.896852791878173 5.0208196721311475 4.459595959595959 1.6625735294117647 5.8368518518518515 1.395734415029889 3.306333333333334 
4.7694117647058825 7.767868020304569 5.462950819672131 2.825050505050505 0.01 6.669259259259259 1.2575448334756616 3.306333333333334 
0.01 5.668680203045685 4.13655737704918 1.1905050505050505 1.3981617647058824 3.309360269360269 1.4456362083689154 0.010000000000000231 
0.01 4.801624365482233 5.0208196721311475 2.0077777777777777 0.01 3.0369360269360266 0.6164987190435525 0.15983333333333372 
0.01 5.166700507614213 5.905081967213115 1.462929292929293 0.01 4.701750841750841 3.0655251921434674 0.010000000000000231 
5.298235294117647 6.353197969543147 5.905081967213115 0.01 0.01 4.1114983164983165 5.242011101622545 5.404000000000002 
2.1252941176470586 7.220253807106599 5.757704918032787 0.01 0.01 4.9893097643097635 2.79298462852263 1.5083333333333337 
2.1252941176470586 5.3948730964467 5.1681967213114755 0.01 0.01 6.744932659932659 3.1806831767719896 0.7591666666666672 
0.01 4.755989847715735 4.726065573770492 2.0985858585858583 1.5435882352941177 4.2174410774410775 1.45331340734415 0.3096666666666672 
1.0676470588235294 5.1210659898477155 6.347213114754099 3.8239393939393937 2.1252941176470586 5.821717171717171 0.6548847139197269 1.0588333333333342 
1.0676470588235294 5.5774111675126905 5.1681967213114755 2.4618181818181815 0.01 5.579562289562289 1.0157130657557643 0.9090000000000007 
1.596470588235294 3.7520304568527916 5.1681967213114755 0.01 0.01 3.2034175084175085 1.2038044406490178 0.6093333333333337 
0.5388235294117647 5.075431472081218 6.347213114754099 1.7353535353535354 0.01 4.56553872053872 0.2595089666951324 0.3096666666666672 
0.01 5.75994923857868 6.347213114754099 2.4618181818181815 1.596470588235294 4.156902356902356 1.687467976088813 0.010000000000000231 
0.5388235294117647 4.345279187817258 5.462950819672131 1.916969696969697 0.9751029411764706 3.9298821548821543 2.293966695132365 2.2575000000000003 
5.298235294117647 5.075431472081218 5.1681967213114755 2.4618181818181815 0.01 4.172037037037037 0.2518317677198975 2.8568333333333342 
3.7117647058823526 4.801624365482233 0.01 0.01 0.01 0.01 0.8813620836891545 0.45950000000000024 
0.5388235294117647 4.345279187817258 4.431311475409836 1.6445454545454545 0.7767941176470589 3.6271885521885516 0.7086251067463707 0.15983333333333372 
9.0 7.448426395939086 5.315573770491803 3.733131313131313 1.5171470588235294 6.200084175084174 2.846725021349274 3.9056666666666677 
3.182941176470588 5.714314720812182 5.610327868852459 0.01 0.01 5.125521885521884 0.17505977796754907 4.954500000000001 
1.0676470588235294 4.117106598984772 4.431311475409836 0.01 0.01 3.566649831649831 0.44376174210076863 0.6093333333333337 
1.0676470588235294 4.938527918781726 3.8418032786885243 2.371010101010101 0.8428970588235294 4.928771043771043 0.9312638770281809 0.15983333333333372 
0.01 7.357157360406092 3.6944262295081964 0.01 0.01 3.324494949494949 0.685593509820666 6.602666666666668 
0.5388235294117647 7.448426395939086 5.315573770491803 0.01 0.01 5.912525252525252 4.40135781383433 1.8080000000000007 
1.0676470588235294 3.8889340101522842 4.799754098360656 0.01 0.01 6.003333333333333 3.280486763450043 0.9090000000000007 
2.1252941176470586 4.527817258883249 5.610327868852459 1.372121212121212 0.68425 3.5212457912457906 0.566596925704526 0.010000000000000231 
0.01 7.9047715736040605 5.757704918032787 2.9158585858585857 3.513455882352941 7.047626262626262 4.159526046114433 5.553833333333333 
6.884705882352941 4.847258883248731 5.315573770491803 4.913636363636363 0.01 5.549292929292929 0.3938599487617422 3.6060000000000008 
0.01 5.440507614213198 0.01 0.01 0.01 4.913636363636363 0.2518317677198975 0.45950000000000024 
3.182941176470588 4.2083756345177665 6.789344262295082 0.01 0.01 3.0218013468013463 0.4322459436379163 1.0588333333333342 
1.0676470588235294 6.672639593908629 5.610327868852459 3.188282828282828 2.5747941176470586 5.791447811447812 0.9734884713919725 1.2086666666666668 
0.5388235294117647 5.1210659898477155 5.905081967213115 4.096363636363637 1.7551176470588234 5.276868686868686 0.5435653287788216 0.45950000000000024 
1.0676470588235294 3.797664974619289 4.799754098360656 2.5526262626262626 0.8825588235294117 5.579562289562289 2.125068317677199 0.45950000000000024 
1.0676470588235294 4.573451776649746 3.9891803278688522 2.5526262626262626 1.3981617647058824 5.73090909090909 1.6222117847993167 0.45950000000000024 
0.5388235294117647 6.900812182741117 4.431311475409836 0.01 0.01 3.960151515151515 0.3976985482493595 0.15983333333333372 
3.182941176470588 4.527817258883249 4.431311475409836 1.7353535353535354 0.7239117647058824 4.081228956228956 1.6183731853116996 1.6581666666666672 
3.7117647058823526 4.847258883248731 6.789344262295082 1.6445454545454545 0.01 3.4455723905723903 0.6126601195559351 4.0555 
4.7694117647058825 6.125025380710659 5.462950819672131 3.0066666666666664 0.803235294117647 3.9298821548821543 1.476345004269855 9.000000000000002 
1.0676470588235294 5.5774111675126905 3.8418032786885243 3.9147474747474744 2.0988529411764705 5.488754208754209 2.8428864218616563 1.0588333333333342 
6.884705882352941 6.992081218274111 6.494590163934427 3.36989898989899 1.8608823529411764 6.1546801346801345 4.217105038428694 2.7070000000000007 
1.0676470588235294 5.896852791878173 0.01 0.01 0.01 5.8368518518518515 0.8775234842015371 3.0066666666666677 
5.298235294117647 4.117106598984772 6.273524590163935 2.9158585858585857 0.01 5.292003367003367 2.877433817250213 5.254166666666668 
0.01 8.178578680203046 3.6944262295081964 3.279090909090909 2.1120735294117643 5.73090909090909 1.4571520068317678 0.15983333333333372 
