0.6093333333333334 4.121005025125628 4.423272727272727 4.172037037037037 1.0726477541371158 3.3862742175856932 0.6445882352941177 0.3096666666666672 
4.205333333333334 5.61180904522613 5.730909090909091 5.503888888888889 2.294692671394799 3.426467958271237 0.34763348416289597 2.4073333333333338 
1.2086666666666668 3.8047738693467337 0.01 0.01 0.01 0.01 0.9293393665158372 0.010000000000000231 
4.804666666666667 4.888994974874372 5.730909090909091 0.01 0.01 4.096363636363637 3.5775248868778275 1.8080000000000007 
0.6093333333333334 5.7021608040201 4.5867272727272725 4.837962962962963 1.625224586288416 3.855201192250373 2.9510723981900453 0.010000000000000231 
6.602666666666667 6.108743718592965 0.01 0.01 0.01 7.017108792846498 2.04393665158371 2.8568333333333342 
1.808 5.5666331658291455 8.182727272727274 5.8368518518518515 2.5603546099290777 7.687004470938898 3.2724343891402716 0.15983333333333372 
3.606 6.06356783919598 6.548181818181819 6.169814814814814 3.9417966903073283 6.199836065573772 0.6608597285067874 3.7558333333333342 
3.606 4.663115577889447 5.894363636363637 5.337407407407407 2.02903073286052 5.061013412816693 1.0106968325791856 5.104333333333335 
2.4073333333333333 6.605678391959799 7.528909090909091 0.01 0.01 4.190149031296572 1.885289592760181 6.003333333333334 
5.404 7.057437185929648 7.038545454545455 4.671481481481481 1.6571040189125297 4.60548435171386 4.529407239819005 3.1565000000000003 
7.202 4.166180904522613 5.077090909090909 1.1753703703703704 2.7516312056737586 3.707824143070045 3.4595565610859724 3.4561666666666673 
7.801333333333334 6.560502512562814 6.711636363636364 3.173148148148148 1.1789125295508274 2.9843368107302535 0.6893348416289593 5.404000000000002 
3.006666666666667 0.01 6.548181818181819 5.337407407407407 0.01 5.503144560357676 1.1001900452488689 2.4073333333333338 
1.2086666666666668 5.2955778894472365 7.365454545454545 3.173148148148148 0.7644799054373522 3.3862742175856932 0.965950226244344 0.010000000000000231 
3.606 7.464020100502513 5.567454545454545 4.338518518518518 1.7952482269503547 4.511698956780925 2.259533936651584 4.205333333333334 
4.205333333333334 7.238140703517588 4.423272727272727 5.337407407407407 1.8696335697399526 4.096363636363637 2.0846153846153843 2.7070000000000007 
2.4073333333333333 3.8047738693467337 7.365454545454545 3.8390740740740736 0.6050827423167848 5.302175856929956 0.3394977375565612 0.6093333333333337 
0.01 6.199095477386935 5.567454545454545 2.3407407407407406 1.5827186761229315 3.3326825633383015 0.27441176470588247 0.010000000000000231 
3.606 5.61180904522613 5.894363636363637 0.01 0.01 3.707824143070045 1.1896832579185521 1.2086666666666668 
4.205333333333334 4.843819095477387 6.057818181818182 0.01 0.01 3.9757824143070053 0.7259457013574662 1.5083333333333337 
1.808 4.527587939698493 5.567454545454545 3.8390740740740736 0.8707446808510638 4.2437406855439646 3.5531176470588237 1.0588333333333342 
1.2086666666666668 5.747336683417085 4.750181818181818 4.0055555555555555 2.9322813238770684 3.721222056631893 6.201303167420814 0.6093333333333337 
1.808 5.024522613065327 7.365454545454545 2.0077777777777777 0.8388652482269504 3.815007451564829 1.7063031674208144 1.2086666666666668 
0.01 4.753467336683417 7.365454545454545 0.01 0.01 3.9757824143070053 0.4940769230769231 3.7558333333333342 
0.01 2.5850251256281407 4.913636363636364 0.01 0.01 2.9173472429210134 2.682592760180995 6.902333333333335 
2.4073333333333333 7.057437185929648 6.139545454545455 0.01 0.01 6.481192250372579 0.6608597285067874 1.6581666666666672 
3.606 8.81929648241206 5.730909090909091 0.01 0.01 4.149955290611029 1.0269683257918552 1.5083333333333337 
1.808 5.837688442211055 5.240545454545455 4.837962962962963 1.2320449172576833 3.547049180327869 0.5835701357466063 1.0588333333333342 
0.01 8.954824120603016 5.404 5.337407407407407 2.9216548463356973 5.543338301043219 1.7347782805429863 1.0588333333333342 
3.006666666666667 7.509195979899498 5.894363636363637 3.173148148148148 1.8696335697399526 3.4666616989567816 2.0805475113122176 4.505000000000001 
4.205333333333334 8.864472361809046 7.365454545454545 0.01 0.01 5.3423695976155 1.527316742081448 3.0066666666666677 
3.606 5.656984924623115 6.221272727272727 0.01 0.01 4.53849478390462 0.18491855203619917 4.954500000000001 
0.6093333333333334 0.01 6.057818181818182 3.3396296296296293 0.2544089834515366 3.721222056631893 0.909 0.010000000000000231 
1.808 5.79251256281407 6.384727272727273 0.01 0.01 2.836959761549926 0.7828959276018101 5.104333333333335 
0.6093333333333334 6.289447236180904 5.077090909090909 6.83574074074074 5.110709219858156 5.462950819672132 1.873085972850679 0.010000000000000231 
8.400666666666668 7.9157788944723615 5.077090909090909 5.004444444444444 0.01 4.511698956780925 0.5550950226244344 2.5571666666666673 
3.606 5.205226130653267 4.913636363636364 6.502777777777777 0.01 4.525096870342773 0.6893348416289593 2.8568333333333342 
1.808 5.97321608040201 6.548181818181819 0.01 0.01 4.618882265275708 1.3279909502262444 3.4561666666666673 
0.01 8.006130653266332 4.913636363636364 4.837962962962963 5.089456264775413 4.645678092399405 4.0534660633484165 0.010000000000000231 
1.2086666666666668 6.605678391959799 6.221272727272727 5.8368518518518515 2.0715366430260045 5.128002980625933 1.0310361990950225 1.2086666666666668 
0.01 6.199095477386935 5.730909090909091 6.336296296296296 0.01 4.458107302533533 0.38424434389140283 0.15983333333333372 
0.6093333333333334 3.940301507537688 5.567454545454545 5.67037037037037 0.8282387706855792 5.047615499254844 1.323923076923077 0.45950000000000024 
0.6093333333333334 5.024522613065327 5.077090909090909 2.174259259259259 1.9440189125295508 3.2254992548435175 0.25407239819004535 0.3096666666666672 
1.2086666666666668 5.837688442211055 0.01 0.01 0.01 5.168196721311476 0.9293393665158372 3.0066666666666677 
5.404 4.121005025125628 5.567454545454545 0.01 0.01 3.2522950819672136 0.5062805429864254 5.553833333333333 
0.6093333333333334 8.186834170854272 6.384727272727273 7.002222222222222 3.1235579196217493 5.369165424739196 4.810090497737556 0.15983333333333372 
2.4073333333333333 6.696030150753769 4.913636363636364 4.505 3.389219858156028 4.149955290611029 0.30288687782805435 1.2086666666666668 
0.6093333333333334 6.470150753768844 6.875090909090909 3.8390740740740736 3.304208037825059 5.690715350223548 4.069737556561085 0.15983333333333372 
0.01 6.289447236180904 5.077090909090909 2.840185185185185 2.241560283687943 2.970938897168406 0.5347556561085973 0.010000000000000231 
1.2086666666666668 5.61180904522613 5.567454545454545 4.671481481481481 2.1884278959810874 4.417913561847988 3.2520950226244345 1.3585000000000003 
0.6093333333333334 4.075829145728643 5.077090909090909 3.0066666666666664 0.6369621749408984 3.3728763040238454 4.85076923076923 0.6093333333333337 
1.2086666666666668 4.075829145728643 6.548181818181819 2.3407407407407406 0.5944562647754137 3.2790909090909093 0.705606334841629 0.45950000000000024 
1.808 5.7021608040201 7.202 6.83574074074074 2.507222222222222 5.27538002980626 2.5564886877828057 0.9090000000000007 
0.6093333333333334 5.160050251256282 5.404 6.003333333333333 2.1352955082742313 5.114605067064084 0.8683212669683258 0.010000000000000231 
7.202 4.798643216080402 6.548181818181819 0.01 0.01 3.1719076005961258 0.25000452488687785 3.4561666666666673 
0.6093333333333334 6.244271356783919 6.711636363636364 0.01 0.01 5.382563338301044 0.6527239819004526 1.0588333333333342 
0.6093333333333334 4.527587939698493 5.894363636363637 2.0077777777777777 0.7538534278959811 3.3996721311475415 2.369366515837104 1.0588333333333342 
2.4073333333333333 4.979346733668342 5.404 0.01 0.01 4.283934426229509 1.6086742081447964 1.2086666666666668 
1.2086666666666668 3.081959798994975 5.077090909090909 2.174259259259259 0.16939716312056738 2.702980625931446 0.7381493212669683 0.3096666666666672 
3.006666666666667 4.301708542713568 5.894363636363637 5.503888888888889 0.01 5.061013412816693 1.1978190045248869 0.9090000000000007 
3.606 5.656984924623115 6.384727272727273 5.170925925925926 0.01 3.707824143070045 1.9910542986425337 4.205333333333334 
0.6093333333333334 5.2504020100502515 6.384727272727273 4.837962962962963 1.9227659574468086 4.846646795827125 1.710371040723982 0.6093333333333337 
3.606 4.482412060301508 4.913636363636364 3.173148148148148 0.5838297872340426 3.614038748137109 1.7144389140271497 1.6581666666666672 
1.2086666666666668 4.888994974874372 5.077090909090909 1.6748148148148148 2.964160756501182 3.3996721311475415 3.2765022624434383 0.15983333333333372 
1.2086666666666668 6.06356783919598 5.730909090909091 0.01 0.01 3.8819970193740687 1.8974932126696833 0.3096666666666672 
0.01 8.096482412060302 7.365454545454545 4.505 0.01 5.918479880774964 2.4832669683257915 0.3096666666666672 
0.6093333333333334 4.482412060301508 5.894363636363637 5.004444444444444 0.20127659574468088 5.181594634873324 1.3686696832579186 0.010000000000000231 
0.01 7.825427135678392 6.384727272727273 5.337407407407407 2.8260165484633566 6.240029806259315 4.407371040723982 5.553833333333333 
3.606 3.6240703517587938 5.404 5.004444444444444 0.01 3.5202533532041733 0.965950226244344 3.0066666666666677 
0.01 6.244271356783919 4.913636363636364 5.8368518518518515 1.7846217494089835 4.645678092399405 1.8649502262443438 0.010000000000000231 
1.808 3.6240703517587938 0.01 0.01 0.01 0.01 0.40051583710407246 0.15983333333333372 
0.01 4.843819095477387 4.913636363636364 4.172037037037037 0.01 3.547049180327869 0.23373303167420822 0.3096666666666672 
1.2086666666666668 4.166180904522613 4.259818181818182 0.01 0.01 4.042771982116245 0.2662760180995475 0.15983333333333372 
0.01 4.121005025125628 5.567454545454545 5.337407407407407 2.241560283687943 5.355767511177348 1.2425656108597285 0.6093333333333337 
0.6093333333333334 3.3078391959798994 4.096363636363637 1.6748148148148148 0.01 3.0915201192250374 0.7015384615384617 0.010000000000000231 
1.2086666666666668 4.843819095477387 6.057818181818182 5.004444444444444 1.0726477541371158 4.511698956780925 1.3361266968325791 0.3096666666666672 
1.2086666666666668 6.515326633165829 4.750181818181818 5.503888888888889 1.4445744680851065 4.2437406855439646 1.4093484162895928 0.6093333333333337 
0.6093333333333334 8.186834170854272 5.240545454545455 5.004444444444444 1.9227659574468086 4.578688524590165 1.0269683257918552 2.5571666666666673 
1.2086666666666668 4.617939698492462 7.038545454545455 6.003333333333333 1.285177304964539 6.106050670640835 0.20932579185520372 0.3096666666666672 
3.606 6.967085427135679 6.384727272727273 6.83574074074074 1.4977068557919622 6.186438152011924 2.0154615384615386 0.9090000000000007 
0.6093333333333334 6.921909547738694 6.711636363636364 7.002222222222222 5.163841607565011 5.449552906110284 2.487334841628959 0.3096666666666672 
2.4073333333333333 4.301708542713568 5.240545454545455 0.01 0.01 4.297332339791357 0.34763348416289597 1.5083333333333337 
2.4073333333333333 4.979346733668342 7.528909090909091 0.01 0.01 5.047615499254844 0.4696696832579186 1.3585000000000003 
4.205333333333334 6.650854271356784 6.221272727272727 0.01 0.01 5.288777943368108 0.7381493212669683 3.306333333333334 
7.202 6.831557788944724 5.730909090909091 6.669259259259259 2.889775413711584 5.610327868852459 2.7110678733031675 2.5571666666666673 
0.01 6.831557788944724 7.365454545454545 7.6681481481481475 0.01 5.650521609538004 1.2018868778280543 0.010000000000000231 
1.808 4.346884422110553 4.5867272727272725 5.67037037037037 1.2320449172576833 3.319284649776453 3.5327782805429866 2.7070000000000007 
0.01 4.211356783919598 4.913636363636364 4.172037037037037 0.9876359338061466 3.855201192250373 1.856814479638009 0.15983333333333372 
0.6093333333333334 6.108743718592965 4.423272727272727 0.01 0.01 3.5872429210134134 2.487334841628959 6.153166666666667 
0.6093333333333334 4.843819095477387 5.894363636363637 5.004444444444444 0.881371158392435 4.136557377049181 3.032429864253394 0.45950000000000024 
1.808 4.888994974874372 5.077090909090909 4.0055555555555555 0.01 3.493457526080477 0.5998416289592761 0.6093333333333337 
6.602666666666667 6.470150753768844 7.692363636363637 5.503888888888889 1.5614657210401892 4.913636363636365 0.7259457013574662 4.505000000000001 
0.6093333333333334 5.5214572864321605 5.240545454545455 5.337407407407407 1.6677304964539008 4.712667660208645 2.5076742081447962 1.3585000000000003 
1.808 8.72894472361809 5.730909090909091 5.170925925925926 0.01 4.685871833084948 0.6730633484162897 0.6093333333333337 
0.6093333333333334 4.301708542713568 5.404 2.174259259259259 0.413806146572104 2.635991058122206 1.0513755656108597 0.6093333333333337 
3.606 6.967085427135679 6.057818181818182 5.337407407407407 2.0609101654846333 3.935588673621461 3.105651583710407 2.7070000000000007 
0.01 6.199095477386935 6.875090909090909 4.505 0.01 3.667630402384501 0.6323846153846154 5.703666666666667 
0.6093333333333334 3.578894472361809 6.548181818181819 4.172037037037037 0.4031796690307329 3.4130700447093894 2.064276018099547 0.15983333333333372 
1.2086666666666668 8.90964824120603 5.730909090909091 7.501666666666666 5.780177304964539 4.096363636363637 0.3354298642533937 4.804666666666668 
0.01 5.385929648241206 5.240545454545455 3.0066666666666664 0.9876359338061466 4.685871833084948 2.641914027149321 0.3096666666666672 
1.808 5.5214572864321605 6.384727272727273 0.01 0.01 3.0915201192250374 0.7259457013574662 2.8568333333333342 
6.003333333333334 5.205226130653267 0.01 0.01 0.01 0.01 0.754420814479638 1.3585000000000003 
3.006666666666667 3.985477386934673 6.384727272727273 5.004444444444444 0.01 3.707824143070045 0.7422171945701359 2.4073333333333338 
0.01 6.199095477386935 3.2790909090909093 5.8368518518518515 1.7952482269503547 5.784500745156484 9.0 1.8080000000000007 
3.006666666666667 5.069698492462312 5.404 0.01 0.01 5.07441132637854 0.754420814479638 3.0066666666666677 
3.006666666666667 4.753467336683417 5.894363636363637 4.837962962962963 3.463605200945626 4.953830104321908 0.3394977375565612 1.0588333333333342 
0.6093333333333334 7.825427135678392 6.057818181818182 0.01 0.01 4.94043219076006 0.050678733031674306 2.5571666666666673 
0.6093333333333334 5.2504020100502515 5.730909090909091 4.671481481481481 0.01 3.681028315946349 0.5225520361990951 0.010000000000000231 
3.006666666666667 6.650854271356784 6.384727272727273 0.01 0.01 4.525096870342773 0.5795022624434389 6.602666666666668 
0.6093333333333334 6.289447236180904 3.7694545454545456 3.173148148148148 0.8919976359338062 3.855201192250373 2.3530950226244345 0.15983333333333372 
4.205333333333334 8.45788944723618 4.096363636363637 5.503888888888889 4.175579196217494 4.551892697466468 3.052769230769231 1.9578333333333342 
2.4073333333333333 4.663115577889447 4.913636363636364 5.503888888888889 2.050283687943262 3.2254992548435175 3.6222714932126694 1.8080000000000007 
0.6093333333333334 6.831557788944724 4.913636363636364 0.01 0.01 3.5068554396423255 0.4208552036199096 0.15983333333333372 
3.006666666666667 6.15391959798995 6.711636363636364 0.01 0.01 0.01 2.2961447963800907 7.202000000000002 
4.205333333333334 4.527587939698493 0.01 0.01 0.01 4.029374068554397 1.6615565610859728 1.6581666666666672 
3.006666666666667 5.2955778894472365 7.528909090909091 0.01 0.01 4.578688524590165 1.063579185520362 2.5571666666666673 
0.6093333333333334 4.888994974874372 7.202 3.173148148148148 0.01 3.6408345752608056 1.3198552036199096 0.45950000000000024 
1.2086666666666668 4.482412060301508 4.259818181818182 2.507222222222222 1.008888888888889 3.305886736214606 2.283941176470588 0.010000000000000231 
1.2086666666666668 4.572763819095477 4.750181818181818 2.840185185185185 2.8260165484633566 3.2522950819672136 2.1903800904977375 0.3096666666666672 
0.01 6.379798994974874 0.01 0.01 0.01 5.690715350223548 0.5266199095022625 1.2086666666666668 
2.4073333333333333 5.5666331658291455 5.077090909090909 0.01 0.01 4.297332339791357 0.6120452488687783 2.1076666666666677 
3.606 4.121005025125628 0.01 0.01 0.01 4.002578241430701 1.7307104072398192 1.5083333333333337 
6.003333333333334 4.075829145728643 6.956818181818182 5.337407407407407 0.01 4.685871833084948 3.0487013574660633 5.254166666666668 
0.01 6.379798994974874 6.875090909090909 4.338518518518518 0.01 4.350923994038749 1.4540950226244345 0.15983333333333372 
0.6093333333333334 8.72894472361809 4.096363636363637 2.6737037037037035 3.9949290780141844 3.480059612518629 2.357162895927602 0.45950000000000024 
7.202 6.334623115577889 6.711636363636364 7.168703703703703 3.463605200945626 5.261982116244412 1.8405429864253395 5.553833333333333 
0.6093333333333334 3.6692462311557787 5.894363636363637 3.0066666666666664 0.43505910165484635 3.5738450074515655 0.8439140271493215 0.45950000000000024 
4.205333333333334 6.786381909547739 6.384727272727273 4.837962962962963 1.348936170212766 4.726065573770493 2.5076742081447962 4.954500000000001 
7.202 3.985477386934673 6.057818181818182 6.669259259259259 0.5838297872340426 4.7394634873323405 1.2303619909502261 4.0555 
5.404 6.560502512562814 7.202 5.67037037037037 1.763368794326241 4.069567809239941 2.8290361990950226 4.804666666666668 
3.006666666666667 5.2504020100502515 6.057818181818182 4.837962962962963 0.01 4.3375260804769 2.377502262443439 2.1076666666666677 
4.804666666666667 8.27718592964824 5.240545454545455 0.01 0.01 3.131713859910582 2.4263167420814478 1.6581666666666672 
1.808 4.482412060301508 6.548181818181819 1.8412962962962962 0.6900945626477542 2.595797317436662 0.8479819004524887 1.3585000000000003 
0.6093333333333334 0.01 5.567454545454545 5.8368518518518515 0.01 4.297332339791357 1.275108597285068 0.15983333333333372 
2.4073333333333333 5.160050251256282 5.240545454545455 0.01 0.01 3.8819970193740687 0.20525791855203623 0.45950000000000024 
1.2086666666666668 5.837688442211055 6.057818181818182 4.338518518518518 2.1884278959810874 4.458107302533533 2.096819004524887 0.6093333333333337 
4.205333333333334 8.051306532663316 6.875090909090909 0.01 0.01 5.355767511177348 1.0391719457013575 3.0066666666666677 
1.2086666666666668 4.030653266331658 7.365454545454545 5.004444444444444 0.01 4.498301043219077 0.8805248868778279 3.1565000000000003 
3.606 4.708291457286432 6.057818181818182 3.0066666666666664 1.6677304964539008 4.015976154992549 2.629710407239819 3.0066666666666677 
1.808 4.663115577889447 5.894363636363637 5.004444444444444 1.625224586288416 3.707824143070045 2.662253393665158 0.9090000000000007 
1.2086666666666668 5.5214572864321605 5.730909090909091 4.505 0.01 4.94043219076006 1.0757828054298644 0.9090000000000007 
6.602666666666667 6.244271356783919 6.221272727272727 0.01 0.01 4.458107302533533 1.4012126696832579 2.1076666666666677 
4.804666666666667 4.482412060301508 6.875090909090909 0.01 0.01 4.752861400894188 1.2710407239819004 4.355166666666667 
3.006666666666667 6.515326633165829 6.711636363636364 4.338518518518518 3.03854609929078 4.297332339791357 1.5313846153846153 5.553833333333333 
0.6093333333333334 3.578894472361809 6.139545454545455 5.004444444444444 0.01 4.297332339791357 1.3035837104072399 0.15983333333333372 
3.006666666666667 5.61180904522613 6.057818181818182 0.01 0.01 4.565290611028317 0.5876380090497738 2.5571666666666673 
3.006666666666667 7.509195979899498 6.221272727272727 0.01 0.01 6.132846497764532 1.0757828054298644 0.9090000000000007 
3.606 4.211356783919598 4.096363636363637 5.004444444444444 0.6900945626477542 3.855201192250373 1.1408687782805431 0.3096666666666672 
8.400666666666668 4.527587939698493 6.384727272727273 4.172037037037037 1.965271867612293 4.913636363636365 1.3686696832579186 3.7558333333333342 
0.6093333333333334 4.527587939698493 5.404 2.507222222222222 0.6050827423167848 3.1719076005961258 2.401909502262443 0.7591666666666672 
1.808 7.6898994974874375 5.240545454545455 6.169814814814814 2.4009574468085106 4.632280178837557 1.1408687782805431 1.3585000000000003 
4.804666666666667 5.7021608040201 6.057818181818182 6.336296296296296 0.8069858156028369 3.480059612518629 0.35170135746606346 2.7070000000000007 
0.6093333333333334 4.301708542713568 4.913636363636364 3.0066666666666664 0.6263356973995272 3.2121013412816692 0.7503529411764707 0.15983333333333372 
3.606 6.650854271356784 6.548181818181819 0.01 0.01 3.962384500745157 0.4167873303167422 4.355166666666667 
5.404 6.967085427135679 6.384727272727273 5.004444444444444 1.0726477541371158 4.149955290611029 0.3598371040723982 3.6060000000000008 
0.01 5.4762814070351755 5.404 5.004444444444444 1.763368794326241 4.60548435171386 0.5184841628959277 1.8080000000000007 
7.801333333333334 5.837688442211055 0.01 5.004444444444444 0.01 5.355767511177348 2.0073257918552034 3.4561666666666673 
4.804666666666667 4.527587939698493 6.057818181818182 6.669259259259259 2.294692671394799 5.288777943368108 2.381570135746606 3.306333333333334 
2.4073333333333333 5.2955778894472365 5.240545454545455 4.505 1.285177304964539 4.458107302533533 0.628316742081448 0.45950000000000024 
3.606 5.385929648241206 4.096363636363637 3.672592592592592 1.8802600472813238 3.6408345752608056 5.054162895927601 1.8080000000000007 
4.205333333333334 6.018391959798995 7.202 2.507222222222222 1.6571040189125297 4.350923994038749 0.7584886877828054 2.4073333333333338 
6.003333333333334 5.656984924623115 5.730909090909091 4.338518518518518 1.2320449172576833 4.176751117734725 0.5266199095022625 3.0066666666666677 
0.01 3.3530150753768844 4.259818181818182 1.6748148148148148 0.39255319148936174 3.7346199701937413 0.7869638009049773 0.15983333333333372 
2.4073333333333333 6.831557788944724 7.365454545454545 6.336296296296296 0.01 3.9891803278688527 0.8886606334841629 2.2575000000000003 
0.01 7.283316582914573 4.096363636363637 0.01 0.01 2.9441430700447095 0.7259457013574662 6.602666666666668 
2.4073333333333333 6.199095477386935 6.875090909090909 0.01 0.01 4.190149031296572 0.7178099547511312 1.3585000000000003 
4.205333333333334 6.15391959798995 6.057818181818182 4.338518518518518 1.4445744680851065 3.493457526080477 2.324619909502262 4.505000000000001 
3.006666666666667 4.708291457286432 6.057818181818182 0.01 0.01 3.8685991058122213 0.3150904977375566 4.0555 
3.006666666666667 6.650854271356784 6.139545454545455 0.01 0.01 4.015976154992549 1.4581628959276018 1.0588333333333342 
1.808 4.798643216080402 4.423272727272727 3.5061111111111107 1.688983451536643 4.149955290611029 0.8805248868778279 0.45950000000000024 
0.6093333333333334 5.7021608040201 4.913636363636364 0.01 0.01 4.042771982116245 1.112393665158371 3.9056666666666677 
4.205333333333334 6.876733668341709 7.202 7.335185185185185 0.01 6.708956780923995 1.063579185520362 2.2575000000000003 
5.404 6.334623115577889 7.692363636363637 0.01 0.01 4.391117734724293 2.6785248868778284 3.6060000000000008 
3.006666666666667 5.88286432160804 6.711636363636364 0.01 0.01 5.248584202682564 3.581592760180995 2.4073333333333338 
0.6093333333333334 7.102613065326633 5.894363636363637 3.5061111111111107 1.7952482269503547 3.4398658718330855 0.1930542986425341 0.45950000000000024 
2.4073333333333333 6.515326633165829 6.711636363636364 5.337407407407407 0.01 5.168196721311476 1.9463076923076919 2.4073333333333338 
0.01 3.8047738693467337 6.711636363636364 5.170925925925926 1.3383096926713949 5.128002980625933 0.6405203619909503 0.3096666666666672 
4.804666666666667 5.3407537688442215 5.894363636363637 3.173148148148148 0.01 3.1049180327868857 5.696886877828054 3.7558333333333342 
3.606 5.2955778894472365 7.855818181818182 0.01 0.01 3.855201192250373 0.33136199095022634 1.3585000000000003 
1.2086666666666668 5.88286432160804 7.855818181818182 0.01 0.01 3.0379284649776457 0.7828959276018101 0.010000000000000231 
6.003333333333334 5.837688442211055 6.221272727272727 4.671481481481481 1.3064302600472812 4.819850968703428 0.8317104072398191 2.7070000000000007 
6.602666666666667 3.8499497487437186 6.057818181818182 0.01 0.01 4.042771982116245 0.9130678733031674 2.1076666666666677 
2.4073333333333333 4.301708542713568 5.730909090909091 5.337407407407407 0.01 4.310730253353205 2.1822443438914023 0.45950000000000024 
4.804666666666667 6.018391959798995 5.894363636363637 0.01 0.01 4.417913561847988 0.7910316742081449 2.7070000000000007 
3.606 7.328492462311558 5.077090909090909 0.01 0.01 3.2656929955290614 0.4167873303167422 4.355166666666667 
0.6093333333333334 4.798643216080402 5.730909090909091 4.671481481481481 1.4445744680851065 4.592086438152013 0.270343891402715 0.15983333333333372 
6.003333333333334 7.599547738693468 6.057818181818182 0.01 0.01 5.101207153502236 1.8771538461538462 1.9578333333333342 
0.6093333333333334 6.515326633165829 6.711636363636364 6.669259259259259 0.01 5.543338301043219 2.161904977375565 1.0588333333333342 
0.01 6.605678391959799 6.711636363636364 0.01 0.01 5.436154992548436 6.9375882352941165 3.4561666666666673 
0.6093333333333334 4.346884422110553 5.240545454545455 4.505 0.9345035460992908 4.458107302533533 0.8683212669683258 0.010000000000000231 
0.01 5.024522613065327 5.322272727272727 0.01 0.01 3.305886736214606 2.377502262443439 1.5083333333333337 
3.006666666666667 6.289447236180904 6.548181818181819 5.8368518518518515 1.7102364066193854 4.2437406855439646 1.16120814479638 0.6093333333333337 
7.801333333333334 4.798643216080402 5.894363636363637 9.0 0.01 4.913636363636365 0.4167873303167422 3.6060000000000008 
0.01 3.533718592964824 7.202 4.837962962962963 0.43505910165484635 4.953830104321908 1.4581628959276018 0.010000000000000231 
0.6093333333333334 3.940301507537688 4.913636363636364 6.169814814814814 0.8069858156028369 4.994023845007453 1.7632533936651582 0.15983333333333372 
0.6093333333333334 5.656984924623115 5.730909090909091 4.0055555555555555 1.1789125295508274 3.2656929955290614 0.5917058823529412 0.6093333333333337 
1.2086666666666668 4.075829145728643 5.730909090909091 2.840185185185185 0.01 3.667630402384501 0.038475113122172055 0.15983333333333372 
0.6093333333333334 6.334623115577889 6.057818181818182 4.338518518518518 1.9227659574468086 3.238897168405366 3.060904977375565 0.3096666666666672 
1.2086666666666668 6.424974874371859 6.711636363636364 3.0066666666666664 0.6900945626477542 3.319284649776453 2.7883574660633483 0.010000000000000231 
6.003333333333334 3.3981909547738693 6.711636363636364 0.01 0.01 4.47150521609538 0.762556561085973 2.5571666666666673 
1.2086666666666668 7.147788944723618 7.365454545454545 0.01 0.01 4.2437406855439646 2.967343891402715 6.752500000000001 
1.808 3.8047738693467337 5.894363636363637 5.337407407407407 0.01 4.994023845007453 0.7788280542986425 1.0588333333333342 
6.602666666666667 6.244271356783919 6.057818181818182 4.338518518518518 1.540212765957447 4.846646795827125 1.9585113122171947 4.355166666666667 
0.6093333333333334 3.7595979899497487 5.567454545454545 0.01 0.01 2.448420268256334 2.2310588235294118 0.9090000000000007 
7.801333333333334 4.798643216080402 5.730909090909091 0.01 0.01 4.592086438152013 0.7137420814479638 4.654833333333334 
1.2086666666666668 4.979346733668342 6.057818181818182 4.837962962962963 1.3383096926713949 4.350923994038749 2.532081447963801 0.9090000000000007 
2.4073333333333333 5.024522613065327 5.894363636363637 7.834629629629629 2.2096808510638297 4.980625931445604 5.347049773755655 5.254166666666668 
1.2086666666666668 5.79251256281407 5.240545454545455 7.002222222222222 0.01 5.369165424739196 4.171434389140271 0.45950000000000024 
1.2086666666666668 4.888994974874372 5.240545454545455 0.01 0.01 4.136557377049181 0.3354298642533937 0.010000000000000231 
0.6093333333333334 3.2174874371859294 3.932909090909091 3.0066666666666664 0.817612293144208 2.74317436661699 1.006628959276018 0.15983333333333372 
1.808 7.825427135678392 6.875090909090909 5.503888888888889 5.046950354609929 4.793055141579733 0.7422171945701359 0.15983333333333372 
0.6093333333333334 7.7802512562814075 5.567454545454545 8.167592592592593 6.162730496453901 5.690715350223548 2.5483529411764705 1.0588333333333342 
1.2086666666666668 4.572763819095477 4.750181818181818 5.8368518518518515 0.9663829787234043 2.9307451564828617 0.32322624434389147 0.15983333333333372 
5.404 5.069698492462312 6.711636363636364 4.0055555555555555 0.01 3.788211624441133 4.907719457013574 4.355166666666667 
3.006666666666667 3.8499497487437186 6.057818181818182 3.672592592592592 0.01 3.895394932935917 4.671782805429864 1.6581666666666672 
2.4073333333333333 4.166180904522613 6.548181818181819 0.01 0.01 5.663919523099852 0.6567918552036199 1.2086666666666668 
0.01 5.3407537688442215 6.875090909090909 7.834629629629629 2.4540898345153663 6.146244411326379 1.9341040723981904 1.5083333333333337 
1.2086666666666668 5.79251256281407 6.384727272727273 6.169814814814814 1.9440189125295508 5.811296572280179 4.671782805429864 1.5083333333333337 
3.606 8.774120603015076 6.384727272727273 0.01 0.01 3.1585096870342775 0.2174615384615386 5.703666666666667 
4.804666666666667 8.774120603015076 6.548181818181819 0.01 0.01 3.5068554396423255 1.9341040723981904 6.902333333333335 
4.205333333333334 7.192964824120603 5.404 0.01 0.01 4.082965722801789 1.2507013574660633 2.2575000000000003 
0.01 4.527587939698493 5.730909090909091 4.338518518518518 0.5413238770685579 4.136557377049181 2.121226244343891 0.010000000000000231 
0.6093333333333334 4.075829145728643 5.567454545454545 1.3418518518518519 0.01 3.2924888226527576 4.321945701357465 2.2575000000000003 
5.404 7.464020100502513 7.202 0.01 0.01 4.082965722801789 0.9212036199095022 4.205333333333334 
0.01 4.617939698492462 7.038545454545455 2.840185185185185 1.1257801418439717 3.935588673621461 2.519877828054298 0.9090000000000007 
4.804666666666667 6.967085427135679 6.384727272727273 5.337407407407407 0.01 4.350923994038749 1.4947737556561085 3.6060000000000008 
4.205333333333334 8.096482412060302 7.774090909090909 5.170925925925926 0.01 4.592086438152013 0.3598371040723982 5.8535 
1.808 4.843819095477387 5.077090909090909 2.174259259259259 0.5200709219858156 3.0781222056631896 2.4507239819004525 0.3096666666666672 
0.6093333333333334 6.605678391959799 4.5867272727272725 0.01 0.01 3.9891803278688527 1.986986425339366 1.2086666666666668 
1.2086666666666668 3.7144221105527637 4.259818181818182 3.672592592592592 1.2320449172576833 3.828405365126677 6.604022624434389 0.6093333333333337 
1.2086666666666668 5.069698492462312 5.404 3.672592592592592 0.01 3.3594783904619976 0.9415429864253393 0.45950000000000024 
1.808 6.379798994974874 0.01 0.01 0.01 4.029374068554397 2.7883574660633483 0.9090000000000007 
0.6093333333333334 9.0 6.221272727272727 7.168703703703703 0.01 5.757704918032788 5.363321266968326 0.15983333333333372 
3.006666666666667 6.470150753768844 6.384727272727273 0.01 0.01 6.039061102831596 0.4656018099547512 3.9056666666666677 
1.808 7.6447236180904525 6.057818181818182 3.173148148148148 1.3383096926713949 4.015976154992549 0.7828959276018101 1.5083333333333337 
0.6093333333333334 8.54824120603015 4.913636363636364 3.8390740740740736 9.0 4.042771982116245 1.3117194570135746 5.703666666666667 
3.606 4.888994974874372 3.606 3.3396296296296293 1.3914420803782506 3.2254992548435175 2.999886877828054 2.1076666666666677 
6.003333333333334 4.256532663316583 5.894363636363637 3.0066666666666664 0.01 3.1049180327868857 2.1130904977375566 5.254166666666668 
2.4073333333333333 4.075829145728643 0.01 0.01 0.01 3.7614157973174374 2.174108597285068 1.5083333333333337 
4.804666666666667 7.9609547738693465 7.365454545454545 5.67037037037037 3.1979432624113473 4.525096870342773 1.5924027149321267 5.553833333333333 
2.4073333333333333 5.656984924623115 5.730909090909091 3.0066666666666664 1.3064302600472812 3.8819970193740687 4.3463529411764705 3.6060000000000008 
1.808 3.7144221105527637 5.730909090909091 0.01 0.01 2.836959761549926 1.275108597285068 0.6093333333333337 
1.2086666666666668 5.160050251256282 5.567454545454545 3.672592592592592 0.01 3.855201192250373 0.06695022624434399 0.6093333333333337 
1.808 8.141658291457286 5.240545454545455 4.172037037037037 0.7538534278959811 4.565290611028317 0.7950995475113123 0.7591666666666672 
0.01 5.928040201005025 5.404 6.669259259259259 0.01 4.60548435171386 0.4900090497737557 0.15983333333333372 
4.205333333333334 7.599547738693468 7.202 7.002222222222222 3.4210992907801416 5.128002980625933 2.8941221719457015 2.8568333333333342 
0.01 4.753467336683417 5.567454545454545 3.672592592592592 0.01 2.6895827123695977 0.6527239819004526 0.15983333333333372 
4.804666666666667 8.90964824120603 6.057818181818182 0.01 0.01 3.480059612518629 4.537542986425338 2.7070000000000007 
1.2086666666666668 5.3407537688442215 6.548181818181819 0.01 0.01 5.757704918032788 2.511742081447964 0.010000000000000231 
1.2086666666666668 3.8499497487437186 5.322272727272727 0.01 0.01 5.315573770491804 3.475828054298643 0.9090000000000007 
0.01 8.54824120603015 8.509636363636364 4.172037037037037 0.01 4.60548435171386 1.4622307692307692 3.0066666666666677 
0.01 4.617939698492462 5.240545454545455 7.6681481481481475 0.8388652482269504 5.449552906110284 1.710371040723982 0.010000000000000231 
7.801333333333334 3.4433668341708543 4.913636363636364 0.01 0.01 4.40451564828614 0.42492307692307696 3.0066666666666677 
2.4073333333333333 4.934170854271357 5.240545454545455 7.335185185185185 1.0620212765957446 4.6724739195231 3.3741312217194572 0.7591666666666672 
0.01 4.753467336683417 5.240545454545455 6.83574074074074 1.5189598108747044 5.570134128166916 0.3964479638009051 0.15983333333333372 
0.6093333333333334 4.482412060301508 4.750181818181818 1.6748148148148148 0.01 3.4130700447093894 1.9341040723981904 0.010000000000000231 
2.4073333333333333 4.075829145728643 7.202 7.834629629629629 0.5838297872340426 5.061013412816693 1.1652760180995476 1.2086666666666668 
3.606 5.160050251256282 7.202 0.01 0.01 3.7346199701937413 0.6974705882352941 6.752500000000001 
1.808 4.482412060301508 5.077090909090909 3.173148148148148 0.7963593380614657 2.9307451564828617 0.8276425339366515 0.7591666666666672 
2.4073333333333333 6.605678391959799 6.956818181818182 4.505 1.0726477541371158 3.8819970193740687 0.4615339366515837 0.9090000000000007 
0.6093333333333334 3.940301507537688 6.384727272727273 4.505 0.3500472813238771 4.645678092399405 0.10356108597285074 0.15983333333333372 
0.6093333333333334 6.15391959798995 6.057818181818182 8.334074074074074 2.1778014184397163 5.020819672131148 1.315787330316742 0.45950000000000024 
0.6093333333333334 5.61180904522613 6.057818181818182 6.003333333333333 0.01 3.7346199701937413 0.09949321266968336 1.3585000000000003 
0.6093333333333334 5.4762814070351755 6.384727272727273 6.502777777777777 0.7963593380614657 5.235186289120716 0.754420814479638 1.0588333333333342 
3.006666666666667 3.8951256281407036 5.567454545454545 4.671481481481481 0.7644799054373522 4.056169895678093 1.1734117647058824 0.45950000000000024 
6.602666666666667 4.663115577889447 5.567454545454545 6.669259259259259 0.01 6.199836065573772 0.20525791855203623 3.1565000000000003 
1.2086666666666668 5.747336683417085 3.7694545454545456 3.5061111111111107 3.569869976359338 4.618882265275708 0.40865158371040733 0.15983333333333372 
1.2086666666666668 5.5214572864321605 6.221272727272727 4.505 2.1352955082742313 4.819850968703428 1.6574886877828054 0.7591666666666672 
0.01 5.385929648241206 0.01 0.01 0.01 4.350923994038749 0.2662760180995475 0.45950000000000024 
4.205333333333334 5.385929648241206 0.01 0.01 0.01 3.3862742175856932 0.5428914027149322 2.4073333333333338 
4.205333333333334 3.7595979899497487 6.384727272727273 4.338518518518518 0.7644799054373522 3.935588673621461 2.812764705882353 2.2575000000000003 
6.003333333333334 4.166180904522613 5.077090909090909 0.01 0.01 3.480059612518629 0.37204072398190047 1.5083333333333337 
1.2086666666666668 4.888994974874372 5.077090909090909 5.337407407407407 0.6050827423167848 3.3862742175856932 0.2133936651583711 0.010000000000000231 
0.01 5.656984924623115 5.567454545454545 0.01 0.01 3.319284649776453 0.5306877828054299 0.010000000000000231 
5.404 5.5666331658291455 5.730909090909091 7.335185185185185 1.008888888888889 4.444709388971685 1.2140904977375566 2.8568333333333342 
0.01 5.61180904522613 5.730909090909091 3.3396296296296293 0.01 3.681028315946349 0.7259457013574662 2.2575000000000003 
1.2086666666666668 5.4762814070351755 5.730909090909091 5.337407407407407 1.01951536643026 5.248584202682564 3.2968416289592755 0.3096666666666672 
5.404 6.560502512562814 6.548181818181819 7.6681481481481475 1.3914420803782506 5.087809239940388 2.283941176470588 2.8568333333333342 
3.606 6.831557788944724 5.077090909090909 5.170925925925926 1.285177304964539 4.766259314456036 2.5076742081447962 1.0588333333333342 
3.606 4.934170854271357 4.913636363636364 4.505 0.01 3.3594783904619976 0.5306877828054299 0.9090000000000007 
0.01 5.928040201005025 0.01 0.01 0.01 5.797898658718332 0.7910316742081449 0.7591666666666672 
0.6093333333333334 3.985477386934673 2.461818181818182 7.002222222222222 1.0620212765957446 7.378852459016395 1.710371040723982 0.7591666666666672 
1.2086666666666668 3.985477386934673 6.057818181818182 3.173148148148148 0.5732033096926714 3.895394932935917 0.6242488687782806 0.15983333333333372 
1.2086666666666668 5.656984924623115 4.913636363636364 3.3396296296296293 1.4977068557919622 4.53849478390462 0.050678733031674306 1.5083333333333337 
1.2086666666666668 5.837688442211055 6.875090909090909 0.01 0.01 3.7614157973174374 0.8479819004524887 0.9090000000000007 
2.4073333333333333 4.482412060301508 5.894363636363637 2.840185185185185 0.01 3.4398658718330855 0.8886606334841629 1.0588333333333342 
0.6093333333333334 3.2174874371859294 5.077090909090909 0.01 0.01 2.9307451564828617 1.3849411764705883 0.7591666666666672 
1.808 5.4311055276381905 5.730909090909091 5.004444444444444 1.4445744680851065 5.757704918032788 1.5313846153846153 1.3585000000000003 
1.2086666666666668 6.605678391959799 5.730909090909091 6.336296296296296 3.835531914893617 3.7614157973174374 1.063579185520362 1.2086666666666668 
2.4073333333333333 5.79251256281407 5.730909090909091 0.01 0.01 4.60548435171386 0.9252714932126698 0.45950000000000024 
0.6093333333333334 5.2955778894472365 4.913636363636364 3.8390740740740736 1.1364066193853428 4.53849478390462 1.5883348416289593 0.9090000000000007 
2.4073333333333333 7.7350753768844225 5.894363636363637 0.01 0.01 5.851490312965724 1.6412171945701357 0.7591666666666672 
1.2086666666666668 5.4311055276381905 4.423272727272727 0.01 0.01 3.600640834575261 1.5435882352941177 0.9090000000000007 
6.003333333333334 6.289447236180904 6.548181818181819 0.01 0.01 3.6408345752608056 5.554511312217193 5.404000000000002 
0.6093333333333334 4.392060301507538 5.730909090909091 6.669259259259259 0.01 5.114605067064084 0.5795022624434389 1.3585000000000003 
0.6093333333333334 0.01 3.932909090909091 3.3396296296296293 0.01 3.319284649776453 0.2622081447963802 0.15983333333333372 
0.6093333333333334 4.075829145728643 5.077090909090909 2.0077777777777777 0.4669385342789598 3.654232488822653 2.0520723981900453 0.45950000000000024 
1.2086666666666668 5.069698492462312 5.567454545454545 3.672592592592592 1.008888888888889 4.578688524590165 0.9740859728506788 0.7591666666666672 
2.4073333333333333 5.160050251256282 5.322272727272727 0.01 0.01 2.9441430700447095 1.450027149321267 2.4073333333333338 
1.2086666666666668 3.3981909547738693 5.240545454545455 4.0055555555555555 0.5944562647754137 3.9891803278688527 1.1978190045248869 1.8080000000000007 
4.205333333333334 6.424974874371859 4.913636363636364 5.503888888888889 2.02903073286052 3.8685991058122213 2.487334841628959 6.003333333333334 
0.6093333333333334 3.4885427135678393 4.5867272727272725 5.004444444444444 0.6050827423167848 4.47150521609538 4.7816153846153835 0.45950000000000024 
1.808 6.424974874371859 6.548181818181819 2.507222222222222 0.01 4.350923994038749 0.5062805429864254 6.303000000000001 
1.2086666666666668 3.081959798994975 5.730909090909091 5.337407407407407 0.7113475177304964 3.3594783904619976 0.45339819004524895 0.6093333333333337 
5.404 5.069698492462312 6.711636363636364 5.337407407407407 1.8696335697399526 4.592086438152013 0.7503529411764707 2.2575000000000003 
0.01 4.617939698492462 6.384727272727273 6.669259259259259 0.9663829787234043 4.632280178837557 0.6608597285067874 0.45950000000000024 
3.606 4.346884422110553 0.01 0.01 0.01 3.1853055141579736 0.4656018099547512 1.0588333333333342 
0.01 4.888994974874372 5.567454545454545 3.3396296296296293 0.01 3.667630402384501 2.8941221719457015 1.6581666666666672 
3.606 3.6240703517587938 6.548181818181819 6.003333333333333 0.01 5.3423695976155 0.4127194570135747 1.0588333333333342 
0.6093333333333334 3.6692462311557787 6.057818181818182 6.83574074074074 0.6157092198581561 6.213233979135619 4.151095022624434 1.6581666666666672 
3.006666666666667 6.199095477386935 8.836545454545455 0.01 0.01 6.548181818181819 0.6161131221719457 2.4073333333333338 
1.2086666666666668 4.121005025125628 5.077090909090909 0.01 0.01 3.667630402384501 1.8283393665158372 0.15983333333333372 
2.4073333333333333 6.06356783919598 5.894363636363637 0.01 0.01 3.1987034277198214 0.8195067873303166 5.8535 
6.003333333333334 5.5214572864321605 5.567454545454545 0.01 0.01 4.190149031296572 0.7422171945701359 3.0066666666666677 
0.01 6.560502512562814 0.01 0.01 0.01 5.931877794336812 2.2554660633484165 1.5083333333333337 
1.2086666666666668 4.166180904522613 5.077090909090909 4.671481481481481 0.01 4.2437406855439646 0.22152941176470597 0.45950000000000024 
3.606 3.940301507537688 6.548181818181819 0.01 0.01 3.1183159463487335 0.03440723981900462 1.6581666666666672 
0.6093333333333334 4.617939698492462 6.057818181818182 0.01 0.01 5.302175856929956 0.8845927601809955 3.1565000000000003 
4.804666666666667 4.301708542713568 5.894363636363637 0.01 0.01 4.94043219076006 1.6656244343891402 5.404000000000002 
0.01 4.617939698492462 4.259818181818182 0.01 0.01 3.3728763040238454 0.010000000000000064 0.010000000000000231 
7.202 3.8047738693467337 5.894363636363637 5.170925925925926 0.01 3.9891803278688527 0.900864253393665 3.7558333333333342 
0.6093333333333334 5.385929648241206 4.423272727272727 2.174259259259259 0.5413238770685579 2.9977347242921017 0.5266199095022625 0.45950000000000024 
5.404 6.06356783919598 6.057818181818182 5.503888888888889 0.6475886524822695 3.480059612518629 1.5639276018099548 9.000000000000002 
2.4073333333333333 5.2955778894472365 5.077090909090909 2.0077777777777777 0.01 3.9891803278688527 1.2384977375565611 1.3585000000000003 
0.01 4.211356783919598 4.913636363636364 0.01 0.01 4.7394634873323405 0.762556561085973 0.6093333333333337 
0.01 3.03678391959799 6.221272727272727 0.01 0.01 6.079254843517139 0.48187330316742083 3.7558333333333342 
9.0 6.15391959798995 5.730909090909091 5.337407407407407 1.1789125295508274 4.980625931445604 0.3150904977375566 3.306333333333334 
5.404 5.88286432160804 5.730909090909091 0.01 0.01 4.592086438152013 2.3449592760180993 3.6060000000000008 
1.808 5.114874371859297 4.096363636363637 1.6748148148148148 0.9132505910165485 3.962384500745157 2.239194570135747 0.6093333333333337 
0.01 4.572763819095477 5.322272727272727 4.671481481481481 0.01 3.305886736214606 0.6567918552036199 0.15983333333333372 
0.01 7.328492462311558 6.221272727272727 6.003333333333333 0.01 6.655365126676603 1.1734117647058824 0.7591666666666672 
4.205333333333334 4.663115577889447 5.404 5.337407407407407 0.01 5.248584202682564 1.092054298642534 1.5083333333333337 
1.808 8.45788944723618 5.730909090909091 3.672592592592592 2.1352955082742313 4.886840536512668 1.3523981900452489 2.2575000000000003 
4.205333333333334 8.774120603015076 5.567454545454545 4.671481481481481 0.01 4.819850968703428 2.7232714932126694 3.0066666666666677 
3.006666666666667 3.533718592964824 3.932909090909091 0.01 0.01 4.525096870342773 2.3530950226244345 0.6093333333333337 
4.804666666666667 5.4311055276381905 6.384727272727273 0.01 0.01 3.3594783904619976 1.3564660633484162 6.452833333333334 
0.01 6.334623115577889 5.322272727272727 4.338518518518518 1.3914420803782506 5.717511177347244 1.4459592760180995 0.45950000000000024 
0.6093333333333334 4.030653266331658 1.9714545454545456 3.173148148148148 0.27566193853427895 3.7346199701937413 1.966647058823529 0.010000000000000231 
0.01 6.244271356783919 0.01 0.01 0.01 4.87344262295082 3.4880316742081448 0.6093333333333337 
0.6093333333333334 4.934170854271357 4.750181818181818 3.0066666666666664 1.2426713947990544 3.828405365126677 0.5835701357466063 0.15983333333333372 
0.6093333333333334 4.030653266331658 5.404 3.8390740740740736 1.008888888888889 3.774813710879285 0.37204072398190047 0.010000000000000231 
1.2086666666666668 5.205226130653267 5.240545454545455 3.672592592592592 0.01 4.136557377049181 1.4052805429864255 0.010000000000000231 
4.205333333333334 6.199095477386935 7.365454545454545 6.83574074074074 0.01 4.297332339791357 1.2832443438914027 2.7070000000000007 
4.205333333333334 6.786381909547739 5.404 7.002222222222222 3.644255319148936 4.659076005961253 2.6134389140271495 3.1565000000000003 
0.6093333333333334 4.527587939698493 5.404 4.837962962962963 2.0927895981087468 4.297332339791357 1.498841628959276 3.1565000000000003 
0.01 5.114874371859297 6.548181818181819 2.6737037037037035 0.01 4.163353204172877 3.248027149321267 0.010000000000000231 
4.205333333333334 4.798643216080402 7.528909090909091 3.0066666666666664 0.01 3.0513263785394935 0.6486561085972851 4.0555 
0.6093333333333334 4.798643216080402 6.221272727272727 0.01 0.01 5.034217585692996 0.4940769230769231 0.7591666666666672 
1.808 3.7595979899497487 4.750181818181818 5.170925925925926 0.20127659574468088 4.60548435171386 1.0595113122171946 0.6093333333333337 
0.6093333333333334 3.8951256281407036 5.404 8.667037037037037 0.7007210401891253 5.543338301043219 3.422945701357466 1.2086666666666668 
0.6093333333333334 4.392060301507538 5.730909090909091 2.507222222222222 0.01 2.448420268256334 0.2906832579185521 0.010000000000000231 
2.4073333333333333 4.256532663316583 5.322272727272727 3.672592592592592 0.01 3.319284649776453 0.2947511312217196 0.010000000000000231 
1.2086666666666668 3.3530150753768844 0.01 0.01 0.01 0.01 0.10762895927601818 0.15983333333333372 
3.006666666666667 6.289447236180904 5.240545454545455 5.8368518518518515 1.4977068557919622 3.8418032786885252 1.3646018099547512 0.7591666666666672 
3.006666666666667 3.4885427135678393 6.711636363636364 6.83574074074074 0.4563120567375887 4.80645305514158 0.32729411764705885 2.1076666666666677 
5.404 5.5214572864321605 4.5867272727272725 0.01 0.01 4.47150521609538 4.224316742081448 1.8080000000000007 
0.6093333333333334 5.88286432160804 5.730909090909091 2.174259259259259 1.1257801418439717 3.480059612518629 1.6127420814479638 0.15983333333333372 
1.2086666666666668 4.888994974874372 4.259818181818182 4.338518518518518 0.679468085106383 4.364321907600597 0.9862895927601811 0.15983333333333372 
1.2086666666666668 4.482412060301508 4.913636363636364 2.840185185185185 1.7102364066193854 4.913636363636365 1.5354524886877827 0.010000000000000231 
2.4073333333333333 6.650854271356784 6.057818181818182 4.172037037037037 3.1235579196217493 4.685871833084948 1.2588371040723982 1.3585000000000003 
6.003333333333334 6.018391959798995 5.567454545454545 0.01 0.01 3.6274366616989573 0.6893348416289593 2.2575000000000003 
1.808 7.825427135678392 6.711636363636364 8.001111111111111 4.951312056737589 5.154798807749628 8.385751131221719 0.6093333333333337 
0.6093333333333334 4.392060301507538 5.567454545454545 3.5061111111111107 0.01 3.654232488822653 4.147027149321266 0.15983333333333372 
0.01 5.837688442211055 9.0 7.6681481481481475 1.3914420803782506 9.0 0.9903574660633485 0.7591666666666672 
1.808 5.114874371859297 3.606 2.174259259259259 0.01 3.0111326378539496 0.2622081447963802 0.15983333333333372 
0.6093333333333334 5.656984924623115 4.096363636363637 6.669259259259259 1.7846217494089835 4.47150521609538 3.606 1.0588333333333342 
4.804666666666667 8.503065326633166 6.384727272727273 0.01 0.01 6.427600596125187 0.25000452488687785 3.306333333333334 
0.01 4.798643216080402 5.730909090909091 6.169814814814814 1.5827186761229315 5.288777943368108 2.153769230769231 0.15983333333333372 
0.01 4.392060301507538 5.240545454545455 6.003333333333333 1.0726477541371158 4.94043219076006 2.1334298642533938 0.6093333333333337 
0.6093333333333334 5.2955778894472365 7.202 4.0055555555555555 1.550839243498818 4.632280178837557 1.3320588235294117 2.8568333333333342 
1.2086666666666668 7.8706030150753765 7.202 6.169814814814814 1.285177304964539 5.972071535022356 2.3205520361990946 0.45950000000000024 
1.2086666666666668 5.069698492462312 7.038545454545455 7.002222222222222 1.7102364066193854 5.154798807749628 0.6934027149321269 1.0588333333333342 
0.01 5.2955778894472365 6.548181818181819 5.170925925925926 0.5732033096926714 6.065856929955292 0.05474660633484174 0.45950000000000024 
1.2086666666666668 4.798643216080402 5.240545454545455 5.8368518518518515 1.2745508274231678 4.096363636363637 5.3877285067873295 1.9578333333333342 
0.01 5.837688442211055 6.548181818181819 0.01 0.01 4.190149031296572 2.552420814479638 1.2086666666666668 
0.6093333333333334 8.864472361809046 6.221272727272727 6.003333333333333 2.6559929078014184 4.900238450074516 3.2520950226244345 1.2086666666666668 
0.6093333333333334 5.024522613065327 7.038545454545455 3.173148148148148 0.01 4.042771982116245 0.27441176470588247 0.3096666666666672 
0.01 5.928040201005025 7.202 0.01 0.01 4.2437406855439646 2.715135746606335 1.6581666666666672 
5.404 7.418844221105528 6.384727272727273 0.01 0.01 4.40451564828614 0.2947511312217196 3.6060000000000008 
3.606 4.437236180904523 4.750181818181818 5.503888888888889 2.02903073286052 4.565290611028317 1.441891402714932 3.306333333333334 
0.01 4.753467336683417 6.875090909090909 0.01 0.01 3.748017883755589 2.707 6.153166666666667 
1.2086666666666668 3.940301507537688 4.750181818181818 2.6737037037037035 0.5625768321513003 4.391117734724293 0.3679728506787331 0.6093333333333337 
3.006666666666667 4.346884422110553 6.057818181818182 3.0066666666666664 0.7219739952718677 4.511698956780925 3.7483755656108597 3.306333333333334 
