2.4073333333333333 6.184949494949495 5.730909090909091 0.01 0.01 4.190149031296572 4.235607876712328 0.15983333333333372 
4.804666666666667 6.866010101010101 6.384727272727273 4.576349206349207 2.241560283687943 5.757704918032788 1.6725342465753426 2.2575000000000003 
0.6093333333333334 5.049848484848485 7.692363636363637 0.01 0.01 4.40451564828614 0.7065710616438358 3.6060000000000008 
4.205333333333334 6.457373737373738 4.913636363636364 4.719047619047619 2.02903073286052 3.8685991058122213 2.3306207191780826 6.003333333333334 
3.606 6.548181818181818 5.894363636363637 3.862857142857143 2.432836879432624 4.551892697466468 0.6680864726027398 2.8568333333333342 
3.006666666666667 4.0055555555555555 6.384727272727273 4.2909523809523815 0.01 3.707824143070045 0.6796318493150686 2.4073333333333338 
6.003333333333334 8.137323232323233 5.730909090909091 0.01 0.01 4.712667660208645 0.45642123287671243 2.4073333333333338 
0.6093333333333334 6.502777777777777 7.038545454545455 4.2909523809523815 3.516737588652482 4.042771982116245 3.1195547945205484 0.3096666666666672 
3.006666666666667 8.591363636363637 5.240545454545455 4.719047619047619 3.463605200945626 4.190149031296572 1.9303809931506852 1.2086666666666668 
0.01 4.595808080808081 6.221272727272727 0.01 0.01 4.793055141579733 0.4487243150684932 0.7591666666666672 
4.205333333333334 7.2292424242424245 5.240545454545455 0.01 0.01 3.681028315946349 0.8181763698630137 2.8568333333333342 
4.205333333333334 6.9114141414141415 7.202 6.288730158730159 0.01 6.708956780923995 0.9836601027397261 2.2575000000000003 
3.606 8.318939393939393 7.692363636363637 0.01 0.01 5.47634873323398 5.3093279109589036 3.6060000000000008 
0.01 6.003333333333333 6.384727272727273 0.01 0.01 4.350923994038749 1.199173801369863 0.010000000000000231 
0.6093333333333334 4.959040404040404 3.1156363636363635 2.5785714285714287 1.285177304964539 3.1049180327868857 1.2530522260273975 0.7591666666666672 
1.808 5.049848484848485 5.077090909090909 0.01 0.01 3.0379284649776457 0.23321061643835617 0.010000000000000231 
2.4073333333333333 3.778535353535353 7.038545454545455 2.7212698412698413 0.01 3.935588673621461 0.9066909246575344 1.9578333333333342 
2.4073333333333333 7.774090909090909 5.894363636363637 0.01 0.01 5.851490312965724 1.530141267123288 0.7591666666666672 
0.6093333333333334 4.8682323232323235 5.894363636363637 4.2909523809523815 0.881371158392435 4.136557377049181 2.8463142123287675 0.45950000000000024 
0.01 4.8682323232323235 5.077090909090909 4.2909523809523815 0.7963593380614657 4.913636363636365 2.6000128424657536 0.6093333333333337 
4.804666666666667 5.004444444444444 6.221272727272727 0.01 0.01 3.7346199701937413 0.5988142123287672 5.553833333333333 
0.01 3.9147474747474744 5.567454545454545 4.576349206349207 0.01 4.80645305514158 0.6026626712328769 0.6093333333333337 
7.801333333333334 5.7309090909090905 7.365454545454545 0.01 0.01 5.824694485842027 1.9303809931506852 3.1565000000000003 
1.808 4.913636363636363 5.077090909090909 3.434761904761905 0.01 3.493457526080477 0.544935787671233 0.6093333333333337 
2.4073333333333333 5.322272727272727 5.077090909090909 1.7223809523809526 0.01 3.9891803278688527 1.1491438356164383 1.3585000000000003 
0.6093333333333334 5.685505050505051 4.096363636363637 5.717936507936509 1.7846217494089835 4.47150521609538 3.38894691780822 1.0588333333333342 
3.006666666666667 3.8693434343434343 6.057818181818182 3.1493650793650794 0.01 3.895394932935917 4.397243150684932 1.6581666666666672 
1.808 5.049848484848485 4.750181818181818 4.433650793650794 0.47756501182033095 3.962384500745157 1.341566780821918 0.15983333333333372 
0.01 8.545959595959596 6.711636363636364 2.0077777777777777 1.9758983451536642 4.297332339791357 2.311378424657535 0.15983333333333372 
6.003333333333334 6.0487373737373735 5.567454545454545 0.01 0.01 3.6274366616989573 0.6296018835616439 2.2575000000000003 
0.6093333333333334 4.096363636363637 5.077090909090909 2.5785714285714287 0.6369621749408984 3.3728763040238454 4.566575342465754 0.6093333333333337 
3.006666666666667 5.276868686868687 6.057818181818182 4.148253968253968 0.01 4.3375260804769 2.2267123287671238 2.1076666666666677 
4.804666666666667 5.367676767676768 5.894363636363637 2.7212698412698413 0.01 3.1049180327868857 5.367054794520548 3.7558333333333342 
1.2086666666666668 4.368787878787879 5.567454545454545 1.8650793650793653 0.5306973995271868 2.836959761549926 2.176682363013699 0.7591666666666672 
2.4073333333333333 5.367676767676768 5.730909090909091 0.01 0.01 5.972071535022356 3.1657363013698636 0.7591666666666672 
3.606 8.818383838383838 6.384727272727273 0.01 0.01 3.1585096870342775 0.18318065068493156 5.703666666666667 
0.01 5.64010101010101 5.730909090909091 2.8639682539682543 0.01 3.681028315946349 0.6642380136986302 2.2575000000000003 
0.6093333333333334 4.959040404040404 4.750181818181818 2.5785714285714287 1.2426713947990544 3.828405365126677 0.5295419520547945 0.15983333333333372 
0.6093333333333334 4.5504040404040405 6.057818181818182 1.7223809523809526 0.4988179669030733 2.622593144560358 0.26014982876712334 1.0588333333333342 
5.404 7.456262626262626 6.384727272727273 0.01 0.01 4.40451564828614 0.2563013698630138 3.6060000000000008 
0.6093333333333334 4.595808080808081 4.096363636363637 2.1504761904761907 0.39255319148936174 3.2522950819672136 1.7110188356164389 0.7591666666666672 
1.808 5.231464646464646 5.404 5.575238095238095 1.4977068557919622 5.114605067064084 0.2639982876712329 1.0588333333333342 
0.6093333333333334 8.591363636363637 4.913636363636364 3.2920634920634924 9.0 4.042771982116245 1.218416095890411 5.703666666666667 
1.2086666666666668 5.458484848484848 4.423272727272727 0.01 0.01 3.600640834575261 1.437778253424658 0.9090000000000007 
4.205333333333334 4.822828282828283 4.913636363636364 3.434761904761905 0.01 3.5604470938897173 0.825873287671233 1.2086666666666668 
1.2086666666666668 3.6877272727272725 4.913636363636364 3.1493650793650794 0.01 3.721222056631893 0.8027825342465754 0.6093333333333337 
4.205333333333334 8.863787878787878 5.730909090909091 4.719047619047619 1.550839243498818 3.3728763040238454 0.31402825342465757 5.104333333333335 
1.2086666666666668 3.0974747474747475 5.730909090909091 4.576349206349207 0.7113475177304964 3.3594783904619976 0.40639126712328777 0.6093333333333337 
0.6093333333333334 3.596919191919192 6.548181818181819 3.5774603174603175 0.4031796690307329 3.4130700447093894 1.9303809931506852 0.15983333333333372 
0.6093333333333334 4.368787878787879 5.240545454545455 3.862857142857143 0.9345035460992908 4.458107302533533 0.7989340753424657 0.010000000000000231 
4.205333333333334 5.186060606060606 5.240545454545455 0.01 0.01 3.681028315946349 2.503801369863014 1.9578333333333342 
7.801333333333334 4.822828282828283 5.730909090909091 0.01 0.01 4.592086438152013 0.6526926369863014 4.654833333333334 
1.808 4.641212121212121 6.057818181818182 0.01 0.01 3.962384500745157 0.15239297945205482 1.6581666666666672 
0.6093333333333334 6.3665656565656565 6.057818181818182 3.7201587301587304 1.9227659574468086 3.238897168405366 2.8732534246575345 0.3096666666666672 
1.808 5.912525252525253 5.240545454545455 0.01 0.01 3.1049180327868857 0.8951455479452056 0.15983333333333372 
3.606 5.685505050505051 6.221272727272727 0.01 0.01 4.53849478390462 0.15239297945205482 4.954500000000001 
0.01 5.367676767676768 5.240545454545455 3.2920634920634924 0.9557565011820331 0.01 6.348411815068493 0.010000000000000231 
3.606 7.547070707070707 6.057818181818182 0.01 0.01 3.5738450074515655 0.8566609589041098 6.752500000000001 
2.4073333333333333 6.6843939393939396 6.057818181818182 3.5774603174603175 3.1235579196217493 4.685871833084948 1.1683861301369864 1.3585000000000003 
4.804666666666667 3.8239393939393937 6.057818181818182 4.433650793650794 0.01 5.14140089418778 1.4454751712328768 2.7070000000000007 
3.606 4.959040404040404 4.913636363636364 3.862857142857143 0.01 3.3594783904619976 0.47951198630137004 0.9090000000000007 
0.01 6.230353535353535 5.567454545454545 2.0077777777777777 1.5827186761229315 3.3326825633383015 0.23705907534246584 0.010000000000000231 
2.4073333333333333 4.505 5.894363636363637 2.4358730158730157 0.01 3.4398658718330855 0.8181763698630137 1.0588333333333342 
0.01 4.732020202020202 6.221272727272727 0.01 0.01 2.4752160953800297 1.9265325342465758 0.9090000000000007 
0.6093333333333334 3.3244949494949494 4.096363636363637 1.4369841269841273 0.01 3.0915201192250374 0.6411472602739726 0.010000000000000231 
0.6093333333333334 6.866010101010101 4.913636363636364 0.01 0.01 3.5068554396423255 0.37560359589041104 0.15983333333333372 
1.808 4.505 4.423272727272727 2.7212698412698413 0.9238770685579196 3.4398658718330855 0.27939212328767127 0.45950000000000024 
3.006666666666667 4.822828282828283 6.711636363636364 4.2909523809523815 0.01 5.302175856929956 0.7873886986301372 2.5571666666666673 
0.6093333333333334 3.506111111111111 4.5867272727272725 4.2909523809523815 0.6050827423167848 4.47150521609538 4.50115154109589 0.45950000000000024 
0.6093333333333334 4.3233838383838386 6.057818181818182 3.006666666666667 0.7857328605200946 3.480059612518629 2.276742294520548 2.2575000000000003 
0.6093333333333334 4.050959595959596 1.9714545454545456 2.7212698412698413 0.27566193853427895 3.7346199701937413 1.8380179794520548 0.010000000000000231 
1.2086666666666668 4.913636363636363 6.548181818181819 0.01 0.01 3.6274366616989573 0.6834803082191782 4.654833333333334 
0.6093333333333334 5.186060606060606 5.404 5.147142857142858 2.1352955082742313 5.114605067064084 0.7989340753424657 0.010000000000000231 
4.205333333333334 8.364343434343434 6.875090909090909 4.719047619047619 0.01 4.766259314456036 1.0529323630136989 3.0066666666666677 
1.2086666666666668 4.096363636363637 4.913636363636364 0.01 0.01 3.1585096870342775 0.42178510273972614 0.6093333333333337 
0.6093333333333334 4.5504040404040405 5.894363636363637 1.7223809523809526 0.7538534278959811 3.3996721311475415 2.219015410958904 1.0588333333333342 
1.2086666666666668 5.413080808080808 0.01 0.01 0.01 2.635991058122206 2.8886472602739732 7.6515 
0.6093333333333334 3.8239393939393937 5.240545454545455 3.2920634920634924 1.2320449172576833 4.953830104321908 1.4993535958904114 1.0588333333333342 
4.205333333333334 6.82060606060606 6.384727272727273 4.148253968253968 1.348936170212766 4.726065573770493 2.3498630136986307 4.954500000000001 
0.01 4.732020202020202 5.240545454545455 5.28984126984127 0.6900945626477542 4.511698956780925 1.649443493150685 0.15983333333333372 
1.2086666666666668 6.638989898989899 5.730909090909091 5.432539682539683 3.835531914893617 3.7614157973174374 0.9836601027397261 1.2086666666666668 
1.2086666666666668 3.8239393939393937 4.096363636363637 3.2920634920634924 0.817612293144208 4.082965722801789 3.412037671232877 0.010000000000000231 
0.01 4.913636363636363 5.567454545454545 2.8639682539682543 0.01 3.667630402384501 2.7154666095890416 1.6581666666666672 
4.804666666666667 5.685505050505051 7.855818181818182 0.01 0.01 0.01 0.5795719178082192 4.954500000000001 
0.6093333333333334 4.050959595959596 6.221272727272727 4.861746031746032 0.4031796690307329 4.190149031296572 0.4256335616438357 0.3096666666666672 
4.205333333333334 4.822828282828283 7.528909090909091 2.5785714285714287 0.01 3.0513263785394935 0.591117294520548 4.0555 
1.2086666666666668 4.5504040404040405 5.730909090909091 7.430317460317461 0.6157092198581561 5.436154992548436 2.2921361301369867 0.6093333333333337 
2.4073333333333333 7.86489898989899 5.730909090909091 2.0077777777777777 1.7952482269503547 3.9891803278688527 1.076023116438356 1.8080000000000007 
4.804666666666667 8.455151515151515 7.365454545454545 5.004444444444445 2.4009574468085106 4.632280178837557 1.3146275684931505 2.4073333333333338 
0.01 4.3233838383838386 5.240545454545455 5.575238095238095 1.1257801418439717 5.985469448584204 1.0952654109589042 0.15983333333333372 
3.006666666666667 3.5515151515151513 3.932909090909091 0.01 0.01 4.525096870342773 2.203621575342466 0.6093333333333337 
4.804666666666667 8.137323232323233 5.894363636363637 6.003333333333334 1.3914420803782506 4.391117734724293 2.4537714041095895 2.2575000000000003 
4.205333333333334 8.228131313131312 6.875090909090909 3.006666666666667 2.050283687943262 4.819850968703428 1.941926369863014 4.505000000000001 
0.6093333333333334 4.3233838383838386 6.711636363636364 3.5774603174603175 1.9227659574468086 4.699269746646796 0.5834203767123289 3.306333333333334 
2.4073333333333333 4.096363636363637 0.01 0.01 0.01 3.7614157973174374 2.034289383561644 1.5083333333333337 
3.006666666666667 8.500555555555556 6.221272727272727 3.862857142857143 2.2096808510638297 5.851490312965724 3.6660359589041103 4.804666666666668 
1.2086666666666668 4.8682323232323235 6.057818181818182 4.2909523809523815 1.0726477541371158 4.511698956780925 1.2415068493150687 0.3096666666666672 
3.006666666666667 5.821717171717172 6.548181818181819 0.01 0.01 4.645678092399405 0.2409075342465754 3.6060000000000008 
2.4073333333333333 4.096363636363637 7.202 6.7168253968253975 0.5838297872340426 5.061013412816693 1.079871575342466 1.2086666666666668 
1.2086666666666668 4.641212121212121 7.038545454545455 5.147142857142858 1.285177304964539 6.106050670640835 0.17548373287671237 0.3096666666666672 
1.2086666666666668 5.912525252525253 7.855818181818182 0.01 0.01 3.0379284649776457 0.7181164383561646 0.010000000000000231 
7.202 4.5504040404040405 6.875090909090909 4.719047619047619 1.1257801418439717 4.029374068554397 1.5647773972602739 3.7558333333333342 
2.4073333333333333 4.3233838383838386 5.730909090909091 4.576349206349207 0.01 4.310730253353205 2.0419863013698634 0.45950000000000024 
2.4073333333333333 6.866010101010101 7.365454545454545 5.432539682539683 0.01 3.9891803278688527 0.8181763698630137 2.2575000000000003 
1.808 5.7309090909090905 7.202 5.860634920634921 2.507222222222222 5.27538002980626 2.396044520547946 0.9090000000000007 
2.4073333333333333 5.776313131313131 7.202 1.5796825396825398 1.6571040189125297 4.632280178837557 1.9881078767123288 1.0588333333333342 
1.2086666666666668 6.457373737373738 6.711636363636364 2.5785714285714287 0.6900945626477542 3.319284649776453 2.615406678082192 0.010000000000000231 
3.006666666666667 6.502777777777777 6.384727272727273 0.01 0.01 6.039061102831596 0.41793664383561646 3.9056666666666677 
0.01 4.5504040404040405 5.730909090909091 3.7201587301587304 0.5413238770685579 4.136557377049181 1.9842594178082194 0.010000000000000231 
0.6093333333333334 3.960151515151515 4.913636363636364 5.28984126984127 0.8069858156028369 4.994023845007453 1.6455950342465755 0.15983333333333372 
0.01 4.595808080808081 5.322272727272727 4.0055555555555555 0.01 3.305886736214606 0.5988142123287672 0.15983333333333372 
0.01 5.867121212121212 9.0 6.574126984126985 1.3914420803782506 9.0 0.9143878424657536 0.7591666666666672 
2.4073333333333333 5.685505050505051 5.730909090909091 2.5785714285714287 1.3064302600472812 3.8819970193740687 4.089366438356165 3.6060000000000008 
0.01 4.777424242424242 6.875090909090909 0.01 0.01 3.748017883755589 2.5384375 6.153166666666667 
2.4073333333333333 6.72979797979798 4.913636363636364 3.862857142857143 3.389219858156028 4.149955290611029 0.2639982876712329 1.2086666666666668 
6.602666666666667 7.047626262626262 6.221272727272727 4.0055555555555555 1.6039716312056738 4.47150521609538 4.893694349315069 4.505000000000001 
0.6093333333333334 5.413080808080808 3.606 6.7168253968253975 0.679468085106383 4.766259314456036 0.7642979452054796 0.6093333333333337 
0.01 8.182727272727274 6.384727272727273 9.0 0.1587706855791962 7.968360655737706 9.000000000000002 0.6093333333333337 
2.4073333333333333 6.593585858585858 6.711636363636364 2.5785714285714287 0.01 4.364321907600597 0.591117294520548 7.351833333333335 
6.602666666666667 6.184949494949495 6.875090909090909 5.004444444444445 1.3914420803782506 3.8016095380029813 0.6873287671232878 3.1565000000000003 
7.801333333333334 6.593585858585858 6.711636363636364 2.7212698412698413 1.1789125295508274 2.9843368107302535 0.6296018835616439 5.404000000000002 
0.01 8.182727272727274 7.365454545454545 3.7201587301587304 0.9663829787234043 4.900238450074516 0.8951455479452056 2.1076666666666677 
2.4073333333333333 6.638989898989899 7.528909090909091 0.01 0.01 4.190149031296572 1.7610488013698635 6.003333333333334 
0.01 5.59469696969697 7.202 5.28984126984127 0.01 4.726065573770493 0.4448758561643835 1.2086666666666668 
3.006666666666667 4.959040404040404 5.077090909090909 5.860634920634921 1.3808156028368794 4.80645305514158 1.6648373287671236 0.6093333333333337 
1.2086666666666668 6.411969696969697 4.750181818181818 4.861746031746032 1.3701891252955083 3.4130700447093894 2.3768022260273978 0.45950000000000024 
1.2086666666666668 5.458484848484848 6.221272727272727 5.28984126984127 1.1257801418439717 5.328971684053652 0.5141481164383562 1.2086666666666668 
4.205333333333334 7.274646464646464 4.423272727272727 4.576349206349207 1.8696335697399526 4.096363636363637 1.949623287671233 2.7070000000000007 
0.6093333333333334 5.821717171717172 7.202 5.575238095238095 1.1789125295508274 4.900238450074516 3.75455051369863 2.4073333333333338 
2.4073333333333333 6.548181818181818 6.711636363636364 4.576349206349207 0.01 5.168196721311476 1.818775684931507 2.4073333333333338 
1.808 3.36989898989899 5.567454545454545 4.0055555555555555 0.48819148936170215 3.9891803278688527 0.8143279109589042 0.3096666666666672 
3.006666666666667 6.003333333333333 6.548181818181819 0.01 0.01 3.600640834575261 0.4025428082191782 7.202000000000002 
4.205333333333334 8.137323232323233 7.774090909090909 4.433650793650794 0.01 4.592086438152013 0.31787671232876713 5.8535 
2.4073333333333333 5.004444444444444 5.404 0.01 0.01 4.283934426229509 1.4993535958904114 1.2086666666666668 
6.003333333333334 4.595808080808081 7.038545454545455 5.28984126984127 0.01 6.119448584202684 4.058578767123287 2.5571666666666673 
0.01 5.458484848484848 6.057818181818182 2.5785714285714287 0.679468085106383 4.096363636363637 0.7835402397260275 0.7591666666666672 
3.006666666666667 4.777424242424242 5.894363636363637 4.148253968253968 3.463605200945626 4.953830104321908 0.2986344178082192 1.0588333333333342 
1.2086666666666668 4.822828282828283 4.5867272727272725 3.862857142857143 1.763368794326241 3.895394932935917 1.3261729452054793 0.15983333333333372 
1.2086666666666668 4.505 0.01 0.01 0.01 2.9843368107302535 0.10236301369863021 0.3096666666666672 
3.606 7.002222222222223 6.057818181818182 4.576349206349207 2.0609101654846333 3.935588673621461 2.9155864726027403 2.7070000000000007 
0.6093333333333334 5.095252525252525 6.548181818181819 6.4314285714285715 1.4126950354609928 4.6724739195231 0.5218450342465754 0.45950000000000024 
0.01 6.593585858585858 0.01 0.01 0.01 5.931877794336812 2.1112585616438357 1.5083333333333337 
1.808 5.59469696969697 8.182727272727274 5.004444444444445 2.5603546099290777 7.687004470938898 3.073373287671233 0.15983333333333372 
1.808 5.549292929292929 6.384727272727273 0.01 0.01 3.0915201192250374 0.6642380136986302 2.8568333333333342 
0.6093333333333334 6.6843939393939396 7.692363636363637 5.860634920634921 0.01 6.615171385991059 1.0644777397260277 0.9090000000000007 
0.6093333333333334 5.049848484848485 5.077090909090909 1.8650793650793653 1.9440189125295508 3.2254992548435175 0.2178167808219179 0.3096666666666672 
0.6093333333333334 3.960151515151515 6.384727272727273 3.862857142857143 0.3500472813238771 4.645678092399405 0.07542380136986304 0.15983333333333372 
3.606 5.867121212121212 7.365454545454545 1.008888888888889 3.4742316784869973 2.635991058122206 1.9265325342465758 5.8535 
3.006666666666667 4.505 6.057818181818182 3.862857142857143 0.01 3.895394932935917 0.46796660958904124 1.6581666666666672 
2.4073333333333333 7.183838383838384 6.384727272727273 0.01 0.01 4.417913561847988 2.7770419520547946 1.5083333333333337 
5.404 6.3665656565656565 7.692363636363637 0.01 0.01 4.391117734724293 2.5114982876712335 3.6060000000000008 
1.808 7.86489898989899 6.875090909090909 4.719047619047619 5.046950354609929 4.793055141579733 0.6796318493150686 0.15983333333333372 
2.4073333333333333 4.414191919191919 4.913636363636364 3.2920634920634924 0.01 3.788211624441133 1.3915967465753423 0.15983333333333372 
4.205333333333334 4.8682323232323235 6.057818181818182 0.01 0.01 3.9757824143070053 0.6642380136986302 1.5083333333333337 
0.01 5.503888888888889 5.404 4.2909523809523815 1.763368794326241 4.60548435171386 0.46796660958904124 1.8080000000000007 
0.6093333333333334 5.821717171717172 6.711636363636364 2.4358730158730157 1.954645390070922 3.6944262295081973 0.12930222602739733 0.15983333333333372 
1.808 5.049848484848485 4.5867272727272725 5.575238095238095 0.01 4.042771982116245 1.830321061643836 1.3585000000000003 
4.804666666666667 8.318939393939393 5.240545454545455 0.01 0.01 3.131713859910582 2.272893835616439 1.6581666666666672 
0.01 4.641212121212121 6.384727272727273 5.717936507936509 0.9663829787234043 4.632280178837557 0.6026626712328769 0.45950000000000024 
2.4073333333333333 5.59469696969697 5.077090909090909 0.01 0.01 4.297332339791357 0.5564811643835618 2.1076666666666677 
1.2086666666666668 4.959040404040404 7.528909090909091 0.01 0.01 5.730909090909092 2.9386772260273974 4.954500000000001 
6.602666666666667 6.139545454545455 0.01 0.01 0.01 7.017108792846498 1.911138698630137 2.8568333333333342 
7.202 4.822828282828283 6.548181818181819 0.01 0.01 3.1719076005961258 0.21396832191780824 3.4561666666666673 
1.2086666666666668 3.733131313131313 4.259818181818182 3.1493650793650794 1.2320449172576833 3.828405365126677 6.225261130136987 0.6093333333333337 
1.808 5.912525252525253 6.384727272727273 3.2920634920634924 0.8494917257683215 3.815007451564829 0.9297816780821918 1.9578333333333342 
1.2086666666666668 4.187171717171717 5.077090909090909 4.0055555555555555 0.01 4.2437406855439646 0.18702910958904118 0.45950000000000024 
0.01 4.959040404040404 7.202 4.2909523809523815 0.01 4.364321907600597 2.9771618150684933 2.5571666666666673 
3.006666666666667 2.0077777777777777 5.077090909090909 0.01 0.01 3.3594783904619976 1.945774828767124 2.2575000000000003 
6.003333333333334 5.549292929292929 6.384727272727273 4.433650793650794 0.01 3.707824143070045 1.6571404109589043 3.6060000000000008 
1.2086666666666668 7.183838383838384 7.365454545454545 0.01 0.01 4.2437406855439646 2.7847388698630144 6.752500000000001 
0.6093333333333334 5.367676767676768 4.750181818181818 5.147142857142858 1.008888888888889 4.47150521609538 0.6911772260273973 0.3096666666666672 
1.808 5.821717171717172 5.894363636363637 3.5774603174603175 2.02903073286052 4.350923994038749 1.799533390410959 0.9090000000000007 
6.602666666666667 4.686616161616161 5.567454545454545 5.717936507936509 0.01 6.199836065573772 0.1716352739726028 3.1565000000000003 
3.006666666666667 7.047626262626262 6.875090909090909 6.288730158730159 5.801430260047281 5.194992548435173 2.0689255136986304 1.9578333333333342 
4.205333333333334 8.818383838383838 5.567454545454545 4.0055555555555555 0.01 4.819850968703428 2.553831335616439 3.0066666666666677 
0.6093333333333334 7.637878787878788 7.202 4.148253968253968 0.01 4.699269746646796 3.169584760273973 4.654833333333334 
1.808 7.86489898989899 6.711636363636364 6.85952380952381 4.951312056737589 5.154798807749628 7.910886130136986 0.6093333333333337 
0.6093333333333334 3.9147474747474744 5.404 7.430317460317461 0.7007210401891253 5.543338301043219 3.2157662671232883 1.2086666666666668 
4.804666666666667 4.959040404040404 6.221272727272727 5.575238095238095 1.2214184397163121 3.748017883755589 2.149743150684932 1.5083333333333337 
0.6093333333333334 4.913636363636363 4.913636363636364 6.574126984126985 1.9015130023640663 4.766259314456036 1.283839897260274 0.45950000000000024 
1.808 5.821717171717172 6.384727272727273 0.01 0.01 2.836959761549926 0.7181164383561646 5.104333333333335 
0.6093333333333334 5.413080808080808 4.423272727272727 1.8650793650793653 0.5413238770685579 2.9977347242921017 0.47566352739726026 0.45950000000000024 
7.202 4.0055555555555555 6.057818181818182 5.717936507936509 0.5838297872340426 4.7394634873323405 1.141446917808219 4.0555 
8.400666666666668 4.5504040404040405 6.384727272727273 3.5774603174603175 1.965271867612293 4.913636363636365 1.2722945205479457 3.7558333333333342 
3.006666666666667 0.01 6.548181818181819 4.576349206349207 0.01 5.503144560357676 1.0182962328767124 2.4073333333333338 
4.804666666666667 4.777424242424242 8.182727272727274 5.147142857142858 0.01 5.811296572280179 0.6065111301369863 3.6060000000000008 
0.6093333333333334 6.321161616161616 5.077090909090909 5.860634920634921 5.110709219858156 5.462950819672132 1.7495034246575347 0.010000000000000231 
0.01 8.182727272727274 5.404 5.575238095238095 0.01 5.637123695976156 6.971862157534247 0.6093333333333337 
0.6093333333333334 4.822828282828283 5.730909090909091 4.0055555555555555 1.4445744680851065 4.592086438152013 0.23321061643835617 0.15983333333333372 
2.4073333333333333 8.95459595959596 5.730909090909091 5.575238095238095 7.916099290780141 4.927034277198213 8.649790239726029 1.5083333333333337 
6.602666666666667 3.8693434343434343 6.057818181818182 0.01 0.01 4.042771982116245 0.8412671232876713 2.1076666666666677 
3.606 4.187171717171717 7.528909090909091 0.01 0.01 2.67618479880775 0.41023972602739733 1.0588333333333342 
1.808 4.368787878787879 4.5867272727272725 4.861746031746032 1.2320449172576833 3.319284649776453 3.319674657534247 2.7070000000000007 
1.2086666666666668 4.595808080808081 4.750181818181818 2.4358730158730157 2.8260165484633566 3.2522950819672136 2.0496832191780823 0.3096666666666672 
0.6093333333333334 4.5504040404040405 5.404 2.1504761904761907 0.6050827423167848 3.1719076005961258 2.249803082191781 0.7591666666666672 
2.4073333333333333 8.591363636363637 9.0 4.433650793650794 0.01 3.828405365126677 2.3036815068493155 2.4073333333333338 
0.6093333333333334 3.596919191919192 6.139545454545455 4.2909523809523815 0.01 4.297332339791357 1.2107191780821918 0.15983333333333372 
2.4073333333333333 5.095252525252525 6.384727272727273 5.717936507936509 0.01 5.288777943368108 0.5949657534246576 2.5571666666666673 
1.2086666666666668 7.138434343434343 6.057818181818182 5.004444444444445 4.685650118203309 5.288777943368108 0.20242294520547954 1.3585000000000003 
0.01 4.8682323232323235 4.913636363636364 3.5774603174603175 0.01 3.547049180327869 0.19857448630136998 0.3096666666666672 
0.6093333333333334 4.641212121212121 6.057818181818182 0.01 0.01 5.302175856929956 0.8143279109589042 3.1565000000000003 
2.4073333333333333 3.8693434343434343 4.750181818181818 3.1493650793650794 0.5306973995271868 3.7346199701937413 0.8643578767123289 1.0588333333333342 
0.6093333333333334 6.184949494949495 6.057818181818182 7.144920634920635 2.1778014184397163 5.020819672131148 1.2222645547945206 0.45950000000000024 
1.808 3.642323232323232 0.01 0.01 0.01 0.01 0.356361301369863 0.15983333333333372 
1.2086666666666668 4.0055555555555555 6.057818181818182 2.7212698412698413 0.5732033096926714 3.895394932935917 0.5680265410958905 0.15983333333333372 
6.003333333333334 6.72979797979798 6.875090909090909 6.85952380952381 2.5284751773049643 5.047615499254844 3.539036815068493 4.505000000000001 
3.606 4.686616161616161 5.894363636363637 4.576349206349207 2.02903073286052 5.061013412816693 0.9336301369863015 5.104333333333335 
1.2086666666666668 3.41530303030303 5.240545454545455 3.434761904761905 0.5944562647754137 3.9891803278688527 1.1106592465753424 1.8080000000000007 
3.606 6.094141414141414 5.730909090909091 3.2920634920634924 1.3914420803782506 4.752861400894188 1.7725941780821923 1.2086666666666668 
4.205333333333334 5.413080808080808 0.01 0.01 0.01 3.3862742175856932 0.4910573630136986 2.4073333333333338 
6.003333333333334 7.365454545454545 6.875090909090909 0.01 0.01 3.721222056631893 0.3871489726027397 4.954500000000001 
0.6093333333333334 6.956818181818182 6.711636363636364 6.003333333333334 5.163841607565011 5.449552906110284 2.3306207191780826 0.3096666666666672 
0.01 4.732020202020202 5.240545454545455 3.2920634920634924 1.2426713947990544 3.7346199701937413 1.433929794520548 0.3096666666666672 
1.808 5.867121212121212 7.528909090909091 7.002222222222223 1.6571040189125297 4.886840536512668 3.412037671232877 1.6581666666666672 
3.006666666666667 4.686616161616161 8.836545454545455 5.28984126984127 0.01 5.261982116244412 0.8605094178082192 6.602666666666668 
3.006666666666667 5.322272727272727 7.528909090909091 0.01 0.01 4.578688524590165 0.9836601027397261 2.5571666666666673 
1.808 5.64010101010101 6.548181818181819 4.719047619047619 1.3914420803782506 4.458107302533533 0.8605094178082192 0.7591666666666672 
0.6093333333333334 4.141767676767676 4.423272727272727 3.5774603174603175 1.0726477541371158 3.3862742175856932 0.5872688356164384 0.3096666666666672 
1.808 8.500555555555556 5.730909090909091 3.1493650793650794 2.1352955082742313 4.886840536512668 1.256900684931507 2.2575000000000003 
4.205333333333334 6.230353535353535 7.365454545454545 5.860634920634921 0.01 4.297332339791357 1.191476883561644 2.7070000000000007 
3.006666666666667 4.368787878787879 6.057818181818182 2.5785714285714287 0.7219739952718677 4.511698956780925 3.523642979452055 3.306333333333334 
6.602666666666667 6.275757575757575 6.221272727272727 0.01 0.01 4.458107302533533 1.3030821917808222 2.1076666666666677 
4.804666666666667 7.047626262626262 5.077090909090909 3.7201587301587304 5.270106382978724 4.565290611028317 1.7764426369863013 3.7558333333333342 
1.808 4.096363636363637 6.384727272727273 0.01 0.01 5.730909090909092 1.8380179794520548 0.010000000000000231 
8.400666666666668 7.955707070707071 5.077090909090909 4.2909523809523815 0.01 4.511698956780925 0.5026027397260274 2.5571666666666673 
4.205333333333334 6.184949494949495 6.057818181818182 3.7201587301587304 1.4445744680851065 3.493457526080477 2.176682363013699 4.505000000000001 
3.006666666666667 7.547070707070707 5.894363636363637 2.7212698412698413 1.8696335697399526 3.4666616989567816 1.945774828767124 4.505000000000001 
0.01 4.414191919191919 5.240545454545455 5.147142857142858 1.0726477541371158 4.94043219076006 1.9958047945205482 0.6093333333333337 
1.808 8.772979797979797 5.730909090909091 4.433650793650794 0.01 4.685871833084948 0.6142080479452057 0.6093333333333337 
0.01 4.777424242424242 5.567454545454545 3.1493650793650794 0.01 2.6895827123695977 0.5949657534246576 0.15983333333333372 
4.804666666666667 8.95459595959596 6.057818181818182 0.01 0.01 3.480059612518629 4.270244006849315 2.7070000000000007 
1.2086666666666668 4.777424242424242 6.139545454545455 0.01 0.01 3.131713859910582 1.8418664383561647 4.804666666666668 
0.6093333333333334 4.050959595959596 5.404 3.2920634920634924 1.008888888888889 3.774813710879285 0.3294220890410958 0.010000000000000231 
1.808 4.0055555555555555 4.750181818181818 1.5796825396825398 0.5838297872340426 3.3326825633383015 0.7142679794520549 0.15983333333333372 
1.2086666666666668 5.549292929292929 4.913636363636364 2.5785714285714287 1.1364066193853428 4.002578241430701 2.4460744863013706 0.15983333333333372 
1.2086666666666668 3.8239393939393937 0.01 0.01 0.01 0.01 0.8566609589041098 0.010000000000000231 
0.01 5.413080808080808 5.404 3.862857142857143 0.01 5.20839046199702 0.6834803082191782 0.15983333333333372 
4.205333333333334 6.6843939393939396 6.221272727272727 0.01 0.01 5.288777943368108 0.675783390410959 3.306333333333334 
5.404 5.64010101010101 5.730909090909091 4.719047619047619 4.281843971631205 4.752861400894188 0.7719948630136987 1.9578333333333342 
1.2086666666666668 3.778535353535353 5.404 3.2920634920634924 0.5413238770685579 4.324128166915053 1.5994135273972607 0.15983333333333372 
3.006666666666667 4.414191919191919 6.221272727272727 3.862857142857143 0.01 4.779657228017885 1.141446917808219 4.654833333333334 
7.801333333333334 4.822828282828283 5.894363636363637 7.715714285714286 0.01 4.913636363636365 0.37175513698630147 3.6060000000000008 
0.01 4.141767676767676 6.548181818181819 0.01 0.01 4.350923994038749 1.9996532534246576 0.9090000000000007 
2.4073333333333333 5.231464646464646 5.894363636363637 0.01 0.01 3.8819970193740687 1.13375 3.7558333333333342 
1.2086666666666668 6.321161616161616 6.139545454545455 0.01 0.01 3.4398658718330855 0.3294220890410958 1.2086666666666668 
0.6093333333333334 5.458484848484848 6.548181818181819 6.85952380952381 2.1352955082742313 5.221788375558868 4.158638698630137 3.0066666666666677 
3.006666666666667 5.912525252525253 6.711636363636364 0.01 0.01 5.248584202682564 3.365856164383562 2.4073333333333338 
7.202 6.3665656565656565 6.711636363636364 6.146031746031746 3.463605200945626 5.261982116244412 1.7187157534246578 5.553833333333333 
1.2086666666666668 5.867121212121212 0.01 0.01 0.01 5.168196721311476 0.8566609589041098 3.0066666666666677 
0.6093333333333334 5.095252525252525 5.894363636363637 4.2909523809523815 1.8802600472813238 4.618882265275708 1.7187157534246578 0.6093333333333337 
1.2086666666666668 7.955707070707071 7.202 0.01 0.01 3.0781222056631896 0.9413270547945206 0.15983333333333372 
1.2086666666666668 5.776313131313131 4.750181818181818 3.434761904761905 2.9322813238770684 3.721222056631893 5.8442636986301375 0.6093333333333337 
0.6093333333333334 4.959040404040404 4.5867272727272725 3.006666666666667 1.4445744680851065 3.3862742175856932 2.8924957191780822 0.3096666666666672 
0.6093333333333334 4.232575757575757 4.5867272727272725 1.5796825396825398 0.01 3.024530551415798 1.2915368150684934 0.15983333333333372 
1.808 5.276868686868687 0.01 0.01 0.01 3.1585096870342775 0.40639126712328777 0.3096666666666672 
0.01 6.411969696969697 0.01 0.01 0.01 5.690715350223548 0.47566352739726026 1.2086666666666668 
4.804666666666667 3.8693434343434343 4.505 2.8639682539682543 0.01 3.2790909090909093 0.21011986301369867 3.1565000000000003 
3.606 5.685505050505051 6.384727272727273 4.433650793650794 0.01 3.707824143070045 1.8611087328767124 4.205333333333334 
1.808 7.183838383838384 5.240545454545455 1.8650793650793653 4.122446808510638 4.190149031296572 0.8220248287671234 0.45950000000000024 
4.804666666666667 5.458484848484848 0.01 0.01 0.01 4.029374068554397 0.3909974315068494 2.5571666666666673 
0.6093333333333334 4.141767676767676 5.240545454545455 3.434761904761905 0.01 3.922190760059613 0.4256335616438357 0.010000000000000231 
6.003333333333334 6.321161616161616 6.548181818181819 0.01 0.01 3.6408345752608056 5.232358732876712 5.404000000000002 
3.606 6.72979797979798 5.894363636363637 5.004444444444445 0.01 4.511698956780925 2.0997131849315074 4.355166666666667 
3.606 0.01 5.567454545454545 5.860634920634921 0.01 5.235186289120716 2.484559075342466 3.0066666666666677 
1.2086666666666668 5.821717171717172 5.240545454545455 6.003333333333334 0.01 5.369165424739196 3.923882705479452 0.45950000000000024 
0.01 5.413080808080808 5.240545454545455 2.5785714285714287 0.9876359338061466 4.685871833084948 2.4768621575342467 0.3096666666666672 
0.6093333333333334 3.596919191919192 4.913636363636364 6.003333333333334 0.5200709219858156 5.838092399403876 2.295984589041096 0.3096666666666672 
3.606 4.641212121212121 6.711636363636364 0.01 0.01 4.136557377049181 0.3794520547945206 2.2575000000000003 
0.01 8.137323232323233 4.096363636363637 5.147142857142858 1.6996099290780142 5.07441132637854 1.437778253424658 0.15983333333333372 
0.01 5.367676767676768 6.875090909090909 6.7168253968253975 2.4540898345153663 6.146244411326379 1.8072303082191787 1.5083333333333337 
1.2086666666666668 5.867121212121212 6.057818181818182 3.7201587301587304 2.1884278959810874 4.458107302533533 1.9611686643835617 0.6093333333333337 
4.804666666666667 8.818383838383838 6.548181818181819 0.01 0.01 3.5068554396423255 1.8072303082191787 6.902333333333335 
0.6093333333333334 6.502777777777777 6.875090909090909 3.2920634920634924 3.304208037825059 5.690715350223548 3.8276712328767117 0.15983333333333372 
1.808 3.8239393939393937 5.894363636363637 4.576349206349207 0.01 4.994023845007453 0.7142679794520549 1.0588333333333342 
5.404 7.501666666666667 7.202 0.01 0.01 4.082965722801789 0.8489640410958904 4.205333333333334 
5.404 6.094141414141414 6.057818181818182 4.719047619047619 0.6475886524822695 3.480059612518629 1.4570205479452056 9.000000000000002 
4.205333333333334 8.909191919191919 7.365454545454545 0.01 0.01 5.3423695976155 1.4223844178082192 3.0066666666666677 
3.606 4.777424242424242 5.730909090909091 4.576349206349207 0.7326004728132388 4.136557377049181 0.15624143835616439 2.4073333333333338 
1.2086666666666668 5.322272727272727 7.365454545454545 2.7212698412698413 0.7644799054373522 3.3862742175856932 0.891297089041096 0.010000000000000231 
4.205333333333334 4.414191919191919 6.221272727272727 4.576349206349207 0.9770094562647754 5.489746646795828 3.038737157534247 1.6581666666666672 
0.6093333333333334 6.321161616161616 3.7694545454545456 2.7212698412698413 0.8919976359338062 3.855201192250373 2.203621575342466 0.15983333333333372 
0.01 6.275757575757575 0.01 0.01 0.01 4.87344262295082 3.2773416095890413 0.6093333333333337 
2.4073333333333333 5.322272727272727 5.240545454545455 3.862857142857143 1.285177304964539 4.458107302533533 0.5718750000000001 0.45950000000000024 
0.01 6.230353535353535 3.2790909090909093 5.004444444444445 1.7952482269503547 5.784500745156484 8.492003424657536 1.8080000000000007 
5.404 7.456262626262626 6.875090909090909 3.006666666666667 0.01 4.136557377049181 2.8847988013698633 1.6581666666666672 
4.205333333333334 4.686616161616161 5.404 4.576349206349207 0.01 5.248584202682564 1.010599315068493 1.5083333333333337 
3.006666666666667 6.230353535353535 8.836545454545455 0.01 0.01 6.548181818181819 0.5603296232876712 2.4073333333333338 
4.205333333333334 7.637878787878788 7.202 6.003333333333334 3.4210992907801416 5.128002980625933 2.7154666095890416 2.8568333333333342 
4.804666666666667 5.7309090909090905 7.202 5.147142857142858 1.157659574468085 5.168196721311476 1.0298416095890413 4.205333333333334 
0.6093333333333334 3.778535353535353 5.567454545454545 0.01 0.01 2.448420268256334 2.0881678082191786 0.9090000000000007 
3.606 3.642323232323232 6.548181818181819 5.147142857142858 0.01 5.3423695976155 0.3679066780821918 1.0588333333333342 
4.205333333333334 6.82060606060606 5.404 6.003333333333334 3.644255319148936 4.659076005961253 2.4499229452054796 3.1565000000000003 
0.6093333333333334 4.505 5.894363636363637 4.2909523809523815 0.20127659574468088 5.181594634873324 1.2722945205479457 0.010000000000000231 
2.4073333333333333 4.141767676767676 5.730909090909091 4.576349206349207 0.9451300236406619 4.444709388971685 1.4031421232876715 0.15983333333333372 
0.01 5.186060606060606 6.548181818181819 4.861746031746032 3.03854609929078 5.931877794336812 0.3294220890410958 0.9090000000000007 
3.006666666666667 3.506111111111111 6.711636363636364 5.860634920634921 0.4563120567375887 4.80645305514158 0.2870890410958905 2.1076666666666677 
4.804666666666667 8.545959595959596 6.384727272727273 0.01 0.01 6.427600596125187 0.21396832191780824 3.306333333333334 
0.01 5.867121212121212 6.548181818181819 0.01 0.01 4.190149031296572 2.3921960616438356 1.2086666666666668 
9.0 6.184949494949495 5.730909090909091 4.576349206349207 1.1789125295508274 4.980625931445604 0.2755436643835617 3.306333333333334 
3.006666666666667 3.3244949494949494 4.913636363636364 0.01 0.01 3.600640834575261 0.7181164383561646 0.9090000000000007 
0.01 7.320050505050505 4.096363636363637 0.01 0.01 2.9441430700447095 0.6642380136986302 6.602666666666668 
1.2086666666666668 4.096363636363637 5.567454545454545 6.003333333333334 0.01 5.128002980625933 1.6225042808219179 0.9090000000000007 
4.205333333333334 6.184949494949495 7.365454545454545 0.01 0.01 4.015976154992549 0.4949058219178083 4.355166666666667 
1.2086666666666668 3.6877272727272725 5.894363636363637 2.1504761904761907 0.817612293144208 4.042771982116245 1.79183647260274 0.6093333333333337 
1.808 6.82060606060606 6.221272727272727 0.01 0.01 2.8235618479880777 0.4833604452054795 2.4073333333333338 
0.6093333333333334 3.2336868686868687 3.932909090909091 2.5785714285714287 0.817612293144208 2.74317436661699 0.9297816780821918 0.15983333333333372 
0.6093333333333334 4.8682323232323235 5.567454545454545 2.7212698412698413 0.01 3.5604470938897173 0.3217251712328768 0.45950000000000024 
2.4073333333333333 6.411969696969697 6.057818181818182 0.01 0.01 3.707824143070045 0.6257534246575343 2.8568333333333342 
3.606 3.960151515151515 6.548181818181819 0.01 0.01 3.1183159463487335 0.010000000000000064 1.6581666666666672 
0.6093333333333334 4.0055555555555555 2.461818181818182 6.003333333333334 1.0620212765957446 7.378852459016395 1.5955650684931508 0.7591666666666672 
1.2086666666666668 4.913636363636363 5.240545454545455 0.01 0.01 4.136557377049181 0.29478595890410964 0.010000000000000231 
4.804666666666667 7.592474747474747 8.67309090909091 6.574126984126985 2.4647163120567375 5.047615499254844 0.3217251712328768 3.306333333333334 
1.808 5.276868686868687 6.057818181818182 2.1504761904761907 1.1257801418439717 3.5336512667660216 0.09851455479452059 0.45950000000000024 
3.006666666666667 7.365454545454545 8.509636363636364 0.01 0.01 5.061013412816693 0.26784674657534246 4.654833333333334 
1.808 7.183838383838384 5.730909090909091 4.2909523809523815 3.4954846335697396 4.766259314456036 1.010599315068493 2.1076666666666677 
6.602666666666667 6.502777777777777 7.692363636363637 4.719047619047619 1.5614657210401892 4.913636363636365 0.6642380136986302 4.505000000000001 
0.6093333333333334 7.456262626262626 6.711636363636364 6.146031746031746 0.7219739952718677 4.40451564828614 0.9990539383561646 4.355166666666667 
2.4073333333333333 6.638989898989899 6.384727272727273 0.01 0.01 5.168196721311476 1.6879280821917813 6.902333333333335 
0.01 4.141767676767676 5.567454545454545 4.576349206349207 2.241560283687943 5.355767511177348 1.1529922945205482 0.6093333333333337 
6.003333333333334 5.867121212121212 5.077090909090909 5.147142857142858 0.01 5.529940387481372 1.3838998287671234 2.5571666666666673 
0.01 4.3233838383838386 6.956818181818182 3.5774603174603175 0.39255319148936174 5.020819672131148 0.637298801369863 0.45950000000000024 
1.2086666666666668 4.5504040404040405 5.240545454545455 3.2920634920634924 0.01 3.9891803278688527 1.1029623287671235 0.010000000000000231 
2.4073333333333333 4.3233838383838386 5.240545454545455 0.01 0.01 4.297332339791357 0.30633133561643844 1.5083333333333337 
3.006666666666667 5.049848484848485 5.894363636363637 4.0055555555555555 0.01 3.2121013412816692 1.2530522260273975 0.9090000000000007 
0.6093333333333334 4.822828282828283 6.221272727272727 0.01 0.01 5.034217585692996 0.4448758561643835 0.7591666666666672 
3.606 6.866010101010101 5.077090909090909 4.433650793650794 1.285177304964539 4.766259314456036 2.3498630136986307 1.0588333333333342 
0.6093333333333334 5.64010101010101 4.913636363636364 4.576349206349207 0.01 4.80645305514158 1.6648373287671236 0.010000000000000231 
1.2086666666666668 7.91030303030303 7.202 5.28984126984127 1.285177304964539 5.972071535022356 2.172833904109589 0.45950000000000024 
4.205333333333334 8.500555555555556 5.567454545454545 5.575238095238095 3.240449172576832 5.061013412816693 0.6642380136986302 3.0066666666666677 
4.205333333333334 5.867121212121212 5.567454545454545 7.002222222222223 1.3383096926713949 5.168196721311476 1.3762029109589045 3.306333333333334 
5.404 4.141767676767676 5.567454545454545 0.01 0.01 3.2522950819672136 0.45642123287671243 5.553833333333333 
0.6093333333333334 3.2336868686868687 5.077090909090909 0.01 0.01 2.9307451564828617 1.287688356164384 0.7591666666666672 
5.404 5.549292929292929 4.5867272727272725 0.01 0.01 4.47150521609538 3.973912671232877 1.8080000000000007 
7.801333333333334 5.867121212121212 0.01 4.2909523809523815 0.01 5.355767511177348 1.8765025684931507 3.4561666666666673 
1.2086666666666668 4.459595959595959 4.913636363636364 2.4358730158730157 1.285177304964539 4.659076005961253 0.4487243150684932 0.15983333333333372 
4.804666666666667 4.141767676767676 6.711636363636364 0.01 0.01 4.779657228017885 1.945774828767124 7.052166666666668 
0.01 3.8239393939393937 6.711636363636364 4.433650793650794 1.3383096926713949 5.128002980625933 0.5834203767123289 0.3096666666666672 
2.4073333333333333 5.957929292929292 5.567454545454545 3.006666666666667 1.7739952718676124 4.444709388971685 0.3024828767123289 1.0588333333333342 
1.2086666666666668 5.549292929292929 6.221272727272727 3.862857142857143 2.1352955082742313 4.819850968703428 1.5455351027397262 0.7591666666666672 
0.6093333333333334 5.821717171717172 8.019272727272728 5.860634920634921 0.6263356973995272 4.297332339791357 4.7705436643835615 1.8080000000000007 
6.003333333333334 5.231464646464646 0.01 0.01 0.01 4.7394634873323405 0.20242294520547954 1.2086666666666668 
4.804666666666667 5.64010101010101 6.221272727272727 3.434761904761905 6.385886524822695 3.855201192250373 2.3306207191780826 4.654833333333334 
1.2086666666666668 7.047626262626262 6.057818181818182 2.4358730158730157 1.0301418439716312 3.5738450074515655 1.3531121575342469 0.9090000000000007 
1.808 7.728686868686869 5.240545454545455 5.28984126984127 2.4009574468085106 4.632280178837557 1.0567808219178083 1.3585000000000003 
5.404 7.002222222222223 6.384727272727273 4.2909523809523815 1.0726477541371158 4.149955290611029 0.31787671232876713 3.6060000000000008 
3.606 6.230353535353535 4.995363636363637 0.01 0.01 3.2522950819672136 0.26784674657534246 5.104333333333335 
7.801333333333334 3.4607070707070706 4.913636363636364 0.01 0.01 4.40451564828614 0.3794520547945206 3.0066666666666677 
1.2086666666666668 5.59469696969697 3.932909090909091 4.576349206349207 1.763368794326241 5.650521609538004 1.6879280821917813 0.7591666666666672 
1.808 4.505 5.077090909090909 2.7212698412698413 0.7963593380614657 2.9307451564828617 0.7604494863013699 0.7591666666666672 
1.808 3.960151515151515 4.913636363636364 2.5785714285714287 0.01 2.9307451564828617 1.3954452054794522 0.010000000000000231 
6.003333333333334 3.0974747474747475 8.67309090909091 3.2920634920634924 0.5306973995271868 4.766259314456036 0.7835402397260275 3.9056666666666677 
0.01 7.365454545454545 6.221272727272727 8.001111111111111 1.0726477541371158 7.137690014903131 2.607709760273973 0.6093333333333337 
3.006666666666667 6.184949494949495 6.875090909090909 5.860634920634921 0.9451300236406619 4.699269746646796 0.7873886986301372 2.1076666666666677 
7.801333333333334 4.732020202020202 5.894363636363637 0.01 0.01 4.190149031296572 1.4762628424657538 2.5571666666666673 
0.6093333333333334 5.912525252525253 4.913636363636364 3.2920634920634924 1.816501182033097 3.8418032786885252 2.3498630136986307 0.010000000000000231 
1.2086666666666668 6.638989898989899 0.01 0.01 0.01 3.6944262295081973 0.6103595890410959 1.0588333333333342 
0.6093333333333334 5.322272727272727 4.913636363636364 3.2920634920634924 1.1364066193853428 4.53849478390462 1.4801113013698632 0.9090000000000007 
1.808 5.049848484848485 7.365454545454545 1.7223809523809526 0.8388652482269504 3.815007451564829 1.5917166095890414 1.2086666666666668 
3.606 3.8693434343434343 6.384727272727273 0.01 0.01 4.190149031296572 1.1568407534246576 3.1565000000000003 
0.01 6.094141414141414 4.750181818181818 2.8639682539682543 3.102304964539007 3.547049180327869 1.04138698630137 0.010000000000000231 
0.6093333333333334 8.228131313131312 5.240545454545455 4.2909523809523815 1.9227659574468086 4.578688524590165 0.9490239726027397 2.5571666666666673 
2.4073333333333333 5.186060606060606 5.322272727272727 0.01 0.01 2.9441430700447095 1.3492636986301374 2.4073333333333338 
3.606 4.459595959595959 4.750181818181818 4.719047619047619 2.02903073286052 4.565290611028317 1.341566780821918 3.306333333333334 
1.808 3.778535353535353 4.750181818181818 4.433650793650794 0.20127659574468088 4.60548435171386 0.9798116438356167 0.6093333333333337 
1.2086666666666668 5.367676767676768 6.548181818181819 0.01 0.01 5.757704918032788 2.3537114726027397 0.010000000000000231 
1.2086666666666668 5.231464646464646 5.240545454545455 3.1493650793650794 0.01 4.136557377049181 1.3069306506849316 0.010000000000000231 
0.01 9.0 5.404 4.576349206349207 2.9216548463356973 5.543338301043219 1.6186558219178084 1.0588333333333342 
1.2086666666666668 5.095252525252525 5.567454545454545 3.1493650793650794 1.008888888888889 4.578688524590165 0.8989940068493151 0.7591666666666672 
1.2086666666666668 5.095252525252525 6.384727272727273 7.144920634920635 1.4977068557919622 5.288777943368108 0.36020976027397267 0.45950000000000024 
0.6093333333333334 5.912525252525253 5.730909090909091 1.8650793650793653 1.1257801418439717 3.480059612518629 1.5032020547945208 0.15983333333333372 
0.01 3.8239393939393937 5.240545454545455 3.1493650793650794 0.7113475177304964 4.80645305514158 1.7841395547945211 0.010000000000000231 
0.6093333333333334 4.187171717171717 5.077090909090909 3.5774603174603175 0.4456855791962175 2.622593144560358 1.5416866438356167 0.6093333333333337 
4.205333333333334 4.777424242424242 0.01 0.01 0.01 0.01 0.8605094178082192 0.45950000000000024 
1.2086666666666668 8.95459595959596 5.730909090909091 6.4314285714285715 5.780177304964539 4.096363636363637 0.29478595890410964 4.804666666666668 
1.808 4.505 6.548181818181819 1.5796825396825398 0.6900945626477542 2.595797317436662 0.7796917808219178 1.3585000000000003 
6.003333333333334 5.549292929292929 5.567454545454545 0.01 0.01 4.190149031296572 0.6796318493150686 3.0066666666666677 
0.01 2.5980303030303027 4.913636363636364 0.01 0.01 2.9173472429210134 2.515346746575343 6.902333333333335 
1.2086666666666668 6.094141414141414 5.730909090909091 0.01 0.01 3.8819970193740687 1.7725941780821923 0.3096666666666672 
1.808 7.183838383838384 6.221272727272727 5.147142857142858 2.6134869976359334 4.2437406855439646 2.961767979452055 1.0588333333333342 
4.205333333333334 6.0487373737373735 6.875090909090909 0.01 0.01 5.395961251862892 2.3652568493150685 2.4073333333333338 
4.804666666666667 8.001111111111111 7.365454545454545 4.861746031746032 3.1979432624113473 4.525096870342773 1.4839597602739727 5.553833333333333 
0.6093333333333334 4.414191919191919 5.730909090909091 5.717936507936509 0.01 5.114605067064084 0.525693493150685 1.3585000000000003 
0.01 4.777424242424242 7.365454545454545 0.01 0.01 3.9757824143070053 0.4448758561643835 3.7558333333333342 
1.2086666666666668 4.187171717171717 4.259818181818182 0.01 0.01 4.042771982116245 0.2293621575342466 0.15983333333333372 
