1.0676470588235294 4.096363636363637 4.431311475409836 0.01 0.01 3.1585096870342775 0.44376174210076863 0.7591666666666668 
3.7117647058823526 8.364343434343434 6.199836065573771 3.0066666666666664 0.01 4.766259314456036 1.0732920580700256 3.755833333333333 
0.5388235294117647 4.777424242424242 4.283934426229508 0.01 0.01 3.2656929955290614 0.42840734415029885 0.009999999999999787 
3.7117647058823526 6.6843939393939396 5.610327868852459 0.01 0.01 5.288777943368108 0.6971093082835185 4.130416666666665 
2.6541176470588232 6.548181818181818 6.052459016393443 2.371010101010101 4.435129533678756 4.297332339791357 1.4456362083689154 6.939791666666666 
5.298235294117647 5.549292929292929 5.0208196721311475 0.01 0.01 4.190149031296572 0.7009479077711358 3.755833333333333 
1.0676470588235294 7.047626262626262 5.462950819672131 1.5537373737373739 1.5005699481865284 3.5738450074515655 1.3727028181041845 1.1337499999999996 
3.182941176470588 5.231464646464646 4.431311475409836 3.5515151515151513 0.01 4.525096870342773 0.6510461144321094 3.568541666666666 
0.5388235294117647 5.322272727272727 6.494590163934427 2.1893939393939394 2.2613816925734023 4.632280178837557 1.2575448334756616 3.568541666666666 
5.298235294117647 5.549292929292929 5.757704918032787 2.825050505050505 0.01 3.707824143070045 1.6759521776259607 4.504999999999999 
0.01 5.322272727272727 4.87344262295082 2.825050505050505 2.9290328151986182 4.136557377049181 1.6030187873612296 0.1972916666666662 
1.0676470588235294 4.822828282828283 4.726065573770492 3.188282828282828 1.857685664939551 4.096363636363637 5.084628522630231 2.4447916666666667 
4.240588235294117 4.959040404040404 5.610327868852459 3.5515151515151513 1.7800518134715027 3.748017883755589 2.1672929120409905 1.8829166666666661 
0.5388235294117647 4.959040404040404 2.8101639344262295 1.6445454545454545 1.8732124352331607 3.1049180327868857 1.2728992314261316 0.9464583333333327 
0.5388235294117647 6.638989898989899 4.13655737704918 0.01 0.01 3.9891803278688527 1.8755593509820665 1.5083333333333333 
2.6541176470588232 7.047626262626262 6.199836065573771 4.0055555555555555 8.472089810017271 5.194992548435173 2.0866823228010247 2.4447916666666667 
0.01 4.641212121212121 3.8418032786885243 0.01 0.01 3.3728763040238454 0.010000000000000009 0.009999999999999787 
4.240588235294117 5.7309090909090905 5.462950819672131 3.4607070707070706 1.1745077720207253 3.480059612518629 0.3324423569598634 3.381249999999999 
0.01 5.821717171717172 5.0208196721311475 1.7353535353535354 2.8048186528497405 4.096363636363637 5.050081127241675 0.7591666666666668 
4.7694117647058825 5.549292929292929 4.13655737704918 0.01 0.01 4.47150521609538 3.9867890691716483 2.2575 
3.7117647058823526 6.82060606060606 4.87344262295082 3.8239393939393937 5.320155440414507 4.659076005961253 2.466703672075149 3.9431249999999998 
0.5388235294117647 6.321161616161616 3.399672131147541 1.7353535353535354 1.2987219343696028 3.855201192250373 2.2210333048676345 0.1972916666666662 
4.240588235294117 5.004444444444444 5.610327868852459 0.01 0.01 3.7346199701937413 0.6203373185311698 6.939791666666666 
1.0676470588235294 4.096363636363637 5.905081967213115 1.2813131313131314 0.863972366148532 3.2790909090909093 0.6664005123825789 0.5718749999999999 
0.5388235294117647 4.913636363636363 4.431311475409836 4.187171717171717 2.7737651122625215 4.766259314456036 1.3036080273270707 0.5718749999999999 
5.298235294117647 7.637878787878788 5.462950819672131 0.01 0.01 5.101207153502236 1.7719171648163963 2.4447916666666667 
2.1252941176470586 5.231464646464646 5.315573770491803 0.01 0.01 3.8819970193740687 1.1539026473099914 4.692291666666666 
2.1252941176470586 5.59469696969697 5.905081967213115 1.372121212121212 2.742711571675302 4.297332339791357 1.4110888129803585 2.4447916666666667 
1.0676470588235294 6.411969696969697 4.283934426229508 3.0974747474747475 1.997426597582038 3.4130700447093894 2.3937702818104185 0.5718749999999999 
2.1252941176470586 5.867121212121212 4.431311475409836 1.0996969696969698 3.5966839378238338 3.6944262295081973 1.733531169940222 1.8829166666666661 
0.01 4.459595959595959 6.052459016393443 1.372121212121212 1.3142487046632125 3.3862742175856932 0.85833048676345 0.1972916666666662 
0.5388235294117647 8.772979797979797 3.6944262295081964 1.462929292929293 5.832538860103627 3.480059612518629 2.224871904355252 0.5718749999999999 
0.5388235294117647 4.414191919191919 4.87344262295082 1.372121212121212 2.1837478411053537 3.1183159463487335 1.5799871904355254 0.1972916666666662 
1.596470588235294 7.683282828282828 5.462950819672131 1.7353535353535354 1.950846286701209 4.015976154992549 0.73933390264731 1.8829166666666661 
7.94235294117647 6.184949494949495 5.1681967213114755 2.9158585858585857 1.717944732297064 4.980625931445604 0.2978949615713065 4.130416666666665 
1.0676470588235294 5.549292929292929 3.8418032786885243 3.9147474747474744 2.463229706390328 4.860044709388973 2.8428864218616563 1.3210416666666664 
1.596470588235294 3.642323232323232 6.052459016393443 2.825050505050505 1.096873920552677 4.592086438152013 4.670059777967548 1.1337499999999996 
0.5388235294117647 4.959040404040404 4.13655737704918 1.916969696969697 2.1061139896373056 3.3862742175856932 2.9081426131511527 0.38458333333333306 
2.6541176470588232 4.686616161616161 7.968360655737705 3.36989898989899 0.01 5.261982116244412 0.8813620836891545 8.250833333333333 
2.1252941176470586 3.778535353535353 6.347213114754099 1.7353535353535354 0.01 3.935588673621461 0.9274252775405636 2.4447916666666667 
5.298235294117647 5.231464646464646 7.231475409836065 0.01 0.01 3.2254992548435175 3.6336379163108457 2.4447916666666667 
0.5388235294117647 5.095252525252525 5.315573770491803 2.734242424242424 2.742711571675302 4.618882265275708 1.7373697694278394 0.7591666666666668 
0.5388235294117647 5.049848484848485 6.347213114754099 1.7353535353535354 0.01 4.042771982116245 0.2595089666951324 0.38458333333333306 
1.0676470588235294 5.458484848484848 5.610327868852459 3.36989898989899 1.6403108808290154 5.328971684053652 0.5358881298035867 1.5083333333333333 
1.596470588235294 3.778535353535353 4.283934426229508 2.825050505050505 0.2894818652849741 4.60548435171386 1.0003586678052947 0.7591666666666668 
3.182941176470588 4.686616161616161 4.87344262295082 0.01 0.01 3.2656929955290614 0.6664005123825789 1.5083333333333333 
0.5388235294117647 5.7309090909090905 4.13655737704918 2.6434343434343432 2.37006908462867 3.855201192250373 2.785307429547395 0.009999999999999787 
0.01 6.003333333333333 5.757704918032787 0.01 0.01 4.350923994038749 1.2191588385994874 0.009999999999999787 
1.596470588235294 4.096363636363637 5.757704918032787 0.01 0.01 5.730909090909092 1.8563663535439794 0.009999999999999787 
0.01 6.411969696969697 6.199836065573771 2.371010101010101 0.01 4.350923994038749 1.3727028181041845 0.1972916666666662 
1.596470588235294 5.549292929292929 5.757704918032787 0.01 0.01 3.0915201192250374 0.685593509820666 3.568541666666666 
5.827058823529411 5.049848484848485 6.199836065573771 3.642323232323232 0.01 6.280223546944859 3.261293766011956 4.504999999999999 
1.0676470588235294 4.5504040404040405 5.1681967213114755 4.732020202020202 0.8950259067357513 5.436154992548436 2.3093210930828354 0.7591666666666668 
4.7694117647058825 7.728686868686869 5.462950819672131 2.825050505050505 0.01 5.905081967213116 1.2575448334756616 4.130416666666665 
9.0 7.410858585858586 5.315573770491803 3.733131313131313 1.7800518134715027 5.489746646795828 2.846725021349274 4.879583333333333 
2.1252941176470586 5.095252525252525 5.757704918032787 3.642323232323232 0.01 5.288777943368108 0.6164987190435525 3.1939583333333332 
3.182941176470588 8.863787878787878 5.1681967213114755 0.01 0.01 4.149955290611029 0.9696498719043551 1.8829166666666661 
3.7117647058823526 2.825050505050505 5.757704918032787 0.01 0.01 4.377719821162445 1.2114816396242527 3.755833333333333 
1.0676470588235294 3.0974747474747475 4.578688524590164 1.1905050505050505 0.2429015544041451 2.702980625931446 0.6971093082835185 0.38458333333333306 
0.5388235294117647 4.232575757575757 4.13655737704918 1.008888888888889 0.01 3.024530551415798 1.3112852263023058 0.1972916666666662 
1.596470588235294 5.912525252525253 4.726065573770492 0.01 0.01 3.1049180327868857 0.9159094790777114 0.1972916666666662 
2.1252941176470586 6.003333333333333 6.347213114754099 2.825050505050505 0.01 3.7614157973174374 1.3189624252775405 7.876249999999999 
3.7117647058823526 5.186060606060606 5.610327868852459 1.5537373737373739 1.717944732297064 3.1987034277198214 1.4993766011955594 1.8829166666666661 
1.596470588235294 7.728686868686869 4.726065573770492 3.36989898989899 3.503523316062176 4.632280178837557 1.0771306575576431 1.6956249999999993 
4.240588235294117 3.36989898989899 5.1681967213114755 3.642323232323232 0.7708117443868739 4.7394634873323405 2.416801878736123 3.381249999999999 
5.298235294117647 4.913636363636363 4.87344262295082 0.01 0.01 4.350923994038749 0.7546883005977798 3.9431249999999998 
1.596470588235294 4.505 5.905081967213115 1.008888888888889 1.003713298791019 2.595797317436662 0.8007514944491885 1.6956249999999993 
2.6541176470588232 7.547070707070707 5.315573770491803 1.7353535353535354 2.7271848013816924 3.4666616989567816 1.9638471391972674 5.628749999999998 
1.0676470588235294 4.777424242424242 5.536639344262295 0.01 0.01 3.131713859910582 1.8602049530315972 6.003333333333332 
3.182941176470588 5.322272727272727 7.084098360655737 0.01 0.01 3.855201192250373 0.3132493595217763 1.6956249999999993 
4.7694117647058825 8.364343434343434 6.273524590163935 1.372121212121212 0.01 4.029374068554397 4.366810418445773 5.254166666666666 
0.01 4.5504040404040405 6.494590163934427 5.458484848484848 1.717944732297064 6.280223546944859 3.4033219470538003 1.8829166666666661 
4.240588235294117 5.685505050505051 7.084098360655737 0.01 0.01 0.01 0.6011443210930827 6.190624999999999 
0.5388235294117647 4.641212121212121 5.462950819672131 0.01 0.01 5.302175856929956 0.8352988898377454 3.9431249999999998 
0.01 5.685505050505051 5.0208196721311475 0.01 0.01 3.319284649776453 0.50134073441503 0.009999999999999787 
1.0676470588235294 3.778535353535353 4.87344262295082 2.0985858585858583 0.7863385146804835 4.324128166915053 1.6183731853116996 0.1972916666666662 
2.6541176470588232 7.183838383838384 5.1681967213114755 0.01 0.01 4.002578241430701 0.5051793339026474 7.876249999999999 
3.182941176470588 4.686616161616161 5.315573770491803 2.9158585858585857 2.9600863557858372 5.061013412816693 0.9542954739538856 6.377916666666666 
1.596470588235294 4.822828282828283 3.9891803278688522 1.916969696969697 2.463229706390328 4.149955290611029 0.831460290350128 0.5718749999999999 
2.6541176470588232 6.502777777777777 5.757704918032787 0.01 0.01 6.039061102831596 0.4399231426131512 4.879583333333333 
0.01 4.232575757575757 4.431311475409836 2.28020202020202 1.4384628670120898 3.855201192250373 1.7527241673783092 0.1972916666666662 
0.5388235294117647 8.909191919191919 5.610327868852459 3.279090909090909 3.876165803108808 4.900238450074516 3.0693637916310843 1.5083333333333333 
1.0676470588235294 4.505 5.1681967213114755 1.462929292929293 0.6931778929188256 2.74317436661699 0.6126601195559351 1.1337499999999996 
1.596470588235294 5.867121212121212 4.726065573770492 2.6434343434343432 1.7955785837651124 3.547049180327869 0.5512425277540562 1.3210416666666664 
2.1252941176470586 5.004444444444444 6.789344262295082 0.01 0.01 5.047615499254844 0.44376174210076863 1.6956249999999993 
0.01 5.957929292929292 4.87344262295082 3.642323232323232 0.01 4.60548435171386 0.46295473953885574 0.1972916666666662 
5.298235294117647 3.41530303030303 6.052459016393443 0.01 0.01 4.47150521609538 0.7201409052092229 3.1939583333333332 
0.5388235294117647 3.6877272727272725 5.462950819672131 3.733131313131313 0.8950259067357513 6.213233979135619 3.9176942783945337 2.070208333333333 
1.596470588235294 5.64010101010101 5.905081967213115 3.0066666666666664 2.028480138169257 4.458107302533533 0.8813620836891545 0.9464583333333327 
3.182941176470588 7.002222222222223 5.462950819672131 2.9158585858585857 3.0066666666666664 3.935588673621461 2.9311742100768576 3.381249999999999 
0.5388235294117647 6.77520202020202 5.0208196721311475 2.6434343434343432 1.9818998272884283 3.935588673621461 1.050260461144321 3.9431249999999998 
1.596470588235294 7.86489898989899 6.199836065573771 3.0066666666666664 7.369689119170984 4.793055141579733 0.7009479077711358 0.1972916666666662 
3.182941176470588 4.777424242424242 5.905081967213115 2.5526262626262626 0.01 4.364321907600597 3.0808795900939367 0.9464583333333327 
1.596470588235294 5.231464646464646 4.87344262295082 3.5515151515151513 2.1837478411053537 5.114605067064084 0.2863791631084543 1.3210416666666664 
0.5388235294117647 4.414191919191919 5.1681967213114755 3.642323232323232 0.01 5.114605067064084 0.5474039282664389 1.6956249999999993 
1.0676470588235294 4.3233838383838386 3.9891803278688522 1.2813131313131314 1.3763557858376512 3.5068554396423255 2.581861656703672 0.1972916666666662 
3.7117647058823526 6.9114141414141415 6.494590163934427 4.0055555555555555 0.01 6.708956780923995 1.004197267292912 2.8193749999999995 
0.5388235294117647 4.368787878787879 9.0 0.01 0.01 3.0111326378539496 0.5051793339026474 1.1337499999999996 
0.5388235294117647 4.3233838383838386 4.87344262295082 1.1905050505050505 0.6000172711571675 2.635991058122206 0.9926814688300596 0.7591666666666668 
1.596470588235294 5.049848484848485 4.283934426229508 2.825050505050505 0.6931778929188256 3.962384500745157 1.361187019641332 0.1972916666666662 
0.01 6.139545454545455 6.93672131147541 4.187171717171717 2.2613816925734023 5.449552906110284 0.8007514944491885 0.9464583333333327 
4.240588235294117 4.777424242424242 7.378852459016393 3.279090909090909 0.01 5.811296572280179 0.6280145175064047 4.504999999999999 
3.7117647058823526 4.414191919191919 5.610327868852459 2.9158585858585857 1.42293609671848 5.489746646795828 3.054009393680615 2.070208333333333 
5.827058823529411 5.776313131313131 7.820983606557377 0.01 0.01 5.235186289120716 0.4399231426131512 5.628749999999998 
3.7117647058823526 6.457373737373738 6.6419672131147545 2.1893939393939394 7.462849740932643 4.082965722801789 0.20192997438087107 4.130416666666665 
0.5388235294117647 8.228131313131312 5.757704918032787 3.8239393939393937 4.559343696027634 5.369165424739196 4.539547395388557 0.1972916666666662 
0.01 3.3244949494949494 0.01 0.01 0.01 2.836959761549926 1.0233902647309991 0.7591666666666668 
1.596470588235294 8.682171717171718 5.0208196721311475 1.372121212121212 2.028480138169257 4.149955290611029 0.85833048676345 2.4447916666666667 
0.5388235294117647 3.733131313131313 4.726065573770492 1.1905050505050505 1.4850431778929187 2.850357675111774 1.3036080273270707 0.38458333333333306 
0.5388235294117647 6.502777777777777 6.199836065573771 2.0985858585858583 4.823298791018998 5.690715350223548 3.840922288642185 0.1972916666666662 
4.240588235294117 4.3233838383838386 5.315573770491803 0.01 0.01 4.94043219076006 1.5723099914602903 6.7524999999999995 
1.0676470588235294 4.913636363636363 5.905081967213115 0.01 0.01 3.6274366616989573 0.7047865072587531 5.816041666666665 
0.01 5.957929292929292 6.494590163934427 0.01 0.01 4.2437406855439646 2.5626686592655847 2.070208333333333 
0.01 4.232575757575757 4.431311475409836 0.01 0.01 4.7394634873323405 0.7201409052092229 0.7591666666666668 
1.0676470588235294 3.8239393939393937 3.6944262295081964 2.0985858585858583 1.190034542314335 4.082965722801789 3.4263535439795043 0.009999999999999787 
3.182941176470588 6.72979797979798 5.315573770491803 3.188282828282828 0.01 4.511698956780925 2.1173911187019643 5.441458333333333 
0.01 4.141767676767676 5.905081967213115 0.01 0.01 4.350923994038749 2.017587532023911 1.1337499999999996 
4.7694117647058825 5.64010101010101 5.1681967213114755 3.0066666666666664 6.2517616580310875 4.752861400894188 0.7930742954739538 2.4447916666666667 
3.182941176470588 4.187171717171717 4.578688524590164 2.9158585858585857 1.9663730569948186 4.297332339791357 0.036870196413321954 4.692291666666666 
2.6541176470588232 6.184949494949495 6.052459016393443 0.01 0.01 0.01 2.1672929120409905 8.999999999999998 
2.1252941176470586 6.548181818181818 4.283934426229508 2.5526262626262626 2.1837478411053537 3.962384500745157 0.8122672929120409 3.0066666666666664 
2.6541176470588232 6.230353535353535 7.968360655737705 0.01 0.01 6.548181818181819 0.5819513236549956 3.0066666666666664 
0.5388235294117647 6.184949494949495 5.462950819672131 4.5504040404040405 3.177461139896373 5.020819672131148 1.242190435525192 0.5718749999999999 
0.01 4.595808080808081 5.610327868852459 0.01 0.01 4.793055141579733 0.4706319385140905 0.9464583333333327 
3.7117647058823526 4.959040404040404 5.905081967213115 2.825050505050505 0.01 4.819850968703428 4.036690862510675 4.130416666666665 
0.5388235294117647 6.321161616161616 4.578688524590164 3.733131313131313 7.462849740932643 5.462950819672132 1.768078565328779 0.009999999999999787 
2.6541176470588232 5.64010101010101 5.462950819672131 0.01 0.01 4.565290611028317 0.5550811272416738 3.1939583333333332 
0.5388235294117647 4.3233838383838386 6.052459016393443 2.28020202020202 2.8048186528497405 4.699269746646796 0.6049829205807002 4.130416666666665 
1.0676470588235294 5.776313131313131 3.399672131147541 1.916969696969697 5.21146804835924 4.618882265275708 0.3861827497865073 0.1972916666666662 
1.596470588235294 3.960151515151515 4.431311475409836 1.6445454545454545 0.01 2.9307451564828617 1.414927412467976 0.009999999999999787 
0.01 4.913636363636363 5.0208196721311475 1.826161616161616 0.01 3.667630402384501 2.7315670367207514 2.070208333333333 
0.01 4.777424242424242 6.6419672131147545 0.01 0.01 3.9757824143070053 0.4667933390264731 4.692291666666666 
4.240588235294117 8.909191919191919 5.610327868852459 2.6434343434343432 4.357495682210708 5.034217585692996 2.0329419299743807 6.7524999999999995 
0.5388235294117647 0.01 5.462950819672131 1.826161616161616 0.36711571675302246 3.721222056631893 0.85833048676345 0.009999999999999787 
0.01 9.0 4.87344262295082 2.9158585858585857 4.26433506044905 5.543338301043219 1.6375661827497865 1.3210416666666664 
0.5388235294117647 5.821717171717172 6.494590163934427 3.5515151515151513 1.717944732297064 4.900238450074516 3.7679888983774545 3.0066666666666664 
2.1252941176470586 8.318939393939393 0.01 0.01 0.01 3.815007451564829 0.5243723313407345 2.8193749999999995 
0.5388235294117647 4.913636363636363 6.494590163934427 1.7353535353535354 0.01 3.6408345752608056 1.2460290350128096 0.5718749999999999 
1.596470588235294 5.912525252525253 5.757704918032787 2.0985858585858583 1.2366148531951642 3.815007451564829 0.9504568744662678 2.4447916666666667 
0.5388235294117647 4.096363636363637 4.578688524590164 1.6445454545454545 0.9260794473229707 3.3728763040238454 4.5779333902647315 0.7591666666666668 
3.7117647058823526 8.228131313131312 6.199836065573771 1.916969696969697 2.9911398963730567 4.819850968703428 1.9600085397096496 5.628749999999998 
0.5388235294117647 4.414191919191919 4.726065573770492 1.7353535353535354 1.283195164075993 2.448420268256334 0.85833048676345 0.009999999999999787 
1.596470588235294 7.183838383838384 5.1681967213114755 2.734242424242424 5.102780656303972 4.766259314456036 1.0310674637062338 2.6320833333333327 
3.182941176470588 6.866010101010101 4.578688524590164 2.825050505050505 1.8732124352331607 4.766259314456036 2.3669000853970967 1.3210416666666664 
0.01 4.732020202020202 5.610327868852459 0.01 0.01 2.4752160953800297 1.9446541417591803 1.1337499999999996 
4.240588235294117 5.095252525252525 5.315573770491803 0.01 0.01 3.1719076005961258 2.9350128095644745 6.939791666666666 
2.1252941176470586 5.276868686868687 5.315573770491803 1.0996969696969698 1.3608290155440415 2.970938897168406 1.487860802732707 3.0066666666666664 
2.6541176470588232 7.637878787878788 4.726065573770492 0.01 0.01 4.417913561847988 0.22880017079419307 3.755833333333333 
1.596470588235294 3.642323232323232 0.01 0.01 0.01 0.01 0.3785055508112724 0.1972916666666662 
3.182941176470588 6.6843939393939396 5.905081967213115 0.01 0.01 3.962384500745157 0.3938599487617422 5.441458333333333 
2.1252941176470586 4.368787878787879 4.13655737704918 1.5537373737373739 0.7708117443868739 2.796766020864382 1.0157130657557643 0.9464583333333327 
1.596470588235294 5.049848484848485 4.578688524590164 0.01 0.01 3.0379284649776457 0.25567036720751485 0.009999999999999787 
1.0676470588235294 4.368787878787879 5.0208196721311475 1.1905050505050505 0.7708117443868739 2.836959761549926 2.1941631084543127 0.9464583333333327 
3.7117647058823526 4.822828282828283 4.431311475409836 2.1893939393939394 0.01 3.5604470938897173 0.8468146883005978 1.5083333333333333 
4.240588235294117 5.458484848484848 0.01 0.01 0.01 4.029374068554397 0.4130529461998292 3.1939583333333332 
6.355882352941176 6.3665656565656565 6.052459016393443 3.9147474747474744 5.056200345423143 5.261982116244412 1.7373697694278394 6.939791666666666 
0.01 8.228131313131312 6.494590163934427 4.0055555555555555 7.928652849740932 5.811296572280179 0.5627583262169087 0.9464583333333327 
4.7694117647058825 4.141767676767676 5.0208196721311475 0.01 0.01 3.2522950819672136 0.4783091374893254 6.939791666666666 
0.5388235294117647 5.64010101010101 4.431311475409836 2.9158585858585857 0.01 4.80645305514158 1.6836293766011956 0.009999999999999787 
4.7694117647058825 7.093030303030303 6.347213114754099 2.5526262626262626 2.416649395509499 4.60548435171386 4.274684030742955 3.9431249999999998 
0.5388235294117647 7.819494949494949 5.0208196721311475 4.459595959595959 9.0 5.690715350223548 2.405286080273271 1.3210416666666664 
1.596470588235294 7.774090909090909 5.315573770491803 3.0066666666666664 2.1061139896373056 4.47150521609538 0.47447053800170785 0.5718749999999999 
4.7694117647058825 4.641212121212121 5.610327868852459 3.36989898989899 0.01 4.417913561847988 2.263257899231426 4.692291666666666 
0.5388235294117647 6.275757575757575 6.052459016393443 0.01 0.01 5.382563338301044 0.6164987190435525 1.3210416666666664 
1.0676470588235294 4.913636363636363 4.726065573770492 0.01 0.01 4.136557377049181 0.31708795900939374 0.009999999999999787 
2.1252941176470586 4.187171717171717 5.905081967213115 0.01 0.01 5.663919523099852 0.6203373185311698 1.5083333333333333 
1.0676470588235294 4.187171717171717 5.610327868852459 1.826161616161616 0.01 3.2522950819672136 6.228531169940223 1.3210416666666664 
4.7694117647058825 4.822828282828283 3.8418032786885243 0.01 0.01 4.190149031296572 1.1692570452604611 3.9431249999999998 
4.7694117647058825 5.912525252525253 5.1681967213114755 0.01 0.01 4.592086438152013 2.2133561058924 4.504999999999999 
2.6541176470588232 5.503888888888889 5.315573770491803 2.0985858585858583 1.7489982728842832 3.5202533532041733 0.6510461144321094 1.6956249999999993 
2.1252941176470586 5.322272727272727 4.578688524590164 1.0996969696969698 0.01 3.9891803278688527 1.1692570452604611 1.6956249999999993 
1.596470588235294 5.276868686868687 5.462950819672131 1.372121212121212 1.6403108808290154 3.5336512667660216 0.12131938514090518 0.5718749999999999 
2.1252941176470586 4.505 5.315573770491803 1.5537373737373739 0.01 3.4398658718330855 0.8391374893253629 1.3210416666666664 
0.01 5.867121212121212 8.115737704918033 4.187171717171717 2.028480138169257 9.0 0.9351024765157985 0.9464583333333327 
0.01 5.64010101010101 4.13655737704918 1.1905050505050505 1.6403108808290154 2.9307451564828617 1.4456362083689154 0.009999999999999787 
2.6541176470588232 3.8693434343434343 5.462950819672131 2.0077777777777777 0.01 3.895394932935917 4.409035012809564 2.070208333333333 
0.01 6.411969696969697 0.01 0.01 0.01 5.690715350223548 0.4975021349274124 1.5083333333333333 
0.5388235294117647 5.912525252525253 5.1681967213114755 1.1905050505050505 1.6403108808290154 3.480059612518629 1.5224081981212638 0.1972916666666662 
2.1252941176470586 6.638989898989899 6.273524590163935 2.4618181818181815 1.562677029360967 3.8819970193740687 0.43608454312553363 1.1337499999999996 
4.7694117647058825 7.774090909090909 8.115737704918033 2.1893939393939394 3.736424870466321 6.092652757078987 2.4782194705380016 6.190624999999999 
1.596470588235294 8.182727272727274 4.726065573770492 2.28020202020202 1.096873920552677 4.565290611028317 0.7508497011101622 0.9464583333333327 
6.884705882352941 5.867121212121212 0.01 2.734242424242424 0.01 5.355767511177348 1.8947523484201536 4.317708333333332 
3.7117647058823526 8.818383838383838 5.0208196721311475 2.5526262626262626 0.01 4.819850968703428 2.57034585824082 3.755833333333333 
3.7117647058823526 8.909191919191919 6.6419672131147545 0.01 0.01 5.3423695976155 1.441797608881298 3.755833333333333 
1.596470588235294 3.5515151515151513 5.1681967213114755 0.01 0.01 4.364321907600597 0.7470111016225449 3.381249999999999 
4.7694117647058825 2.5980303030303027 5.905081967213115 3.36989898989899 0.01 4.40451564828614 0.07909479077711357 3.755833333333333 
1.0676470588235294 5.186060606060606 5.0208196721311475 2.0077777777777777 0.01 3.855201192250373 0.0637403928266439 0.7591666666666668 
0.01 3.052070707070707 5.610327868852459 0.01 0.01 6.079254843517139 0.45527754056362074 4.692291666666666 
0.5388235294117647 6.6843939393939396 6.93672131147541 3.733131313131313 0.01 6.615171385991059 1.0848078565328778 1.1337499999999996 
3.182941176470588 5.685505050505051 5.610327868852459 0.01 0.01 4.53849478390462 0.17505977796754907 6.190624999999999 
3.7117647058823526 5.64010101010101 5.1681967213114755 3.0066666666666664 3.348255613126079 3.426467958271237 0.32860375747224596 3.0066666666666664 
0.01 4.8682323232323235 4.578688524590164 2.734242424242424 1.1589810017271158 4.913636363636365 2.6164090520922287 0.7591666666666668 
0.5388235294117647 4.187171717171717 4.578688524590164 2.28020202020202 0.6465975820379966 2.622593144560358 1.5607941929974383 0.7591666666666668 
1.596470588235294 4.050959595959596 5.462950819672131 1.462929292929293 1.329775474956822 4.082965722801789 1.8256575576430403 3.1939583333333332 
0.5388235294117647 4.822828282828283 5.1681967213114755 2.5526262626262626 2.1061139896373056 4.592086438152013 0.25567036720751485 0.1972916666666662 
2.1252941176470586 4.3233838383838386 4.726065573770492 0.01 0.01 4.297332339791357 0.32860375747224596 1.8829166666666661 
2.1252941176470586 5.322272727272727 4.726065573770492 2.4618181818181815 1.8732124352331607 4.458107302533533 0.593467122117848 0.5718749999999999 
0.01 4.277979797979798 0.01 0.01 0.01 0.01 0.6932707087959009 0.7591666666666668 
1.596470588235294 5.821717171717172 5.315573770491803 2.28020202020202 2.9600863557858372 4.350923994038749 1.8179803586678052 1.1337499999999996 
0.01 5.367676767676768 4.726065573770492 2.0985858585858583 1.3918825561312609 0.01 6.355204953031596 0.009999999999999787 
0.5388235294117647 3.960151515151515 4.431311475409836 3.36989898989899 1.1745077720207253 4.994023845007453 1.6644363791631085 0.1972916666666662 
0.01 6.6843939393939396 6.273524590163935 4.913636363636363 0.01 5.744307004470939 1.150064047822374 0.5718749999999999 
2.1252941176470586 6.548181818181818 6.052459016393443 2.9158585858585857 0.01 5.168196721311476 1.8371733561058923 3.0066666666666664 
1.0676470588235294 4.505 4.431311475409836 1.5537373737373739 2.494283246977547 4.913636363636365 1.4494748078565327 0.009999999999999787 
2.6541176470588232 6.6843939393939396 5.757704918032787 0.01 0.01 4.525096870342773 0.5474039282664389 8.250833333333333 
0.5388235294117647 5.186060606060606 4.87344262295082 3.279090909090909 3.115354058721934 5.114605067064084 0.8199444918872758 0.009999999999999787 
3.7117647058823526 6.184949494949495 5.462950819672131 2.371010101010101 2.1061139896373056 3.493457526080477 2.1941631084543127 5.628749999999998 
1.0676470588235294 3.6877272727272725 4.431311475409836 2.0077777777777777 0.01 3.721222056631893 0.8237830913748931 0.7591666666666668 
2.1252941176470586 4.505 5.0208196721311475 3.4607070707070706 0.01 4.40451564828614 0.2671861656703672 2.2575 
2.6541176470588232 6.184949494949495 6.199836065573771 3.733131313131313 1.3763557858376512 4.699269746646796 0.8084286934244236 2.6320833333333327 
0.01 4.277979797979798 5.1681967213114755 2.4618181818181815 1.7955785837651124 5.838092399403876 1.0425832621690863 0.009999999999999787 
0.5388235294117647 7.592474747474747 5.462950819672131 1.5537373737373739 2.2458549222797926 3.145111773472429 1.4264432109308283 2.2575 
1.596470588235294 5.049848484848485 6.6419672131147545 1.0996969696969698 1.2210880829015545 3.815007451564829 1.6106959863364645 1.5083333333333333 
2.6541176470588232 5.049848484848485 5.315573770491803 2.5526262626262626 0.01 3.2121013412816692 1.2728992314261316 1.1337499999999996 
2.6541176470588232 5.322272727272727 6.789344262295082 0.01 0.01 4.578688524590165 1.004197267292912 3.1939583333333332 
0.5388235294117647 4.050959595959596 4.87344262295082 2.0985858585858583 1.4695164075993092 3.774813710879285 0.3516353543979504 0.009999999999999787 
0.5388235294117647 5.413080808080808 3.252295081967213 4.277979797979798 0.9881865284974093 4.766259314456036 0.7853970964987191 0.7591666666666668 
0.01 4.8682323232323235 4.431311475409836 2.28020202020202 0.01 3.547049180327869 0.22112297181895818 0.38458333333333306 
0.01 4.959040404040404 6.494590163934427 2.734242424242424 0.01 4.364321907600597 2.992591801878736 3.1939583333333332 
0.01 4.641212121212121 5.757704918032787 3.642323232323232 1.4074093264248704 4.632280178837557 0.6241759180187874 0.5718749999999999 
0.5388235294117647 4.050959595959596 5.610327868852459 3.0974747474747475 0.5844905008635579 4.190149031296572 0.44760034158838596 0.38458333333333306 
0.01 8.182727272727274 4.87344262295082 3.5515151515151513 0.01 5.637123695976156 6.9770580700256195 0.7591666666666668 
5.298235294117647 6.72979797979798 6.199836065573771 4.368787878787879 3.689844559585492 5.047615499254844 3.553027327070879 5.628749999999998 
1.596470588235294 8.772979797979797 5.1681967213114755 2.825050505050505 0.01 4.685871833084948 0.6356917164816398 0.7591666666666668 
4.240588235294117 7.002222222222223 5.757704918032787 2.9158585858585857 0.01 4.350923994038749 1.4110888129803585 4.504999999999999 
4.240588235294117 8.318939393939393 4.726065573770492 0.01 0.01 3.131713859910582 2.2901280956447483 2.070208333333333 
3.182941176470588 7.547070707070707 5.462950819672131 0.01 0.01 3.5738450074515655 0.8775234842015371 8.438125 
0.5388235294117647 5.685505050505051 5.1681967213114755 2.1893939393939394 1.717944732297064 3.2656929955290614 0.5589197267292911 0.7591666666666668 
6.355882352941176 4.5504040404040405 6.199836065573771 3.0066666666666664 1.6403108808290154 4.029374068554397 1.5838257899231425 4.692291666666666 
0.01 4.3233838383838386 6.273524590163935 2.28020202020202 0.5689637305699482 5.020819672131148 0.6587233134073442 0.5718749999999999 
1.0676470588235294 4.096363636363637 5.0208196721311475 3.8239393939393937 0.01 5.128002980625933 1.6414047822374038 1.1337499999999996 
2.1252941176470586 5.367676767676768 5.1681967213114755 0.01 0.01 5.972071535022356 3.1806831767719896 0.9464583333333327 
2.1252941176470586 7.774090909090909 5.315573770491803 0.01 0.01 5.851490312965724 1.5492783945345856 0.9464583333333327 
1.0676470588235294 4.913636363636363 4.578688524590164 0.918080808080808 4.326442141623488 3.3996721311475415 3.0923953885567887 0.1972916666666662 
2.1252941176470586 6.457373737373738 6.347213114754099 0.01 0.01 5.905081967213116 2.1864859094790776 0.1972916666666662 
3.182941176470588 8.636767676767677 6.789344262295082 0.01 0.01 4.766259314456036 0.7777198975234842 8.438125 
1.596470588235294 5.140656565656566 3.6944262295081964 0.918080808080808 1.329775474956822 3.962384500745157 2.1135525192143465 0.7591666666666668 
2.1252941176470586 6.6843939393939396 5.462950819672131 2.28020202020202 4.559343696027634 4.685871833084948 1.1884500426985483 1.6956249999999993 
1.596470588235294 2.7796464646464645 6.052459016393443 2.5526262626262626 0.01 4.618882265275708 0.6433689154568745 4.692291666666666 
4.240588235294117 4.913636363636363 5.1681967213114755 0.01 0.01 4.096363636363637 3.376451750640478 2.2575 
3.7117647058823526 6.0487373737373735 6.199836065573771 0.01 0.01 5.395961251862892 2.382254483347566 3.0066666666666664 
3.7117647058823526 6.184949494949495 6.6419672131147545 0.01 0.01 4.015976154992549 0.5166951323654996 5.441458333333333 
0.5388235294117647 4.8682323232323235 3.6944262295081964 1.7353535353535354 0.01 3.8016095380029813 0.4053757472245944 1.5083333333333333 
4.7694117647058825 6.593585858585858 5.905081967213115 4.187171717171717 2.028480138169257 5.087809239940388 2.1557771135781385 3.568541666666666 
0.01 5.322272727272727 5.905081967213115 2.825050505050505 0.8329188255613126 6.065856929955292 0.052224594363791677 0.5718749999999999 
2.6541176470588232 5.322272727272727 6.347213114754099 2.734242424242424 1.6403108808290154 5.248584202682564 0.6740777113578138 3.9431249999999998 
1.0676470588235294 5.322272727272727 6.6419672131147545 1.7353535353535354 1.1124006908462867 3.3862742175856932 0.9120708795900938 0.009999999999999787 
1.0676470588235294 5.867121212121212 5.462950819672131 2.371010101010101 3.1929879101899825 4.458107302533533 1.9792015371477367 0.7591666666666668 
0.5388235294117647 5.413080808080808 3.9891803278688522 1.1905050505050505 0.7863385146804835 2.9977347242921017 0.4975021349274124 0.5718749999999999 
1.596470588235294 3.8239393939393937 5.0208196721311475 2.734242424242424 1.6558376511226252 4.283934426229509 1.9792015371477367 0.7591666666666668 
0.5388235294117647 3.2336868686868687 3.5470491803278685 1.6445454545454545 1.190034542314335 2.74317436661699 0.9504568744662678 0.1972916666666662 
2.6541176470588232 5.7309090909090905 5.757704918032787 2.4618181818181815 0.3515889464594128 3.9757824143070053 1.395734415029889 3.568541666666666 
3.7117647058823526 4.641212121212121 5.462950819672131 3.642323232323232 1.6403108808290154 4.994023845007453 0.49366353543979496 4.504999999999999 
2.1252941176470586 6.638989898989899 6.789344262295082 0.01 0.01 4.190149031296572 1.779594363791631 7.501666666666665 
1.596470588235294 6.003333333333333 5.905081967213115 0.01 0.01 4.618882265275708 1.2537062339880445 4.317708333333332 
0.5388235294117647 4.141767676767676 3.9891803278688522 2.28020202020202 1.562677029360967 3.3862742175856932 0.6088215200683176 0.38458333333333306 
1.596470588235294 7.183838383838384 4.726065573770492 1.1905050505050505 6.018860103626943 4.190149031296572 0.8429760888129803 0.5718749999999999 
2.1252941176470586 5.685505050505051 5.905081967213115 0.01 0.01 4.3375260804769 1.768078565328779 1.1337499999999996 
1.0676470588235294 4.822828282828283 4.13655737704918 2.4618181818181815 2.5719170984455957 3.895394932935917 1.3458326216908625 0.1972916666666662 
2.6541176470588232 4.822828282828283 6.052459016393443 2.734242424242424 0.01 5.302175856929956 0.8084286934244236 3.1939583333333332 
1.0676470588235294 3.0974747474747475 5.1681967213114755 2.9158585858585857 1.0347668393782383 3.3594783904619976 0.42840734415029885 0.7591666666666668 
0.01 5.503888888888889 4.87344262295082 2.734242424242424 2.5719170984455957 4.60548435171386 0.48982493595217763 2.2575 
0.5388235294117647 4.232575757575757 5.1681967213114755 2.825050505050505 0.01 4.082965722801789 0.9197480785653287 0.38458333333333306 
3.7117647058823526 5.186060606060606 4.726065573770492 0.01 0.01 3.681028315946349 2.520444064901793 2.4447916666666667 
3.182941176470588 5.867121212121212 6.6419672131147545 0.6456565656565657 5.071727115716753 2.635991058122206 1.9446541417591803 7.314374999999998 
0.01 4.641212121212121 6.347213114754099 1.5537373737373739 1.6403108808290154 3.935588673621461 2.3784158838599483 1.1337499999999996 
5.298235294117647 8.137323232323233 5.1681967213114755 0.01 0.01 4.712667660208645 0.4783091374893254 3.0066666666666664 
2.6541176470588232 5.821717171717172 5.905081967213115 0.01 0.01 4.645678092399405 0.26334756618274985 4.504999999999999 
3.7117647058823526 7.2292424242424245 4.726065573770492 0.01 0.01 3.681028315946349 0.8391374893253629 3.568541666666666 
1.0676470588235294 5.912525252525253 7.084098360655737 0.01 0.01 3.0379284649776457 0.73933390264731 0.009999999999999787 
1.596470588235294 5.049848484848485 4.13655737704918 3.5515151515151513 0.01 4.042771982116245 1.8486891545687447 1.6956249999999993 
0.5388235294117647 4.595808080808081 3.6944262295081964 1.372121212121212 0.5689637305699482 3.2522950819672136 1.7296925704526047 0.9464583333333327 
0.01 5.776313131313131 5.905081967213115 3.36989898989899 3.2706217616580306 4.87344262295082 2.796823228010248 0.38458333333333306 
0.5388235294117647 5.503888888888889 5.757704918032787 3.5515151515151513 1.1589810017271158 5.235186289120716 0.712463706233988 1.3210416666666664 
0.5388235294117647 6.502777777777777 5.462950819672131 2.0077777777777777 0.95713298791019 3.5202533532041733 0.6932707087959009 0.009999999999999787 
1.0676470588235294 8.95459595959596 5.1681967213114755 9.0 0.01 4.659076005961253 1.917783945345858 7.688958333333332 
1.0676470588235294 4.505 0.01 0.01 0.01 2.9843368107302535 0.12515798462852268 0.38458333333333306 
0.01 5.049848484848485 4.799754098360656 0.01 0.01 3.305886736214606 2.244064901793339 1.8829166666666661 
3.182941176470588 3.8693434343434343 5.757704918032787 0.01 0.01 4.190149031296572 1.176934244235696 3.9431249999999998 
2.1252941176470586 4.096363636363637 0.01 0.01 0.01 3.7614157973174374 2.052134927412468 1.8829166666666661 
1.0676470588235294 4.187171717171717 3.8418032786885243 0.01 0.01 4.042771982116245 0.2518317677198975 0.1972916666666662 
0.5388235294117647 7.138434343434343 5.315573770491803 1.916969696969697 2.618497409326425 3.4398658718330855 0.182736976942784 0.5718749999999999 
2.6541176470588232 4.0055555555555555 4.87344262295082 1.916969696969697 0.36711571675302246 3.2790909090909093 1.0233902647309991 1.6956249999999993 
4.240588235294117 4.505 6.199836065573771 0.01 0.01 4.752861400894188 1.1999658411614003 5.441458333333333 
5.298235294117647 7.365454545454545 6.199836065573771 0.01 0.01 3.721222056631893 0.40921434671221174 6.190624999999999 
4.240588235294117 5.458484848484848 6.347213114754099 0.01 0.01 3.815007451564829 0.7047865072587531 0.1972916666666662 
0.5388235294117647 4.3233838383838386 4.431311475409836 1.6445454545454545 0.9105526770293609 3.2121013412816692 0.7086251067463707 0.1972916666666662 
1.0676470588235294 5.867121212121212 0.01 0.01 0.01 5.168196721311476 0.8775234842015371 3.755833333333333 
1.0676470588235294 4.0055555555555555 5.462950819672131 1.7353535353535354 0.8329188255613126 3.895394932935917 0.5896285226302305 0.1972916666666662 
5.298235294117647 7.320050505050505 5.0208196721311475 2.0985858585858583 2.0595336787564764 3.426467958271237 0.9619726729291205 4.879583333333333 
2.1252941176470586 5.867121212121212 6.347213114754099 1.826161616161616 4.202227979274611 4.712667660208645 0.5973057216054654 0.38458333333333306 
2.6541176470588232 8.500555555555556 5.610327868852459 2.4618181818181815 3.224041450777202 5.851490312965724 3.6797011101622545 6.003333333333332 
0.01 6.593585858585858 0.01 0.01 0.01 5.931877794336812 2.1289069171648163 1.8829166666666661 
0.01 6.275757575757575 0.01 0.01 0.01 4.87344262295082 3.2920025619128945 0.7591666666666668 
4.7694117647058825 7.501666666666667 6.494590163934427 0.01 0.01 4.082965722801789 0.8698462852263023 5.254166666666666 
1.0676470588235294 3.778535353535353 4.799754098360656 2.5526262626262626 1.0347668393782383 4.94043219076006 2.125068317677199 0.5718749999999999 
0.5388235294117647 4.5504040404040405 4.87344262295082 2.6434343434343432 3.0532469775474955 4.297332339791357 1.414927412467976 3.9431249999999998 
1.596470588235294 5.867121212121212 6.789344262295082 4.459595959595959 2.416649395509499 4.886840536512668 3.4263535439795043 2.070208333333333 
3.7117647058823526 5.186060606060606 4.87344262295082 0.01 0.01 4.40451564828614 0.7009479077711358 3.9431249999999998 
0.01 8.182727272727274 5.757704918032787 5.7309090909090905 0.2273747841105354 7.968360655737706 9.0 0.7591666666666668 
0.5388235294117647 6.502777777777777 6.347213114754099 2.734242424242424 5.133834196891192 4.042771982116245 3.1346199829205807 0.38458333333333306 
6.355882352941176 4.822828282828283 5.905081967213115 0.01 0.01 3.1719076005961258 0.23647736976942774 4.317708333333332 
0.5388235294117647 5.367676767676768 4.283934426229508 3.279090909090909 1.4695164075993092 4.47150521609538 0.712463706233988 0.38458333333333306 
0.01 5.59469696969697 5.315573770491803 0.01 0.01 4.87344262295082 0.7009479077711358 5.816041666666665 
5.298235294117647 5.049848484848485 5.1681967213114755 2.4618181818181815 0.01 3.6944262295081973 0.2518317677198975 3.568541666666666 
3.182941176470588 5.64010101010101 5.315573770491803 0.01 0.01 3.707824143070045 1.123193851409052 1.5083333333333333 
0.01 3.36989898989899 3.8418032786885243 0.918080808080808 0.5689637305699482 3.7346199701937413 0.7431725021349271 0.1972916666666662 
2.1252941176470586 5.59469696969697 4.578688524590164 0.01 0.01 4.297332339791357 0.5781127241673782 2.6320833333333327 
0.01 4.595808080808081 4.578688524590164 0.01 0.01 2.9441430700447095 1.0003586678052947 0.7591666666666668 
0.5388235294117647 3.778535353535353 5.0208196721311475 0.01 0.01 2.448420268256334 2.105875320239112 1.1337499999999996 
1.596470588235294 4.8682323232323235 4.578688524590164 1.1905050505050505 0.7552849740932642 3.0781222056631896 2.3131596925704523 0.38458333333333306 
3.7117647058823526 7.320050505050505 6.347213114754099 0.01 0.01 4.082965722801789 0.34395815542271563 4.879583333333333 
3.7117647058823526 7.274646464646464 3.9891803278688522 2.9158585858585857 2.7271848013816924 4.096363636363637 1.9676857386848847 3.381249999999999 
2.6541176470588232 6.321161616161616 4.726065573770492 3.188282828282828 2.1837478411053537 3.8418032786885252 1.2882536293766012 0.9464583333333327 
1.596470588235294 4.0055555555555555 4.283934426229508 1.008888888888889 0.8484455958549223 3.3326825633383015 0.7354953031596925 0.1972916666666662 
2.1252941176470586 6.230353535353535 6.199836065573771 0.01 0.01 4.190149031296572 0.6779163108454314 1.6956249999999993 
0.5388235294117647 8.182727272727274 0.01 0.01 0.01 5.811296572280179 0.7930742954739538 3.755833333333333 
6.884705882352941 7.183838383838384 8.410491803278688 0.01 0.01 5.677317436661699 0.6971093082835185 4.317708333333332 
0.5388235294117647 4.368787878787879 4.726065573770492 2.4618181818181815 1.3608290155440415 4.458107302533533 0.8199444918872758 0.009999999999999787 
1.0676470588235294 4.505 3.8418032786885243 1.372121212121212 1.4695164075993092 3.305886736214606 2.1557771135781385 0.009999999999999787 
2.6541176470588232 0.01 5.905081967213115 2.9158585858585857 0.01 5.503144560357676 1.038744662681469 3.0066666666666664 
2.1252941176470586 5.685505050505051 5.1681967213114755 1.6445454545454545 1.90426597582038 3.8819970193740687 4.101947053800171 4.504999999999999 
2.6541176470588232 6.003333333333333 5.905081967213115 0.01 0.01 3.600640834575261 0.4245687446626815 8.999999999999998 
5.827058823529411 7.047626262626262 5.610327868852459 2.5526262626262626 2.3390155440414504 4.47150521609538 4.904214346712213 5.628749999999998 
1.0676470588235294 5.549292929292929 5.610327868852459 2.4618181818181815 3.115354058721934 4.819850968703428 1.5646327924850554 0.9464583333333327 
0.01 4.595808080808081 4.799754098360656 2.5526262626262626 0.01 3.305886736214606 0.6203373185311698 0.1972916666666662 
6.884705882352941 6.593585858585858 6.052459016393443 1.7353535353535354 1.717944732297064 2.9843368107302535 0.6510461144321094 6.7524999999999995 
0.01 6.230353535353535 5.0208196721311475 1.2813131313131314 2.3079620034542314 3.3326825633383015 0.2595089666951324 0.009999999999999787 
0.5388235294117647 4.0055555555555555 5.757704918032787 2.6434343434343432 1.190034542314335 4.297332339791357 1.1116780529461998 1.5083333333333333 
2.1252941176470586 5.049848484848485 5.315573770491803 4.277979797979798 3.224041450777202 4.980625931445604 5.046242527754056 6.565208333333333 
5.298235294117647 3.0974747474747475 7.820983606557377 2.0985858585858583 0.7708117443868739 4.766259314456036 0.804590093936806 4.879583333333333 
3.182941176470588 5.186060606060606 0.01 0.01 0.01 0.01 0.43608454312553363 0.9464583333333327 
5.298235294117647 4.277979797979798 5.315573770491803 1.6445454545454545 0.01 3.1049180327868857 1.9945559350982065 6.565208333333333 
6.884705882352941 5.7309090909090905 6.6419672131147545 0.01 0.01 5.824694485842027 1.9484927412467976 3.9431249999999998 
1.0676470588235294 4.277979797979798 5.0208196721311475 1.6445454545454545 1.190034542314335 3.493457526080477 1.8640435525192145 0.009999999999999787 
1.0676470588235294 4.141767676767676 4.578688524590164 0.01 0.01 3.667630402384501 1.7258539709649874 0.1972916666666662 
2.6541176470588232 8.591363636363637 4.726065573770492 3.0066666666666664 5.056200345423143 4.190149031296572 1.9484927412467976 1.5083333333333333 
1.0676470588235294 4.959040404040404 6.789344262295082 0.01 0.01 5.730909090909092 2.9542058070025616 6.190624999999999 
0.01 8.137323232323233 3.6944262295081964 3.279090909090909 2.4787564766839374 5.07441132637854 1.4571520068317678 0.1972916666666662 
2.1252941176470586 4.141767676767676 5.1681967213114755 2.9158585858585857 1.3763557858376512 4.444709388971685 1.422604611443211 0.1972916666666662 
6.884705882352941 4.732020202020202 5.315573770491803 0.01 0.01 4.190149031296572 1.495538001707942 3.1939583333333332 
0.5388235294117647 5.140656565656566 4.726065573770492 3.188282828282828 0.01 4.511698956780925 1.7949487617421003 0.009999999999999787 
6.355882352941176 4.0055555555555555 5.462950819672131 3.642323232323232 0.8484455958549223 4.7394634873323405 1.161579846285226 5.066875 
2.6541176470588232 4.959040404040404 4.578688524590164 3.733131313131313 2.0129533678756473 4.80645305514158 1.6836293766011956 0.7591666666666668 
1.0676470588235294 4.913636363636363 3.8418032786885243 2.371010101010101 0.9881865284974093 4.364321907600597 0.9312638770281809 0.1972916666666662 
2.6541176470588232 4.414191919191919 5.610327868852459 2.4618181818181815 0.01 4.779657228017885 1.161579846285226 5.816041666666665 
1.0676470588235294 7.138434343434343 5.462950819672131 3.188282828282828 6.841778929188256 5.288777943368108 0.22496157130657563 1.6956249999999993 
1.596470588235294 6.457373737373738 5.905081967213115 1.372121212121212 0.01 4.350923994038749 0.4783091374893254 7.876249999999999 
2.1252941176470586 5.821717171717172 5.1681967213114755 0.01 0.01 4.60548435171386 0.8736848847139196 0.5718749999999999 
2.1252941176470586 5.458484848484848 5.0208196721311475 0.01 0.01 3.9757824143070053 2.4321562766865927 2.4447916666666667 
2.6541176470588232 4.959040404040404 5.536639344262295 2.371010101010101 0.01 4.833248882265276 1.8064645602049532 7.314374999999998 
0.01 4.3233838383838386 5.905081967213115 4.096363636363637 1.4384628670120898 4.900238450074516 0.97732707087959 0.9464583333333327 
1.0676470588235294 3.733131313131313 3.8418032786885243 2.0077777777777777 1.7955785837651124 3.828405365126677 6.23236976942784 0.7591666666666668 
1.0676470588235294 3.36989898989899 0.01 0.01 0.01 0.01 0.10212638770281807 0.1972916666666662 
6.884705882352941 6.956818181818182 6.494590163934427 3.36989898989899 2.1837478411053537 5.449552906110284 4.217105038428694 3.381249999999999 
2.6541176470588232 5.231464646464646 7.231475409836065 0.01 0.01 7.097496274217587 0.512856532877882 1.3210416666666664 
2.6541176470588232 5.59469696969697 5.462950819672131 3.642323232323232 1.2055613126079447 4.578688524590165 0.7431725021349271 1.3210416666666664 
3.7117647058823526 4.8682323232323235 5.462950819672131 0.01 0.01 3.9757824143070053 0.685593509820666 1.8829166666666661 
1.596470588235294 7.91030303030303 4.283934426229508 2.0077777777777777 3.022193436960276 4.417913561847988 1.9868787361229718 2.8193749999999995 
0.5388235294117647 4.505 4.283934426229508 0.918080808080808 0.01 3.4130700447093894 1.8256575576430403 0.009999999999999787 
0.01 4.505 0.01 0.01 0.01 3.3594783904619976 0.6817549103330487 0.1972916666666662 
3.7117647058823526 5.413080808080808 0.01 0.01 0.01 3.3862742175856932 0.512856532877882 3.0066666666666664 
4.7694117647058825 5.095252525252525 6.052459016393443 2.9158585858585857 2.7271848013816924 4.592086438152013 0.7086251067463707 2.8193749999999995 
1.0676470588235294 6.321161616161616 5.536639344262295 0.01 0.01 3.4398658718330855 0.3516353543979504 1.5083333333333333 
4.240588235294117 8.818383838383838 5.905081967213115 0.01 0.01 3.5068554396423255 1.8256575576430403 8.625416666666666 
0.01 4.822828282828283 5.1681967213114755 3.36989898989899 2.3079620034542314 5.288777943368108 2.0329419299743807 0.1972916666666662 
1.596470588235294 3.6877272727272725 6.347213114754099 1.462929292929293 1.0347668393782383 3.6944262295081973 0.8852006831767718 0.1972916666666662 
2.1252941176470586 6.411969696969697 5.462950819672131 0.01 0.01 3.707824143070045 0.6472075149444918 3.568541666666666 
1.0676470588235294 7.91030303030303 6.494590163934427 3.36989898989899 1.8732124352331607 5.972071535022356 2.1903245089666945 0.5718749999999999 
5.827058823529411 6.275757575757575 5.462950819672131 2.371010101010101 2.2458549222797926 4.846646795827125 1.8486891545687447 5.441458333333333 
1.0676470588235294 5.549292929292929 4.431311475409836 1.6445454545454545 1.6558376511226252 4.002578241430701 2.4628650725875323 0.1972916666666662 
1.596470588235294 4.686616161616161 5.315573770491803 2.734242424242424 2.37006908462867 3.707824143070045 2.5127668659265585 1.1337499999999996 
1.0676470588235294 5.776313131313131 4.283934426229508 2.1893939393939394 4.27986183074266 3.721222056631893 5.8523484201537155 0.7591666666666668 
2.6541176470588232 5.276868686868687 5.462950819672131 2.6434343434343432 0.01 4.3375260804769 2.244064901793339 2.6320833333333327 
1.0676470588235294 5.095252525252525 6.347213114754099 3.8239393939393937 2.494283246977547 5.154798807749628 0.6548847139197269 1.3210416666666664 
2.6541176470588232 3.3244949494949494 4.431311475409836 0.01 0.01 3.600640834575261 0.73933390264731 1.1337499999999996 
0.5388235294117647 5.64010101010101 5.462950819672131 3.279090909090909 0.01 3.7346199701937413 0.09444918872758329 1.6956249999999993 
5.827058823529411 6.139545454545455 0.01 0.01 0.01 7.017108792846498 1.9292997438087105 3.568541666666666 
4.7694117647058825 7.002222222222223 5.757704918032787 2.734242424242424 1.562677029360967 4.149955290611029 0.3401195559350982 4.504999999999999 
2.6541176470588232 5.095252525252525 4.87344262295082 0.01 0.01 5.07441132637854 0.712463706233988 3.755833333333333 
1.0676470588235294 5.821717171717172 4.726065573770492 3.8239393939393937 0.01 5.369165424739196 3.9368872758326217 0.5718749999999999 
4.7694117647058825 4.050959595959596 4.578688524590164 0.01 0.01 3.024530551415798 0.25567036720751485 2.2575 
2.1252941176470586 6.094141414141414 5.315573770491803 0.01 0.01 3.1987034277198214 0.7738812980358667 7.314374999999998 
0.01 5.957929292929292 0.01 0.01 0.01 5.797898658718332 0.7470111016225449 0.9464583333333327 
