0.6093333333333334 5.385929648241206 3.9891803278688522 1.8650793650793653 0.5413238770685579 2.9977347242921017 0.4975021349274124 0.583829787234043 
3.606 6.650854271356784 5.905081967213115 0.01 0.01 3.962384500745157 0.3938599487617422 5.557021276595746 
4.205333333333334 7.283316582914573 6.347213114754099 0.01 0.01 4.082965722801789 0.34395815542271563 4.983191489361703 
6.003333333333334 5.5214572864321605 5.757704918032787 4.433650793650794 0.01 3.707824143070045 1.6759521776259607 4.600638297872342 
0.01 4.617939698492462 4.726065573770492 6.574126984126985 0.8388652482269504 5.449552906110284 1.6145345858240818 0.010000000000000675 
0.6093333333333334 8.72894472361809 3.6944262295081964 2.293174603174603 3.9949290780141844 3.480059612518629 2.224871904355252 0.583829787234043 
4.804666666666667 6.831557788944724 5.757704918032787 4.576349206349207 2.241560283687943 5.757704918032788 1.6913065755764305 2.879148936170214 
6.003333333333334 5.024522613065327 5.1681967213114755 3.862857142857143 0.01 3.6944262295081973 0.2518317677198975 3.6442553191489377 
0.6093333333333334 4.798643216080402 5.1681967213114755 4.0055555555555555 1.4445744680851065 4.592086438152013 0.25567036720751485 0.20127659574468204 
0.6093333333333334 4.843819095477387 5.315573770491803 4.2909523809523815 0.881371158392435 4.136557377049181 2.8620794192997434 0.583829787234043 
0.6093333333333334 5.205226130653267 5.1681967213114755 4.2909523809523815 1.0301418439716312 4.645678092399405 1.7412083689154567 2.1140425531914904 
1.808 5.61180904522613 5.905081967213115 4.719047619047619 1.3914420803782506 4.458107302533533 0.8813620836891545 0.9663829787234048 
1.2086666666666668 4.527587939698493 5.0208196721311475 3.5774603174603175 0.7644799054373522 5.168196721311476 0.9542954739538856 0.9663829787234048 
3.006666666666667 8.54824120603015 4.726065573770492 4.719047619047619 3.463605200945626 4.190149031296572 1.9484927412467976 1.540212765957448 
3.006666666666667 4.934170854271357 4.578688524590164 5.860634920634921 1.3808156028368794 4.80645305514158 1.6836293766011956 0.7751063829787244 
3.006666666666667 5.069698492462312 4.87344262295082 0.01 0.01 5.07441132637854 0.712463706233988 3.835531914893618 
3.006666666666667 6.289447236180904 5.905081967213115 5.004444444444445 1.7102364066193854 4.2437406855439646 1.09632365499573 0.7751063829787244 
0.01 8.096482412060302 6.6419672131147545 3.862857142857143 0.01 5.918479880774964 2.343868488471392 0.3925531914893625 
6.003333333333334 3.081959798994975 7.820983606557377 3.2920634920634924 0.5306973995271868 4.766259314456036 0.804590093936806 4.983191489361703 
1.808 5.205226130653267 4.87344262295082 5.575238095238095 1.4977068557919622 5.114605067064084 0.2863791631084543 1.3489361702127667 
1.2086666666666668 3.7595979899497487 4.87344262295082 3.2920634920634924 0.5413238770685579 4.324128166915053 1.6183731853116996 0.20127659574468204 
0.6093333333333334 6.15391959798995 5.462950819672131 7.144920634920635 2.1778014184397163 5.020819672131148 1.242190435525192 0.583829787234043 
6.003333333333334 4.075829145728643 6.273524590163935 4.576349206349207 0.01 4.685871833084948 2.877433817250213 6.704680851063831 
0.6093333333333334 3.7144221105527637 4.726065573770492 1.8650793650793653 1.01951536643026 2.850357675111774 1.3036080273270707 0.3925531914893625 
3.606 4.617939698492462 6.6419672131147545 5.575238095238095 0.01 4.793055141579733 2.297805294619983 1.3489361702127667 
1.2086666666666668 5.205226130653267 4.726065573770492 3.1493650793650794 0.01 4.136557377049181 1.3266396242527756 0.010000000000000675 
0.6093333333333334 5.61180904522613 4.431311475409836 4.576349206349207 0.01 4.80645305514158 1.6836293766011956 0.010000000000000675 
2.4073333333333333 4.301708542713568 4.726065573770492 0.01 0.01 4.297332339791357 0.32860375747224596 1.92276595744681 
0.6093333333333334 4.211356783919598 5.1681967213114755 4.433650793650794 0.01 4.082965722801789 0.9197480785653287 0.3925531914893625 
3.006666666666667 6.470150753768844 5.757704918032787 0.01 0.01 6.039061102831596 0.4399231426131512 4.983191489361703 
0.01 8.141658291457286 4.87344262295082 5.575238095238095 0.01 5.637123695976156 6.9770580700256195 0.7751063829787244 
0.01 6.876733668341709 6.052459016393443 5.575238095238095 2.900401891252955 5.570134128166916 0.7470111016225449 1.1576595744680862 
2.4073333333333333 5.3407537688442215 5.1681967213114755 0.01 0.01 5.972071535022356 3.1806831767719896 0.9663829787234048 
4.205333333333334 8.864472361809046 6.6419672131147545 0.01 0.01 5.3423695976155 1.441797608881298 3.835531914893618 
0.6093333333333334 0.01 3.5470491803278685 2.8639682539682543 0.01 3.319284649776453 0.24799316823228018 0.20127659574468204 
2.4073333333333333 6.424974874371859 6.347213114754099 0.01 0.01 5.905081967213116 2.1864859094790776 0.20127659574468204 
0.6093333333333334 4.392060301507538 5.1681967213114755 5.717936507936509 0.01 5.114605067064084 0.5474039282664389 1.7314893617021285 
1.2086666666666668 5.4311055276381905 3.9891803278688522 0.01 0.01 3.600640834575261 1.4571520068317678 1.1576595744680862 
7.202 3.8047738693467337 5.315573770491803 4.433650793650794 0.01 3.9891803278688527 0.8506532877882151 4.791914893617022 
0.01 5.61180904522613 5.1681967213114755 2.8639682539682543 0.01 3.681028315946349 0.685593509820666 2.879148936170214 
1.2086666666666668 5.4311055276381905 5.610327868852459 5.28984126984127 1.1257801418439717 5.328971684053652 0.5358881298035867 1.540212765957448 
4.205333333333334 7.192964824120603 4.87344262295082 0.01 0.01 4.082965722801789 1.1807728437233131 2.879148936170214 
1.808 5.2504020100502515 5.462950819672131 2.1504761904761907 1.1257801418439717 3.5336512667660216 0.12131938514090518 0.583829787234043 
6.003333333333334 4.572763819095477 5.610327868852459 6.85952380952381 1.9227659574468086 4.417913561847988 0.3669897523484202 8.043617021276598 
4.804666666666667 5.7021608040201 5.462950819672131 5.432539682539683 0.8069858156028369 3.480059612518629 0.3324423569598634 3.4529787234042564 
0.6093333333333334 5.79251256281407 6.052459016393443 2.4358730158730157 1.954645390070922 3.6944262295081973 0.15202818104184462 0.20127659574468204 
0.01 5.385929648241206 4.726065573770492 2.5785714285714287 0.9876359338061466 4.685871833084948 2.4935738684884714 0.3925531914893625 
0.01 4.301708542713568 6.273524590163935 3.5774603174603175 0.39255319148936174 5.020819672131148 0.6587233134073442 0.583829787234043 
0.01 5.5666331658291455 6.494590163934427 5.28984126984127 0.01 4.726065573770493 0.4667933390264731 1.540212765957448 
4.205333333333334 5.61180904522613 5.1681967213114755 4.719047619047619 2.294692671394799 3.426467958271237 0.32860375747224596 3.0704255319148945 
0.01 5.2955778894472365 0.01 0.01 0.01 4.53849478390462 3.2881639624252776 4.409361702127661 
0.6093333333333334 4.798643216080402 5.610327868852459 0.01 0.01 5.034217585692996 0.4667933390264731 0.9663829787234048 
7.202 6.334623115577889 6.273524590163935 4.719047619047619 0.01 5.020819672131148 0.6472075149444918 3.835531914893618 
3.006666666666667 6.15391959798995 6.199836065573771 5.860634920634921 0.9451300236406619 4.699269746646796 0.8084286934244236 2.6878723404255327 
1.2086666666666668 7.9157788944723615 6.494590163934427 0.01 0.01 3.0781222056631896 0.9619726729291205 0.20127659574468204 
0.01 4.572763819095477 4.578688524590164 0.01 0.01 2.9441430700447095 1.0003586678052947 0.7751063829787244 
1.808 4.482412060301508 4.578688524590164 2.7212698412698413 0.7963593380614657 2.9307451564828617 0.7815584970111014 0.9663829787234048 
4.205333333333334 8.322361809045226 6.199836065573771 4.719047619047619 0.01 4.766259314456036 1.0732920580700256 3.835531914893618 
2.4073333333333333 6.515326633165829 4.283934426229508 4.0055555555555555 1.4977068557919622 3.962384500745157 0.8122672929120409 3.0704255319148945 
6.003333333333334 5.837688442211055 4.578688524590164 5.147142857142858 0.01 5.529940387481372 1.4034116140051238 3.261702127659576 
2.4073333333333333 5.5666331658291455 5.905081967213115 2.1504761904761907 1.8802600472813238 4.297332339791357 1.4110888129803585 2.496595744680852 
0.01 6.199095477386935 6.199836065573771 3.862857142857143 0.01 3.667630402384501 0.5973057216054654 7.278510638297874 
3.606 4.346884422110553 0.01 0.01 0.01 3.1853055141579736 0.4399231426131512 1.3489361702127667 
6.602666666666667 6.470150753768844 6.93672131147541 4.719047619047619 1.5614657210401892 4.913636363636365 0.685593509820666 5.7482978723404266 
6.003333333333334 5.205226130653267 0.01 0.01 0.01 4.7394634873323405 0.22496157130657563 1.540212765957448 
4.804666666666667 4.753467336683417 7.378852459016393 5.147142857142858 0.01 5.811296572280179 0.6280145175064047 4.600638297872342 
0.6093333333333334 4.934170854271357 2.8101639344262295 2.5785714285714287 1.285177304964539 3.1049180327868857 1.2728992314261316 0.9663829787234048 
3.606 4.211356783919598 3.6944262295081964 4.2909523809523815 0.6900945626477542 3.855201192250373 1.0771306575576431 0.3925531914893625 
5.404 4.798643216080402 3.8418032786885243 0.01 0.01 4.190149031296572 1.1692570452604611 4.026808510638299 
1.2086666666666668 4.572763819095477 4.283934426229508 2.4358730158730157 2.8260165484633566 3.2522950819672136 2.0674893253629376 0.3925531914893625 
4.205333333333334 4.392060301507538 5.610327868852459 4.576349206349207 0.9770094562647754 5.489746646795828 3.054009393680615 2.1140425531914904 
4.804666666666667 6.967085427135679 5.757704918032787 4.576349206349207 0.01 4.350923994038749 1.4110888129803585 4.600638297872342 
1.808 4.798643216080402 3.9891803278688522 3.006666666666667 1.688983451536643 4.149955290611029 0.831460290350128 0.583829787234043 
1.2086666666666668 6.605678391959799 0.01 0.01 0.01 3.6944262295081973 0.6318531169940222 1.3489361702127667 
5.404 7.464020100502513 6.494590163934427 0.01 0.01 4.082965722801789 0.8698462852263023 5.365744680851066 
2.4073333333333333 3.8499497487437186 4.283934426229508 3.1493650793650794 0.5306973995271868 3.7346199701937413 0.8852006831767718 1.3489361702127667 
1.808 4.482412060301508 3.9891803278688522 2.7212698412698413 0.9238770685579196 3.4398658718330855 0.30173356105892396 0.583829787234043 
0.6093333333333334 7.373668341708543 5.315573770491803 0.01 0.01 5.235186289120716 4.40135781383433 2.305319148936171 
3.606 4.437236180904523 4.283934426229508 4.719047619047619 2.02903073286052 4.565290611028317 1.361187019641332 4.218085106382979 
0.01 4.617939698492462 3.8418032786885243 0.01 0.01 3.3728763040238454 0.010000000000000009 0.010000000000000675 
4.804666666666667 5.3407537688442215 5.315573770491803 2.7212698412698413 0.01 3.1049180327868857 5.376362083689155 4.791914893617022 
1.808 5.5666331658291455 7.378852459016393 5.004444444444445 2.5603546099290777 7.687004470938898 3.0885567890691714 0.20127659574468204 
5.404 5.385929648241206 5.905081967213115 5.004444444444445 0.01 3.895394932935917 0.7201409052092229 1.540212765957448 
1.2086666666666668 4.256532663316583 5.0208196721311475 2.5785714285714287 0.817612293144208 3.493457526080477 1.8640435525192145 0.010000000000000675 
1.2086666666666668 4.753467336683417 5.536639344262295 0.01 0.01 3.131713859910582 1.8602049530315972 6.130851063829789 
4.205333333333334 7.192964824120603 4.726065573770492 0.01 0.01 3.681028315946349 0.8391374893253629 3.6442553191489377 
3.006666666666667 7.147788944723618 6.199836065573771 5.860634920634921 2.241560283687943 5.288777943368108 1.2268360375747225 1.540212765957448 
0.6093333333333334 8.186834170854272 4.726065573770492 4.2909523809523815 1.9227659574468086 4.578688524590165 0.9696498719043551 3.261702127659576 
0.6093333333333334 6.334623115577889 5.462950819672131 3.7201587301587304 1.9227659574468086 3.238897168405366 2.8889496157130656 0.3925531914893625 
0.01 5.7021608040201 6.347213114754099 3.862857142857143 1.285177304964539 3.681028315946349 1.687467976088813 0.010000000000000675 
1.808 5.024522613065327 4.13655737704918 5.575238095238095 0.01 4.042771982116245 1.8486891545687447 1.7314893617021285 
1.2086666666666668 4.843819095477387 5.462950819672131 4.2909523809523815 1.0726477541371158 4.511698956780925 1.2613834329632791 0.3925531914893625 
1.2086666666666668 3.940301507537688 0.01 3.2920634920634924 0.01 3.8819970193740687 2.6778266438941074 0.7751063829787244 
3.606 6.06356783919598 5.905081967213115 5.28984126984127 3.9417966903073283 6.199836065573772 0.6241759180187874 4.791914893617022 
0.01 5.928040201005025 0.01 0.01 0.01 5.797898658718332 0.7470111016225449 0.9663829787234048 
3.606 0.01 5.0208196721311475 5.860634920634921 0.01 5.235186289120716 2.501251067463706 3.835531914893618 
1.808 3.533718592964824 3.6944262295081964 4.576349206349207 0.9451300236406619 4.163353204172877 0.6625619128949616 0.9663829787234048 
2.4073333333333333 6.605678391959799 5.757704918032787 0.01 0.01 5.168196721311476 1.7066609735269 8.808723404255321 
6.003333333333334 4.888994974874372 4.87344262295082 0.01 0.01 4.350923994038749 0.7546883005977798 4.026808510638299 
0.01 5.114874371859297 5.610327868852459 0.01 0.01 4.47150521609538 0.7777198975234842 0.3925531914893625 
0.01 4.617939698492462 5.757704918032787 5.717936507936509 0.9663829787234043 4.632280178837557 0.6241759180187874 0.583829787234043 
1.808 3.6240703517587938 0.01 0.01 0.01 0.01 0.3785055508112724 0.20127659574468204 
3.606 6.831557788944724 4.578688524590164 4.433650793650794 1.285177304964539 4.766259314456036 2.3669000853970967 1.3489361702127667 
4.804666666666667 4.527587939698493 5.462950819672131 5.717936507936509 2.294692671394799 5.288777943368108 2.2479035012809563 4.218085106382979 
2.4073333333333333 3.4433668341708543 4.578688524590164 0.01 0.01 4.565290611028317 1.2114816396242527 0.7751063829787244 
1.2086666666666668 3.3530150753768844 0.01 0.01 0.01 0.01 0.10212638770281807 0.20127659574468204 
0.01 7.825427135678392 5.757704918032787 4.576349206349207 2.8260165484633566 6.240029806259315 4.159526046114433 7.0872340425531934 
0.01 7.464020100502513 5.610327868852459 6.146031746031746 2.719751773049645 6.427600596125187 0.7047865072587531 0.9663829787234048 
0.01 6.199095477386935 2.9575409836065574 5.004444444444445 1.7952482269503547 5.784500745156484 8.493304867634501 2.305319148936171 
5.404 5.5214572864321605 4.13655737704918 0.01 0.01 4.47150521609538 3.9867890691716483 2.305319148936171 
6.602666666666667 7.012261306532664 5.610327868852459 4.0055555555555555 1.6039716312056738 4.47150521609538 4.904214346712213 5.7482978723404266 
0.6093333333333334 7.825427135678392 5.462950819672131 0.01 0.01 4.94043219076006 0.04838599487617423 3.261702127659576 
2.4073333333333333 5.97321608040201 6.347213114754099 4.433650793650794 0.01 3.7614157973174374 1.3189624252775405 8.043617021276598 
2.4073333333333333 6.967085427135679 5.315573770491803 4.148253968253968 1.348936170212766 4.203546944858421 1.0080358667805294 3.0704255319148945 
2.4073333333333333 3.7595979899497487 6.347213114754099 2.7212698412698413 0.01 3.935588673621461 0.9274252775405636 2.496595744680852 
6.003333333333334 6.289447236180904 5.905081967213115 0.01 0.01 3.6408345752608056 5.242011101622545 6.895957446808511 
1.2086666666666668 3.6692462311557787 5.315573770491803 2.1504761904761907 0.817612293144208 4.042771982116245 1.8103031596925705 0.7751063829787244 
0.01 4.753467336683417 6.6419672131147545 0.01 0.01 3.9757824143070053 0.4667933390264731 4.791914893617022 
0.01 5.114874371859297 5.905081967213115 2.293174603174603 0.01 4.163353204172877 3.0655251921434674 0.010000000000000675 
1.2086666666666668 5.069698492462312 5.757704918032787 7.144920634920635 1.4977068557919622 5.288777943368108 0.38234415029888985 0.583829787234043 
1.808 7.825427135678392 6.052459016393443 6.85952380952381 4.951312056737589 5.154798807749628 7.913676345004271 0.7751063829787244 
0.01 7.283316582914573 3.6944262295081964 0.01 0.01 2.9441430700447095 0.685593509820666 8.426170212765959 
1.808 5.88286432160804 4.726065573770492 0.01 0.01 3.1049180327868857 0.9159094790777114 0.20127659574468204 
0.01 4.798643216080402 5.1681967213114755 5.28984126984127 1.5827186761229315 5.288777943368108 2.0329419299743807 0.20127659574468204 
3.006666666666667 4.798643216080402 6.052459016393443 4.2909523809523815 0.01 5.302175856929956 0.8084286934244236 3.261702127659576 
0.01 5.4762814070351755 4.87344262295082 4.2909523809523815 1.763368794326241 4.60548435171386 0.48982493595217763 2.305319148936171 
0.6093333333333334 4.934170854271357 4.431311475409836 1.1515873015873017 1.9440189125295508 3.4130700447093894 3.345742954739539 0.010000000000000675 
2.4073333333333333 4.663115577889447 4.431311475409836 4.719047619047619 2.050283687943262 3.2254992548435175 3.4186763450042696 2.305319148936171 
2.4073333333333333 3.8047738693467337 6.6419672131147545 3.2920634920634924 0.6050827423167848 5.302175856929956 0.32092655849701107 0.7751063829787244 
1.808 5.5214572864321605 5.757704918032787 0.01 0.01 3.0915201192250374 0.685593509820666 3.6442553191489377 
0.6093333333333334 5.024522613065327 6.93672131147541 0.01 0.01 4.40451564828614 0.7278181041844578 4.600638297872342 
0.6093333333333334 5.2955778894472365 6.494590163934427 3.434761904761905 1.550839243498818 4.632280178837557 1.2575448334756616 3.6442553191489377 
6.602666666666667 6.244271356783919 5.462950819672131 3.7201587301587304 1.540212765957447 4.846646795827125 1.8486891545687447 5.557021276595746 
3.006666666666667 5.79251256281407 5.905081967213115 0.01 0.01 4.645678092399405 0.26334756618274985 4.600638297872342 
3.006666666666667 7.509195979899498 5.610327868852459 0.01 0.01 6.132846497764532 1.0157130657557643 1.1576595744680862 
0.6093333333333334 5.928040201005025 4.726065573770492 2.0077777777777777 4.419988179669031 3.1853055141579736 1.2038044406490178 0.010000000000000675 
2.4073333333333333 4.075829145728643 0.01 0.01 0.01 3.7614157973174374 2.052134927412468 1.92276595744681 
0.01 5.837688442211055 8.115737704918033 6.574126984126985 1.3914420803782506 9.0 0.9351024765157985 0.9663829787234048 
1.808 4.075829145728643 5.757704918032787 0.01 0.01 5.730909090909092 1.8563663535439794 0.010000000000000675 
1.808 5.4311055276381905 5.1681967213114755 4.2909523809523815 1.4445744680851065 5.757704918032788 1.4456362083689154 1.7314893617021285 
0.01 6.605678391959799 6.052459016393443 0.01 0.01 5.436154992548436 6.547134927412468 4.409361702127661 
3.006666666666667 5.5666331658291455 5.462950819672131 5.717936507936509 0.8282387706855792 4.578688524590165 0.7431725021349271 1.3489361702127667 
1.808 3.8047738693467337 5.0208196721311475 4.2909523809523815 1.1364066193853428 4.283934426229509 1.9792015371477367 0.7751063829787244 
3.006666666666667 3.985477386934673 4.87344262295082 3.006666666666667 0.2544089834515366 3.2790909090909093 1.0233902647309991 1.7314893617021285 
0.6093333333333334 7.102613065326633 5.315573770491803 3.006666666666667 1.7952482269503547 3.4398658718330855 0.182736976942784 0.583829787234043 
1.2086666666666668 4.437236180904523 4.431311475409836 2.4358730158730157 1.285177304964539 4.659076005961253 0.4706319385140905 0.20127659574468204 
0.6093333333333334 5.069698492462312 5.315573770491803 4.2909523809523815 1.8802600472813238 4.618882265275708 1.7373697694278394 0.7751063829787244 
4.205333333333334 3.7595979899497487 5.757704918032787 3.7201587301587304 0.7644799054373522 3.935588673621461 2.654795046968403 2.879148936170214 
4.205333333333334 5.160050251256282 4.726065573770492 0.01 0.01 3.681028315946349 2.520444064901793 2.496595744680852 
9.0 6.15391959798995 5.1681967213114755 4.576349206349207 1.1789125295508274 4.980625931445604 0.2978949615713065 4.218085106382979 
4.804666666666667 5.4311055276381905 6.347213114754099 0.01 0.01 3.815007451564829 0.7047865072587531 0.20127659574468204 
3.006666666666667 4.346884422110553 5.462950819672131 2.5785714285714287 0.7219739952718677 4.511698956780925 3.5376729291204096 4.218085106382979 
0.6093333333333334 5.024522613065327 6.347213114754099 2.7212698412698413 0.01 4.042771982116245 0.2595089666951324 0.3925531914893625 
2.4073333333333333 6.15391959798995 5.1681967213114755 0.01 0.01 4.190149031296572 4.247813834329633 0.20127659574468204 
0.6093333333333334 6.018391959798995 7.526229508196721 4.0055555555555555 1.4977068557919622 4.40451564828614 0.6088215200683176 4.600638297872342 
4.205333333333334 4.798643216080402 6.789344262295082 2.5785714285714287 0.01 3.0513263785394935 0.6126601195559351 5.174468085106383 
0.6093333333333334 6.470150753768844 5.462950819672131 3.1493650793650794 0.6582151300236406 3.5202533532041733 0.6932707087959009 0.010000000000000675 
4.804666666666667 4.527587939698493 5.610327868852459 0.01 0.01 5.194992548435173 0.4399231426131512 4.026808510638299 
4.205333333333334 6.15391959798995 5.462950819672131 3.7201587301587304 1.4445744680851065 3.493457526080477 2.1941631084543127 5.7482978723404266 
4.804666666666667 4.979346733668342 5.610327868852459 0.01 0.01 3.7346199701937413 0.6203373185311698 7.0872340425531934 
4.804666666666667 5.7021608040201 6.494590163934427 5.147142857142858 1.157659574468085 5.168196721311476 1.050260461144321 5.365744680851066 
6.003333333333334 6.018391959798995 5.0208196721311475 0.01 0.01 3.6274366616989573 0.6510461144321094 2.879148936170214 
3.006666666666667 4.708291457286432 5.462950819672131 0.01 0.01 3.8685991058122213 0.2978949615713065 5.174468085106383 
0.01 8.096482412060302 3.6944262295081964 5.147142857142858 1.6996099290780142 5.07441132637854 1.4571520068317678 0.20127659574468204 
4.205333333333334 8.096482412060302 7.010409836065574 4.433650793650794 0.01 4.592086438152013 0.3401195559350982 7.469787234042554 
0.6093333333333334 5.79251256281407 7.231475409836065 5.860634920634921 0.6263356973995272 4.297332339791357 4.781379163108454 2.305319148936171 
0.01 5.3407537688442215 4.726065573770492 3.2920634920634924 0.9557565011820331 0.01 6.355204953031596 0.010000000000000675 
1.2086666666666668 6.379798994974874 4.283934426229508 4.861746031746032 1.3701891252955083 3.4130700447093894 2.3937702818104185 0.583829787234043 
3.606 3.940301507537688 5.905081967213115 0.01 0.01 3.1183159463487335 0.033031596925704565 2.1140425531914904 
0.6093333333333334 5.7021608040201 4.431311475409836 0.01 0.01 4.042771982116245 1.050260461144321 4.983191489361703 
2.4073333333333333 5.656984924623115 5.1681967213114755 2.5785714285714287 1.3064302600472812 3.8819970193740687 4.101947053800171 4.600638297872342 
0.6093333333333334 4.121005025125628 4.726065573770492 3.434761904761905 0.01 3.922190760059613 0.44760034158838596 0.010000000000000675 
0.6093333333333334 8.54824120603015 4.431311475409836 3.2920634920634924 9.0 4.042771982116245 1.2383518360375745 7.278510638297874 
4.205333333333334 6.018391959798995 6.494590163934427 2.1504761904761907 1.6571040189125297 4.350923994038749 0.7163023057216054 3.0704255319148945 
4.205333333333334 7.238140703517588 3.9891803278688522 4.576349206349207 1.8696335697399526 4.096363636363637 1.9676857386848847 3.4529787234042564 
7.202 6.831557788944724 5.1681967213114755 5.717936507936509 2.889775413711584 5.610327868852459 2.5588300597779674 3.261702127659576 
5.404 2.5850251256281407 5.905081967213115 5.28984126984127 0.01 4.40451564828614 0.07909479077711357 3.835531914893618 
3.006666666666667 6.650854271356784 5.536639344262295 0.01 0.01 4.015976154992549 1.3765414175918018 1.3489361702127667 
0.01 8.141658291457286 5.757704918032787 9.0 0.1587706855791962 7.968360655737706 9.0 0.7751063829787244 
1.2086666666666668 3.985477386934673 5.462950819672131 2.7212698412698413 0.5732033096926714 3.895394932935917 0.5896285226302305 0.20127659574468204 
3.606 5.656984924623115 5.757704918032787 4.433650793650794 0.01 3.707824143070045 1.8793979504696838 5.365744680851066 
1.2086666666666668 5.5666331658291455 3.5470491803278685 4.576349206349207 1.763368794326241 5.650521609538004 1.7066609735269 0.9663829787234048 
0.6093333333333334 4.527587939698493 4.87344262295082 4.148253968253968 2.0927895981087468 4.297332339791357 1.414927412467976 4.026808510638299 
1.2086666666666668 5.61180904522613 5.0208196721311475 4.0055555555555555 2.1884278959810874 4.417913561847988 3.0693637916310843 1.7314893617021285 
0.6093333333333334 3.985477386934673 2.220655737704918 6.003333333333334 1.0620212765957446 7.378852459016395 1.6145345858240818 0.9663829787234048 
0.01 4.392060301507538 4.726065573770492 5.147142857142858 1.0726477541371158 4.94043219076006 2.0137489325362936 0.7751063829787244 
3.006666666666667 7.147788944723618 5.1681967213114755 0.01 0.01 4.002578241430701 0.5051793339026474 8.043617021276598 
7.801333333333334 6.876733668341709 6.6419672131147545 4.719047619047619 0.3181678486997636 3.600640834575261 2.516605465414176 4.218085106382979 
0.6093333333333334 4.075829145728643 4.578688524590164 2.5785714285714287 0.6369621749408984 3.3728763040238454 4.5779333902647315 0.7751063829787244 
0.6093333333333334 4.934170854271357 4.283934426229508 2.5785714285714287 1.2426713947990544 3.828405365126677 0.5512425277540562 0.20127659574468204 
0.6093333333333334 5.88286432160804 5.1681967213114755 1.8650793650793653 1.1257801418439717 3.480059612518629 1.5224081981212638 0.20127659574468204 
0.01 4.256532663316583 0.01 0.01 0.01 0.01 0.6932707087959009 0.7751063829787244 
4.804666666666667 6.470150753768844 4.87344262295082 0.01 0.01 4.685871833084948 0.2057685738684885 3.835531914893618 
2.4073333333333333 4.934170854271357 4.726065573770492 6.288730158730159 1.0620212765957446 4.6724739195231 3.1845217762596074 0.9663829787234048 
2.4073333333333333 5.97321608040201 0.01 0.01 0.01 4.417913561847988 0.8698462852263023 0.3925531914893625 
3.006666666666667 5.2504020100502515 5.462950819672131 4.148253968253968 0.01 4.3375260804769 2.244064901793339 2.6878723404255327 
0.6093333333333334 4.301708542713568 5.462950819672131 3.006666666666667 0.7857328605200946 3.480059612518629 2.293966695132365 2.879148936170214 
0.6093333333333334 6.289447236180904 4.578688524590164 5.860634920634921 5.110709219858156 5.462950819672132 1.768078565328779 0.010000000000000675 
1.808 6.379798994974874 0.01 0.01 0.01 4.029374068554397 2.631763450042698 1.1576595744680862 
3.606 5.656984924623115 5.0208196721311475 4.2909523809523815 1.285177304964539 4.029374068554397 1.4916994022203243 2.1140425531914904 
3.606 4.753467336683417 5.905081967213115 4.0055555555555555 0.01 4.364321907600597 3.0808795900939367 0.9663829787234048 
1.808 4.843819095477387 4.578688524590164 1.8650793650793653 0.5200709219858156 3.0781222056631896 2.3131596925704523 0.3925531914893625 
0.6093333333333334 4.030653266331658 5.610327868852459 4.861746031746032 0.4031796690307329 4.190149031296572 0.44760034158838596 0.3925531914893625 
5.404 6.876733668341709 5.757704918032787 4.861746031746032 1.827127659574468 4.592086438152013 3.138458582408198 2.305319148936171 
1.808 5.024522613065327 6.6419672131147545 1.7223809523809526 0.8388652482269504 3.815007451564829 1.6106959863364645 1.540212765957448 
0.01 6.244271356783919 0.01 0.01 0.01 4.87344262295082 3.2920025619128945 0.7751063829787244 
4.205333333333334 8.81929648241206 5.1681967213114755 4.719047619047619 1.550839243498818 3.3728763040238454 0.33628095644748085 6.51340425531915 
0.6093333333333334 5.79251256281407 6.494590163934427 5.575238095238095 1.1789125295508274 4.900238450074516 3.7679888983774545 3.0704255319148945 
3.006666666666667 5.88286432160804 6.052459016393443 0.01 0.01 5.248584202682564 3.3802903501280954 3.0704255319148945 
0.01 4.843819095477387 5.610327868852459 0.01 0.01 6.079254843517139 2.343868488471392 0.583829787234043 
4.804666666666667 2.94643216080402 5.315573770491803 3.2920634920634924 0.01 4.297332339791357 2.0137489325362936 4.026808510638299 
1.2086666666666668 4.527587939698493 3.9891803278688522 4.0055555555555555 1.1257801418439717 5.07441132637854 1.6222117847993167 0.583829787234043 
4.205333333333334 6.424974874371859 4.431311475409836 4.719047619047619 2.02903073286052 3.8685991058122213 2.3477070879590096 7.661063829787235 
1.2086666666666668 5.5214572864321605 5.610327868852459 3.862857142857143 2.1352955082742313 4.819850968703428 1.5646327924850554 0.9663829787234048 
1.808 8.45788944723618 5.1681967213114755 3.1493650793650794 2.1352955082742313 4.886840536512668 1.2767378309137487 2.879148936170214 
0.6093333333333334 5.385929648241206 3.252295081967213 6.7168253968253975 0.679468085106383 4.766259314456036 0.7853970964987191 0.7751063829787244 
3.006666666666667 4.979346733668342 5.0208196721311475 0.01 0.01 3.493457526080477 0.831460290350128 1.7314893617021285 
0.01 6.289447236180904 4.578688524590164 2.4358730158730157 2.241560283687943 2.970938897168406 0.5051793339026474 0.010000000000000675 
6.003333333333334 5.837688442211055 5.610327868852459 4.0055555555555555 1.3064302600472812 4.819850968703428 0.7853970964987191 3.4529787234042564 
0.01 8.141658291457286 6.6419672131147545 3.7201587301587304 0.9663829787234043 4.900238450074516 0.9159094790777114 2.6878723404255327 
1.808 5.837688442211055 4.726065573770492 4.148253968253968 1.2320449172576833 3.547049180327869 0.5512425277540562 1.3489361702127667 
2.4073333333333333 4.979346733668342 5.610327868852459 2.8639682539682543 1.0726477541371158 3.815007451564829 0.16354397950469685 1.1576595744680862 
4.804666666666667 4.888994974874372 5.1681967213114755 0.01 0.01 4.096363636363637 3.376451750640478 2.305319148936171 
0.6093333333333334 3.940301507537688 5.0208196721311475 4.861746031746032 0.8282387706855792 5.047615499254844 1.249867634500427 0.583829787234043 
2.4073333333333333 5.160050251256282 4.726065573770492 0.01 0.01 3.8819970193740687 0.19425277540563624 0.583829787234043 
2.4073333333333333 6.967085427135679 4.578688524590164 4.433650793650794 3.0279196217494087 4.40451564828614 0.6203373185311698 0.3925531914893625 
4.205333333333334 4.527587939698493 0.01 0.01 0.01 4.029374068554397 1.5684713919726727 2.1140425531914904 
1.808 3.7595979899497487 4.283934426229508 4.433650793650794 0.20127659574468088 4.60548435171386 1.0003586678052947 0.7751063829787244 
1.808 7.9609547738693465 6.347213114754099 3.862857142857143 1.6677304964539008 4.47150521609538 4.140333048676346 5.939574468085107 
1.808 7.373668341708543 5.1681967213114755 2.5785714285714287 1.1257801418439717 4.2437406855439646 0.73933390264731 1.3489361702127667 
3.006666666666667 7.328492462311558 7.673606557377049 0.01 0.01 5.061013412816693 0.29021776259607174 5.939574468085107 
3.606 5.160050251256282 0.01 0.01 0.01 0.01 0.43608454312553363 0.9663829787234048 
0.6093333333333334 3.578894472361809 5.536639344262295 4.2909523809523815 0.01 4.297332339791357 1.2306746370623398 0.20127659574468204 
3.606 4.708291457286432 5.462950819672131 2.5785714285714287 1.6677304964539008 4.015976154992549 2.482058070025619 3.835531914893618 
0.01 5.928040201005025 6.494590163934427 0.01 0.01 4.2437406855439646 2.5626686592655847 2.1140425531914904 
5.404 5.4311055276381905 5.315573770491803 3.1493650793650794 0.6050827423167848 2.796766020864382 2.5242826643894105 5.174468085106383 
3.006666666666667 5.205226130653267 7.231475409836065 0.01 0.01 7.097496274217587 0.512856532877882 1.3489361702127667 
2.4073333333333333 5.656984924623115 5.905081967213115 0.01 0.01 4.3375260804769 1.768078565328779 1.1576595744680862 
0.6093333333333334 5.5214572864321605 6.6419672131147545 7.2876190476190486 2.3478250591016545 6.668763040238452 0.9581340734415029 1.92276595744681 
5.404 6.560502512562814 6.494590163934427 4.861746031746032 1.763368794326241 4.069567809239941 2.6701494449188723 6.130851063829789 
0.6093333333333334 3.578894472361809 5.905081967213115 3.5774603174603175 0.4031796690307329 3.4130700447093894 1.9484927412467976 0.20127659574468204 
0.6093333333333334 4.843819095477387 3.6944262295081964 2.7212698412698413 0.01 3.8016095380029813 0.4053757472245944 1.540212765957448 
1.2086666666666668 3.8499497487437186 4.799754098360656 0.01 0.01 5.315573770491804 3.280486763450043 1.1576595744680862 
3.006666666666667 4.888994974874372 5.315573770491803 6.146031746031746 0.8069858156028369 4.846646795827125 0.7201409052092229 2.305319148936171 
1.2086666666666668 4.075829145728643 5.1681967213114755 2.4358730158730157 0.01 3.667630402384501 0.036870196413321954 0.20127659574468204 
0.6093333333333334 3.940301507537688 4.431311475409836 5.28984126984127 0.8069858156028369 4.994023845007453 1.6644363791631085 0.20127659574468204 
1.808 5.656984924623115 4.283934426229508 0.01 0.01 4.2437406855439646 0.29021776259607174 0.583829787234043 
1.2086666666666668 4.482412060301508 0.01 0.01 0.01 2.9843368107302535 0.12515798462852268 0.3925531914893625 
0.01 7.464020100502513 6.6419672131147545 4.719047619047619 7.236004728132388 7.017108792846498 1.34967122117848 0.3925531914893625 
1.2086666666666668 4.166180904522613 5.610327868852459 2.8639682539682543 0.01 3.2522950819672136 6.228531169940223 1.3489361702127667 
2.4073333333333333 6.605678391959799 6.789344262295082 0.01 0.01 4.190149031296572 1.779594363791631 7.661063829787235 
0.01 4.934170854271357 6.494590163934427 4.2909523809523815 0.01 4.364321907600597 2.992591801878736 3.261702127659576 
1.2086666666666668 6.289447236180904 5.536639344262295 0.01 0.01 3.4398658718330855 0.3516353543979504 1.540212765957448 
1.808 5.97321608040201 5.905081967213115 0.01 0.01 4.618882265275708 1.2537062339880445 4.409361702127661 
1.2086666666666668 4.482412060301508 3.8418032786885243 2.1504761904761907 1.008888888888889 3.305886736214606 2.1557771135781385 0.010000000000000675 
3.606 4.934170854271357 4.431311475409836 3.862857142857143 0.01 3.3594783904619976 0.50134073441503 1.1576595744680862 
3.606 4.166180904522613 6.789344262295082 0.01 0.01 2.67618479880775 0.4322459436379163 1.3489361702127667 
0.01 6.379798994974874 0.01 0.01 0.01 5.690715350223548 0.4975021349274124 1.540212765957448 
3.006666666666667 6.199095477386935 7.968360655737705 0.01 0.01 6.548181818181819 0.5819513236549956 3.0704255319148945 
1.808 4.030653266331658 5.462950819672131 2.293174603174603 0.9132505910165485 4.082965722801789 1.8256575576430403 3.261702127659576 
2.4073333333333333 5.160050251256282 4.799754098360656 0.01 0.01 2.9441430700447095 1.3688642186165672 3.0704255319148945 
1.2086666666666668 6.605678391959799 5.1681967213114755 5.432539682539683 3.835531914893617 3.7614157973174374 1.004197267292912 1.540212765957448 
0.01 4.572763819095477 4.799754098360656 4.0055555555555555 0.01 3.305886736214606 0.6203373185311698 0.20127659574468204 
1.2086666666666668 5.79251256281407 5.757704918032787 5.28984126984127 1.9440189125295508 5.811296572280179 4.409035012809564 1.92276595744681 
2.4073333333333333 5.2504020100502515 5.315573770491803 1.7223809523809526 0.9345035460992908 2.970938897168406 1.487860802732707 3.0704255319148945 
5.404 3.2626633165829144 5.757704918032787 3.5774603174603175 0.01 4.2437406855439646 0.7853970964987191 3.261702127659576 
2.4073333333333333 5.2955778894472365 4.726065573770492 3.862857142857143 1.285177304964539 4.458107302533533 0.593467122117848 0.583829787234043 
1.2086666666666668 4.166180904522613 4.578688524590164 4.0055555555555555 0.01 4.2437406855439646 0.2096071733561059 0.583829787234043 
0.01 4.301708542713568 4.726065573770492 5.575238095238095 1.1257801418439717 5.985469448584204 1.1155166524338171 0.20127659574468204 
0.01 4.437236180904523 6.052459016393443 2.1504761904761907 0.9026241134751773 3.3862742175856932 0.85833048676345 0.20127659574468204 
0.6093333333333334 6.831557788944724 4.431311475409836 0.01 0.01 3.5068554396423255 0.3976985482493595 0.20127659574468204 
0.6093333333333334 8.864472361809046 5.610327868852459 5.147142857142858 2.6559929078014184 4.900238450074516 3.0693637916310843 1.540212765957448 
0.01 5.385929648241206 4.87344262295082 3.862857142857143 0.01 5.20839046199702 0.7047865072587531 0.20127659574468204 
0.01 4.708291457286432 4.726065573770492 5.28984126984127 0.6900945626477542 4.511698956780925 1.6682749786507258 0.20127659574468204 
2.4073333333333333 4.256532663316583 4.799754098360656 3.1493650793650794 0.01 3.319284649776453 0.2787019641332195 0.010000000000000675 
3.606 6.199095477386935 4.505 0.01 0.01 3.2522950819672136 0.29021776259607174 6.51340425531915 
0.6093333333333334 3.6240703517587938 4.062868852459016 0.01 0.01 2.5690014903129663 0.7009479077711358 0.010000000000000675 
1.808 8.141658291457286 4.726065573770492 3.5774603174603175 0.7538534278959811 4.565290611028317 0.7508497011101622 0.9663829787234048 
0.01 5.160050251256282 5.905081967213115 4.861746031746032 3.03854609929078 5.931877794336812 0.3516353543979504 1.1576595744680862 
1.2086666666666668 4.753467336683417 5.905081967213115 6.4314285714285715 2.039657210401891 4.525096870342773 2.4398334756618274 1.540212765957448 
3.006666666666667 4.663115577889447 7.968360655737705 5.28984126984127 0.01 5.261982116244412 0.8813620836891545 8.426170212765959 
1.2086666666666668 7.102613065326633 5.462950819672131 5.004444444444445 4.685650118203309 5.288777943368108 0.22496157130657563 1.7314893617021285 
0.6093333333333334 4.121005025125628 3.9891803278688522 3.5774603174603175 1.0726477541371158 3.3862742175856932 0.6088215200683176 0.3925531914893625 
1.2086666666666668 7.8706030150753765 6.494590163934427 5.28984126984127 1.285177304964539 5.972071535022356 2.1903245089666945 0.583829787234043 
0.6093333333333334 4.482412060301508 5.315573770491803 4.2909523809523815 0.20127659574468088 5.181594634873324 1.2920922288642187 0.010000000000000675 
0.6093333333333334 3.2174874371859294 4.578688524590164 0.01 0.01 2.9307451564828617 1.3074466268146885 0.9663829787234048 
1.2086666666666668 4.482412060301508 4.431311475409836 2.4358730158730157 1.7102364066193854 4.913636363636365 1.4494748078565327 0.010000000000000675 
7.801333333333334 6.560502512562814 6.052459016393443 2.7212698412698413 1.1789125295508274 2.9843368107302535 0.6510461144321094 6.895957446808511 
0.01 5.5666331658291455 5.315573770491803 0.01 0.01 4.87344262295082 0.7009479077711358 5.939574468085107 
1.2086666666666668 4.888994974874372 4.578688524590164 1.4369841269841273 2.964160756501182 3.3996721311475415 3.0923953885567887 0.20127659574468204 
4.804666666666667 8.864472361809046 5.610327868852459 4.148253968253968 2.985413711583924 5.034217585692996 2.0329419299743807 6.895957446808511 
0.6093333333333334 4.301708542713568 4.431311475409836 2.5785714285714287 0.6263356973995272 3.2121013412816692 0.7086251067463707 0.20127659574468204 
1.2086666666666668 3.8047738693467337 3.6944262295081964 3.2920634920634924 0.817612293144208 4.082965722801789 3.4263535439795043 0.010000000000000675 
0.6093333333333334 4.346884422110553 9.0 0.01 0.01 3.0111326378539496 0.5051793339026474 1.1576595744680862 
0.01 4.843819095477387 4.578688524590164 4.2909523809523815 0.7963593380614657 4.913636363636365 2.6164090520922287 0.7751063829787244 
4.205333333333334 4.753467336683417 0.01 0.01 0.01 0.01 0.8813620836891545 0.583829787234043 
6.003333333333334 5.656984924623115 5.1681967213114755 3.7201587301587304 1.2320449172576833 4.176751117734725 0.4975021349274124 3.835531914893618 
0.6093333333333334 3.7595979899497487 5.0208196721311475 0.01 0.01 2.448420268256334 2.105875320239112 1.1576595744680862 
0.01 3.03678391959799 5.610327868852459 0.01 0.01 6.079254843517139 0.45527754056362074 4.791914893617022 
0.01 4.708291457286432 4.726065573770492 3.2920634920634924 1.2426713947990544 3.7346199701937413 1.45331340734415 0.3925531914893625 
5.404 4.617939698492462 5.610327868852459 5.28984126984127 0.01 4.417913561847988 2.263257899231426 4.791914893617022 
1.2086666666666668 7.012261306532664 3.8418032786885243 3.862857142857143 5.748297872340426 5.194992548435173 0.6318531169940222 0.7751063829787244 
0.01 5.97321608040201 5.757704918032787 0.01 0.01 4.350923994038749 1.2191588385994874 0.010000000000000675 
4.804666666666667 4.121005025125628 6.052459016393443 0.01 0.01 4.779657228017885 1.9638471391972674 9.000000000000002 
4.205333333333334 6.199095477386935 6.6419672131147545 5.860634920634921 0.01 4.297332339791357 1.2114816396242527 3.4529787234042564 
0.6093333333333334 3.4885427135678393 4.13655737704918 4.2909523809523815 0.6050827423167848 4.47150521609538 4.512677198975235 0.583829787234043 
4.205333333333334 6.650854271356784 5.610327868852459 0.01 0.01 5.288777943368108 0.6971093082835185 4.218085106382979 
3.606 5.5666331658291455 5.315573770491803 6.4314285714285715 2.4540898345153663 4.511698956780925 2.5242826643894105 2.496595744680852 
1.2086666666666668 5.4762814070351755 5.1681967213114755 4.576349206349207 1.01951536643026 5.248584202682564 3.111588385994876 0.3925531914893625 
4.205333333333334 6.018391959798995 6.199836065573771 0.01 0.01 5.395961251862892 2.382254483347566 3.0704255319148945 
1.808 5.4762814070351755 3.8418032786885243 0.01 0.01 4.833248882265276 0.19809137489325362 0.7751063829787244 
0.6093333333333334 4.392060301507538 4.726065573770492 2.7212698412698413 0.881371158392435 2.448420268256334 0.85833048676345 0.010000000000000675 
1.2086666666666668 4.798643216080402 4.13655737704918 3.862857142857143 1.763368794326241 3.895394932935917 1.3458326216908625 0.20127659574468204 
0.6093333333333334 5.5214572864321605 4.726065573770492 4.576349206349207 1.6677304964539008 4.712667660208645 2.3669000853970967 1.7314893617021285 
1.808 6.424974874371859 5.905081967213115 2.1504761904761907 0.01 4.350923994038749 0.4783091374893254 8.043617021276598 
0.6093333333333334 7.418844221105528 6.052459016393443 6.146031746031746 0.7219739952718677 4.40451564828614 1.0195516652433818 5.557021276595746 
0.01 5.837688442211055 5.905081967213115 0.01 0.01 4.190149031296572 2.409124679760888 1.540212765957448 
0.01 4.301708542713568 5.905081967213115 6.4314285714285715 0.9876359338061466 4.900238450074516 0.97732707087959 0.9663829787234048 
6.602666666666667 4.663115577889447 5.0208196721311475 5.717936507936509 0.01 6.199836065573772 0.19425277540563624 4.026808510638299 
0.01 5.2955778894472365 4.87344262295082 4.433650793650794 2.0077777777777777 4.136557377049181 1.6030187873612296 0.20127659574468204 
1.2086666666666668 3.7595979899497487 4.799754098360656 4.0055555555555555 0.7113475177304964 4.94043219076006 2.125068317677199 0.583829787234043 
1.2086666666666668 4.527587939698493 4.726065573770492 3.2920634920634924 0.01 3.9891803278688527 1.123193851409052 0.010000000000000675 
3.006666666666667 5.2955778894472365 6.347213114754099 4.2909523809523815 1.1257801418439717 5.248584202682564 0.6740777113578138 4.026808510638299 
0.6093333333333334 6.921909547738694 6.052459016393443 6.003333333333334 5.163841607565011 5.449552906110284 2.3477070879590096 0.3925531914893625 
0.6093333333333334 5.160050251256282 4.87344262295082 5.147142857142858 2.1352955082742313 5.114605067064084 0.8199444918872758 0.010000000000000675 
1.2086666666666668 3.985477386934673 4.283934426229508 3.7201587301587304 0.18002364066193854 3.815007451564829 2.650956447480785 0.20127659574468204 
4.205333333333334 5.385929648241206 0.01 0.01 0.01 3.3862742175856932 0.512856532877882 3.0704255319148945 
0.6093333333333334 6.470150753768844 6.347213114754099 4.2909523809523815 3.516737588652482 4.042771982116245 3.1346199829205807 0.3925531914893625 
4.205333333333334 4.798643216080402 4.431311475409836 3.434761904761905 0.01 3.5604470938897173 0.8468146883005978 1.540212765957448 
3.606 6.515326633165829 5.315573770491803 3.862857142857143 2.432836879432624 4.551892697466468 0.6894321093082836 3.6442553191489377 
0.6093333333333334 4.211356783919598 4.13655737704918 1.5796825396825398 0.01 3.024530551415798 1.3112852263023058 0.20127659574468204 
1.808 5.7021608040201 6.494590163934427 5.860634920634921 2.507222222222222 5.27538002980626 2.4129632792485056 1.1576595744680862 
1.808 3.6240703517587938 6.052459016393443 4.433650793650794 0.7538534278959811 4.592086438152013 4.670059777967548 1.1576595744680862 
8.400666666666668 4.527587939698493 5.757704918032787 3.5774603174603175 1.965271867612293 4.913636363636365 1.2920922288642187 4.791914893617022 
0.01 4.617939698492462 6.347213114754099 2.4358730158730157 1.1257801418439717 3.935588673621461 2.3784158838599483 1.1576595744680862 
2.4073333333333333 4.482412060301508 5.610327868852459 2.1504761904761907 0.5519503546099291 3.1183159463487335 0.566596925704526 0.010000000000000675 
1.2086666666666668 4.798643216080402 4.726065573770492 5.004444444444445 1.2745508274231678 4.096363636363637 5.084628522630231 2.496595744680852 
4.804666666666667 5.61180904522613 5.610327868852459 3.434761904761905 6.385886524822695 3.855201192250373 2.3477070879590096 5.939574468085107 
0.01 3.3530150753768844 3.8418032786885243 1.4369841269841273 0.39255319148936174 3.7346199701937413 0.7431725021349271 0.20127659574468204 
3.006666666666667 4.482412060301508 5.462950819672131 3.862857142857143 0.01 3.895394932935917 0.48982493595217763 2.1140425531914904 
0.01 7.328492462311558 5.610327868852459 8.001111111111111 1.0726477541371158 7.137690014903131 2.624086251067464 0.7751063829787244 
0.6093333333333334 6.108743718592965 3.9891803278688522 0.01 0.01 3.5872429210134134 2.3477070879590096 7.852340425531917 
0.01 4.843819095477387 4.431311475409836 3.5774603174603175 0.01 3.547049180327869 0.22112297181895818 0.3925531914893625 
3.006666666666667 7.509195979899498 5.315573770491803 2.7212698412698413 1.8696335697399526 3.4666616989567816 1.9638471391972674 5.7482978723404266 
4.804666666666667 8.27718592964824 4.726065573770492 0.01 0.01 3.131713859910582 2.2901280956447483 2.1140425531914904 
0.01 6.831557788944724 6.6419672131147545 6.574126984126985 0.01 5.650521609538004 1.1347096498719043 0.010000000000000675 
7.202 3.985477386934673 5.462950819672131 5.717936507936509 0.5838297872340426 4.7394634873323405 1.161579846285226 5.174468085106383 
3.006666666666667 4.482412060301508 3.9891803278688522 4.0055555555555555 0.8919976359338062 4.565290611028317 1.6260503842869343 1.7314893617021285 
7.202 6.334623115577889 6.052459016393443 6.146031746031746 3.463605200945626 5.261982116244412 1.7373697694278394 7.0872340425531934 
0.6093333333333334 3.578894472361809 4.431311475409836 6.003333333333334 0.5200709219858156 5.838092399403876 2.3131596925704523 0.3925531914893625 
2.4073333333333333 7.7350753768844225 5.315573770491803 0.01 0.01 5.851490312965724 1.5492783945345856 0.9663829787234048 
1.808 3.940301507537688 4.431311475409836 2.5785714285714287 0.01 2.9307451564828617 1.414927412467976 0.010000000000000675 
1.2086666666666668 5.5214572864321605 3.8418032786885243 6.146031746031746 1.688983451536643 4.860044709388973 2.8428864218616563 1.3489361702127667 
4.804666666666667 8.412713567839196 6.6419672131147545 5.004444444444445 2.4009574468085106 4.632280178837557 1.33431682322801 3.0704255319148945 
3.006666666666667 3.4885427135678393 6.052459016393443 5.860634920634921 0.4563120567375887 4.80645305514158 0.30941076003415885 2.6878723404255327 
6.003333333333334 3.3981909547738693 6.052459016393443 0.01 0.01 4.47150521609538 0.7201409052092229 3.261702127659576 
1.2086666666666668 3.2174874371859294 5.1681967213114755 3.862857142857143 0.01 3.7614157973174374 1.9600085397096496 0.20127659574468204 
1.808 4.346884422110553 4.13655737704918 4.861746031746032 1.2320449172576833 3.319284649776453 3.3342271562766865 3.4529787234042564 
7.801333333333334 5.7021608040201 6.6419672131147545 0.01 0.01 5.824694485842027 1.9484927412467976 4.026808510638299 
4.804666666666667 5.069698492462312 5.315573770491803 0.01 0.01 3.1719076005961258 2.9350128095644745 7.0872340425531934 
1.2086666666666668 5.069698492462312 5.0208196721311475 3.1493650793650794 1.008888888888889 4.578688524590165 0.9197480785653287 0.9663829787234048 
3.006666666666667 3.3078391959798994 4.431311475409836 0.01 0.01 3.600640834575261 0.73933390264731 1.1576595744680862 
5.404 6.334623115577889 6.93672131147541 0.01 0.01 4.391117734724293 2.5281212638770283 4.600638297872342 
2.4073333333333333 8.90964824120603 5.1681967213114755 5.575238095238095 7.916099290780141 4.927034277198213 8.650687446626815 1.92276595744681 
1.2086666666666668 4.888994974874372 4.578688524590164 4.576349206349207 0.6050827423167848 3.3862742175856932 0.20192997438087107 0.010000000000000675 
0.6093333333333334 3.8951256281407036 4.87344262295082 7.430317460317461 0.7007210401891253 5.543338301043219 3.2305849701110163 1.540212765957448 
0.01 4.572763819095477 4.726065573770492 2.4358730158730157 0.01 2.8235618479880777 0.6779163108454314 0.010000000000000675 
2.4073333333333333 4.482412060301508 5.0208196721311475 5.432539682539683 0.01 4.40451564828614 0.2671861656703672 2.305319148936171 
1.808 7.8706030150753765 4.283934426229508 3.1493650793650794 2.0715366430260045 4.417913561847988 1.9868787361229718 2.879148936170214 
5.404 7.057437185929648 6.347213114754099 0.01 0.01 3.3326825633383015 0.593467122117848 6.130851063829789 
3.606 5.656984924623115 5.610327868852459 0.01 0.01 4.53849478390462 0.17505977796754907 6.32212765957447 
3.006666666666667 3.8499497487437186 5.462950819672131 3.1493650793650794 0.01 3.895394932935917 4.409035012809564 2.1140425531914904 
0.01 4.211356783919598 4.431311475409836 0.01 0.01 4.7394634873323405 0.7201409052092229 0.7751063829787244 
4.205333333333334 5.837688442211055 5.0208196721311475 7.002222222222223 1.3383096926713949 5.168196721311476 1.395734415029889 4.218085106382979 
0.6093333333333334 5.024522613065327 4.578688524590164 1.8650793650793653 1.9440189125295508 3.2254992548435175 0.2403159692570453 0.3925531914893625 
0.6093333333333334 5.88286432160804 4.431311475409836 3.2920634920634924 1.816501182033097 3.8418032786885252 2.3669000853970967 0.010000000000000675 
0.6093333333333334 9.0 5.610327868852459 6.146031746031746 0.01 5.757704918032788 5.061596925704527 0.20127659574468204 
3.606 7.328492462311558 4.578688524590164 0.01 0.01 3.2656929955290614 0.3938599487617422 5.557021276595746 
2.4073333333333333 6.515326633165829 6.052459016393443 4.576349206349207 0.01 5.168196721311476 1.8371733561058923 3.0704255319148945 
0.6093333333333334 3.8047738693467337 4.726065573770492 3.2920634920634924 1.2320449172576833 4.953830104321908 1.5185695986336465 1.3489361702127667 
3.606 6.967085427135679 5.757704918032787 5.860634920634921 1.4977068557919622 6.186438152011924 1.9024295473953887 1.1576595744680862 
4.804666666666667 8.774120603015076 5.905081967213115 0.01 0.01 3.5068554396423255 1.8256575576430403 8.808723404255321 
1.808 7.6898994974874375 4.726065573770492 5.28984126984127 2.4009574468085106 4.632280178837557 1.0771306575576431 1.7314893617021285 
1.808 8.63859296482412 5.0208196721311475 2.1504761904761907 1.3914420803782506 4.149955290611029 0.85833048676345 2.496595744680852 
