3.182941176470588 6.094141414141414 5.1681967213114755 2.0985858585858583 1.5808333333333333 4.752861400894188 1.7911101622544834 1.4201960784313719 
0.01 6.003333333333333 5.757704918032787 0.01 0.01 4.350923994038749 1.2191588385994874 0.009999999999999787 
0.01 4.5504040404040405 5.1681967213114755 2.371010101010101 0.6141666666666666 4.136557377049181 2.002233134073441 0.009999999999999787 
2.6541176470588232 4.777424242424242 5.315573770491803 2.6434343434343432 3.937083333333333 4.953830104321908 0.32092655849701107 1.2439215686274507 
5.298235294117647 6.72979797979798 6.199836065573771 4.368787878787879 2.87375 5.047615499254844 3.553027327070879 5.298235294117648 
0.5388235294117647 4.414191919191919 5.1681967213114755 3.642323232323232 0.01 5.114605067064084 0.5474039282664389 1.5964705882352939 
0.5388235294117647 3.2336868686868687 5.757704918032787 4.5504040404040405 0.55375 4.458107302533533 1.330478223740393 0.009999999999999787 
1.596470588235294 6.321161616161616 3.9891803278688522 0.01 0.01 3.4398658718330855 1.2537062339880445 0.18627450980392135 
0.5388235294117647 4.368787878787879 9.0 0.01 0.01 3.0111326378539496 0.5051793339026474 1.0676470588235296 
0.01 6.866010101010101 6.6419672131147545 4.187171717171717 0.01 5.650521609538004 1.1347096498719043 0.009999999999999787 
0.5388235294117647 6.502777777777777 6.199836065573771 2.0985858585858583 3.755833333333333 5.690715350223548 3.840922288642185 0.18627450980392135 
0.01 7.501666666666667 5.610327868852459 3.9147474747474744 3.0912499999999996 6.427600596125187 0.7047865072587531 0.8913725490196076 
5.298235294117647 5.231464646464646 7.231475409836065 0.01 0.01 3.2254992548435175 3.6336379163108457 2.30156862745098 
1.0676470588235294 4.505 4.431311475409836 1.5537373737373739 1.9433333333333334 4.913636363636365 1.4494748078565327 0.009999999999999787 
2.1252941176470586 5.322272727272727 4.726065573770492 2.4618181818181815 1.46 4.458107302533533 0.593467122117848 0.5388235294117645 
2.6541176470588232 6.230353535353535 7.968360655737705 0.01 0.01 6.548181818181819 0.5819513236549956 2.8303921568627444 
3.182941176470588 4.187171717171717 4.578688524590164 2.9158585858585857 1.5325 4.297332339791357 0.036870196413321954 4.41686274509804 
1.0676470588235294 4.913636363636363 5.905081967213115 0.01 0.01 3.6274366616989573 0.7047865072587531 5.474509803921569 
1.0676470588235294 5.776313131313131 4.283934426229508 2.1893939393939394 3.3329166666666663 3.721222056631893 5.8523484201537155 0.7150980392156856 
0.5388235294117647 3.8693434343434343 4.87344262295082 2.6434343434343432 0.01 3.5738450074515655 1.057937660119556 1.7727450980392159 
0.5388235294117647 3.596919191919192 5.536639344262295 2.734242424242424 0.01 4.297332339791357 1.2306746370623398 0.18627450980392135 
1.0676470588235294 4.913636363636363 4.578688524590164 2.9158585858585857 0.6866666666666666 3.3862742175856932 0.20192997438087107 0.009999999999999787 
4.7694117647058825 7.456262626262626 5.757704918032787 0.01 0.01 4.40451564828614 0.2787019641332195 4.240588235294117 
1.0676470588235294 4.0055555555555555 4.283934426229508 2.371010101010101 0.20333333333333334 3.815007451564829 2.650956447480785 0.18627450980392135 
3.182941176470588 4.686616161616161 5.315573770491803 2.9158585858585857 2.305833333333333 5.061013412816693 0.9542954739538856 6.003333333333334 
1.0676470588235294 5.322272727272727 6.6419672131147545 1.7353535353535354 0.8679166666666667 3.3862742175856932 0.9120708795900938 0.009999999999999787 
2.1252941176470586 5.049848484848485 5.315573770491803 4.277979797979798 2.5112499999999995 4.980625931445604 5.046242527754056 6.179607843137255 
1.596470588235294 5.049848484848485 6.6419672131147545 1.0996969696969698 0.9525 3.815007451564829 1.6106959863364645 1.4201960784313719 
1.0676470588235294 5.867121212121212 0.01 0.01 0.01 5.168196721311476 0.8775234842015371 3.5354901960784306 
1.0676470588235294 5.458484848484848 3.9891803278688522 0.01 0.01 3.600640834575261 1.4571520068317678 1.0676470588235296 
0.5388235294117647 4.0055555555555555 5.757704918032787 2.6434343434343432 0.9283333333333333 4.297332339791357 1.1116780529461998 1.4201960784313719 
0.01 5.685505050505051 5.0208196721311475 0.01 0.01 3.319284649776453 0.50134073441503 0.009999999999999787 
2.1252941176470586 5.458484848484848 5.0208196721311475 0.01 0.01 3.9757824143070053 2.4321562766865927 2.30156862745098 
0.01 8.182727272727274 5.757704918032787 5.7309090909090905 0.17916666666666667 7.968360655737706 9.0 0.7150980392156856 
2.6541176470588232 7.183838383838384 5.1681967213114755 0.01 0.01 4.002578241430701 0.5051793339026474 7.413529411764706 
5.298235294117647 4.277979797979798 5.315573770491803 1.6445454545454545 0.01 3.1049180327868857 1.9945559350982065 6.179607843137255 
4.240588235294117 8.318939393939393 4.726065573770492 0.01 0.01 3.131713859910582 2.2901280956447483 1.949019607843137 
7.94235294117647 6.184949494949495 5.1681967213114755 2.9158585858585857 1.3391666666666666 4.980625931445604 0.2978949615713065 3.8880392156862746 
0.01 5.957929292929292 0.01 0.01 0.01 5.797898658718332 0.7470111016225449 0.8913725490196076 
1.596470588235294 7.86489898989899 6.052459016393443 4.368787878787879 5.628749999999999 5.154798807749628 7.913676345004271 0.7150980392156856 
0.5388235294117647 3.6877272727272725 5.315573770491803 1.6445454545454545 0.49333333333333335 3.5738450074515655 0.7969128949615714 0.5388235294117645 
0.5388235294117647 4.141767676767676 3.9891803278688522 2.28020202020202 1.2183333333333333 3.3862742175856932 0.6088215200683176 0.36254901960784336 
0.5388235294117647 5.049848484848485 6.93672131147541 0.01 0.01 4.40451564828614 0.7278181041844578 4.240588235294117 
0.5388235294117647 4.050959595959596 5.610327868852459 3.0974747474747475 0.45708333333333334 4.190149031296572 0.44760034158838596 0.36254901960784336 
0.01 4.641212121212121 3.8418032786885243 0.01 0.01 3.3728763040238454 0.010000000000000009 0.009999999999999787 
5.827058823529411 6.502777777777777 6.93672131147541 3.0066666666666664 1.7741666666666667 4.913636363636365 0.685593509820666 5.298235294117648 
4.240588235294117 5.458484848484848 6.347213114754099 0.01 0.01 3.815007451564829 0.7047865072587531 0.18627450980392135 
2.6541176470588232 6.321161616161616 4.726065573770492 3.188282828282828 1.7016666666666667 3.8418032786885252 1.2882536293766012 0.8913725490196076 
2.6541176470588232 4.505 3.9891803278688522 2.5526262626262626 1.0129166666666667 4.565290611028317 1.6260503842869343 1.5964705882352939 
4.240588235294117 3.8693434343434343 4.062868852459016 1.826161616161616 0.01 3.2790909090909093 0.23263877028181051 3.7117647058823526 
2.1252941176470586 7.774090909090909 5.315573770491803 0.01 0.01 5.851490312965724 1.5492783945345856 0.8913725490196076 
3.7117647058823526 3.6877272727272725 5.757704918032787 3.642323232323232 0.59 6.266825633383012 0.712463706233988 3.7117647058823526 
4.240588235294117 4.913636363636363 5.1681967213114755 0.01 0.01 4.096363636363637 3.376451750640478 2.125294117647058 
2.1252941176470586 4.505 5.315573770491803 1.5537373737373739 0.01 3.4398658718330855 0.8391374893253629 1.2439215686274507 
5.827058823529411 6.275757575757575 5.610327868852459 0.01 0.01 4.458107302533533 1.3228010247651578 2.477843137254902 
1.0676470588235294 4.913636363636363 3.8418032786885243 2.371010101010101 0.77125 4.364321907600597 0.9312638770281809 0.18627450980392135 
6.884705882352941 5.7309090909090905 6.6419672131147545 0.01 0.01 5.824694485842027 1.9484927412467976 3.7117647058823526 
3.7117647058823526 6.82060606060606 4.87344262295082 3.8239393939393937 4.1425 4.659076005961253 2.466703672075149 3.7117647058823526 
7.4135294117647055 4.5504040404040405 5.757704918032787 2.28020202020202 2.233333333333333 4.913636363636365 1.2920922288642187 4.41686274509804 
1.0676470588235294 3.960151515151515 0.01 2.0985858585858583 0.01 3.8819970193740687 2.6778266438941074 0.7150980392156856 
2.6541176470588232 3.3244949494949494 4.431311475409836 0.01 0.01 3.600640834575261 0.73933390264731 1.0676470588235296 
1.596470588235294 8.182727272727274 4.726065573770492 2.28020202020202 0.8558333333333333 4.565290611028317 0.7508497011101622 0.8913725490196076 
1.596470588235294 5.912525252525253 5.757704918032787 2.0985858585858583 0.9645833333333333 3.815007451564829 0.9504568744662678 2.30156862745098 
2.6541176470588232 7.365454545454545 7.673606557377049 0.01 0.01 5.061013412816693 0.29021776259607174 5.474509803921569 
0.01 4.641212121212121 5.757704918032787 3.642323232323232 1.0975 4.632280178837557 0.6241759180187874 0.5388235294117645 
0.01 5.140656565656566 5.610327868852459 0.01 0.01 4.47150521609538 0.7777198975234842 0.36254901960784336 
1.596470588235294 8.273535353535353 5.462950819672131 0.01 0.01 4.096363636363637 1.0349060631938511 1.4201960784313719 
2.1252941176470586 4.3233838383838386 5.1681967213114755 2.9158585858585857 0.01 4.310730253353205 2.0598121263877025 0.5388235294117645 
3.182941176470588 5.322272727272727 7.084098360655737 0.01 0.01 3.855201192250373 0.3132493595217763 1.5964705882352939 
2.1252941176470586 5.322272727272727 4.578688524590164 1.0996969696969698 0.01 3.9891803278688527 1.1692570452604611 1.5964705882352939 
3.7117647058823526 6.230353535353535 6.6419672131147545 3.733131313131313 0.01 4.297332339791357 1.2114816396242527 3.1829411764705884 
2.1252941176470586 7.002222222222223 5.315573770491803 2.6434343434343432 1.5325 4.203546944858421 1.0080358667805294 2.8303921568627444 
4.240588235294117 7.047626262626262 4.578688524590164 2.371010101010101 5.99125 4.565290611028317 1.7949487617421003 4.41686274509804 
1.0676470588235294 5.095252525252525 6.347213114754099 3.8239393939393937 1.9433333333333334 5.154798807749628 0.6548847139197269 1.2439215686274507 
2.6541176470588232 5.322272727272727 6.789344262295082 0.01 0.01 4.578688524590165 1.004197267292912 3.0066666666666664 
0.01 7.86489898989899 5.757704918032787 2.9158585858585857 3.212083333333333 6.240029806259315 4.159526046114433 6.532156862745097 
4.240588235294117 5.095252525252525 5.315573770491803 0.01 0.01 3.1719076005961258 2.9350128095644745 6.532156862745097 
1.0676470588235294 5.64010101010101 5.0208196721311475 2.5526262626262626 2.487083333333333 4.417913561847988 3.0693637916310843 1.5964705882352939 
1.596470588235294 7.683282828282828 5.462950819672131 1.7353535353535354 1.5204166666666667 4.015976154992549 0.73933390264731 1.7727450980392159 
1.0676470588235294 5.004444444444444 5.462950819672131 2.6434343434343432 1.5204166666666667 4.350923994038749 2.3899316823228007 1.0676470588235296 
3.7117647058823526 8.500555555555556 3.6944262295081964 3.0066666666666664 4.746666666666666 4.551892697466468 2.8812724167378305 2.30156862745098 
2.1252941176470586 8.591363636363637 8.115737704918033 2.825050505050505 0.01 3.828405365126677 2.3208368915456874 2.8303921568627444 
4.7694117647058825 7.002222222222223 5.757704918032787 2.734242424242424 1.2183333333333333 4.149955290611029 0.3401195559350982 4.240588235294117 
2.1252941176470586 5.004444444444444 4.87344262295082 0.01 0.01 4.283934426229509 1.5185695986336465 1.4201960784313719 
1.596470588235294 5.912525252525253 4.726065573770492 0.01 0.01 3.1049180327868857 0.9159094790777114 0.18627450980392135 
5.298235294117647 3.0974747474747475 7.820983606557377 2.0985858585858583 0.6020833333333333 4.766259314456036 0.804590093936806 4.593137254901961 
5.298235294117647 4.595808080808081 6.347213114754099 3.36989898989899 0.01 6.119448584202684 4.071238257899231 3.0066666666666664 
0.01 5.413080808080808 4.87344262295082 2.4618181818181815 0.01 5.20839046199702 0.7047865072587531 0.18627450980392135 
0.5388235294117647 3.733131313131313 4.726065573770492 1.1905050505050505 1.1579166666666667 2.850357675111774 1.3036080273270707 0.36254901960784336 
6.355882352941176 6.3665656565656565 6.052459016393443 3.9147474747474744 3.937083333333333 5.261982116244412 1.7373697694278394 6.532156862745097 
0.01 6.139545454545455 6.93672131147541 4.187171717171717 1.7620833333333332 5.449552906110284 0.8007514944491885 0.8913725490196076 
0.01 5.776313131313131 5.905081967213115 3.36989898989899 2.5475 4.87344262295082 2.796823228010248 0.36254901960784336 
0.01 5.322272727272727 0.01 0.01 0.01 4.53849478390462 3.2881639624252776 4.064313725490196 
1.596470588235294 5.276868686868687 5.462950819672131 1.372121212121212 1.27875 3.5336512667660216 0.12131938514090518 0.5388235294117645 
1.596470588235294 4.686616161616161 5.315573770491803 2.734242424242424 1.8466666666666667 3.707824143070045 2.5127668659265585 1.0676470588235296 
2.1252941176470586 4.096363636363637 0.01 0.01 0.01 3.7614157973174374 2.052134927412468 1.7727450980392159 
3.182941176470588 4.913636363636363 3.252295081967213 1.826161616161616 1.5808333333333333 3.2254992548435175 2.8313706233988043 2.477843137254902 
0.01 4.505 0.01 0.01 0.01 3.3594783904619976 0.6817549103330487 0.18627450980392135 
4.240588235294117 3.8239393939393937 5.462950819672131 2.825050505050505 0.01 5.14140089418778 1.4648292058070025 3.1829411764705884 
3.7117647058823526 6.6843939393939396 5.610327868852459 0.01 0.01 5.288777943368108 0.6971093082835185 3.8880392156862746 
1.596470588235294 7.410858585858586 5.1681967213114755 1.6445454545454545 1.27875 4.2437406855439646 0.73933390264731 1.2439215686274507 
5.298235294117647 5.867121212121212 5.610327868852459 2.5526262626262626 1.4841666666666666 4.819850968703428 0.7853970964987191 3.1829411764705884 
4.240588235294117 5.458484848484848 5.757704918032787 0.01 0.01 3.3594783904619976 1.2805764304013663 7.5898039215686275 
2.6541176470588232 5.322272727272727 6.347213114754099 2.734242424242424 1.27875 5.248584202682564 0.6740777113578138 3.7117647058823526 
0.5388235294117647 4.096363636363637 5.0208196721311475 0.7364646464646465 0.01 3.2924888226527576 4.0789154568744665 2.6541176470588232 
4.240588235294117 5.7309090909090905 5.462950819672131 3.4607070707070706 0.91625 3.480059612518629 0.3324423569598634 3.1829411764705884 
2.6541176470588232 3.5515151515151513 3.5470491803278685 0.01 0.01 4.525096870342773 2.2210333048676345 0.7150980392156856 
0.5388235294117647 4.3233838383838386 6.052459016393443 2.28020202020202 2.1849999999999996 4.699269746646796 0.6049829205807002 3.8880392156862746 
3.182941176470588 7.002222222222223 5.757704918032787 3.733131313131313 1.7016666666666667 6.186438152011924 1.9024295473953887 1.0676470588235296 
5.298235294117647 4.096363636363637 6.273524590163935 2.9158585858585857 0.01 4.685871833084948 2.877433817250213 6.179607843137255 
1.596470588235294 4.641212121212121 5.462950819672131 0.01 0.01 3.962384500745157 0.17505977796754907 1.949019607843137 
1.0676470588235294 5.503888888888889 5.1681967213114755 2.9158585858585857 1.1579166666666667 5.248584202682564 3.111588385994876 0.36254901960784336 
1.596470588235294 5.503888888888889 3.8418032786885243 0.01 0.01 4.833248882265276 0.19809137489325362 0.7150980392156856 
4.240588235294117 4.505 6.199836065573771 0.01 0.01 4.752861400894188 1.1999658411614003 5.121960784313725 
0.01 5.957929292929292 6.494590163934427 0.01 0.01 4.2437406855439646 2.5626686592655847 1.949019607843137 
0.01 4.595808080808081 4.799754098360656 2.5526262626262626 0.01 3.305886736214606 0.6203373185311698 0.18627450980392135 
1.596470588235294 5.231464646464646 4.87344262295082 3.5515151515151513 1.7016666666666667 5.114605067064084 0.2863791631084543 1.2439215686274507 
3.7117647058823526 4.686616161616161 4.87344262295082 2.9158585858585857 0.01 5.248584202682564 1.0310674637062338 1.7727450980392159 
0.5388235294117647 4.5504040404040405 5.315573770491803 1.0996969696969698 0.8558333333333333 3.3996721311475415 2.236387702818104 1.2439215686274507 
0.01 7.501666666666667 6.6419672131147545 3.0066666666666664 8.226666666666667 7.017108792846498 1.34967122117848 0.36254901960784336 
0.5388235294117647 8.228131313131312 5.757704918032787 3.8239393939393937 3.5504166666666666 5.369165424739196 4.539547395388557 0.18627450980392135 
2.6541176470588232 4.822828282828283 6.052459016393443 2.734242424242424 0.01 5.302175856929956 0.8084286934244236 3.0066666666666664 
4.240588235294117 4.141767676767676 6.052459016393443 0.01 0.01 4.779657228017885 1.9638471391972674 8.294901960784314 
1.596470588235294 5.821717171717172 5.757704918032787 0.01 0.01 2.836959761549926 0.73933390264731 6.003333333333334 
0.5388235294117647 5.821717171717172 3.5470491803278685 4.096363636363637 2.3541666666666665 5.436154992548436 2.0636507258753203 0.5388235294117645 
2.6541176470588232 6.6843939393939396 5.536639344262295 0.01 0.01 4.015976154992549 1.3765414175918018 1.2439215686274507 
0.01 4.3233838383838386 4.726065573770492 3.5515151515151513 1.27875 5.985469448584204 1.1155166524338171 0.18627450980392135 
0.5388235294117647 4.414191919191919 5.1681967213114755 1.372121212121212 0.01 2.448420268256334 0.27486336464560207 0.009999999999999787 
3.7117647058823526 8.909191919191919 6.6419672131147545 0.01 0.01 5.3423695976155 1.441797608881298 3.5354901960784306 
0.01 5.413080808080808 0.01 0.01 0.01 4.350923994038749 0.2518317677198975 0.5388235294117645 
0.5388235294117647 5.140656565656566 4.726065573770492 3.188282828282828 0.01 4.511698956780925 1.7949487617421003 0.009999999999999787 
1.596470588235294 4.368787878787879 5.757704918032787 3.5515151515151513 0.01 5.0074217585693 0.6241759180187874 3.3592156862745095 
2.1252941176470586 5.821717171717172 5.1681967213114755 0.01 0.01 4.60548435171386 0.8736848847139196 0.5388235294117645 
3.7117647058823526 7.274646464646464 3.9891803278688522 2.9158585858585857 2.1245833333333333 4.096363636363637 1.9676857386848847 3.1829411764705884 
1.0676470588235294 5.095252525252525 5.0208196721311475 2.0077777777777777 1.1458333333333333 4.578688524590165 0.9197480785653287 0.8913725490196076 
3.7117647058823526 5.186060606060606 4.87344262295082 0.01 0.01 4.40451564828614 0.7009479077711358 3.7117647058823526 
0.5388235294117647 3.9147474747474744 4.87344262295082 4.732020202020202 0.7954166666666667 5.543338301043219 3.2305849701110163 1.4201960784313719 
4.240588235294117 8.818383838383838 5.905081967213115 0.01 0.01 3.5068554396423255 1.8256575576430403 8.118627450980393 
1.596470588235294 3.8239393939393937 5.315573770491803 2.9158585858585857 0.01 4.994023845007453 0.7354953031596925 1.2439215686274507 
4.7694117647058825 7.093030303030303 6.347213114754099 2.5526262626262626 1.8829166666666666 4.60548435171386 4.274684030742955 3.7117647058823526 
2.1252941176470586 6.094141414141414 5.315573770491803 0.01 0.01 3.1987034277198214 0.7738812980358667 6.884705882352941 
3.182941176470588 4.187171717171717 6.789344262295082 0.01 0.01 2.67618479880775 0.4322459436379163 1.2439215686274507 
0.5388235294117647 5.413080808080808 3.9891803278688522 1.1905050505050505 0.6141666666666666 2.9977347242921017 0.4975021349274124 0.5388235294117645 
1.0676470588235294 5.458484848484848 5.610327868852459 3.36989898989899 1.27875 5.328971684053652 0.5358881298035867 1.4201960784313719 
5.298235294117647 7.637878787878788 5.462950819672131 0.01 0.01 5.101207153502236 1.7719171648163963 2.30156862745098 
2.1252941176470586 3.8239393939393937 6.6419672131147545 2.0985858585858583 0.6866666666666666 5.302175856929956 0.32092655849701107 0.7150980392156856 
1.596470588235294 5.140656565656566 3.252295081967213 1.1905050505050505 0.01 3.0111326378539496 0.24799316823228018 0.18627450980392135 
3.182941176470588 7.547070707070707 5.462950819672131 0.01 0.01 3.5738450074515655 0.8775234842015371 7.94235294117647 
0.5388235294117647 4.959040404040404 4.431311475409836 0.7364646464646465 2.2091666666666665 3.4130700447093894 3.345742954739539 0.009999999999999787 
3.7117647058823526 7.637878787878788 6.494590163934427 3.8239393939393937 3.8887499999999995 5.128002980625933 2.7315670367207514 3.3592156862745095 
0.5388235294117647 8.228131313131312 4.726065573770492 2.734242424242424 2.1849999999999996 4.578688524590165 0.9696498719043551 3.0066666666666664 
5.827058823529411 3.8693434343434343 5.462950819672131 0.01 0.01 4.042771982116245 0.8621690862510674 2.477843137254902 
1.0676470588235294 4.641212121212121 6.347213114754099 3.279090909090909 1.46 6.106050670640835 0.19809137489325362 0.36254901960784336 
4.7694117647058825 6.9114141414141415 5.757704918032787 3.0974747474747475 2.07625 4.592086438152013 3.138458582408198 2.125294117647058 
2.6541176470588232 4.505 5.462950819672131 2.4618181818181815 0.01 3.895394932935917 0.48982493595217763 1.949019607843137 
0.5388235294117647 0.01 3.5470491803278685 1.826161616161616 0.01 3.319284649776453 0.24799316823228018 0.18627450980392135 
0.5388235294117647 5.7309090909090905 4.431311475409836 0.01 0.01 4.042771982116245 1.050260461144321 4.593137254901961 
2.6541176470588232 5.503888888888889 5.315573770491803 2.0985858585858583 1.3633333333333333 3.5202533532041733 0.6510461144321094 1.5964705882352939 
2.1252941176470586 6.6843939393939396 5.462950819672131 2.28020202020202 3.5504166666666666 4.685871833084948 1.1884500426985483 1.5964705882352939 
0.5388235294117647 6.275757575757575 6.052459016393443 0.01 0.01 5.382563338301044 0.6164987190435525 1.2439215686274507 
0.01 3.052070707070707 5.610327868852459 0.01 0.01 6.079254843517139 0.45527754056362074 4.41686274509804 
3.182941176470588 7.365454545454545 4.578688524590164 0.01 0.01 3.2656929955290614 0.3938599487617422 5.121960784313725 
1.596470588235294 4.505 3.9891803278688522 1.7353535353535354 1.0491666666666666 3.4398658718330855 0.30173356105892396 0.5388235294117645 
4.240588235294117 8.545959595959596 5.757704918032787 0.01 0.01 6.427600596125187 0.23647736976942774 3.8880392156862746 
0.5388235294117647 4.368787878787879 4.726065573770492 2.4618181818181815 1.06125 4.458107302533533 0.8199444918872758 0.009999999999999787 
3.182941176470588 6.094141414141414 5.905081967213115 3.36989898989899 4.480833333333333 6.199836065573772 0.6241759180187874 4.41686274509804 
2.6541176470588232 5.186060606060606 5.462950819672131 0.01 0.01 3.3460804769001493 2.5665072587532025 6.355882352941176 
2.6541176470588232 0.01 5.905081967213115 2.9158585858585857 0.01 5.503144560357676 1.038744662681469 2.8303921568627444 
0.01 6.593585858585858 0.01 0.01 0.01 5.931877794336812 2.1289069171648163 1.7727450980392159 
0.01 3.3244949494949494 0.01 0.01 0.01 2.836959761549926 1.0233902647309991 0.7150980392156856 
0.5388235294117647 5.095252525252525 5.905081967213115 4.096363636363637 1.605 4.6724739195231 0.5435653287788216 0.5388235294117645 
0.5388235294117647 6.548181818181818 6.052459016393443 3.642323232323232 0.01 5.543338301043219 2.0406191289496154 1.2439215686274507 
1.0676470588235294 4.595808080808081 4.283934426229508 3.188282828282828 1.0975 2.9307451564828617 0.3055721605465414 0.18627450980392135 
4.7694117647058825 6.3665656565656565 6.93672131147541 0.01 0.01 4.391117734724293 2.5281212638770283 4.240588235294117 
0.5388235294117647 5.912525252525253 5.1681967213114755 1.1905050505050505 1.27875 3.480059612518629 1.5224081981212638 0.18627450980392135 
0.01 6.321161616161616 4.578688524590164 1.5537373737373739 2.5475 2.970938897168406 0.5051793339026474 0.009999999999999787 
0.5388235294117647 3.2336868686868687 3.5470491803278685 1.6445454545454545 0.9283333333333333 2.74317436661699 0.9504568744662678 0.18627450980392135 
1.0676470588235294 5.549292929292929 3.8418032786885243 3.9147474747474744 1.9191666666666667 4.860044709388973 2.8428864218616563 1.2439215686274507 
0.5388235294117647 7.86489898989899 5.462950819672131 0.01 0.01 4.94043219076006 0.04838599487617423 3.0066666666666664 
0.5388235294117647 5.503888888888889 5.757704918032787 3.5515151515151513 0.9041666666666667 5.235186289120716 0.712463706233988 1.2439215686274507 
0.5388235294117647 8.909191919191919 5.610327868852459 3.279090909090909 3.01875 4.900238450074516 3.0693637916310843 1.4201960784313719 
0.5388235294117647 5.458484848484848 5.905081967213115 4.368787878787879 2.4266666666666663 5.221788375558868 4.171041844577284 3.5354901960784306 
3.182941176470588 3.642323232323232 5.905081967213115 3.279090909090909 0.01 5.3423695976155 0.39002134927412463 1.2439215686274507 
4.240588235294117 5.004444444444444 5.610327868852459 0.01 0.01 3.7346199701937413 0.6203373185311698 6.532156862745097 
0.01 8.591363636363637 7.673606557377049 2.28020202020202 0.01 4.60548435171386 1.3803800170794192 3.5354901960784306 
4.240588235294117 8.137323232323233 5.315573770491803 3.8239393939393937 1.5808333333333333 4.391117734724293 2.470542271562767 2.6541176470588232 
0.5388235294117647 5.549292929292929 6.6419672131147545 4.641212121212121 2.668333333333333 6.668763040238452 0.9581340734415029 1.7727450980392159 
2.1252941176470586 5.186060606060606 4.799754098360656 0.01 0.01 2.9441430700447095 1.3688642186165672 2.8303921568627444 
1.0676470588235294 5.413080808080808 0.01 0.01 0.01 2.635991058122206 2.904304013663536 9.0 
0.01 4.8682323232323235 5.610327868852459 0.01 0.01 6.079254843517139 2.343868488471392 0.5388235294117645 
0.5388235294117647 5.095252525252525 5.315573770491803 2.734242424242424 2.1366666666666663 4.618882265275708 1.7373697694278394 0.7150980392156856 
0.5388235294117647 4.505 5.315573770491803 2.734242424242424 0.2275 5.181594634873324 1.2920922288642187 0.009999999999999787 
0.5388235294117647 4.686616161616161 2.220655737704918 3.4607070707070706 1.0129166666666667 5.811296572280179 0.4130529461998292 2.125294117647058 
0.5388235294117647 5.685505050505051 5.1681967213114755 2.1893939393939394 1.3391666666666666 3.2656929955290614 0.5589197267292911 0.7150980392156856 
0.01 5.186060606060606 5.905081967213115 3.0974747474747475 3.45375 5.931877794336812 0.3516353543979504 1.0676470588235296 
6.355882352941176 4.187171717171717 4.578688524590164 0.6456565656565657 3.1274999999999995 3.707824143070045 3.2651323654995728 4.064313725490196 
2.6541176470588232 5.276868686868687 5.462950819672131 0.01 0.01 3.4398658718330855 0.48214773697694285 1.5964705882352939 
6.355882352941176 3.8239393939393937 5.315573770491803 2.825050505050505 0.01 3.9891803278688527 0.8506532877882151 4.41686274509804 
0.5388235294117647 5.049848484848485 4.578688524590164 1.1905050505050505 2.2091666666666665 3.2254992548435175 0.2403159692570453 0.36254901960784336 
1.596470588235294 7.183838383838384 5.1681967213114755 2.734242424242424 3.973333333333333 4.766259314456036 1.0310674637062338 2.477843137254902 
0.01 6.275757575757575 0.01 0.01 0.01 4.87344262295082 3.2920025619128945 0.7150980392156856 
5.827058823529411 5.049848484848485 6.199836065573771 3.642323232323232 0.01 6.280223546944859 3.261293766011956 4.240588235294117 
0.01 5.322272727272727 5.905081967213115 2.825050505050505 0.6504166666666666 6.065856929955292 0.052224594363791677 0.5388235294117645 
2.1252941176470586 5.59469696969697 4.578688524590164 0.01 0.01 4.297332339791357 0.5781127241673782 2.477843137254902 
1.0676470588235294 5.912525252525253 7.084098360655737 0.01 0.01 3.0379284649776457 0.73933390264731 0.009999999999999787 
2.6541176470588232 3.8693434343434343 5.462950819672131 2.0077777777777777 0.01 3.895394932935917 4.409035012809564 1.949019607843137 
0.01 4.141767676767676 5.0208196721311475 2.9158585858585857 2.5475 5.355767511177348 1.1730956447480785 0.7150980392156856 
0.5388235294117647 7.592474747474747 5.462950819672131 1.5537373737373739 1.75 3.145111773472429 1.4264432109308283 2.125294117647058 
0.01 4.3233838383838386 5.905081967213115 4.096363636363637 1.1216666666666666 4.900238450074516 0.97732707087959 0.8913725490196076 
2.6541176470588232 5.095252525252525 4.87344262295082 0.01 0.01 5.07441132637854 0.712463706233988 3.5354901960784306 
2.1252941176470586 5.095252525252525 5.757704918032787 3.642323232323232 0.01 5.288777943368108 0.6164987190435525 3.0066666666666664 
1.596470588235294 7.86489898989899 6.199836065573771 3.0066666666666664 5.7375 4.793055141579733 0.7009479077711358 0.18627450980392135 
3.7117647058823526 5.186060606060606 5.610327868852459 1.5537373737373739 1.3391666666666666 3.1987034277198214 1.4993766011955594 1.7727450980392159 
1.596470588235294 6.457373737373738 5.905081967213115 1.372121212121212 0.01 4.350923994038749 0.4783091374893254 7.413529411764706 
0.5388235294117647 4.096363636363637 4.578688524590164 1.0996969696969698 0.5295833333333333 3.654232488822653 1.9369769427839452 0.5388235294117645 
0.5388235294117647 3.596919191919192 5.905081967213115 2.28020202020202 0.45708333333333334 3.4130700447093894 1.9484927412467976 0.18627450980392135 
0.5388235294117647 5.64010101010101 5.462950819672131 3.279090909090909 0.01 3.7346199701937413 0.09444918872758329 1.5964705882352939 
3.7117647058823526 4.822828282828283 6.789344262295082 1.6445454545454545 0.01 3.0513263785394935 0.6126601195559351 4.7694117647058825 
0.01 4.232575757575757 7.378852459016393 3.5515151515151513 0.88 5.824694485842027 3.6297993168232274 2.477843137254902 
1.596470588235294 5.64010101010101 5.905081967213115 3.0066666666666664 1.5808333333333333 4.458107302533533 0.8813620836891545 0.8913725490196076 
0.01 4.641212121212121 4.726065573770492 4.187171717171717 0.9525 5.449552906110284 1.6145345858240818 0.009999999999999787 
2.1252941176470586 5.59469696969697 5.905081967213115 1.372121212121212 2.1366666666666663 4.297332339791357 1.4110888129803585 2.30156862745098 
2.6541176470588232 3.9147474747474744 5.0208196721311475 2.5526262626262626 0.8679166666666667 4.056169895678093 1.1078394534585823 0.5388235294117645 
0.01 5.867121212121212 8.115737704918033 4.187171717171717 1.5808333333333333 9.0 0.9351024765157985 0.8913725490196076 
2.6541176470588232 6.184949494949495 6.052459016393443 0.01 0.01 0.01 2.1672929120409905 8.471176470588235 
1.596470588235294 4.368787878787879 4.13655737704918 3.0974747474747475 1.3995833333333334 3.319284649776453 3.3342271562766865 3.1829411764705884 
3.182941176470588 5.049848484848485 4.726065573770492 3.5515151515151513 0.01 4.592086438152013 0.7086251067463707 0.5388235294117645 
1.0676470588235294 5.186060606060606 5.0208196721311475 2.0077777777777777 0.01 3.855201192250373 0.0637403928266439 0.7150980392156856 
1.596470588235294 4.913636363636363 4.578688524590164 2.1893939393939394 0.01 3.493457526080477 0.566596925704526 0.7150980392156856 
0.5388235294117647 8.772979797979797 3.6944262295081964 1.462929292929293 4.54125 3.480059612518629 2.224871904355252 0.5388235294117645 
6.355882352941176 6.3665656565656565 6.273524590163935 3.0066666666666664 0.01 5.020819672131148 0.6472075149444918 3.5354901960784306 
5.298235294117647 4.913636363636363 4.87344262295082 0.01 0.01 4.350923994038749 0.7546883005977798 3.7117647058823526 
4.7694117647058825 7.456262626262626 6.199836065573771 1.916969696969697 0.01 4.136557377049181 2.9004654141759176 1.949019607843137 
1.596470588235294 4.0055555555555555 4.283934426229508 1.008888888888889 0.6625 3.3326825633383015 0.7354953031596925 0.18627450980392135 
2.1252941176470586 6.003333333333333 6.347213114754099 2.825050505050505 0.01 3.7614157973174374 1.3189624252775405 7.413529411764706 
0.01 6.6843939393939396 6.273524590163935 4.913636363636363 0.01 5.744307004470939 1.150064047822374 0.5388235294117645 
0.5388235294117647 4.5504040404040405 4.87344262295082 2.6434343434343432 2.378333333333333 4.297332339791357 1.414927412467976 3.7117647058823526 
0.01 5.7309090909090905 6.347213114754099 2.4618181818181815 1.46 3.681028315946349 1.687467976088813 0.009999999999999787 
0.5388235294117647 4.8682323232323235 3.6944262295081964 1.7353535353535354 0.01 3.8016095380029813 0.4053757472245944 1.4201960784313719 
3.7117647058823526 4.414191919191919 5.610327868852459 2.9158585858585857 1.1095833333333334 5.489746646795828 3.054009393680615 1.949019607843137 
1.0676470588235294 4.777424242424242 5.905081967213115 4.096363636363637 2.3179166666666666 4.525096870342773 2.4398334756618274 1.4201960784313719 
0.5388235294117647 6.548181818181818 6.052459016393443 4.187171717171717 2.1849999999999996 6.186438152011924 0.9965200683176771 4.41686274509804 
1.596470588235294 8.682171717171718 5.0208196721311475 1.372121212121212 1.5808333333333333 4.149955290611029 0.85833048676345 2.30156862745098 
2.1252941176470586 6.457373737373738 6.347213114754099 0.01 0.01 5.905081967213116 2.1864859094790776 0.18627450980392135 
3.7117647058823526 6.184949494949495 6.6419672131147545 0.01 0.01 4.015976154992549 0.5166951323654996 5.121960784313725 
1.0676470588235294 3.0974747474747475 4.578688524590164 1.1905050505050505 0.19125 2.702980625931446 0.6971093082835185 0.36254901960784336 
0.01 5.322272727272727 4.87344262295082 2.825050505050505 2.2816666666666663 4.136557377049181 1.6030187873612296 0.18627450980392135 
3.7117647058823526 4.5504040404040405 0.01 0.01 0.01 4.029374068554397 1.5684713919726727 1.949019607843137 
2.1252941176470586 6.638989898989899 6.789344262295082 0.01 0.01 4.190149031296572 1.779594363791631 7.060980392156862 
0.5388235294117647 6.956818181818182 6.052459016393443 3.8239393939393937 5.870416666666666 5.449552906110284 2.3477070879590096 0.36254901960784336 
4.7694117647058825 5.64010101010101 5.1681967213114755 3.0066666666666664 4.8675 4.752861400894188 0.7930742954739538 2.30156862745098 
0.5388235294117647 4.3233838383838386 4.431311475409836 1.6445454545454545 0.7108333333333333 3.2121013412816692 0.7086251067463707 0.18627450980392135 
3.182941176470588 4.777424242424242 5.905081967213115 2.5526262626262626 0.01 4.364321907600597 3.0808795900939367 0.8913725490196076 
0.5388235294117647 5.912525252525253 4.431311475409836 2.0985858585858583 2.0641666666666665 3.8418032786885252 2.3669000853970967 0.009999999999999787 
1.596470588235294 4.5504040404040405 5.0208196721311475 2.0985858585858583 0.98875 4.2437406855439646 3.353420153714774 1.2439215686274507 
3.182941176470588 5.685505050505051 5.0208196721311475 2.734242424242424 1.46 4.029374068554397 1.4916994022203243 1.949019607843137 
2.1252941176470586 8.95459595959596 5.1681967213114755 3.5515151515151513 9.0 4.927034277198213 8.650687446626815 1.7727450980392159 
2.1252941176470586 3.778535353535353 6.347213114754099 1.7353535353535354 0.01 3.935588673621461 0.9274252775405636 2.30156862745098 
0.5388235294117647 3.2336868686868687 4.578688524590164 0.01 0.01 2.9307451564828617 1.3074466268146885 0.8913725490196076 
0.01 6.094141414141414 4.283934426229508 1.826161616161616 3.5262499999999997 3.547049180327869 1.0617762596071734 0.009999999999999787 
1.0676470588235294 7.183838383838384 6.6419672131147545 0.01 0.01 4.2437406855439646 2.800661827497865 7.94235294117647 
1.0676470588235294 4.959040404040404 6.789344262295082 0.01 0.01 5.730909090909092 2.9542058070025616 5.827058823529413 
1.0676470588235294 4.096363636363637 5.905081967213115 1.2813131313131314 0.6745833333333333 3.2790909090909093 0.6664005123825789 0.5388235294117645 
0.01 3.9147474747474744 5.0208196721311475 2.9158585858585857 0.01 4.80645305514158 0.6241759180187874 0.7150980392156856 
1.0676470588235294 7.955707070707071 6.494590163934427 0.01 0.01 3.0781222056631896 0.9619726729291205 0.18627450980392135 
3.182941176470588 5.685505050505051 5.757704918032787 2.825050505050505 0.01 3.707824143070045 1.8793979504696838 4.945686274509804 
4.7694117647058825 7.728686868686869 5.462950819672131 2.825050505050505 0.01 5.905081967213116 1.2575448334756616 3.8880392156862746 
2.6541176470588232 7.547070707070707 5.610327868852459 0.01 0.01 6.132846497764532 1.0157130657557643 1.0676470588235296 
1.596470588235294 4.096363636363637 5.757704918032787 0.01 0.01 5.730909090909092 1.8563663535439794 0.009999999999999787 
0.01 5.503888888888889 4.87344262295082 2.734242424242424 2.0037499999999997 4.60548435171386 0.48982493595217763 2.125294117647058 
0.5388235294117647 6.6843939393939396 6.93672131147541 3.733131313131313 0.01 6.615171385991059 1.0848078565328778 1.0676470588235296 
0.5388235294117647 6.502777777777777 6.347213114754099 2.734242424242424 3.9974999999999996 4.042771982116245 3.1346199829205807 0.36254901960784336 
2.1252941176470586 4.686616161616161 4.431311475409836 3.0066666666666664 2.3299999999999996 3.2254992548435175 3.4186763450042696 2.125294117647058 
0.01 7.320050505050505 3.6944262295081964 0.01 0.01 2.9441430700447095 0.685593509820666 7.766078431372549 
2.1252941176470586 6.548181818181818 4.283934426229508 2.5526262626262626 1.7016666666666667 3.962384500745157 0.8122672929120409 2.8303921568627444 
1.0676470588235294 4.050959595959596 6.6419672131147545 2.734242424242424 0.01 4.498301043219077 0.831460290350128 3.7117647058823526 
3.7117647058823526 6.457373737373738 6.6419672131147545 2.1893939393939394 5.81 4.082965722801789 0.20192997438087107 3.8880392156862746 
0.5388235294117647 4.959040404040404 4.13655737704918 1.916969696969697 1.6412499999999999 3.3862742175856932 2.9081426131511527 0.36254901960784336 
0.5388235294117647 6.77520202020202 5.0208196721311475 2.6434343434343432 1.5445833333333334 3.935588673621461 1.050260461144321 3.7117647058823526 
3.7117647058823526 4.822828282828283 4.431311475409836 2.1893939393939394 0.01 3.5604470938897173 0.8468146883005978 1.4201960784313719 
0.5388235294117647 4.777424242424242 4.283934426229508 0.01 0.01 3.2656929955290614 0.42840734415029885 0.009999999999999787 
4.240588235294117 6.502777777777777 4.87344262295082 0.01 0.01 4.685871833084948 0.2057685738684885 3.5354901960784306 
0.5388235294117647 5.186060606060606 4.87344262295082 3.279090909090909 2.4266666666666663 5.114605067064084 0.8199444918872758 0.009999999999999787 
1.0676470588235294 5.867121212121212 5.462950819672131 2.371010101010101 2.487083333333333 4.458107302533533 1.9792015371477367 0.7150980392156856 
2.6541176470588232 5.004444444444444 5.0208196721311475 0.01 0.01 3.493457526080477 0.831460290350128 1.5964705882352939 
4.7694117647058825 6.593585858585858 5.905081967213115 4.187171717171717 1.5808333333333333 5.087809239940388 2.1557771135781385 3.3592156862745095 
3.7117647058823526 5.413080808080808 0.01 0.01 0.01 3.3862742175856932 0.512856532877882 2.8303921568627444 
0.01 3.8239393939393937 4.726065573770492 2.0077777777777777 0.8075 4.80645305514158 1.8026259607173358 0.009999999999999787 
0.5388235294117647 6.139545454545455 3.9891803278688522 0.01 0.01 3.5872429210134134 2.3477070879590096 7.237254901960785 
1.0676470588235294 7.91030303030303 6.494590163934427 3.36989898989899 1.46 5.972071535022356 2.1903245089666945 0.5388235294117645 
1.596470588235294 4.8682323232323235 4.578688524590164 1.1905050505050505 0.59 3.0781222056631896 2.3131596925704523 0.36254901960784336 
4.240588235294117 7.592474747474747 7.820983606557377 4.187171717171717 2.8012499999999996 5.047615499254844 0.34395815542271563 3.8880392156862746 
0.01 4.732020202020202 5.610327868852459 0.01 0.01 2.4752160953800297 1.9446541417591803 1.0676470588235296 
1.596470588235294 7.728686868686869 4.726065573770492 3.36989898989899 2.72875 4.632280178837557 1.0771306575576431 1.5964705882352939 
0.01 3.36989898989899 3.8418032786885243 0.918080808080808 0.445 3.7346199701937413 0.7431725021349271 0.18627450980392135 
1.0676470588235294 4.913636363636363 4.578688524590164 0.918080808080808 3.369166666666666 3.3996721311475415 3.0923953885567887 0.18627450980392135 
2.6541176470588232 4.0055555555555555 4.87344262295082 1.916969696969697 0.28791666666666665 3.2790909090909093 1.0233902647309991 1.5964705882352939 
3.182941176470588 3.642323232323232 4.87344262295082 2.734242424242424 0.01 3.5202533532041733 0.9120708795900938 3.5354901960784306 
0.5388235294117647 7.410858585858586 5.315573770491803 0.01 0.01 5.235186289120716 4.40135781383433 2.125294117647058 
1.0676470588235294 5.821717171717172 5.757704918032787 3.36989898989899 2.2091666666666665 5.811296572280179 4.409035012809564 1.7727450980392159 
0.01 5.64010101010101 4.13655737704918 1.1905050505050505 1.27875 2.9307451564828617 1.4456362083689154 0.009999999999999787 
5.298235294117647 5.549292929292929 5.0208196721311475 0.01 0.01 4.190149031296572 0.7009479077711358 3.5354901960784306 
0.5388235294117647 3.778535353535353 5.0208196721311475 0.01 0.01 2.448420268256334 2.105875320239112 1.0676470588235296 
1.596470588235294 3.6877272727272725 6.347213114754099 1.462929292929293 0.8075 3.6944262295081973 0.8852006831767718 0.18627450980392135 
1.596470588235294 5.049848484848485 4.578688524590164 0.01 0.01 3.0379284649776457 0.25567036720751485 0.009999999999999787 
0.5388235294117647 6.866010101010101 4.431311475409836 0.01 0.01 3.5068554396423255 0.3976985482493595 0.18627450980392135 
2.1252941176470586 3.4607070707070706 4.578688524590164 0.01 0.01 4.565290611028317 1.2114816396242527 0.7150980392156856 
0.01 4.5504040404040405 6.494590163934427 5.458484848484848 1.3391666666666666 6.280223546944859 3.4033219470538003 1.7727450980392159 
0.01 6.411969696969697 6.199836065573771 2.371010101010101 0.01 4.350923994038749 1.3727028181041845 0.18627450980392135 
5.827058823529411 5.458484848484848 5.905081967213115 3.36989898989899 1.8225 5.677317436661699 2.7238898377455167 4.7694117647058825 
0.5388235294117647 6.638989898989899 4.13655737704918 0.01 0.01 3.9891803278688527 1.8755593509820665 1.4201960784313719 
3.7117647058823526 8.818383838383838 5.0208196721311475 2.5526262626262626 0.01 4.819850968703428 2.57034585824082 3.5354901960784306 
6.355882352941176 4.5504040404040405 6.199836065573771 3.0066666666666664 1.27875 4.029374068554397 1.5838257899231425 4.41686274509804 
4.240588235294117 4.777424242424242 7.378852459016393 3.279090909090909 0.01 5.811296572280179 0.6280145175064047 4.240588235294117 
7.4135294117647055 7.955707070707071 4.578688524590164 2.734242424242424 0.01 4.511698956780925 0.5243723313407345 3.0066666666666664 
4.7694117647058825 2.5980303030303027 5.905081967213115 3.36989898989899 0.01 4.40451564828614 0.07909479077711357 3.5354901960784306 
1.0676470588235294 3.960151515151515 4.283934426229508 1.462929292929293 0.6383333333333333 4.391117734724293 0.3477967549103331 0.7150980392156856 
1.0676470588235294 3.36989898989899 0.01 0.01 0.01 0.01 0.10212638770281807 0.18627450980392135 
2.6541176470588232 5.7309090909090905 5.757704918032787 2.4618181818181815 0.2758333333333333 3.9757824143070053 1.395734415029889 3.3592156862745095 
3.182941176470588 8.863787878787878 5.1681967213114755 0.01 0.01 4.149955290611029 0.9696498719043551 1.7727450980392159 
3.7117647058823526 4.8682323232323235 5.462950819672131 0.01 0.01 3.9757824143070053 0.685593509820666 1.7727450980392159 
0.01 4.959040404040404 6.494590163934427 2.734242424242424 0.01 4.364321907600597 2.992591801878736 3.0066666666666664 
0.01 4.777424242424242 6.199836065573771 0.01 0.01 3.748017883755589 2.55499146029035 7.237254901960785 
1.0676470588235294 8.95459595959596 5.1681967213114755 9.0 0.01 4.659076005961253 1.917783945345858 7.237254901960785 
2.6541176470588232 6.548181818181818 6.052459016393443 2.371010101010101 3.45375 4.297332339791357 1.4456362083689154 6.532156862745097 
1.596470588235294 7.183838383838384 5.610327868852459 3.279090909090909 2.9704166666666665 4.2437406855439646 2.977237403928266 1.2439215686274507 
1.596470588235294 8.500555555555556 5.1681967213114755 2.0077777777777777 2.4266666666666663 4.886840536512668 1.2767378309137487 2.6541176470588232 
0.01 4.595808080808081 4.726065573770492 1.5537373737373739 0.01 2.8235618479880777 0.6779163108454314 0.009999999999999787 
0.01 4.595808080808081 5.610327868852459 0.01 0.01 4.793055141579733 0.4706319385140905 0.8913725490196076 
0.5388235294117647 4.050959595959596 1.7785245901639344 1.7353535353535354 0.3120833333333333 3.7346199701937413 1.8563663535439794 0.009999999999999787 
0.01 5.59469696969697 5.315573770491803 0.01 0.01 4.87344262295082 0.7009479077711358 5.474509803921569 
1.0676470588235294 4.368787878787879 5.0208196721311475 1.1905050505050505 0.6020833333333333 2.836959761549926 2.1941631084543127 0.8913725490196076 
2.1252941176470586 6.72979797979798 4.431311475409836 2.4618181818181815 3.8524999999999996 4.149955290611029 0.2863791631084543 1.4201960784313719 
4.240588235294117 4.8682323232323235 5.905081967213115 0.01 0.01 3.305886736214606 2.996430401366353 2.30156862745098 
1.0676470588235294 4.5504040404040405 5.0208196721311475 2.28020202020202 0.8679166666666667 5.168196721311476 0.9542954739538856 0.8913725490196076 
3.7117647058823526 4.277979797979798 4.726065573770492 2.28020202020202 0.9645833333333333 4.47150521609538 2.5434756618274976 3.5354901960784306 
0.5388235294117647 5.367676767676768 4.283934426229508 3.279090909090909 1.1458333333333333 4.47150521609538 0.712463706233988 0.36254901960784336 
2.6541176470588232 5.64010101010101 5.462950819672131 0.01 0.01 4.565290611028317 0.5550811272416738 3.0066666666666664 
5.298235294117647 5.231464646464646 0.01 0.01 0.01 4.7394634873323405 0.22496157130657563 1.4201960784313719 
0.5388235294117647 3.3244949494949494 3.6944262295081964 0.918080808080808 0.01 3.0915201192250374 0.6625619128949616 0.009999999999999787 
0.5388235294117647 5.821717171717172 6.052459016393443 1.5537373737373739 2.22125 3.6944262295081973 0.15202818104184462 0.18627450980392135 
0.5388235294117647 5.413080808080808 3.252295081967213 4.277979797979798 0.77125 4.766259314456036 0.7853970964987191 0.7150980392156856 
0.01 7.365454545454545 5.610327868852459 5.095252525252525 1.2183333333333333 7.137690014903131 2.624086251067464 0.7150980392156856 
1.0676470588235294 5.549292929292929 5.610327868852459 2.4618181818181815 2.4266666666666663 4.819850968703428 1.5646327924850554 0.8913725490196076 
5.298235294117647 6.0487373737373735 5.0208196721311475 0.01 0.01 3.6274366616989573 0.6510461144321094 2.6541176470588232 
3.182941176470588 4.8682323232323235 6.494590163934427 0.01 0.01 4.94043219076006 2.501251067463706 1.7727450980392159 
2.6541176470588232 5.231464646464646 7.231475409836065 0.01 0.01 7.097496274217587 0.512856532877882 1.2439215686274507 
1.596470588235294 3.960151515151515 4.431311475409836 1.6445454545454545 0.01 2.9307451564828617 1.414927412467976 0.009999999999999787 
2.6541176470588232 7.547070707070707 5.315573770491803 1.7353535353535354 2.1245833333333333 3.4666616989567816 1.9638471391972674 5.298235294117648 
0.5388235294117647 4.0055555555555555 4.578688524590164 2.1893939393939394 0.5416666666666666 4.015976154992549 1.330478223740393 0.36254901960784336 
0.01 8.137323232323233 3.6944262295081964 3.279090909090909 1.93125 5.07441132637854 1.4571520068317678 0.18627450980392135 
1.0676470588235294 4.187171717171717 4.578688524590164 2.5526262626262626 0.01 4.2437406855439646 0.2096071733561059 0.5388235294117645 
0.01 9.0 4.87344262295082 2.9158585858585857 3.320833333333333 5.543338301043219 1.6375661827497865 1.2439215686274507 
0.01 4.3233838383838386 6.273524590163935 2.28020202020202 0.445 5.020819672131148 0.6587233134073442 0.5388235294117645 
1.0676470588235294 4.187171717171717 5.610327868852459 1.826161616161616 0.01 3.2522950819672136 6.228531169940223 1.2439215686274507 
1.596470588235294 5.049848484848485 4.283934426229508 2.825050505050505 0.5416666666666666 3.962384500745157 1.361187019641332 0.18627450980392135 
3.7117647058823526 6.457373737373738 4.431311475409836 3.0066666666666664 2.305833333333333 3.8685991058122213 2.3477070879590096 7.060980392156862 
1.596470588235294 6.003333333333333 5.905081967213115 0.01 0.01 4.618882265275708 1.2537062339880445 4.064313725490196 
4.7694117647058825 5.458484848484848 5.315573770491803 2.0077777777777777 0.6866666666666666 2.796766020864382 2.5242826643894105 4.7694117647058825 
1.0676470588235294 2.5526262626262626 4.13655737704918 2.5526262626262626 0.55375 3.2522950819672136 0.9850042698548249 0.18627450980392135 
0.5388235294117647 5.7309090909090905 4.13655737704918 2.6434343434343432 1.8466666666666667 3.855201192250373 2.785307429547395 0.009999999999999787 
1.0676470588235294 4.822828282828283 4.726065573770492 3.188282828282828 1.4479166666666667 4.096363636363637 5.084628522630231 2.30156862745098 
2.1252941176470586 7.093030303030303 5.536639344262295 0.01 0.01 6.481192250372579 0.6241759180187874 1.949019607843137 
2.1252941176470586 8.364343434343434 5.757704918032787 3.5515151515151513 3.357083333333333 4.967228017883756 0.7239795046968402 1.7727450980392159 
0.01 5.413080808080808 4.726065573770492 1.6445454545454545 1.1216666666666666 4.685871833084948 2.4935738684884714 0.36254901960784336 
3.7117647058823526 8.228131313131312 6.199836065573771 1.916969696969697 2.3299999999999996 4.819850968703428 1.9600085397096496 5.298235294117648 
4.7694117647058825 7.774090909090909 8.115737704918033 2.1893939393939394 2.9099999999999997 6.092652757078987 2.4782194705380016 5.827058823529413 
6.884705882352941 5.867121212121212 0.01 2.734242424242424 0.01 5.355767511177348 1.8947523484201536 4.064313725490196 
4.240588235294117 5.458484848484848 0.01 0.01 0.01 4.029374068554397 0.4130529461998292 3.0066666666666664 
1.0676470588235294 4.777424242424242 5.536639344262295 0.01 0.01 3.131713859910582 1.8602049530315972 5.65078431372549 
1.0676470588235294 5.367676767676768 5.905081967213115 0.01 0.01 5.757704918032788 2.3707386848847136 0.009999999999999787 
9.0 7.410858585858586 5.315573770491803 3.733131313131313 1.3875 5.489746646795828 2.846725021349274 4.593137254901961 
1.0676470588235294 4.187171717171717 3.8418032786885243 0.01 0.01 4.042771982116245 0.2518317677198975 0.18627450980392135 
3.182941176470588 4.232575757575757 3.6944262295081964 2.734242424242424 0.7833333333333333 3.855201192250373 1.0771306575576431 0.36254901960784336 
5.827058823529411 6.275757575757575 5.462950819672131 2.371010101010101 1.75 4.846646795827125 1.8486891545687447 5.121960784313725 
0.5388235294117647 5.276868686868687 5.757704918032787 2.6434343434343432 2.1849999999999996 4.846646795827125 1.6145345858240818 0.7150980392156856 
6.884705882352941 4.822828282828283 5.1681967213114755 0.01 0.01 4.592086438152013 0.6740777113578138 5.474509803921569 
1.596470588235294 6.411969696969697 0.01 0.01 0.01 4.029374068554397 2.631763450042698 1.0676470588235296 
4.240588235294117 8.455151515151515 6.6419672131147545 3.188282828282828 2.72875 4.632280178837557 1.33431682322801 2.8303921568627444 
0.01 5.821717171717172 5.0208196721311475 1.7353535353535354 2.1849999999999996 4.096363636363637 5.050081127241675 0.7150980392156856 
3.182941176470588 5.186060606060606 0.01 0.01 0.01 0.01 0.43608454312553363 0.8913725490196076 
1.0676470588235294 5.685505050505051 4.431311475409836 1.826161616161616 1.7016666666666667 4.53849478390462 0.04838599487617423 1.7727450980392159 
6.884705882352941 3.4607070707070706 4.431311475409836 0.01 0.01 4.40451564828614 0.40153714773697696 3.5354901960784306 
2.6541176470588232 7.637878787878788 4.726065573770492 0.01 0.01 4.417913561847988 0.22880017079419307 3.5354901960784306 
