4.505000000000001 4.913636363636364 5.567454545454545 5.628750000000001 
7.677941176470592 3.2790909090909093 7.692363636363636 5.628750000000001 
1.596470588235297 5.7309090909090905 0.5003636363636363 0.010000000000000009 
1.8608823529411787 4.504999999999999 0.5003636363636363 0.3845833333333334 
2.389705882352944 5.322272727272727 0.6638181818181816 0.3845833333333334 
5.562647058823531 2.870454545454546 5.240545454545454 4.505000000000001 
9.000000000000002 3.2790909090909093 8.182727272727272 8.250833333333333 
5.298235294117648 4.504999999999999 5.894363636363637 5.628750000000001 
6.355882352941178 3.6877272727272725 5.894363636363637 5.254166666666667 
1.0676470588235318 4.0963636363636375 0.33690909090909105 0.3845833333333334 
3.1829411764705906 8.182727272727272 0.5003636363636363 0.3845833333333334 
6.884705882352945 3.6877272727272725 6.221272727272728 5.254166666666667 
6.620294117647061 4.0963636363636375 7.855818181818181 8.250833333333333 
0.010000000000001563 3.2790909090909093 0.010000000000000009 0.010000000000000009 
1.8608823529411787 3.2790909090909093 0.8272727272727274 0.3845833333333334 
1.3320588235294135 3.2790909090909093 0.5003636363636363 0.7591666666666667 
3.7117647058823557 1.2359090909090913 6.384727272727272 7.127083333333334 
3.9761764705882356 2.0531818181818196 4.5867272727272725 4.130416666666667 
5.562647058823531 4.0963636363636375 6.875090909090908 8.250833333333333 
3.9761764705882356 1.6445454545454545 4.750181818181818 4.130416666666667 
7.677941176470592 5.7309090909090905 8.182727272727272 9.0 
3.7117647058823557 9.000000000000002 0.6638181818181816 1.13375 
2.918529411764709 4.913636363636364 0.6638181818181816 1.13375 
3.4473529411764705 2.870454545454546 4.096363636363636 4.505000000000001 
3.4473529411764705 3.2790909090909093 5.567454545454545 5.254166666666667 
2.918529411764709 4.913636363636364 0.9907272727272727 0.3845833333333334 
8.735588235294118 3.2790909090909093 8.999999999999998 7.501666666666668 
2.389705882352944 2.0531818181818196 4.5867272727272725 4.879583333333334 
2.1252941176470603 6.548181818181817 0.8272727272727274 0.3845833333333334 
4.769411764705884 3.2790909090909093 5.73090909090909 4.879583333333334 
3.9761764705882356 2.461818181818181 6.548181818181817 8.625416666666666 
3.1829411764705906 5.322272727272727 0.33690909090909105 0.3845833333333334 
4.505000000000001 0.010000000000001563 4.750181818181818 3.38125 
6.884705882352945 3.6877272727272725 6.548181818181817 8.250833333333333 
3.1829411764705906 1.2359090909090913 4.750181818181818 4.505000000000001 
2.389705882352944 4.913636363636364 0.5003636363636363 0.3845833333333334 
5.033823529411768 2.461818181818181 6.057818181818181 6.377916666666668 
6.355882352941178 3.2790909090909093 6.384727272727272 6.003333333333334 
7.677941176470592 4.0963636363636375 8.019272727272726 6.377916666666668 
6.091470588235294 3.2790909090909093 5.404 4.879583333333334 
6.355882352941178 4.504999999999999 7.5289090909090906 7.501666666666668 
5.8270588235294145 4.0963636363636375 6.548181818181817 7.127083333333334 
3.9761764705882356 2.0531818181818196 6.548181818181817 6.7525 
3.1829411764705906 0.41863636363636303 4.750181818181818 4.505000000000001 
1.596470588235297 3.6877272727272725 0.6638181818181816 0.010000000000000009 
6.091470588235294 2.870454545454546 5.73090909090909 4.505000000000001 
4.769411764705884 1.6445454545454545 7.365454545454545 4.879583333333334 
4.505000000000001 0.010000000000001563 6.384727272727272 5.254166666666667 
1.8608823529411787 5.7309090909090905 0.5003636363636363 0.3845833333333334 
5.562647058823531 2.461818181818181 7.365454545454545 7.8762500000000015 
4.505000000000001 2.870454545454546 5.567454545454545 5.254166666666667 
0.8032352941176484 4.913636363636364 0.5003636363636363 0.7591666666666667 
7.149117647058825 4.0963636363636375 5.894363636363637 4.879583333333334 
4.240588235294121 4.0963636363636375 6.057818181818181 6.377916666666668 
3.4473529411764705 1.2359090909090913 4.5867272727272725 3.755833333333334 
2.918529411764709 6.956818181818182 0.33690909090909105 1.13375 
3.9761764705882356 2.0531818181818196 6.548181818181817 6.7525 
1.3320588235294135 4.913636363636364 1.3176363636363633 0.3845833333333334 
2.1252941176470603 1.2359090909090913 3.115636363636363 3.755833333333334 
1.0676470588235318 4.0963636363636375 0.8272727272727274 0.3845833333333334 
6.355882352941178 3.6877272727272725 7.365454545454545 8.625416666666666 
4.240588235294121 3.2790909090909093 5.077090909090909 5.254166666666667 
2.918529411764709 6.956818181818182 0.9907272727272727 1.13375 
5.298235294117648 1.2359090909090913 6.221272727272728 5.254166666666667 
0.274411764705885 4.0963636363636375 0.33690909090909105 0.3845833333333334 
8.206764705882355 2.461818181818181 8.182727272727272 6.7525 
5.8270588235294145 3.2790909090909093 7.692363636363636 7.8762500000000015 
5.298235294117648 0.41863636363636303 5.404 4.505000000000001 
0.274411764705885 2.870454545454546 0.5003636363636363 0.3845833333333334 
1.596470588235297 1.2359090909090913 5.567454545454545 6.003333333333334 
7.413529411764708 3.2790909090909093 7.855818181818181 7.501666666666668 
2.1252941176470603 6.1395454545454555 0.6638181818181816 1.13375 
5.8270588235294145 3.2790909090909093 7.202 6.377916666666668 
2.1252941176470603 5.322272727272727 0.5003636363636363 0.3845833333333334 
6.355882352941178 1.2359090909090913 7.692363636363636 6.377916666666668 
