0.2668571428571411 0.45950000000000024 0.010000000000000231 0.7591666666666667 
1.807999999999998 5.8535 0.17053571428571423 0.3845833333333334 
2.8354285714285705 9.000000000000002 0.17053571428571423 0.3845833333333334 
5.917714285714284 3.606 5.949821428571428 6.003333333333334 
2.8354285714285705 0.9090000000000007 3.862857142857143 3.38125 
6.1745714285714275 3.606 6.752499999999999 7.501666666666668 
3.862857142857143 3.606 4.665535714285714 5.254166666666667 
8.486285714285712 1.8080000000000016 9.0 8.250833333333333 
1.2942857142857136 0.9090000000000007 3.220714285714285 3.38125 
8.486285714285712 3.606 7.715714285714285 8.250833333333333 
5.917714285714284 4.0555 6.913035714285713 8.625416666666666 
1.2942857142857136 6.303000000000003 0.17053571428571423 0.010000000000000009 
0.5237142857142842 5.404 0.17053571428571423 0.7591666666666667 
5.917714285714284 3.606 6.270892857142857 8.250833333333333 
2.064857142857141 8.550499999999998 0.3310714285714287 0.010000000000000009 
6.431428571428571 4.0555 5.789285714285715 5.254166666666667 
5.403999999999998 3.606 7.234107142857142 7.8762500000000015 
3.3491428571428568 3.156500000000001 4.665535714285714 4.505000000000001 
0.7805714285714274 4.505000000000001 0.49160714285714313 0.3845833333333334 
5.917714285714284 4.9544999999999995 7.0735714285714275 7.501666666666668 
5.403999999999998 2.7070000000000007 5.30767857142857 5.254166666666667 
6.431428571428571 4.0555 6.591964285714286 7.501666666666668 
1.551142857142855 4.9544999999999995 0.17053571428571423 0.3845833333333334 
2.3217142857142843 6.752500000000003 0.3310714285714287 0.3845833333333334 
1.0374285714285705 5.404 0.9732142857142856 0.3845833333333334 
5.147142857142855 4.505000000000001 6.4314285714285715 8.250833333333333 
5.147142857142855 3.156500000000001 4.826071428571428 4.505000000000001 
3.092285714285712 2.7070000000000007 5.789285714285715 7.127083333333334 
5.147142857142855 4.0555 6.752499999999999 6.377916666666668 
4.119714285714284 2.257500000000002 6.110357142857143 5.628750000000001 
2.8354285714285705 0.9090000000000007 4.0233928571428565 3.755833333333334 
3.862857142857143 4.505000000000001 5.628749999999999 6.377916666666668 
0.009999999999999787 3.606 0.010000000000000231 0.3845833333333334 
3.605999999999998 1.8080000000000016 4.3444642857142854 4.130416666666667 
1.2942857142857136 4.0555 0.3310714285714287 0.010000000000000009 
4.890285714285712 2.257500000000002 5.789285714285715 6.377916666666668 
3.605999999999998 2.7070000000000007 6.110357142857143 8.625416666666666 
3.3491428571428568 7.202 0.6521428571428571 0.7591666666666667 
0.009999999999999787 3.156500000000001 0.17053571428571423 0.3845833333333334 
5.147142857142855 2.257500000000002 6.4314285714285715 6.7525 
4.890285714285712 1.3585000000000012 5.949821428571428 6.7525 
7.4588571428571395 3.156500000000001 8.036785714285713 6.377916666666668 
1.807999999999998 6.752500000000003 0.3310714285714287 1.13375 
2.064857142857141 5.8535 0.3310714285714287 0.3845833333333334 
4.633428571428571 5.404 6.591964285714286 8.250833333333333 
2.5785714285714274 5.404 0.3310714285714287 1.13375 
3.605999999999998 2.257500000000002 4.183928571428571 4.130416666666667 
3.092285714285712 3.156500000000001 3.7023214285714285 4.505000000000001 
5.660857142857141 3.156500000000001 5.30767857142857 4.505000000000001 
5.917714285714284 4.0555 4.986607142857143 4.879583333333334 
3.3491428571428568 2.7070000000000007 4.504999999999999 4.505000000000001 
2.064857142857141 2.257500000000002 4.183928571428571 4.879583333333334 
2.8354285714285705 5.8535 0.010000000000000231 0.3845833333333334 
1.807999999999998 1.3585000000000012 2.7391071428571427 3.755833333333334 
3.862857142857143 3.606 6.110357142857143 6.377916666666668 
4.376571428571426 3.606 5.30767857142857 4.879583333333334 
1.551142857142855 5.8535 0.010000000000000231 0.7591666666666667 
5.147142857142855 4.505000000000001 5.147142857142857 5.254166666666667 
8.999999999999998 7.202 8.197321428571428 7.127083333333334 
6.431428571428571 4.0555 6.110357142857143 8.250833333333333 
7.202 6.303000000000003 7.715714285714285 9.0 
4.119714285714284 5.404 5.147142857142857 5.628750000000001 
1.807999999999998 4.9544999999999995 0.6521428571428571 1.5083333333333333 
2.064857142857141 5.404 0.17053571428571423 0.3845833333333334 
4.376571428571426 3.606 5.789285714285715 6.377916666666668 
2.5785714285714274 3.606 5.147142857142857 5.254166666666667 
8.486285714285712 2.7070000000000007 8.678928571428571 7.127083333333334 
1.807999999999998 5.8535 0.17053571428571423 0.7591666666666667 
5.917714285714284 1.3585000000000012 7.234107142857142 6.377916666666668 
1.807999999999998 5.404 0.3310714285714287 0.3845833333333334 
4.890285714285712 4.9544999999999995 5.468214285714286 5.628750000000001 
2.5785714285714274 6.752500000000003 0.3310714285714287 0.3845833333333334 
0.5237142857142842 4.0555 0.3310714285714287 0.3845833333333334 
3.605999999999998 2.257500000000002 6.110357142857143 6.7525 
4.119714285714284 0.010000000000001563 4.3444642857142854 3.38125 
