5.186060606060606 1.2359090909090913 6.169814814814817 5.730909090909092 
5.730909090909092 2.461818181818181 5.670370370370371 5.730909090909092 
6.275757575757575 1.2359090909090913 7.668148148148148 6.956818181818183 
4.096363636363639 4.0963636363636375 6.003333333333334 6.956818181818183 
4.913636363636366 4.913636363636364 7.002222222222224 9.0 
0.5548484848484829 4.0963636363636375 0.34296296296296314 0.4186363636363637 
5.458484848484849 3.6877272727272725 7.168703703703704 6.956818181818183 
1.916969696969696 4.913636363636364 0.509444444444445 0.4186363636363637 
4.368787878787879 0.010000000000001563 4.671481481481482 3.6877272727272734 
3.006666666666666 0.827272727272728 4.338518518518519 4.0963636363636375 
3.2790909090909075 2.0531818181818196 5.004444444444445 4.913636363636365 
4.368787878787879 4.913636363636364 5.5038888888888895 6.1395454545454555 
3.5515151515151526 2.461818181818181 5.5038888888888895 4.913636363636365 
2.734242424242426 6.956818181818182 0.8424074074074079 1.235909090909091 
5.186060606060606 4.504999999999999 5.836851851851853 6.1395454545454555 
4.368787878787879 2.0531818181818196 6.502777777777778 6.1395454545454555 
3.823939393939394 2.0531818181818196 6.502777777777778 7.365454545454546 
3.5515151515151526 1.6445454545454545 3.839074074074075 3.6877272727272734 
2.1893939393939394 5.322272727272727 0.509444444444445 0.4186363636363637 
1.6445454545454545 5.322272727272727 0.17648148148148168 0.8272727272727274 
1.916969696969696 1.2359090909090913 3.0066666666666677 4.0963636363636375 
2.734242424242426 4.913636363636364 0.8424074074074079 0.4186363636363637 
1.372121212121213 1.2359090909090913 5.5038888888888895 6.548181818181819 
5.186060606060606 0.41863636363636303 5.337407407407409 4.913636363636365 
1.372121212121213 5.7309090909090905 0.34296296296296314 0.010000000000000009 
3.823939393939394 7.365454545454545 0.010000000000000231 0.4186363636363637 
1.916969696969696 5.322272727272727 0.34296296296296314 0.4186363636363637 
4.913636363636366 2.870454545454546 5.170925925925927 4.913636363636365 
1.372121212121213 3.2790909090909093 0.34296296296296314 0.4186363636363637 
3.5515151515151526 2.870454545454546 5.004444444444445 4.913636363636365 
5.458484848484849 2.461818181818181 7.3351851851851855 8.182727272727274 
1.372121212121213 3.6877272727272725 0.509444444444445 0.010000000000000009 
6.275757575757575 4.504999999999999 7.501666666666669 8.182727272727274 
6.548181818181819 3.2790909090909093 7.168703703703704 8.182727272727274 
6.820606060606062 3.6877272727272725 7.002222222222224 8.182727272727274 
6.275757575757575 3.2790909090909093 6.66925925925926 9.0 
5.730909090909092 4.0963636363636375 6.502777777777778 7.77409090909091 
9.000000000000002 3.2790909090909093 8.167592592592593 9.0 
1.6445454545454545 4.504999999999999 0.34296296296296314 0.4186363636363637 
4.641212121212119 2.461818181818181 4.671481481481482 4.913636363636365 
5.458484848484849 4.0963636363636375 6.835740740740741 9.0 
0.5548484848484829 4.913636363636364 0.34296296296296314 0.8272727272727274 
5.186060606060606 2.870454545454546 7.3351851851851855 6.956818181818183 
0.827272727272728 4.0963636363636375 0.6759259259259265 0.4186363636363637 
4.368787878787879 0.010000000000001563 6.336296296296297 5.730909090909092 
7.093030303030302 4.0963636363636375 5.836851851851853 5.322272727272728 
1.6445454545454545 5.7309090909090905 0.34296296296296314 0.4186363636363637 
2.734242424242426 3.2790909090909093 5.5038888888888895 5.730909090909092 
6.820606060606062 4.0963636363636375 7.501666666666669 9.0 
8.727575757575758 3.2790909090909093 9.0 8.182727272727274 
0.010000000000001563 2.870454545454546 0.34296296296296314 0.4186363636363637 
3.5515151515151526 9.000000000000002 0.509444444444445 1.235909090909091 
8.182727272727275 2.461818181818181 8.167592592592593 7.365454545454546 
4.913636363636366 0.010000000000001563 5.5038888888888895 5.730909090909092 
5.458484848484849 2.0531818181818196 6.835740740740741 7.365454545454546 
3.5515151515151526 2.461818181818181 4.837962962962963 4.913636363636365 
1.6445454545454545 5.322272727272727 0.6759259259259265 2.0531818181818187 
6.275757575757575 3.6877272727272725 5.836851851851853 5.730909090909092 
3.2790909090909075 2.461818181818181 6.169814814814817 7.77409090909091 
6.003333333333332 2.870454545454546 5.670370370370371 4.913636363636365 
1.372121212121213 3.6877272727272725 0.509444444444445 0.4186363636363637 
2.1893939393939394 4.913636363636364 0.34296296296296314 0.4186363636363637 
3.823939393939394 2.0531818181818196 4.837962962962963 3.6877272727272734 
3.006666666666666 5.322272727272727 0.17648148148148168 0.4186363636363637 
4.096363636363639 3.2790909090909093 5.004444444444445 5.730909090909092 
3.006666666666666 8.182727272727272 0.34296296296296314 0.4186363636363637 
1.0996969696969696 4.913636363636364 1.1753703703703708 0.4186363636363637 
1.372121212121213 0.827272727272728 3.506111111111111 3.6877272727272734 
4.641212121212119 1.6445454545454545 7.3351851851851855 5.322272727272728 
1.916969696969696 6.548181818181817 1.1753703703703708 1.235909090909091 
6.820606060606062 3.6877272727272725 6.502777777777778 9.0 
7.910303030303032 2.870454545454546 8.500555555555556 6.956818181818183 
5.730909090909092 3.2790909090909093 7.168703703703704 6.956818181818183 
1.6445454545454545 3.2790909090909093 0.6759259259259265 0.4186363636363637 
4.368787878787879 3.2790909090909093 6.003333333333334 6.956818181818183 
