3.5515151515151526 9.000000000000002 0.5003636363636363 1.13375 
7.910303030303032 2.870454545454546 8.346181818181817 6.377916666666668 
4.641212121212119 2.461818181818181 5.730909090909091 4.130416666666667 
3.006666666666666 1.2359090909090913 4.5867272727272725 4.505000000000001 
2.1893939393939394 5.322272727272727 0.5003636363636363 0.3845833333333334 
4.096363636363639 3.2790909090909093 4.913636363636364 5.254166666666667 
3.823939393939394 7.365454545454545 0.010000000000000009 0.3845833333333334 
5.186060606060606 4.504999999999999 5.730909090909091 5.628750000000001 
4.913636363636366 2.461818181818181 5.894363636363636 6.377916666666668 
5.186060606060606 2.870454545454546 7.202 6.377916666666668 
1.6445454545454545 4.504999999999999 0.33690909090909105 0.3845833333333334 
4.368787878787879 0.010000000000001563 4.5867272727272725 3.38125 
4.913636363636366 2.870454545454546 5.077090909090908 4.505000000000001 
0.5548484848484829 4.913636363636364 0.33690909090909105 0.7591666666666667 
1.916969696969696 5.322272727272727 0.33690909090909105 0.3845833333333334 
1.916969696969696 6.1395454545454555 0.5003636363636363 1.13375 
9.000000000000002 6.548181818181817 9.0 7.8762500000000015 
1.6445454545454545 5.7309090909090905 0.33690909090909105 0.3845833333333334 
6.275757575757575 4.504999999999999 7.365454545454545 9.0 
3.2790909090909075 2.870454545454546 3.9329090909090905 4.505000000000001 
4.913636363636366 4.913636363636364 6.875090909090909 8.250833333333333 
1.6445454545454545 0.41863636363636303 3.4425454545454537 3.38125 
2.734242424242426 3.2790909090909093 5.404 5.254166666666667 
1.916969696969696 4.504999999999999 0.8272727272727274 1.5083333333333333 
1.916969696969696 1.2359090909090913 2.952181818181818 3.755833333333334 
1.6445454545454545 3.2790909090909093 0.6638181818181821 0.3845833333333334 
2.734242424242426 4.913636363636364 0.8272727272727274 0.3845833333333334 
2.461818181818181 6.1395454545454555 0.5003636363636363 0.3845833333333334 
3.006666666666666 8.182727272727272 0.33690909090909105 0.3845833333333334 
4.641212121212119 2.461818181818181 4.5867272727272725 4.505000000000001 
1.372121212121213 3.6877272727272725 0.5003636363636363 0.010000000000000009 
7.093030303030302 4.0963636363636375 5.730909090909091 4.879583333333334 
5.186060606060606 2.0531818181818196 6.057818181818183 6.377916666666668 
6.275757575757575 3.6877272727272725 5.730909090909091 5.254166666666667 
6.275757575757575 1.2359090909090913 7.5289090909090906 6.377916666666668 
4.096363636363639 4.0963636363636375 5.894363636363636 6.377916666666668 
5.730909090909092 2.461818181818181 5.567454545454544 5.254166666666667 
5.458484848484849 2.461818181818181 7.202 7.8762500000000015 
1.0996969696969696 4.913636363636364 1.154181818181818 0.3845833333333334 
3.2790909090909075 1.2359090909090913 4.423272727272727 3.755833333333334 
1.372121212121213 3.6877272727272725 0.5003636363636363 0.3845833333333334 
0.827272727272728 4.0963636363636375 0.6638181818181821 0.3845833333333334 
2.734242424242426 4.913636363636364 0.5003636363636363 1.13375 
3.823939393939394 2.0531818181818196 4.750181818181818 3.38125 
4.096363636363639 3.2790909090909093 6.384727272727272 6.377916666666668 
7.637878787878789 4.0963636363636375 7.855818181818181 6.377916666666668 
5.730909090909092 3.2790909090909093 6.548181818181819 7.127083333333334 
3.2790909090909075 2.461818181818181 6.057818181818183 7.127083333333334 
9.000000000000002 2.461818181818181 9.0 7.127083333333334 
2.734242424242426 6.956818181818182 0.17345454545454575 1.13375 
6.548181818181819 3.2790909090909093 7.038545454545455 7.501666666666668 
3.823939393939394 1.6445454545454545 4.5867272727272725 4.130416666666667 
3.5515151515151526 1.2359090909090913 6.221272727272726 7.127083333333334 
0.010000000000001563 3.2790909090909093 0.17345454545454575 0.3845833333333334 
7.365454545454545 3.2790909090909093 7.692363636363636 7.501666666666668 
5.186060606060606 4.504999999999999 7.855818181818181 9.0 
0.010000000000001563 2.870454545454546 0.33690909090909105 0.3845833333333334 
2.1893939393939394 7.774090909090907 0.5003636363636363 0.010000000000000009 
6.548181818181819 4.0963636363636375 7.692363636363636 8.250833333333333 
1.372121212121213 1.2359090909090913 5.404 6.003333333333334 
8.727575757575758 3.2790909090909093 8.836545454545453 7.501666666666668 
5.186060606060606 4.913636363636364 7.202 8.625416666666666 
3.5515151515151526 2.461818181818181 4.750181818181818 4.505000000000001 
0.827272727272728 4.0963636363636375 0.17345454545454575 0.3845833333333334 
0.5548484848484829 3.6877272727272725 0.5003636363636363 0.3845833333333334 
6.275757575757575 4.504999999999999 7.365454545454545 7.501666666666668 
3.2790909090909075 3.2790909090909093 5.404 5.254166666666667 
3.2790909090909075 2.0531818181818196 4.913636363636364 4.505000000000001 
1.916969696969696 6.548181818181817 0.6638181818181821 0.3845833333333334 
8.182727272727275 2.461818181818181 8.019272727272726 6.7525 
3.006666666666666 0.41863636363636303 4.5867272727272725 4.505000000000001 
5.458484848484849 4.0963636363636375 6.711636363636362 8.250833333333333 
4.368787878787879 4.913636363636364 5.404 5.628750000000001 
3.823939393939394 2.0531818181818196 4.423272727272727 4.130416666666667 
4.368787878787879 2.870454545454546 5.404 5.254166666666667 
