5.254166666666666 4.504999999999999 5.28 5.254166666666667 
1.5083333333333346 4.130416666666665 0.6300000000000001 0.010000000000000009 
8.500555555555554 3.006666666666666 8.69 7.127083333333334 
4.504999999999999 3.006666666666666 4.505 4.505000000000001 
5.503888888888888 3.7558333333333316 6.829999999999999 6.377916666666668 
5.254166666666666 3.006666666666666 6.9849999999999985 7.501666666666668 
6.253055555555555 4.504999999999999 7.45 8.250833333333333 
2.7569444444444446 5.254166666666665 0.9400000000000002 0.3845833333333334 
6.003333333333334 4.130416666666665 5.59 5.254166666666667 
4.754722222222222 5.254166666666665 6.675 8.250833333333333 
3.506111111111112 9.0 0.6300000000000001 1.13375 
4.255277777777778 5.254166666666665 5.28 5.628750000000001 
1.5083333333333346 1.5083333333333329 3.42 3.38125 
1.758055555555556 3.7558333333333316 0.7850000000000004 0.3845833333333334 
3.0066666666666677 2.2575000000000003 5.125 4.130416666666667 
5.503888888888888 4.504999999999999 6.209999999999999 7.127083333333334 
5.004444444444443 5.254166666666665 6.9849999999999985 8.625416666666666 
3.506111111111112 3.006666666666666 5.28 4.505000000000001 
4.504999999999999 2.2575000000000003 6.9849999999999985 4.879583333333334 
0.7591666666666672 5.254166666666665 0.47499999999999987 0.7591666666666667 
5.004444444444443 3.006666666666666 6.209999999999999 5.254166666666667 
3.506111111111112 2.2575000000000003 3.7299999999999995 3.38125 
2.7569444444444446 3.7558333333333316 5.28 5.254166666666667 
2.007777777777777 5.628749999999998 0.47499999999999987 0.7591666666666667 
3.7558333333333334 2.632083333333334 4.35 4.130416666666667 
5.503888888888888 3.006666666666666 5.435 5.254166666666667 
1.2586111111111116 4.130416666666665 0.7850000000000004 0.3845833333333334 
1.758055555555556 5.254166666666665 0.6300000000000001 0.3845833333333334 
2.007777777777777 5.254166666666665 0.6300000000000001 0.3845833333333334 
2.7569444444444446 7.127083333333331 0.32000000000000006 1.13375 
6.752500000000001 4.504999999999999 5.59 4.879583333333334 
1.758055555555556 5.254166666666665 0.7850000000000004 1.13375 
3.0066666666666677 1.8829166666666666 4.505 4.505000000000001 
2.7569444444444446 7.127083333333331 0.9400000000000002 1.13375 
0.5094444444444441 1.1337499999999991 0.32000000000000006 0.7591666666666667 
1.758055555555556 0.009999999999999787 3.7299999999999995 3.38125 
3.256388888888889 3.7558333333333316 4.659999999999999 4.505000000000001 
1.5083333333333346 4.130416666666665 0.6300000000000001 0.3845833333333334 
7.75138888888889 3.006666666666666 7.759999999999999 6.7525 
0.009999999999999787 3.7558333333333316 0.010000000000000231 0.010000000000000009 
1.758055555555556 1.1337499999999991 3.42 3.38125 
2.007777777777777 5.628749999999998 0.47499999999999987 0.3845833333333334 
3.256388888888889 2.632083333333334 4.815 4.505000000000001 
5.503888888888888 3.7558333333333316 7.294999999999999 7.8762500000000015 
5.254166666666666 4.130416666666665 6.829999999999999 6.377916666666668 
3.256388888888889 3.006666666666666 5.9 7.127083333333334 
3.7558333333333334 2.632083333333334 6.209999999999999 6.7525 
3.7558333333333334 2.2575000000000003 4.505 4.130416666666667 
3.506111111111112 6.752499999999998 0.9400000000000002 0.7591666666666667 
0.25972222222222285 3.7558333333333316 0.32000000000000006 0.3845833333333334 
5.004444444444443 4.879583333333331 7.6049999999999995 9.0 
6.003333333333334 4.130416666666665 5.125 4.879583333333334 
3.256388888888889 3.7558333333333316 5.28 5.254166666666667 
4.754722222222222 3.3812499999999996 4.97 4.505000000000001 
3.0066666666666677 1.5083333333333329 4.04 3.38125 
1.758055555555556 4.504999999999999 0.16500000000000004 0.3845833333333334 
4.005555555555556 3.7558333333333316 6.209999999999999 6.377916666666668 
3.0066666666666677 5.628749999999998 0.32000000000000006 0.3845833333333334 
6.502777777777776 4.130416666666665 5.9 5.254166666666667 
0.7591666666666672 4.504999999999999 0.47499999999999987 0.3845833333333334 
5.004444444444443 2.632083333333334 5.9 6.377916666666668 
6.253055555555555 3.006666666666666 5.744999999999999 4.879583333333334 
6.003333333333334 4.879583333333331 7.14 7.501666666666668 
6.003333333333334 4.879583333333331 7.14 9.0 
2.2575000000000003 5.628749999999998 0.6300000000000001 0.3845833333333334 
4.504999999999999 3.3812499999999996 5.59 4.879583333333334 
2.5072222222222216 6.377916666666666 0.6300000000000001 0.3845833333333334 
6.003333333333334 3.7558333333333316 6.364999999999999 8.250833333333333 
2.007777777777777 6.377916666666666 0.6300000000000001 1.13375 
7.002222222222223 3.7558333333333316 7.45 7.501666666666668 
7.251944444444444 6.003333333333332 7.759999999999999 9.0 
8.500555555555554 2.2575000000000003 8.999999999999998 8.250833333333333 
1.758055555555556 4.879583333333331 0.47499999999999987 0.3845833333333334 
1.5083333333333346 1.8829166666666666 5.28 6.003333333333334 
9.0 6.752499999999998 8.225 7.127083333333334 
