6.003333333333334 1.8829166666666666 7.323898305084745 6.377916666666668 
5.503888888888888 3.7558333333333316 6.409661016949152 7.127083333333334 
7.002222222222223 3.7558333333333316 7.476271186440679 7.501666666666668 
5.004444444444443 5.254166666666665 7.019152542372881 8.625416666666666 
3.7558333333333334 2.2575000000000003 4.581186440677966 4.130416666666667 
9.0 6.752499999999998 8.238135593220338 7.127083333333334 
5.753611111111109 3.7558333333333316 5.1906779661016955 4.879583333333334 
1.758055555555556 1.1337499999999991 3.5145762711864403 3.38125 
4.754722222222222 3.3812499999999996 5.038305084745762 4.505000000000001 
5.254166666666666 2.632083333333334 6.562033898305083 6.7525 
2.2575000000000003 7.876249999999997 0.7718644067796612 0.010000000000000009 
5.004444444444443 1.8829166666666666 6.104915254237287 6.7525 
1.5083333333333346 1.5083333333333329 3.5145762711864403 3.38125 
7.251944444444444 3.7558333333333316 7.323898305084745 5.628750000000001 
5.004444444444443 2.632083333333334 5.952542372881356 6.377916666666668 
6.003333333333334 4.130416666666665 5.1906779661016955 4.879583333333334 
1.758055555555556 5.254166666666665 0.9242372881355931 1.13375 
4.255277777777778 2.632083333333334 6.257288135593219 5.628750000000001 
1.758055555555556 3.7558333333333316 0.9242372881355931 0.3845833333333334 
4.504999999999999 3.006666666666666 5.647796610169491 4.130416666666667 
0.25972222222222285 3.3812499999999996 0.6194915254237288 0.3845833333333334 
6.003333333333334 4.130416666666665 7.019152542372881 8.625416666666666 
1.758055555555556 4.879583333333331 0.6194915254237288 0.3845833333333334 
6.502777777777776 4.130416666666665 6.714406779661017 7.501666666666668 
3.0066666666666677 1.5083333333333329 4.276440677966101 3.755833333333334 
2.007777777777777 5.628749999999998 0.6194915254237288 0.3845833333333334 
2.007777777777777 6.377916666666666 0.7718644067796612 1.13375 
0.009999999999999787 3.7558333333333316 0.16237288135593242 0.010000000000000009 
7.251944444444444 4.504999999999999 7.6286440677966105 6.377916666666668 
5.004444444444443 3.006666666666666 6.257288135593219 5.254166666666667 
3.7558333333333334 2.632083333333334 4.428813559322034 4.130416666666667 
3.506111111111112 6.752499999999998 1.076610169491525 0.7591666666666667 
3.256388888888889 1.8829166666666666 4.428813559322034 3.755833333333334 
3.256388888888889 3.006666666666666 5.952542372881356 7.127083333333334 
3.256388888888889 3.7558333333333316 5.343050847457627 5.254166666666667 
5.254166666666666 4.504999999999999 6.562033898305083 8.250833333333333 
8.500555555555554 2.2575000000000003 9.0 8.250833333333333 
5.503888888888888 3.7558333333333316 6.866779661016949 6.377916666666668 
6.253055555555555 4.504999999999999 7.476271186440679 8.250833333333333 
3.506111111111112 3.7558333333333316 4.885932203389831 4.130416666666667 
3.506111111111112 3.006666666666666 4.733559322033898 4.505000000000001 
0.7591666666666672 5.254166666666665 0.6194915254237288 0.7591666666666667 
2.2575000000000003 5.628749999999998 0.7718644067796612 0.3845833333333334 
1.758055555555556 6.003333333333332 0.6194915254237288 0.3845833333333334 
5.004444444444443 1.8829166666666666 5.952542372881356 5.254166666666667 
1.758055555555556 4.504999999999999 0.3147457627118644 0.3845833333333334 
3.7558333333333334 3.006666666666666 6.257288135593219 8.625416666666666 
1.758055555555556 0.009999999999999787 3.819322033898305 3.38125 
1.5083333333333346 4.130416666666665 0.7718644067796612 0.010000000000000009 
3.506111111111112 9.0 0.7718644067796612 1.13375 
6.502777777777776 4.130416666666665 6.257288135593219 8.250833333333333 
6.253055555555555 3.006666666666666 5.800169491525423 4.879583333333334 
2.2575000000000003 2.632083333333334 4.428813559322034 4.879583333333334 
2.7569444444444446 3.7558333333333316 5.343050847457627 5.254166666666667 
5.254166666666666 3.3812499999999996 5.038305084745762 4.505000000000001 
3.256388888888889 3.7558333333333316 4.733559322033898 4.505000000000001 
1.2586111111111116 5.254166666666665 1.3813559322033895 0.3845833333333334 
1.758055555555556 5.628749999999998 0.9242372881355931 1.8829166666666666 
1.2586111111111116 3.7558333333333316 0.6194915254237288 0.010000000000000009 
4.255277777777778 3.7558333333333316 5.800169491525423 6.377916666666668 
3.0066666666666677 1.5083333333333329 4.12406779661017 3.38125 
1.2586111111111116 3.7558333333333316 0.6194915254237288 0.7591666666666667 
5.004444444444443 1.1337499999999991 5.1906779661016955 4.505000000000001 
4.005555555555556 3.7558333333333316 4.885932203389831 5.254166666666667 
2.007777777777777 5.628749999999998 0.6194915254237288 0.7591666666666667 
1.5083333333333346 3.7558333333333316 0.6194915254237288 0.3845833333333334 
0.7591666666666672 6.003333333333332 0.010000000000000009 0.3845833333333334 
5.503888888888888 4.504999999999999 6.257288135593219 7.127083333333334 
5.004444444444443 4.879583333333331 7.6286440677966105 9.0 
4.504999999999999 3.7558333333333316 5.495423728813559 4.879583333333334 
1.758055555555556 5.628749999999998 0.4671186440677966 0.7591666666666667 
2.007777777777777 5.254166666666665 0.7718644067796612 0.3845833333333334 
0.25972222222222285 3.7558333333333316 0.4671186440677966 0.3845833333333334 
6.253055555555555 3.7558333333333316 6.866779661016949 7.501666666666668 
1.5083333333333346 1.8829166666666666 5.343050847457627 6.003333333333334 
