3.862857142857143 3.7558333333333316 6.257288135593219 6.377916666666668 
1.807999999999998 6.752499999999998 0.7718644067796612 0.7591666666666667 
0.5237142857142842 4.130416666666665 0.7718644067796612 0.3845833333333334 
7.715714285714286 3.006666666666666 7.781016949152541 6.7525 
1.0374285714285705 5.254166666666665 1.3813559322033895 0.3845833333333334 
3.3491428571428568 3.006666666666666 4.733559322033898 4.505000000000001 
1.807999999999998 5.628749999999998 0.6194915254237288 0.7591666666666667 
8.229428571428569 3.7558333333333316 8.542881355932202 7.501666666666668 
4.890285714285712 1.8829166666666666 5.952542372881356 5.254166666666667 
2.5785714285714274 5.254166666666665 1.076610169491525 0.3845833333333334 
4.633428571428571 3.006666666666666 5.800169491525423 6.377916666666668 
8.486285714285712 3.7558333333333316 7.781016949152541 8.250833333333333 
1.551142857142855 5.628749999999998 0.4671186440677966 0.7591666666666667 
4.119714285714284 3.7558333333333316 5.800169491525423 6.377916666666668 
1.2942857142857136 4.130416666666665 0.7718644067796612 0.010000000000000009 
2.8354285714285705 1.8829166666666666 4.581186440677966 4.505000000000001 
0.009999999999999787 4.504999999999999 0.4671186440677966 0.3845833333333334 
3.605999999999998 2.632083333333334 6.257288135593219 6.7525 
0.5237142857142842 6.003333333333332 0.010000000000000009 0.3845833333333334 
5.917714285714284 4.130416666666665 5.1906779661016955 4.879583333333334 
1.807999999999998 5.628749999999998 0.6194915254237288 0.3845833333333334 
3.605999999999998 2.632083333333334 6.257288135593219 6.7525 
2.064857142857141 5.628749999999998 0.7718644067796612 0.3845833333333334 
6.1745714285714275 4.504999999999999 7.476271186440679 8.250833333333333 
2.8354285714285705 1.5083333333333329 4.276440677966101 3.755833333333334 
3.3491428571428568 3.3812499999999996 4.885932203389831 4.505000000000001 
2.5785714285714274 3.7558333333333316 5.343050847457627 5.254166666666667 
6.1745714285714275 3.7558333333333316 6.866779661016949 7.501666666666668 
3.862857142857143 4.504999999999999 5.800169491525423 6.377916666666668 
7.202 4.504999999999999 7.6286440677966105 6.377916666666668 
4.119714285714284 2.632083333333334 6.257288135593219 5.628750000000001 
5.403999999999998 4.504999999999999 6.257288135593219 7.127083333333334 
3.3491428571428568 9.0 0.7718644067796612 1.13375 
5.917714285714284 4.130416666666665 7.019152542372881 8.625416666666666 
2.8354285714285705 8.250833333333333 0.6194915254237288 0.3845833333333334 
1.551142857142855 1.1337499999999991 3.5145762711864403 3.38125 
3.862857142857143 3.7558333333333316 4.885932203389831 5.254166666666667 
1.2942857142857136 1.5083333333333329 3.5145762711864403 3.38125 
8.486285714285712 2.2575000000000003 9.0 8.250833333333333 
3.3491428571428568 3.7558333333333316 4.885932203389831 4.130416666666667 
3.3491428571428568 3.006666666666666 5.343050847457627 4.505000000000001 
0.009999999999999787 3.3812499999999996 0.6194915254237288 0.3845833333333334 
5.403999999999998 3.7558333333333316 6.866779661016949 6.377916666666668 
3.092285714285712 2.632083333333334 4.885932203389831 4.505000000000001 
4.376571428571426 3.7558333333333316 5.952542372881356 6.377916666666668 
4.376571428571426 2.2575000000000003 7.019152542372881 4.879583333333334 
5.917714285714284 4.879583333333331 7.171525423728813 9.0 
5.147142857142855 4.130416666666665 6.866779661016949 6.377916666666668 
1.551142857142855 5.254166666666665 0.9242372881355931 1.13375 
2.8354285714285705 5.628749999999998 0.4671186440677966 0.3845833333333334 
3.605999999999998 7.501666666666665 0.3147457627118644 0.3845833333333334 
5.917714285714284 3.7558333333333316 6.104915254237287 6.003333333333334 
2.5785714285714274 7.127083333333331 1.076610169491525 1.13375 
6.688285714285714 4.504999999999999 5.647796610169491 4.879583333333334 
4.890285714285712 4.879583333333331 5.647796610169491 5.628750000000001 
4.376571428571426 3.006666666666666 4.581186440677966 4.505000000000001 
1.807999999999998 5.254166666666665 0.7718644067796612 0.3845833333333334 
1.2942857142857136 4.130416666666665 0.7718644067796612 0.3845833333333334 
1.807999999999998 4.879583333333331 1.076610169491525 1.5083333333333333 
8.999999999999998 6.752499999999998 8.238135593220338 7.127083333333334 
6.1745714285714275 3.006666666666666 5.800169491525423 4.879583333333334 
5.660857142857141 3.3812499999999996 5.495423728813559 4.505000000000001 
5.147142857142855 3.006666666666666 7.019152542372881 7.501666666666668 
1.551142857142855 0.009999999999999787 3.819322033898305 3.38125 
2.8354285714285705 1.5083333333333329 4.12406779661017 3.38125 
5.917714285714284 3.7558333333333316 6.409661016949152 8.250833333333333 
0.5237142857142842 5.254166666666665 0.6194915254237288 0.7591666666666667 
1.551142857142855 5.254166666666665 0.7718644067796612 0.3845833333333334 
5.147142857142855 3.3812499999999996 5.038305084745762 4.505000000000001 
1.0374285714285705 3.7558333333333316 0.6194915254237288 0.010000000000000009 
7.4588571428571395 3.3812499999999996 8.085762711864406 6.377916666666668 
5.917714285714284 4.879583333333331 7.171525423728813 7.501666666666668 
6.431428571428571 4.130416666666665 6.257288135593219 8.250833333333333 
0.5237142857142842 4.504999999999999 0.6194915254237288 0.3845833333333334 
1.807999999999998 1.8829166666666666 3.0574576271186444 3.755833333333334 
