1.0374285714285705 4.504999999999999 0.33690909090909105 0.010000000000000009 
3.862857142857143 4.504999999999999 4.913636363636364 5.482173913043479 
4.890285714285712 2.2575000000000003 6.221272727272726 7.0456521739130435 
5.147142857142855 5.404 6.711636363636362 8.609130434782609 
4.376571428571426 4.504999999999999 6.057818181818183 6.654782608695652 
3.605999999999998 3.156500000000001 4.750181818181818 3.527826086956522 
0.2668571428571411 1.3584999999999994 0.17345454545454575 0.7917391304347826 
5.147142857142855 5.404 5.404 5.482173913043479 
0.5237142857142842 4.9544999999999995 0.5003636363636363 0.40086956521739137 
1.807999999999998 2.2575000000000003 2.952181818181818 3.918695652173914 
0.7805714285714274 5.404 0.17345454545454575 0.40086956521739137 
0.009999999999999787 4.0555 0.33690909090909105 0.40086956521739137 
1.551142857142855 1.3584999999999994 3.4425454545454537 3.527826086956522 
6.431428571428571 4.9544999999999995 6.875090909090909 7.827391304347827 
8.999999999999998 8.100999999999999 8.509636363636364 7.436521739130435 
3.862857142857143 5.404 5.894363636363636 6.654782608695652 
5.147142857142855 3.156500000000001 6.711636363636362 7.0456521739130435 
3.605999999999998 3.156500000000001 6.384727272727272 7.0456521739130435 
5.403999999999998 3.606 5.567454545454544 5.482173913043479 
4.633428571428571 0.9090000000000007 5.404 5.482173913043479 
2.8354285714285705 2.2575000000000003 4.5867272727272725 4.700434782608696 
3.605999999999998 9.0 0.010000000000000009 0.40086956521739137 
6.431428571428571 5.404 7.365454545454545 8.609130434782609 
6.945142857142853 4.504999999999999 7.692363636363636 7.827391304347827 
4.890285714285712 6.302999999999999 7.202 9.0 
4.890285714285712 3.156500000000001 6.057818181818183 6.654782608695652 
2.064857142857141 6.302999999999999 0.33690909090909105 0.40086956521739137 
4.376571428571426 3.606 4.5867272727272725 4.700434782608696 
4.119714285714284 3.156500000000001 6.384727272727272 5.87304347826087 
5.403999999999998 5.404 6.384727272727272 7.436521739130435 
7.202 5.404 7.855818181818181 6.654782608695652 
3.3491428571428568 2.7070000000000007 3.769454545454545 3.527826086956522 
4.376571428571426 2.7070000000000007 7.202 5.091304347826087 
2.8354285714285705 6.7524999999999995 0.17345454545454575 0.40086956521739137 
2.5785714285714274 8.5505 0.8272727272727274 1.1826086956521742 
4.633428571428571 4.0555 5.077090909090908 4.700434782608696 
1.807999999999998 6.302999999999999 0.5003636363636363 0.40086956521739137 
6.431428571428571 4.9544999999999995 6.384727272727272 8.609130434782609 
1.2942857142857136 4.9544999999999995 0.5003636363636363 0.010000000000000009 
1.807999999999998 8.100999999999999 1.154181818181818 1.1826086956521742 
3.092285714285712 2.2575000000000003 4.423272727272727 3.918695652173914 
1.807999999999998 8.100999999999999 0.5003636363636363 0.7917391304347826 
1.551142857142855 6.7524999999999995 0.17345454545454575 0.7917391304347826 
3.3491428571428568 8.100999999999999 0.8272727272727274 0.7917391304347826 
3.605999999999998 3.156500000000001 6.384727272727272 7.0456521739130435 
3.3491428571428568 4.0555 4.913636363636364 4.700434782608696 
4.119714285714284 4.504999999999999 5.894363636363636 6.654782608695652 
4.119714285714284 0.9090000000000007 4.5867272727272725 3.527826086956522 
1.551142857142855 6.302999999999999 0.5003636363636363 0.40086956521739137 
5.917714285714284 4.504999999999999 6.221272727272726 6.263913043478261 
1.2942857142857136 4.9544999999999995 0.5003636363636363 0.40086956521739137 
1.551142857142855 0.009999999999999787 3.769454545454545 3.527826086956522 
2.064857142857141 3.156500000000001 4.423272727272727 5.091304347826087 
0.009999999999999787 4.504999999999999 0.17345454545454575 0.40086956521739137 
4.890285714285712 4.0555 7.202 6.654782608695652 
1.551142857142855 7.202000000000002 0.33690909090909105 0.40086956521739137 
6.1745714285714275 5.404 7.692363636363636 8.609130434782609 
1.551142857142855 5.853499999999999 0.33690909090909105 0.40086956521739137 
2.3217142857142843 7.651500000000002 0.5003636363636363 0.40086956521739137 
2.5785714285714274 6.302999999999999 0.5003636363636363 1.1826086956521742 
3.605999999999998 2.7070000000000007 4.5867272727272725 4.309565217391304 
1.2942857142857136 2.2575000000000003 5.404 6.263913043478261 
1.0374285714285705 4.504999999999999 0.33690909090909105 0.7917391304347826 
8.486285714285712 8.100999999999999 9.0 8.218260869565219 
1.2942857142857136 4.504999999999999 0.33690909090909105 0.40086956521739137 
4.890285714285712 2.2575000000000003 6.057818181818183 5.482173913043479 
5.147142857142855 3.606 7.202 7.827391304347827 
3.092285714285712 3.606 6.057818181818183 7.436521739130435 
3.3491428571428568 3.606 4.750181818181818 4.700434782608696 
8.229428571428569 4.504999999999999 8.836545454545453 7.827391304347827 
3.092285714285712 4.504999999999999 5.404 5.482173913043479 
3.092285714285712 3.156500000000001 4.913636363636364 4.700434782608696 
5.917714285714284 4.9544999999999995 7.202 9.0 
2.8354285714285705 1.8079999999999998 4.096363636363637 3.527826086956522 
1.551142857142855 6.7524999999999995 0.6638181818181821 1.9643478260869567 
