1.916969696969696 7.3654545454545435 0.6638181818181821 0.3845833333333334 
5.458484848484849 4.913636363636364 5.404 5.254166666666667 
4.913636363636366 3.6877272727272725 5.077090909090908 4.505000000000001 
1.6445454545454545 1.2359090909090895 3.4425454545454537 3.38125 
1.6445454545454545 5.3222727272727255 0.33690909090909105 0.3845833333333334 
5.186060606060606 3.6877272727272725 7.202 6.377916666666668 
3.2790909090909075 2.0531818181818178 4.423272727272727 3.755833333333334 
9.000000000000002 4.096363636363636 8.019272727272726 8.250833333333333 
6.548181818181819 4.913636363636364 7.692363636363636 8.250833333333333 
7.093030303030302 4.913636363636364 5.730909090909091 4.879583333333334 
4.368787878787879 5.7309090909090905 5.404 5.628750000000001 
5.458484848484849 2.870454545454546 6.711636363636362 6.7525 
5.186060606060606 5.3222727272727255 5.730909090909091 5.628750000000001 
6.275757575757575 5.3222727272727255 7.365454545454545 9.0 
1.372121212121213 4.504999999999999 0.5003636363636363 0.010000000000000009 
1.916969696969696 5.3222727272727255 0.8272727272727274 1.5083333333333333 
1.916969696969696 7.3654545454545435 0.5003636363636363 0.7591666666666667 
1.0996969696969696 4.096363636363636 0.33690909090909105 0.7591666666666667 
3.006666666666666 1.6445454545454545 4.096363636363637 3.38125 
5.458484848484849 3.2790909090909075 7.202 7.501666666666668 
5.458484848484849 3.2790909090909075 7.202 7.8762500000000015 
6.820606060606062 4.504999999999999 6.384727272727272 8.250833333333333 
1.0996969696969696 4.504999999999999 0.6638181818181821 0.3845833333333334 
4.641212121212119 3.2790909090909075 4.5867272727272725 4.505000000000001 
0.827272727272728 4.913636363636364 0.6638181818181821 0.3845833333333334 
3.823939393939394 8.182727272727272 0.010000000000000009 0.3845833333333334 
6.275757575757575 4.504999999999999 5.240545454545455 4.879583333333334 
6.548181818181819 4.096363636363636 7.038545454545455 7.501666666666668 
3.006666666666666 2.0531818181818178 4.5867272727272725 4.505000000000001 
2.734242424242426 7.7740909090909085 0.17345454545454575 1.13375 
9.000000000000002 7.3654545454545435 9.0 7.8762500000000015 
5.730909090909092 4.913636363636364 6.384727272727272 7.127083333333334 
1.0996969696969696 4.096363636363636 0.33690909090909105 0.010000000000000009 
4.096363636363639 4.096363636363636 6.384727272727272 6.377916666666668 
3.006666666666666 1.6445454545454545 4.259818181818181 3.755833333333334 
0.5548484848484829 5.7309090909090905 0.33690909090909105 0.7591666666666667 
0.5548484848484829 4.913636363636364 0.33690909090909105 0.3845833333333334 
7.365454545454545 4.096363636363636 7.692363636363636 7.501666666666668 
1.6445454545454545 6.139545454545454 0.17345454545454575 0.7591666666666667 
3.006666666666666 8.999999999999998 0.33690909090909105 0.3845833333333334 
5.730909090909092 3.2790909090909075 5.567454545454544 5.254166666666667 
0.827272727272728 4.913636363636364 0.17345454545454575 0.3845833333333334 
5.186060606060606 5.3222727272727255 7.855818181818181 9.0 
8.727575757575758 4.096363636363636 8.836545454545453 7.501666666666668 
2.734242424242426 4.096363636363636 5.404 5.254166666666667 
2.461818181818181 6.956818181818182 0.5003636363636363 0.3845833333333334 
4.641212121212119 4.096363636363636 6.057818181818183 6.377916666666668 
5.186060606060606 3.2790909090909075 6.384727272727272 5.254166666666667 
5.458484848484849 3.6877272727272725 5.077090909090908 4.505000000000001 
3.823939393939394 2.870454545454546 6.384727272727272 6.7525 
5.186060606060606 5.7309090909090905 7.202 8.625416666666666 
6.275757575757575 4.096363636363636 6.221272727272726 6.003333333333334 
1.6445454545454545 6.548181818181817 0.33690909090909105 0.3845833333333334 
6.003333333333332 4.096363636363636 5.240545454545455 4.879583333333334 
6.275757575757575 4.504999999999999 5.730909090909091 5.254166666666667 
0.010000000000001563 3.6877272727272725 0.33690909090909105 0.3845833333333334 
3.006666666666666 1.2359090909090895 4.5867272727272725 4.505000000000001 
1.916969696969696 5.7309090909090905 0.5003636363636363 0.3845833333333334 
4.368787878787879 0.827272727272728 6.221272727272726 5.254166666666667 
1.6445454545454545 4.913636363636364 0.010000000000000009 0.3845833333333334 
5.730909090909092 4.096363636363636 6.548181818181819 7.127083333333334 
7.910303030303032 3.6877272727272725 8.346181818181817 6.377916666666668 
6.820606060606062 4.913636363636364 7.365454545454545 8.250833333333333 
3.823939393939394 2.870454545454546 4.423272727272727 4.130416666666667 
3.2790909090909075 3.6877272727272725 3.9329090909090905 4.505000000000001 
3.823939393939394 2.461818181818181 4.5867272727272725 4.130416666666667 
1.916969696969696 2.0531818181818178 2.952181818181818 3.755833333333334 
7.637878787878789 4.913636363636364 7.855818181818181 6.377916666666668 
3.5515151515151526 3.2790909090909075 5.404 4.505000000000001 
0.28242424242424313 1.2359090909090895 0.17345454545454575 0.7591666666666667 
1.6445454545454545 5.7309090909090905 0.5003636363636363 0.3845833333333334 
1.372121212121213 6.548181818181817 0.33690909090909105 0.010000000000000009 
1.6445454545454545 0.009999999999999787 3.769454545454545 3.38125 
5.186060606060606 2.0531818181818178 6.221272727272726 6.7525 
2.734242424242426 6.956818181818182 0.5003636363636363 0.3845833333333334 
