5.458484848484849 3.156500000000001 5.038305084745762 4.913636363636365 
5.730909090909092 3.606 7.323898305084745 8.591363636363639 
9.000000000000002 3.606 7.781016949152541 9.0 
1.916969696969696 5.8535 0.6194915254237288 0.8272727272727274 
1.0996969696969696 4.0555 0.9242372881355931 0.4186363636363637 
1.0996969696969696 5.404 0.9242372881355931 0.4186363636363637 
4.368787878787879 0.010000000000001563 4.581186440677966 3.6877272727272734 
2.734242424242426 6.752500000000003 0.7718644067796612 0.4186363636363637 
6.820606060606062 4.0555 6.714406779661017 8.182727272727274 
3.2790909090909075 3.606 4.733559322033898 4.913636363636365 
3.006666666666666 9.000000000000002 0.6194915254237288 0.4186363636363637 
3.823939393939394 2.257500000000002 6.257288135593219 7.365454545454546 
1.916969696969696 4.9544999999999995 1.076610169491525 1.6445454545454548 
0.5548484848484829 4.505000000000001 0.6194915254237288 0.4186363636363637 
3.006666666666666 0.9090000000000007 4.276440677966101 4.0963636363636375 
1.916969696969696 1.3585000000000012 3.0574576271186444 4.0963636363636375 
4.641212121212119 2.7070000000000007 4.581186440677966 4.913636363636365 
5.186060606060606 1.3585000000000012 6.104915254237287 7.365454545454546 
2.1893939393939394 5.8535 0.7718644067796612 0.4186363636363637 
4.368787878787879 2.257500000000002 6.257288135593219 6.1395454545454555 
6.820606060606062 4.0555 6.257288135593219 9.0 
3.006666666666666 5.8535 0.4671186440677966 0.4186363636363637 
4.913636363636366 3.156500000000001 5.038305084745762 4.913636363636365 
3.006666666666666 1.3585000000000012 4.581186440677966 4.913636363636365 
5.730909090909092 3.606 6.866779661016949 6.956818181818183 
1.0996969696969696 3.606 0.6194915254237288 0.8272727272727274 
1.372121212121213 6.303000000000003 0.6194915254237288 0.010000000000000009 
8.727575757575758 3.606 8.542881355932202 8.182727272727274 
3.5515151515151526 2.7070000000000007 4.733559322033898 4.913636363636365 
5.186060606060606 2.257500000000002 5.952542372881356 6.956818181818183 
1.372121212121213 0.9090000000000007 3.5145762711864403 3.6877272727272734 
3.006666666666666 1.8080000000000016 5.1906779661016955 4.505000000000001 
3.5515151515151526 2.7070000000000007 5.343050847457627 4.913636363636365 
3.5515151515151526 7.202 1.076610169491525 0.8272727272727274 
0.5548484848484829 4.0555 0.7718644067796612 0.4186363636363637 
3.2790909090909075 1.3585000000000012 4.428813559322034 4.0963636363636375 
9.000000000000002 1.8080000000000016 9.0 9.0 
6.275757575757575 1.3585000000000012 7.323898305084745 6.956818181818183 
1.6445454545454545 4.9544999999999995 0.6194915254237288 0.4186363636363637 
5.458484848484849 4.0555 6.866779661016949 6.956818181818183 
7.365454545454545 3.606 7.476271186440679 8.182727272727274 
6.275757575757575 4.0555 5.647796610169491 5.730909090909092 
4.096363636363639 3.606 6.257288135593219 6.956818181818183 
5.186060606060606 0.45950000000000024 5.1906779661016955 4.913636363636365 
7.637878787878789 4.505000000000001 7.6286440677966105 6.956818181818183 
3.2790909090909075 2.7070000000000007 5.952542372881356 7.77409090909091 
3.823939393939394 1.8080000000000016 4.581186440677966 4.505000000000001 
1.916969696969696 7.202 0.7718644067796612 0.8272727272727274 
3.823939393939394 2.257500000000002 4.428813559322034 4.505000000000001 
1.6445454545454545 5.404 0.9242372881355931 1.235909090909091 
1.372121212121213 1.3585000000000012 5.343050847457627 6.548181818181819 
0.010000000000001563 3.156500000000001 0.6194915254237288 0.4186363636363637 
2.734242424242426 5.404 1.076610169491525 0.4186363636363637 
2.734242424242426 7.6515 0.4671186440677966 1.235909090909091 
7.910303030303032 3.156500000000001 8.085762711864406 6.956818181818183 
5.730909090909092 4.505000000000001 6.257288135593219 7.77409090909091 
1.916969696969696 5.8535 0.6194915254237288 0.4186363636363637 
5.186060606060606 1.3585000000000012 5.952542372881356 5.730909090909092 
4.368787878787879 3.156500000000001 5.343050847457627 5.730909090909092 
1.0996969696969696 3.606 0.6194915254237288 0.010000000000000009 
3.006666666666666 0.9090000000000007 4.12406779661017 3.6877272727272734 
2.461818181818181 6.752500000000003 0.7718644067796612 0.4186363636363637 
4.913636363636366 0.010000000000001563 5.343050847457627 5.730909090909092 
2.734242424242426 7.6515 1.076610169491525 1.235909090909091 
6.820606060606062 4.505000000000001 7.171525423728813 9.0 
6.275757575757575 3.606 6.104915254237287 6.548181818181819 
3.5515151515151526 1.3585000000000012 6.104915254237287 7.77409090909091 
9.000000000000002 2.7070000000000007 8.695254237288136 7.77409090909091 
9.000000000000002 7.202 8.695254237288136 8.591363636363639 
6.275757575757575 3.606 6.409661016949152 9.0 
4.913636363636366 2.7070000000000007 5.800169491525423 6.956818181818183 
3.006666666666666 0.45950000000000024 4.581186440677966 4.913636363636365 
5.186060606060606 4.9544999999999995 5.647796610169491 6.1395454545454555 
0.5548484848484829 6.303000000000003 0.010000000000000009 0.4186363636363637 
2.734242424242426 5.404 0.7718644067796612 1.235909090909091 
