3.4899999999999984 3.0066666666666677 6.257288135593219 6.7525 
2.619999999999999 2.1504761904761907 4.581186440677966 4.505000000000001 
8.999999999999996 4.2909523809523815 7.781016949152541 8.250833333333333 
3.4899999999999984 3.0066666666666677 4.733559322033898 3.38125 
1.4599999999999973 7.287619047619049 0.7718644067796612 1.13375 
0.00999999999999801 6.859523809523811 0.010000000000000009 0.3845833333333334 
0.5899999999999981 6.003333333333334 0.9242372881355931 0.3845833333333334 
2.619999999999999 1.7223809523809521 4.12406779661017 3.38125 
4.07 0.8661904761904768 6.104915254237287 5.254166666666667 
3.1999999999999993 2.1504761904761907 6.104915254237287 7.127083333333334 
4.359999999999996 2.578571428571429 7.019152542372881 4.879583333333334 
0.5899999999999981 4.2909523809523815 0.6194915254237288 0.010000000000000009 
1.1699999999999982 6.003333333333334 0.9242372881355931 1.13375 
5.23 4.71904761904762 6.866779661016949 6.377916666666668 
2.039999999999999 7.287619047619049 0.7718644067796612 0.3845833333333334 
1.4599999999999973 6.003333333333334 0.7718644067796612 0.3845833333333334 
0.8800000000000008 4.71904761904762 0.7718644067796612 0.010000000000000009 
5.809999999999999 4.2909523809523815 5.1906779661016955 4.879583333333334 
0.00999999999999801 4.71904761904762 0.7718644067796612 0.3845833333333334 
3.780000000000001 4.2909523809523815 6.257288135593219 6.377916666666668 
1.1699999999999982 6.859523809523811 0.6194915254237288 0.3845833333333334 
0.8800000000000008 4.2909523809523815 0.6194915254237288 0.3845833333333334 
4.07 6.003333333333334 5.343050847457627 5.628750000000001 
6.099999999999998 4.71904761904762 5.647796610169491 5.254166666666667 
3.4899999999999984 3.0066666666666677 4.428813559322034 4.130416666666667 
1.1699999999999982 5.575238095238095 0.6194915254237288 0.3845833333333334 
3.1999999999999993 4.2909523809523815 4.885932203389831 4.130416666666667 
1.1699999999999982 0.009999999999999787 3.819322033898305 3.38125 
5.23 3.0066666666666677 6.562033898305083 6.7525 
6.68 4.71904761904762 6.257288135593219 8.250833333333333 
7.549999999999997 6.859523809523811 7.781016949152541 9.0 
1.1699999999999982 5.147142857142859 0.3147457627118644 0.3845833333333334 
3.4899999999999984 3.0066666666666677 6.257288135593219 6.7525 
4.939999999999998 6.003333333333334 7.019152542372881 8.625416666666666 
8.129999999999999 3.4347619047619045 7.781016949152541 6.7525 
2.9099999999999966 4.2909523809523815 5.343050847457627 5.254166666666667 
2.9099999999999966 2.1504761904761907 4.428813559322034 3.755833333333334 
1.75 3.0066666666666677 4.428813559322034 4.879583333333334 
5.23 3.4347619047619045 7.019152542372881 7.8762500000000015 
1.1699999999999982 1.2942857142857136 3.5145762711864403 3.38125 
8.709999999999997 4.2909523809523815 8.542881355932202 7.501666666666668 
6.389999999999997 4.2909523809523815 6.866779661016949 7.501666666666668 
2.33 6.003333333333334 0.7718644067796612 1.13375 
0.29999999999999893 5.147142857142859 0.9242372881355931 0.3845833333333334 
6.68 4.71904761904762 5.952542372881356 5.254166666666667 
7.839999999999996 3.862857142857143 8.085762711864406 6.377916666666668 
6.969999999999999 5.147142857142859 5.647796610169491 4.879583333333334 
2.619999999999999 2.578571428571429 5.1906779661016955 4.130416666666667 
2.33 7.287619047619049 0.7718644067796612 0.3845833333333334 
3.1999999999999993 7.715714285714286 1.076610169491525 0.7591666666666667 
4.359999999999996 3.4347619047619045 4.581186440677966 4.505000000000001 
6.389999999999997 5.147142857142859 7.476271186440679 8.250833333333333 
5.52 5.147142857142859 6.257288135593219 7.127083333333334 
4.939999999999998 2.1504761904761907 5.952542372881356 5.254166666666667 
2.33 8.143809523809525 1.076610169491525 1.13375 
1.4599999999999973 6.431428571428572 0.6194915254237288 0.3845833333333334 
3.780000000000001 5.147142857142859 5.800169491525423 6.377916666666668 
4.939999999999998 3.862857142857143 7.019152542372881 6.377916666666668 
6.099999999999998 4.2909523809523815 6.104915254237287 6.003333333333334 
4.649999999999999 3.862857142857143 5.038305084745762 4.505000000000001 
3.1999999999999993 3.4347619047619045 5.343050847457627 4.505000000000001 
1.1699999999999982 4.2909523809523815 0.9242372881355931 0.3845833333333334 
0.5899999999999981 4.2909523809523815 0.6194915254237288 0.7591666666666667 
1.75 8.999999999999998 0.7718644067796612 0.010000000000000009 
1.4599999999999973 7.715714285714286 0.9242372881355931 0.3845833333333334 
7.549999999999997 5.147142857142859 7.6286440677966105 6.377916666666668 
6.099999999999998 5.575238095238095 7.171525423728813 7.501666666666668 
3.4899999999999984 3.4347619047619045 6.257288135593219 8.625416666666666 
4.359999999999996 4.2909523809523815 5.952542372881356 6.377916666666668 
1.4599999999999973 2.1504761904761907 3.0574576271186444 3.755833333333334 
8.999999999999996 2.578571428571429 9.0 8.250833333333333 
2.619999999999999 1.7223809523809521 4.276440677966101 3.755833333333334 
2.619999999999999 6.431428571428572 0.4671186440677966 0.3845833333333334 
3.1999999999999993 3.4347619047619045 4.733559322033898 4.505000000000001 
0.8800000000000008 6.859523809523811 0.6194915254237288 0.010000000000000009 
