9.0 9.0 5.1471557 9.0 7.7157335499999995 9.0 7.7157335499999995 9.0 3.8628443 8.3578443 3.8628443 9.0 4.6189032999999995 9.0 4.505 6.4314221499999995 3.8628443 9.0 4.66758415 9.0 3.22073355 9.0 4.505 5.7892664499999995 3.22073355 9.0 4.72485045 9.0 4.7379309 9.0 7.0735778499999995 9.0 4.505 
9.0 8.52824975 4.3625983999999995 8.43924875 4.75424775 8.52824975 4.5673007 8.67955145 4.6296014 8.60835065 4.4604995 8.73295205 4.4337992 8.63505095 4.6563017 8.71515185 4.505 8.74185215 4.5673007 8.57275025 4.5406004 8.49264935 4.4248991 8.51934965 4.6118011999999995 8.5056399 4.57741445 8.46594905 4.5139001 8.430348649999999 4.6919021 8.403648350000001 4.6118011999999995 
0.01 9.0 0.009999999999999787 9.0 9.0 9.0 0.009999999999999787 9.0 9.0 9.0 0.009999999999999787 9.0 0.009999999999999787 9.0 0.009999999999999787 9.0 9.0 9.0 9.0 9.0 9.0 9.0 0.009999999999999787 9.0 9.0 9.0 9.0 9.0 9.0 9.0 9.0 9.0 0.009999999999999787 
9.0 6.23651895 5.2046018 6.35896275 4.83731535 5.69433205 5.58941875 5.5544027 5.0996885 5.37950225 5.6418754 5.6069043 6.16657675 4.90725755 5.53691715 4.33009955 6.16657675 4.7323571 5.62438985 5.62438985 4.9422736 4.8548009 5.85174695 4.3928947 5.7852659 4.2342211999999995 5.6852072 3.8403693 5.1696307 4.08521195 5.9042036 3.6479833 5.7992903 
9.0 9.0 5.26020495 8.970872400000001 5.2392133 8.7579892 6.00394765 8.62956705 5.5213195 8.6137896 6.17295965 8.2920375 6.6131100499999995 8.14644445 6.71766375 8.03236135 6.67657945 7.43084045 7.06611615 7.047057349999999 7.115291449999999 7.0035907 7.4141639999999995 6.67657945 6.9878582 6.4520991500000004 7.61234855 6.1089958 7.92780765 6.02974895 7.5096378 5.49843995 8.04189075 
9.0 8.40167055 6.1209525 7.7420293000000004 7.50168165 6.17718495 8.238052549999999 4.8936377 8.36589035 3.4208958999999997 8.37613895 2.1782531499999997 7.54258615 1.4163057000000001 6.3715038 1.0429959499999994 4.9499151 1.38560485 3.8913425999999998 2.2805144 2.60779535 3.0424618499999996 1.9123289499999996 4.3771622 1.8100676999999998 5.195432 2.11694135 5.95728955 2.8378943999999997 6.58119555 3.6203390499999997 6.3459722 4.586809 
9.0 6.60798575 5.0132946 7.1561509999999995 4.53489175 6.9966684 4.8139863 6.6578353 3.87709345 6.88703535 4.5647835 7.3754171 3.7774392999999997 7.55481255 4.3554962999999995 6.95679775 3.8970512499999996 6.88703535 4.2957127999999996 6.6578353 3.6279356 6.7873812000000004 3.8970512499999996 6.36876185 3.59804385 6.9291535 3.99009775 7.1960216500000005 4.3754541 6.91697205 3.9767476 7.03653905 4.30564675 
9.0 9.0 4.6883061 9.0 5.0435909 9.0 5.23134705 9.0 5.76004895 8.94169985 5.89346055 8.673887749999999 6.19687305 8.6007541 6.2917175499999995 8.18815805 6.575352049999999 8.03892405 6.617380300000001 8.07403 7.034875899999999 7.66637845 7.11789855 7.52011115 7.1895488499999995 7.15268985 7.2465005 6.930142399999999 7.243893399999999 6.5417743999999995 7.3654382 6.3228679 7.3214771 
0.01 9.0 0.009999999999999787 4.505 4.505 4.505 4.505 9.0 9.0 9.0 0.009999999999999787 1.2742187499999997 9.0 4.505 4.505 0.009999999999999787 9.0 9.0 9.0 0.009999999999999787 9.0 9.0 7.0334375 0.009999999999999787 9.0 9.0 9.0 9.0 0.009999999999999787 9.0 9.0 9.0 9.0 
9.0 8.7326374 4.43618155 8.7379415 4.54999495 8.7749803 4.4388336 8.8147161 4.4573529999999995 8.759112949999999 4.3382355 8.87292635 4.42557335 8.86762225 4.33027935 8.79615175 4.3223232 8.7855885 4.29324055 8.74059355 4.40705395 8.67703425 4.30645585 8.64260255 4.3038038 8.67164025 4.24307635 8.565872899999999 4.16881895 8.63999545 4.1793822 8.64260255 4.1714709999999995 
9.0 7.8227595 8.25081835 1.0802595 3.4347404999999998 6.00331835 3.8628443 6.5384481 3.8628443 1.48053925 5.0807196 6.00331835 4.505 5.7892664499999995 4.18392215 2.7872807 6.80477685 5.5752595 4.61202595 6.5384481 4.7190519 5.25418165 3.3277595 1.9313877499999998 4.0449817 5.62376055 2.20899895 9.0 4.505 1.5083183499999997 4.2909481 5.6822405 4.61202595 
9.0 7.8629448 3.90981705 6.92128725 5.2689702 7.77407865 4.9313956999999995 7.63194675 4.00753835 7.507570100000001 3.4478659 8.45812775 3.6433085 7.81848925 4.6915425 7.33878285 4.4872447499999994 7.3654382 3.9719829 8.06724255 3.3679448 7.48981485 3.2169128000000002 7.5253703000000005 4.034193699999999 7.28502265 3.96375705 7.20555105 3.56334245 6.19282755 4.81591915 7.24996165 4.4428341499999995 
9.0 7.70782235 4.3883547499999995 6.36085065 3.4681383500000003 8.91095405 4.07918865 8.98691955 4.0448918 9.0 4.01275255 7.15547675 9.0 8.2684837 0.009999999999999787 8.2030365 3.70205815 8.135162 3.23484785 3.3401657 8.6732135 6.83938835 4.7502472 7.44891035 3.5883795999999997 8.6909238 2.6482503499999996 7.373304449999999 3.5205500499999998 8.3768132 0.5784376999999998 3.4627893 0.009999999999999787 
9.0 9.0 4.80414225 9.0 3.6784594 9.0 3.276966 9.0 2.56734035 9.0 2.64636245 8.8306284 2.1732637 8.58245945 1.8521858500000001 8.515888499999999 1.5169937 7.6459262 1.31368485 7.68049275 1.0744159999999998 7.3404909499999995 0.8845471999999996 7.01622165 0.49869640000000004 6.62713445 0.616825 6.31661985 0.7438087499999999 5.8982702 0.5002696499999999 5.53862525 0.4973478999999994 
9.0 8.669932150000001 4.6926213 8.5175067 5.2136816999999995 8.375105099999999 5.39460545 8.26619125 6.1468437 8.12882405 6.3119001 7.93113395 6.3278124 7.4980407 6.678782 7.20653995 6.8312524 6.9049704 6.850491 6.68215325 6.9418294 6.4174427000000005 7.0079958 6.003633 6.9895663 5.7176611 6.9419193 5.50769965 6.9074876 5.1483244 6.7131238 5.0252063499999995 6.59836645 
9.0 8.5372847 6.2236632499999995 8.6033612 6.190625 7.84321175 7.54573265 6.5541806000000005 8.00844795 5.3643541 8.50424645 4.4058402999999995 8.37200355 3.5795693999999996 8.20676735 2.819375 7.54573265 2.2575 6.6533403 1.1998714499999998 6.2236632499999995 0.6379964499999997 4.9016388 1.1667882499999997 3.9431249999999998 1.4517712499999997 3.42031155 2.0261423499999998 2.58801735 2.5218958999999996 2.22446175 3.2160138 1.9600209 
9.0 6.6216954999999995 5.5276574499999995 6.4076436 6.0152301 5.6584619499999995 6.64547405 4.5882474 6.72872145 4.4098858 6.9308616 2.97099135 5.9082041499999995 2.6499135 5.967673 2.1861643499999994 4.8141661 2.2575 3.981782 3.8390657499999996 3.8509775 3.8390657499999996 2.7926297499999997 3.458564 4.51691175 4.6656512999999995 3.07833195 5.21849135 3.52989965 5.6228166 3.41096195 5.706064 4.69527335 
9.0 9.0 6.54820225 9.0 6.95679775 8.1827191 7.3654382 9.0 4.09635955 9.0 4.505 8.1827191 2.4617977499999997 7.3654382 5.73092135 9.0 1.6445617999999995 9.0 3.2790786499999998 8.59135955 2.4617977499999997 9.0 4.8533625 9.0 4.09635955 9.0 4.90357165 9.0 6.1395618 9.0 7.3654382 7.77407865 5.73092135 
9.0 8.98404275 4.7957366 9.0 4.4494418 8.90160445 4.6172851 8.8252344 4.6089244 8.9673663 4.8559696 8.52006885 4.9700527 8.7398294 4.74184155 8.496964550000001 5.004844 8.3753748 4.89296345 8.17440335 5.0367584999999995 8.2658766 5.1541679 8.16073855 5.1078694 8.0774462 5.1180281 8.0609945 5.19628605 7.9716339000000005 5.2210535 7.69379795 5.04507425 
9.0 7.94938365 5.4537147 7.37887825 6.2181344 6.68098455 6.864875 5.17925 5.50617135 5.12319735 7.18244675 4.15767135 6.50729775 4.505 6.6911882 3.26927955 6.3935293 1.9816867999999999 6.1599691 2.8602345499999995 5.3529368 2.68304165 4.8460806 2.77518915 4.35985645 2.9793070999999998 3.9437543 3.267077 3.6188556999999997 3.6077081 3.3970724 3.9703646999999997 3.2815509 
9.0 9.0 2.47501305 9.0 9.0 7.7061592 0.009999999999999787 4.505 4.505 4.505 4.505 4.505 4.505 0.009999999999999787 5.1574942 6.9365253 2.7371165 0.009999999999999787 2.05670835 1.35962375 9.0 4.505 4.505 9.0 8.58174025 6.82500435 9.0 9.0 3.60154995 5.659405899999999 9.0 3.0494291 9.0 
9.0 7.77407865 4.28025 8.51638295 4.6606169 9.0 7.77407865 7.4880618000000005 4.23939045 6.6707809000000005 3.7490309 8.182314550000001 4.9346770499999995 7.0589691000000006 9.0 6.77295225 5.4857191 7.5084691 4.9544999999999995 9.0 3.1565 8.9386882 0.009999999999999787 7.07942135 5.97607865 7.0663409 5.16455135 6.40517135 4.8727808999999995 6.7042686499999995 5.16320285 9.0 9.0 
9.0 0.009999999999999787 0.009999999999999787 4.505 4.505 6.7890893000000005 0.9763350999999996 7.2283407 5.98381005 0.009999999999999787 2.6455083999999998 4.505 4.505 4.505 4.505 9.0 3.3043854999999995 6.1448659 1.6498659 8.8682066 0.009999999999999787 0.009999999999999787 0.009999999999999787 9.0 1.8255754499999997 0.009999999999999787 0.009999999999999787 0.009999999999999787 0.009999999999999787 9.0 0.009999999999999787 4.505 4.505 
0.01 9.0 9.0 4.505 4.505 4.505 4.505 0.009999999999999787 0.009999999999999787 4.505 4.505 4.505 4.505 0.009999999999999787 0.009999999999999787 0.009999999999999787 0.009999999999999787 0.009999999999999787 9.0 0.009999999999999787 9.0 4.505 4.505 4.505 4.505 9.0 0.009999999999999787 0.009999999999999787 9.0 0.009999999999999787 9.0 0.009999999999999787 9.0 
9.0 4.8795683499999996 3.57520925 0.009999999999999787 9.0 0.009999999999999787 9.0 7.7357812500000005 6.62542635 0.81267215 1.68560115 0.009999999999999787 0.009999999999999787 0.009999999999999787 9.0 4.3812526499999995 7.1638824 2.61202065 2.61202065 1.1504713999999994 0.009999999999999787 0.009999999999999787 2.40129505 0.009999999999999787 5.5752595 9.0 0.009999999999999787 0.009999999999999787 2.7558157 0.009999999999999787 0.009999999999999787 0.009999999999999787 7.2675371 
9.0 5.2776005999999995 0.009999999999999787 0.009999999999999787 9.0 4.505 4.505 4.505 4.505 0.009999999999999787 9.0 4.505 4.505 1.7471377000000001 1.4615253999999998 8.124418949999999 6.1297627 6.84145605 5.15115625 4.505 4.505 0.009999999999999787 3.28761915 0.6935995999999998 8.8314375 9.0 9.0 0.009999999999999787 7.5484746000000005 4.505 4.505 4.505 4.505 
9.0 8.98655995 5.47938115 8.6388717 6.6189985 7.9617449 7.31055425 6.9013744 8.016494 6.1579913 8.47368045 4.95930965 8.2498744 4.19812635 8.5178663 3.23430845 7.7446813500000005 2.54037035 7.2778756 1.9981834499999995 6.667994 1.5832499999999996 6.1022533 1.5986228999999996 5.2200646 1.5090375499999995 4.6073511499999995 1.5890035999999998 3.8998831 2.05005575 3.47344245 2.3833150499999998 2.9303115999999996 
9.0 5.70368165 4.0555 6.90231835 4.505 6.00331835 3.90568165 6.15318165 5.02943165 7.05218165 4.57993165 7.72643165 4.8795683499999996 7.6515 4.20531835 6.90231835 5.404 6.37793165 4.43006835 5.92843165 5.404 7.6515 4.505 5.62875 5.10431835 6.5823193 4.74948305 6.303 4.65481835 6.602681649999999 4.65481835 6.37793165 4.28025 
9.0 8.41066055 4.1853605499999995 9.0 4.3928947 9.0 4.19533945 8.4506211 4.5149789 8.260842199999999 4.2153422 9.0 4.17744935 9.0 3.606 8.41066055 4.74471835 8.4606 4.3351789 9.0 3.9869063 9.0 3.66591835 8.3007578 4.6648422 9.0 3.8684181 8.2008789 3.84571835 9.0 3.80337545 9.0 2.5172210999999995 
9.0 8.09412265 6.22501175 8.1371398 3.7424682 9.0 4.16099765 8.91688745 4.1724599 7.6612541499999995 5.43380185 8.988537749999999 4.59961975 8.9197193 4.6167906499999996 9.0 3.9173237 8.80505185 4.85187915 9.0 4.51358545 8.5642547 5.889639799999999 9.0 3.85138205 9.0 4.4872897 7.9049281 4.8604646 9.0 3.6621875 9.0 4.246987 
9.0 2.0696090000000003 5.17300195 2.9881173 7.803206250000001 6.842939400000001 3.8787566 5.93841055 4.19884555 5.43739785 3.8231085 6.634191599999999 4.9085611 7.03779765 3.809174 5.24258455 6.5367849499999995 6.0218827 4.6580997 6.7733568 4.82508895 1.6382238500000001 1.7356305 9.0 7.45529325 6.3635926000000005 2.7017857999999997 3.8231085 5.006012699999999 4.61283505 7.0141089999999995 6.8708084 4.1014389 
9.0 6.80675465 9.0 9.0 6.9237595 7.7044511 8.13844335 6.5557089 6.591893649999999 5.99199095 9.0 5.46014255 9.0 3.7221507999999996 9.0 3.01800905 8.9425539 1.7458790999999998 9.0 2.1373037 7.72787005 0.5269249999999999 6.6578353 0.009999999999999787 6.08611625 0.009999999999999787 4.93512655 0.009999999999999787 3.7537506499999997 0.009999999999999787 2.6069413 0.3739601499999994 1.5582128499999999 
9.0 5.3799966999999995 4.76233875 4.6937001 5.63733545 4.03046285 6.7015267000000005 3.68147105 3.68147105 2.61777425 4.77950965 2.463371 4.916742 3.7672806 3.1324967 4.04179025 2.7207097499999997 5.3456548999999995 3.71581285 6.0338394 3.9677126499999997 5.7917387 3.78440655 5.47794275 5.6149054 4.68088935 5.9025853999999995 4.33342585 5.6888032 3.7501097 5.2598903 3.1496226499999995 2.9952194 
0.01 0.009999999999999787 0.009999999999999787 9.0 0.009999999999999787 0.009999999999999787 9.0 4.505 4.505 9.0 0.009999999999999787 9.0 0.009999999999999787 4.505 4.505 4.505 4.505 4.505 4.505 0.009999999999999787 9.0 9.0 0.009999999999999787 0.009999999999999787 9.0 9.0 9.0 4.505 4.505 9.0 6.7524999999999995 4.505 4.505 
0.01 4.505 4.505 4.505 4.505 4.505 4.505 4.505 4.505 4.505 4.505 4.505 4.505 4.505 4.505 4.505 4.505 4.505 4.505 4.505 4.505 4.505 4.505 4.505 4.505 9.0 0.009999999999999787 4.505 4.505 4.505 4.505 4.505 4.505 
9.0 8.910189899999999 4.50837125 9.0 4.505 8.9542409 4.50162875 8.76270895 4.6126103 8.896615 4.6007435 8.9050656 4.64313135 8.9626915 4.6100931 8.72710855 4.7617993499999995 8.7101624 4.7422910499999995 8.898323099999999 4.7533038 9.0 4.78553295 8.73726725 4.86940965 8.85206955 4.83111225 8.80675995 4.8685556 8.9186405 4.8702637 8.87625265 4.8922892 
9.0 7.8523366 4.9831781 8.4923347 4.5491409 8.4849629 4.57112145 8.4261683 4.4412609 7.7885975 4.9831781 8.44518215 4.6358944 8.42621325 4.6570209 8.808737749999999 4.85565495 8.77682325 4.69626225 8.35258515 4.71819785 8.322648449999999 4.7377511 8.4261683 5.0150926 8.25513355 4.7753293 7.8523366 4.3456073 8.1778645 4.81066 8.135791300000001 4.82742635 
9.0 7.3597745 4.3077594 7.9450235 4.6384115999999995 7.266368399999999 6.1244586 7.4428421 4.4842331 7.390924849999999 4.8787143 8.0760977 2.5533608999999995 7.76463915 6.97567675 7.1833008 5.12787215 7.3597745 5.491203 7.3493910499999995 3.3630902000000003 7.69424745 5.19538705 7.411691749999999 5.543120249999999 7.59643625 5.3007948 7.27675185 4.84756395 7.4859042 5.3968529499999995 7.60893235 6.1556089499999995 
0.01 4.505 4.505 4.505 4.505 4.505 4.505 9.0 9.0 9.0 9.0 4.505 4.505 4.505 4.505 2.819375 0.009999999999999787 0.009999999999999787 0.009999999999999787 4.505 4.505 4.505 4.505 0.009999999999999787 0.009999999999999787 0.009999999999999787 0.009999999999999787 0.009999999999999787 9.0 9.0 4.505 4.505 4.505 
9.0 5.62875 5.25418165 6.602681649999999 5.70368165 5.3606682 5.5822717 4.8540817 5.40125805 4.5530965 5.1757439 4.39860335 4.9629506 4.33935925 4.78894915 4.3357183 4.6604371 4.3598115 4.5738634 4.3937937 4.52104715 4.4274163 4.49272865 4.45568985 4.48077195 4.47708605 4.4786592999999995 4.4917847 4.481626 4.50099945 4.4866604 4.5061237499999995 4.4919195499999995 
9.0 9.0 4.73644755 8.971366849999999 4.96002885 8.8265829 5.1682822 8.79830935 3.3140048 7.472868699999999 6.96380995 8.1201487 5.64147085 7.82145595 5.7357309999999995 7.50653625 5.7956943 7.18469425 5.8222148 6.864605299999999 5.81754 6.5539109 5.7849962 6.25908385 5.7288087 5.9852035 5.65360735 5.73577595 5.5643816 5.51309365 5.4659411 5.3179657 5.36278085 
9.0 3.3063183499999997 6.303 3.27773015 5.05154705 3.7058789 4.3052421999999995 4.7833304 4.19578895 4.70552195 4.62074625 4.46521925 4.6275337 4.4337093 4.4975382999999995 4.5008196499999995 4.4653091499999995 4.5261265 4.49812265 4.5112030999999995 4.5156981 4.4998757 4.5095849 4.50189845 4.5027525 4.50585405 4.50306715 4.5061687 4.50522475 4.505 4.50567425 4.5046403999999995 4.5050899 
9.0 9.0 4.3373365 9.0 4.17313415 8.98206495 4.00879695 8.992718100000001 4.05860155 8.95239795 3.8840607 8.8504963 3.52980975 8.7881956 3.3767999499999997 8.6060582 2.95872 8.57661595 3.0597676 8.55009545 2.94563955 8.4549363 2.81294715 8.38027435 2.5725995 8.2435814 2.5666661 8.16541335 2.5904446500000002 8.00745905 2.34843385 7.88141925 2.2506676 
0.01 0.009999999999999787 0.009999999999999787 9.0 9.0 9.0 0.009999999999999787 0.009999999999999787 9.0 9.0 0.009999999999999787 0.009999999999999787 0.009999999999999787 4.505 4.505 9.0 9.0 0.009999999999999787 0.009999999999999787 9.0 0.009999999999999787 9.0 0.009999999999999787 9.0 9.0 9.0 0.009999999999999787 9.0 0.009999999999999787 0.009999999999999787 9.0 9.0 0.009999999999999787 
9.0 8.8972443 5.36125255 8.22160085 6.58434205 7.73110645 7.1450034 6.6611616 8.2932961 5.91683455 8.669302850000001 4.96749055 8.72782775 3.9092327 8.2938355 3.065701 8.6234988 2.1610822499999998 8.07964875 1.4360836999999997 6.7303846 1.0255104 6.01248815 0.6673488000000001 5.30731255 0.7600357 4.4439579 0.8026483 3.63652105 1.48035945 2.9918931 1.8105621499999995 2.270985 
9.0 6.4247246 2.2575 4.505 4.505 4.505 4.505 6.5932870999999995 6.799337899999999 7.1551621 4.59863085 4.505 4.505 4.505 4.505 5.2447871 2.4635058499999998 7.16455665 3.6809316499999998 4.505 4.505 4.505 4.505 8.9438125 2.6695566499999996 0.009999999999999787 0.009999999999999787 3.2501308499999997 1.10565625 4.505 4.505 4.505 4.505 
9.0 9.0 4.9455998999999995 9.0 5.63328995 8.9276305 5.9903278 8.11740675 6.888249 7.87521615 7.21535015 7.06431815 7.7387929 6.9912294500000005 7.834851049999999 5.8288674 8.19957535 5.45510815 8.09097615 4.94141955 8.1981819 4.4270567 8.0951565 3.8242772 7.9030401999999995 3.47838695 7.61495565 3.07950065 7.2446126 2.69391955 6.9557639 2.58046575 6.5068033 
9.0 8.74526835 6.2389013 6.67442185 7.4058033000000005 5.4746614 7.989254300000001 1.99045205 7.42221005 1.19330875 6.3950576 1.0865075499999999 4.505 1.6863652999999998 3.10799895 2.77932455 1.7110428500000001 3.92977485 1.3905493499999997 6.74840955 1.6452809999999998 7.7180709499999995 2.812183 7.824872149999999 4.2584941999999995 7.2064051 5.8707608 6.55116895 7.2250144 4.6282529 6.95383105 3.5353385999999998 6.77304215 
9.0 6.794393400000001 0.2798797999999998 9.0 5.7055246 4.346776 0.009999999999999787 9.0 0.009999999999999787 6.4686407500000005 0.009999999999999787 4.505 4.505 0.009999999999999787 2.96478825 2.81123905 4.66785385 9.0 0.009999999999999787 4.505 4.505 4.505 4.505 3.77442765 8.6510082 6.2918524 5.69621995 4.505 4.505 9.0 5.5473006 4.505 4.505 
9.0 8.62992665 5.3230001 8.3747455 6.10265785 7.78064135 6.56132765 7.221103749999999 7.64543175 6.7694012 7.8727439 6.127695 8.18168525 5.2090968 8.2609321 4.5228002 8.3351895 3.7682694999999997 8.00449235 2.8869797999999998 7.92987535 2.56823935 7.44405575 2.116357 6.927175699999999 1.7932563999999998 6.3466914 1.60523055 5.7338431 1.5513354999999995 5.11933165 1.6256827999999999 4.7474603 
9.0 8.7290414 5.7672859 8.1228457 6.87930395 7.11960665 7.79313745 6.07649695 8.12396945 4.99032515 8.56861485 3.60532575 8.520608249999999 2.7191365 8.19822685 1.8603667499999998 7.33087165 1.0750902499999997 6.3195416 0.8522730999999997 5.3540156 0.8498008499999998 4.3124342 1.1214786499999998 3.29660915 1.6624968499999997 2.4176119 2.4183310999999996 1.7430022999999997 3.3188144499999996 1.3209667499999997 4.10328185 1.30127865 
9.0 8.80487205 4.87102785 8.88704065 4.25026835 8.87256675 4.1236442 8.82456015 4.21008305 8.762529149999999 4.56249105 8.7948482 3.75006475 8.7578094 3.6286098499999997 8.983368500000001 3.0545533999999996 8.56591785 2.8912050999999996 8.614688600000001 3.2771457999999996 8.556792999999999 3.16517535 8.99546005 2.67342235 8.426617799999999 2.9503592999999997 8.64305205 3.12867595 8.27859745 2.74920805 8.1983617 2.65427365 
9.0 6.2757603 3.4153221 7.321342250000001 4.5620864999999995 6.54820225 4.91364045 7.3654382 4.91364045 5.4584794 3.5515206 7.0930412 5.1860824 6.2757603 4.505 7.0292122 4.71001695 6.82059925 4.6411985 8.046520600000001 5.3222809 5.86711985 3.8239175999999997 6.6862437 4.77150855 6.5889719 4.7810828999999995 6.00331835 4.3688015 6.3864272 4.7931295 6.2757603 5.5946779 
9.0 7.3872839 4.56806485 6.0398627 4.39536695 6.87615745 4.6607967 5.3820644 5.05316525 6.45191935 4.71873725 5.49169745 4.7242660999999995 5.8205966 4.505 6.14949575 4.505 5.93022965 4.83389915 5.71096355 5.05316525 5.5702251 4.76629435 5.49169745 4.9435322 5.3727148 4.75856295 5.2875795 4.7524048 5.3820644 4.505 5.27243135 4.83389915 
9.0 6.0938026999999995 3.8861284 7.62394565 4.3960861499999995 7.57036525 4.3443487 7.009479150000001 4.22995095 7.2845282000000005 4.03450835 7.29635005 4.21161135 7.17327695 4.17735945 6.40508145 3.31791545 7.12167435 4.7293904 6.7406331999999995 4.11074355 6.58353295 4.10094445 6.5281096000000005 4.4796482 6.2646127 4.0987419 6.1046806 4.0417453 5.9538284 4.116766849999999 5.80598785 4.131915 
9.0 9.0 4.1133057 9.0 3.72902815 8.39924325 0.8290339499999999 8.767024150000001 7.2493323499999995 8.79651135 2.6448791 8.4824457 3.0784668 8.45776815 3.45168665 8.14824245 1.710009 5.05541275 0.009999999999999787 8.5632658 5.00183235 7.30794715 0.9743123499999999 6.99473555 0.7800834000000001 6.6687132 0.6130941499999998 6.3322175 0.47415369999999957 5.9876308 0.3638463999999999 3.9053220499999997 0.009999999999999787 
9.0 9.0 1.9327812 8.961792500000001 1.2069735499999998 8.528834100000001 0.12462250000000008 9.0 2.8949809 9.0 3.4608564499999996 7.3319054999999995 0.6212300999999996 9.0 1.9188017499999996 9.0 0.9268451499999997 7.955856450000001 0.5066075999999997 8.847214950000001 0.009999999999999787 7.656894 1.1384248000000001 7.2894727 1.0481652000000001 6.92227615 0.9995292999999998 8.146849 0.009999999999999787 9.0 0.009999999999999787 5.87350275 1.0837655999999996 
0.01 0.009999999999999787 9.0 0.009999999999999787 0.009999999999999787 4.505 4.505 0.009999999999999787 9.0 9.0 0.009999999999999787 0.009999999999999787 0.009999999999999787 0.009999999999999787 9.0 4.505 4.505 0.009999999999999787 0.009999999999999787 0.009999999999999787 9.0 4.505 4.505 9.0 0.009999999999999787 9.0 9.0 9.0 0.009999999999999787 9.0 9.0 4.505 4.505 
9.0 9.0 5.01675575 7.65235405 3.9591271999999997 8.1726503 4.9399811499999995 7.70350715 4.55619805 7.02970665 4.155289 7.6096965 5.0679538 7.1405983 4.68412575 6.89323845 4.3514508 7.6267775 5.2641156 7.771786199999999 4.82913445 5.9464566 4.7693959 6.90177895 6.185275949999999 6.7115955 5.31189745 5.187341 5.9635376 6.48913795 5.35442015 7.02970665 5.187341 
9.0 7.6265078 6.25306055 4.505 4.505 3.02448185 7.64435295 4.505 4.505 4.505 4.505 4.505 4.505 5.43254325 3.4169403 5.4503884 5.3790078 6.59198355 8.01896625 4.505 4.505 4.505 4.505 7.80491435 5.73577595 7.929740499999999 7.358965400000001 4.505 4.505 4.505 4.505 4.505 4.505 
9.0 9.0 4.4446771 9.0 4.5753917 9.0 4.4949312 9.0 4.7865668 8.89944685 4.7061063 8.81898635 4.6357146 9.0 4.7966356 8.94970095 4.6558522 9.0 4.66587605 8.989931200000001 4.9273502 8.80891755 4.83686585 9.0 4.95751165 8.999505549999999 4.89889685 8.95976975 4.88711995 9.0 4.95751165 9.0 4.95751165 
9.0 9.0 9.0 9.0 0.009999999999999787 4.505 4.505 4.505 4.505 9.0 9.0 9.0 0.009999999999999787 9.0 9.0 9.0 0.009999999999999787 4.505 4.505 4.505 4.505 9.0 3.2563788999999996 4.505 4.505 9.0 0.009999999999999787 9.0 9.0 9.0 0.009999999999999787 4.505 4.505 
9.0 7.306958249999999 4.3481245 7.16087075 4.52662095 7.22038455 4.16962805 7.34480615 4.54828685 7.31235225 4.16962805 7.5179086 4.829539 7.3339732 4.1263412 7.539529549999999 4.9161127 7.523302599999999 4.505 7.15547675 4.9593546 6.755197000000001 4.64564855 7.46922775 5.13785105 7.222811849999999 4.59575405 6.8147108 4.7051174 7.27989835 4.46171315 7.2636714 4.0938873 
9.0 8.31284935 4.3523048499999994 8.3892194 4.1232396499999995 8.18878735 4.505 7.81660135 4.16144715 7.74027625 3.8942194 7.873867649999999 3.9801188499999998 7.98840025 3.6651542 8.017033399999999 3.55066655 7.2917202 4.04691455 8.06472535 3.7987905499999997 8.5228108 4.3523048499999994 8.3224237 3.33113075 7.83646925 3.4571256 7.4825779 3.50292965 7.768864450000001 2.8062496 7.46347415 3.38839705 
0.01 0.009999999999999787 9.0 9.0 9.0 4.505 4.505 9.0 0.009999999999999787 9.0 0.009999999999999787 9.0 0.009999999999999787 0.009999999999999787 0.009999999999999787 4.505 4.505 0.009999999999999787 0.009999999999999787 4.505 4.505 4.505 4.505 0.009999999999999787 0.009999999999999787 9.0 0.009999999999999787 9.0 9.0 0.009999999999999787 0.009999999999999787 4.505 4.505 
9.0 0.009999999999999787 1.8225188499999998 4.505 4.505 0.009999999999999787 7.4049942 0.5899898499999998 9.0 4.505 4.505 4.505 4.505 4.505 4.505 4.505 4.505 4.505 4.505 0.009999999999999787 0.009999999999999787 4.505 4.505 5.84626305 5.55624565 9.0 6.82500435 4.505 4.505 4.505 4.505 4.505 4.505 
0.01 9.0 0.009999999999999787 9.0 9.0 9.0 9.0 9.0 9.0 9.0 9.0 9.0 0.009999999999999787 9.0 0.009999999999999787 9.0 9.0 9.0 0.009999999999999787 9.0 9.0 9.0 9.0 9.0 0.009999999999999787 9.0 9.0 9.0 0.009999999999999787 9.0 9.0 9.0 0.009999999999999787 
9.0 8.42063945 4.6994537 8.0985727 5.32745015 8.955454549999999 5.8216754 8.52600225 4.13025185 8.487480099999999 4.4138414 8.5705477 3.3037562 8.5239795 5.4023818 8.4895478 4.2963420999999995 8.3011174 4.46045455 8.9047959 2.9756212 8.0539823 3.37671005 8.40041195 4.09177465 8.36921665 4.3742854 8.045891300000001 4.32066005 7.91827825 5.4854494 8.4712981 4.91822535 
9.0 9.0 6.54820225 9.0 2.4617977499999997 9.0 4.91364045 9.0 4.09635955 9.0 4.505 9.0 3.2790786499999998 9.0 3.6877191 9.0 4.91364045 9.0 4.505 9.0 2.8704381999999997 9.0 4.91364045 9.0 4.09635955 9.0 4.2841157 9.0 6.54820225 9.0 3.2790786499999998 9.0 3.6877191 
9.0 5.6429542 6.12090755 4.505 4.505 3.1735809999999995 0.009999999999999787 4.505 4.505 4.84639525 4.1749770999999996 4.505 4.505 4.505 4.505 4.505 4.505 4.505 4.505 4.53911705 7.56613995 3.606 6.01851145 4.038419 6.1095352 4.7553715 0.009999999999999787 4.505 4.505 4.78948855 0.009999999999999787 4.505 4.505 
0.01 4.505 4.505 4.505 4.505 4.505 4.505 4.505 4.505 4.505 4.505 4.505 4.505 4.505 4.505 4.505 4.505 4.505 4.505 4.505 4.505 4.505 4.505 4.505 4.505 9.0 4.505 4.505 4.505 4.505 4.505 4.505 4.505 
9.0 9.0 4.13717415 9.0 3.9958963 8.9661077 3.1654001 9.0 3.01827875 8.8499569 2.96406905 8.3611706 2.3804382499999996 8.636084799999999 2.3397585 7.7901258 1.5731811999999996 7.56748845 1.6486972 8.2111275 0.9846957999999999 7.14936355 1.1434142499999997 7.518133349999999 0.1764947999999995 6.696627149999999 0.6541784499999999 6.21044795 0.73400965 5.58905915 0.5113722999999997 5.81848395 0.47653605 
9.0 7.9345052 4.1553789 9.0 3.1731314999999998 9.0 0.6509420499999998 8.100999999999999 4.77968945 6.5527422 2.5821289 9.0 3.93948405 9.0 0.75082095 6.71919205 4.5882474 8.2008789 4.2386263 8.91976425 3.6087869 9.0 5.49556315 7.6348685 3.3146790499999996 8.647052599999999 3.40152245 8.051060549999999 4.59656315 8.4377654 3.28663025 9.0 1.9411868499999998 
9.0 8.6542446 5.19952245 8.38863505 5.84257715 7.767560899999999 6.1587105 7.6779306 7.0595085 7.087332549999999 7.32421905 6.4499865 7.861686199999999 5.93013975 7.54798015 5.3648036 7.9579691 4.7156357 7.92888645 3.9627232 7.96475655 3.67436895 7.71114865 3.18836955 7.4585746 2.7610298999999996 7.136957349999999 2.4013849499999997 6.75838845 2.1160873 6.3359034 1.97741655 6.08252025 
9.0 8.75947255 4.5450954 8.87805065 4.493313 8.9515439 4.5217214 8.81125495 4.5768301 8.7327273 4.6636735 8.874724350000001 4.71711905 8.93819375 4.5885171 8.74275115 4.8257182499999995 8.934867449999999 4.4732652999999996 8.8997615 4.728851 8.8362921 4.8240551 8.6976663 4.86913995 8.78617285 4.7008022 8.88641135 4.5417691 8.903132750000001 4.82239195 9.0 4.493313 
9.0 6.6598131 3.94892355 6.4281407999999995 3.94892355 7.65612985 2.7440837499999997 7.7951602 4.8293592 5.68669055 3.53187745 6.72935075 5.22325605 6.543976949999999 3.9720728 6.4049466 4.7830607 6.7524999999999995 3.276966 6.96102305 5.33913715 6.4049466 4.87570265 7.67932405 5.3854806 6.9051502 3.9455073499999997 5.2001068 3.32330945 6.63666385 4.6903738 6.543976949999999 2.1880072999999998 
9.0 9.0 9.0 9.0 9.0 8.5958995 9.0 3.2926985 9.0 0.7673175999999997 9.0 0.009999999999999787 9.0 0.009999999999999787 7.7650437 0.009999999999999787 1.9078339499999997 0.009999999999999787 2.6147625999999997 0.009999999999999787 0.009999999999999787 2.1299319 0.009999999999999787 8.5511293 0.009999999999999787 9.0 0.009999999999999787 9.0 0.009999999999999787 9.0 2.9458642999999998 9.0 6.07128275 
9.0 8.7843299 4.6063173 8.71937715 4.4478235999999995 8.7089937 4.5595693 8.85188975 4.4270567 8.8622732 4.5283739999999995 8.80514175 4.3672732 8.786937 4.48679525 8.976626 4.38547795 8.989616550000001 4.5855504 8.7116008 4.28155355 8.72198425 4.3984685 8.8674874 4.3049275499999995 8.82986425 4.4309673499999995 8.88308505 4.5907646 8.7947583 4.3517205 8.812918100000001 4.54136455 
9.0 9.0 3.65863645 8.68692325 2.8797878 4.0164834 0.29781484999999996 9.0 4.30052245 6.7917863 1.45995215 6.0527184 1.37167035 2.18175925 0.12170074999999958 4.75218005 1.7074468499999997 5.99324955 0.009999999999999787 3.91386255 2.468765 3.6933827999999997 2.8987567 3.5910766 3.3107234500000002 3.5849634 3.67787505 3.649152 3.98389465 3.7576612999999996 4.2223543999999995 3.8874769 4.39500735 
9.0 7.091423000000001 4.36228375 7.8851501 4.26420285 7.2697845999999995 4.4515095 6.9308616 4.65661635 7.2786847 4.95094895 7.16275865 4.39797405 7.3232751 4.5584905 7.688943350000001 4.62092605 7.2162491499999994 4.57633565 6.65437415 4.3801289 7.16275865 4.6744615 6.7524999999999995 4.6833616 7.26003045 4.44939685 7.2786847 3.8985345999999996 7.59976255 4.44256445 7.314375 4.36228375 
9.0 5.8999783 4.03999225 5.5900031 4.03999225 5.4350154999999996 4.19497985 4.83785475 4.26087655 4.66902255 4.33917945 4.58172965 4.39788415 4.53830795 4.4383840999999995 4.51763095 4.46485965 4.5085061 4.48149115 4.50486515 4.49155995 4.5037414 4.4975382999999995 4.50360655 4.5009545 4.50387625 4.5028424 4.5041909 4.5039212 4.5044606 4.5044606 4.5046403999999995 4.5047303 
9.0 8.32633435 4.58631455 8.64988445 4.5704472 8.642467700000001 4.602991 8.674786749999999 4.8650495 8.44248515 5.0160815 8.602686949999999 4.699184 8.583673099999999 4.7305591 8.43088805 4.6327479 8.8141767 4.505 8.50991015 4.82176265 8.4799285 4.85098015 8.26825895 4.99284235 8.41218885 4.9073025 8.44248515 4.8999307 8.3346501 4.9605233 8.2923971 4.9858751 
9.0 9.0 3.8418077 9.0 4.7260641 7.084096150000001 4.43132695 7.4525513 4.57867305 8.3368077 4.3576089499999995 7.74728845 4.505 7.5998974 3.76813465 5.3892564 3.8418077 7.451832100000001 3.7329388 7.52622435 4.65239105 9.0 3.1786154 5.905102599999999 2.9575512999999996 6.85970575 3.59139125 5.97877565 4.3576089499999995 5.75771155 2.5154230999999996 6.715641 4.2102628499999994 
9.0 4.5937762499999995 4.53668975 4.6888455 4.4669723 4.6001142 4.5557036 4.5557036 4.7015214 4.5176758999999995 4.51133795 4.5937762499999995 4.36552015 4.41622375 4.77762175 4.3211545 4.625466 4.3972099 4.48598615 4.7015214 4.39087195 4.5874383 4.505 4.505 4.44795845 4.5874383 4.4542964 4.5303518 4.43528255 4.42889965 4.3972099 4.53668975 4.505 
9.0 4.505 4.505 0.009999999999999787 1.6836683 9.0 6.8003268 4.8636560499999995 3.4529902 0.009999999999999787 2.8791585 5.0788317 1.8510171499999997 9.0 0.009999999999999787 4.505 4.505 8.23490605 4.14634395 3.3812499999999996 9.0 5.27009395 1.32501225 4.505 4.505 3.6442524499999998 2.40093545 3.5008169999999996 2.3053267999999996 7.8523366 8.5696487 1.46849265 6.56123775 
9.0 4.505 4.505 4.505 4.505 4.505 4.505 0.009999999999999787 9.0 4.505 4.505 9.0 6.18311835 3.9656 3.9656 4.505 4.505 0.009999999999999787 0.009999999999999787 4.505 4.505 9.0 0.009999999999999787 4.505 4.505 9.0 5.52388165 4.505 4.505 4.505 4.505 4.505 4.505 
9.0 9.0 4.6156219499999995 8.9852564 4.72350195 8.88964775 4.82607785 7.280437750000001 0.009999999999999787 8.597068199999999 5.00605765 8.4813669 6.916118 8.194361149999999 5.14045815 7.96295855 5.18774555 9.0 6.34808485 7.4649575 5.24087645 7.2082031 5.2473942 6.952347700000001 5.2417305 6.70157165 5.22505405 6.45947095 5.1988482 6.2289224 5.16473115 9.0 9.0 
9.0 8.733896 5.04138835 8.3589231 4.5516581 8.3313238 4.5744926999999995 7.9646217 4.4925039 8.301432049999999 4.9956742 8.24884055 4.6410636499999995 8.221466 4.6625947 7.8689681 4.59233785 8.10185405 4.61310475 8.1397469 4.72529995 8.11264205 4.7455723999999995 7.9812532 4.604789 8.0586571 4.78526325 8.36795805 4.92083245 8.00494185 4.8236954999999995 7.97824155 4.8424846 
9.0 8.49894235 4.57831345 8.64071465 4.56365975 8.660267900000001 4.56608705 8.51359605 4.04547615 8.55512985 4.1261614 8.687148 4.45856665 8.6895753 4.1041359 8.37182375 4.2776878499999995 8.52582245 4.3241211999999996 8.479389099999999 3.9599363 8.501369650000001 3.96969045 8.234950999999999 3.8694968999999997 8.39106235 3.9742303999999997 8.3498432 3.91835755 8.2594038 3.9452825999999996 8.406030699999999 3.9550367499999997 
9.0 9.0 4.66362855 9.0 5.32673095 9.0 5.7172116 9.0 5.6318066 9.0 5.7985711 9.0 6.24200285 9.0 5.9287463 9.0 7.45825995 9.0 6.9253777 9.0 7.25895165 9.0 7.177592150000001 8.53220535 7.5762537000000005 8.5281149 7.7132613 8.35321445 7.52334755 7.8487855500000006 8.35321445 7.71861035 7.913873150000001 
9.0 8.53202555 6.2709057 7.47749855 7.7325897999999995 5.83196895 8.5875388 4.28982435 8.74895425 2.4496612499999997 8.307994749999999 1.014183 7.13506945 0.3327859499999999 5.63472835 0.35692409999999963 3.8165907499999996 1.0859231999999999 2.3292401999999996 2.2156515499999996 1.0799448499999995 3.8354697499999997 0.5228345499999998 5.47506595 0.6526501499999999 6.89764355 1.4217446499999995 7.8693276999999995 2.6775127999999997 8.242232900000001 4.18904645 7.9599469 5.7602737 
9.0 8.71542155 4.4964595 7.23620695 6.4470198 8.654514299999999 2.70120145 8.69087885 5.2614186 8.82905515 4.91229195 8.985436199999999 4.8723314 8.6217907 4.73411015 8.3090286 3.3666861999999997 8.43268605 3.8540341 8.31995145 5.67967835 7.87989095 4.34133705 8.30538765 4.38862445 8.42882035 4.4015251 8.934552799999999 4.92685575 8.02534915 4.0467797 8.363552949999999 3.8431112499999998 
9.0 8.905829749999999 5.2156595 8.555534399999999 6.08890315 8.19265305 6.68781695 7.730612000000001 7.421715600000001 7.14927365 7.819747850000001 6.31868755 8.2428622 5.635043 8.3169398 4.716265 8.34710125 3.95692465 8.08971755 3.328209 8.1348923 2.80431675 7.726836199999999 2.2110217 7.126663799999999 1.91646435 6.574498 1.7226399499999996 5.8892802 1.5493576999999998 5.32960775 1.6221766999999998 4.6384115999999995 
9.0 8.557107649999999 6.3832807 7.387688450000001 7.908838749999999 5.873278 8.781902599999999 3.58581745 8.8442033 2.0110391499999998 8.154535450000001 0.8255278499999998 6.79515755 0.14547929999999987 4.97000775 0.39405279999999987 3.0930305999999996 1.3511731499999997 1.5625280499999996 3.0506877 0.5044949499999998 4.76863175 0.2719686000000001 6.50451085 0.8121776999999994 7.83601975 2.02236655 8.52420425 3.66331125 8.455790350000001 5.42013705 7.67644725 6.9705974 
9.0 9.0 4.91364045 8.79570225 4.09635955 7.97842135 4.505 9.0 4.505 8.79570225 4.505 9.0 4.70929775 8.59135955 4.30070225 9.0 4.505 9.0 4.505 8.3870618 4.91364045 7.97842135 4.91364045 8.59135955 4.70929775 8.61976795 4.63522015 8.79570225 4.91364045 8.3870618 4.09635955 8.3870618 4.70929775 
9.0 9.0 4.35374325 9.0 4.52680075 9.0 3.9628131 8.50397675 4.5588501 7.7900358999999995 4.7453027 8.34566285 4.54217365 6.958865449999999 4.51844005 8.27068625 3.8917022 7.90029825 4.1211269999999995 7.69137065 3.2687850999999997 6.45515575 3.9628131 7.0908836 2.6971109999999996 7.1563308 3.50958225 6.4423449999999995 3.7244432499999998 7.2215982 3.418109 7.02422275 2.7862019 
9.0 6.1625762 0.009999999999999787 0.009999999999999787 0.009999999999999787 4.16063805 9.0 9.0 8.77709295 7.858135150000001 2.7649855 0.009999999999999787 0.9398806499999997 4.07001885 9.0 6.6933457999999995 6.5952649 5.93238725 3.27062805 3.8602821499999997 3.5975494 3.9666788 4.81493025 4.64079395 4.80342305 4.65976285 4.4516893 4.48688515 4.4298436 4.47079305 4.5098546 4.50567425 4.51960875 
9.0 7.51957175 4.6186336 7.4998387 4.73114345 7.07600515 5.34830695 4.8994812 6.03694095 7.36476395 5.05028845 7.29635005 5.1471107499999995 8.03973315 4.9983712 7.12886635 5.32088745 5.15205525 6.3580188 6.9272656 5.4636037 6.816329 5.52199375 6.7002681 5.5713938 6.58020665 5.6115791 6.45731335 5.6425047 6.33280185 5.6643504 9.0 5.9899682 
9.0 8.97927805 4.24028945 8.33667285 4.6086547 8.2537401 2.8100254 9.0 4.674012 8.33667285 3.70691275 7.19098725 2.48472225 7.2260932 2.78687615 8.2968022 2.7725371 7.1216294 3.0579696 7.0658464500000004 3.1711536999999996 6.1657227 2.37630285 7.058654450000001 2.20486355 6.3514561 2.4297484 5.4609067 2.9726545 6.40490165 2.05580935 5.34291295 2.468765 
0.01 9.0 0.009999999999999787 0.009999999999999787 9.0 0.009999999999999787 9.0 9.0 9.0 9.0 9.0 0.009999999999999787 0.009999999999999787 0.009999999999999787 0.009999999999999787 9.0 9.0 9.0 0.009999999999999787 0.009999999999999787 0.009999999999999787 0.009999999999999787 0.009999999999999787 9.0 4.505 9.0 0.009999999999999787 9.0 0.009999999999999787 0.009999999999999787 9.0 0.009999999999999787 9.0 
9.0 8.2189488 4.8716121999999995 8.0595561 4.1383878 8.5696487 4.42530365 8.6812146 4.5528268 8.107382900000001 4.90348175 8.76091095 4.47313045 8.7449537 4.505 8.6971269 5.41357435 8.77682325 4.47313045 8.61743055 4.53686955 8.1232952 4.8237854 8.60151825 5.2222671499999995 8.52923865 4.87201675 7.995817 4.8078731 8.665257350000001 5.31792075 8.665257350000001 4.505 
9.0 9.0 4.798883099999999 9.0 5.4375327 9.0 5.68633095 8.687642449999998 5.95297435 8.40544635 6.25980305 7.8975563 6.7561859 8.08099725 6.85682895 7.469632300000001 7.2359822000000005 7.094974049999999 7.336805050000001 6.65392465 7.5227182500000005 6.32785735 7.5993580000000005 6.0505607999999995 7.745085899999999 5.7506544 7.7587507 5.372355199999999 7.6821559 5.0161714 7.7723256 4.8192005 7.7164078 
9.0 8.61131735 8.1722907 1.22486365 9.0 2.7310033 7.01028825 4.74795475 5.8413635 3.66897495 4.04466705 4.3630479 4.1017985 4.56797495 4.35203515 4.5548046 4.48086185 4.5203729 4.50936015 4.5071576 4.50837125 4.50486515 4.50585405 4.50486515 4.5050899 4.5049550499999995 4.505 4.505 4.505 4.505 4.505 4.505 4.505 
9.0 7.09623265 4.43447345 6.3206204 4.505 6.23247345 5.08669795 6.303 4.2406041 7.04337145 5.1396041 6.602681649999999 4.87516325 6.867077549999999 4.2582245 7.1138530499999995 4.57552655 6.7613102 4.505 6.5673959 4.80468165 7.1138530499999995 4.87516325 6.7436898 4.5226204 6.689614949999999 4.95625305 6.58506125 4.87516325 6.5321551 5.5626285499999994 6.44400815 5.28061225 
9.0 8.31599585 4.9813801 9.0 6.2638935 9.0 0.009999999999999787 7.5138631 4.8836588 9.0 5.7203581 9.0 7.2288801 9.0 6.10103965 9.0 4.6251064 7.1311588 2.57102625 9.0 7.3591452 8.5113935 5.699995749999999 8.59693335 3.00668165 9.0 5.2215929 6.19876095 4.41748235 9.0 5.5147568 9.0 6.186534549999999 
9.0 8.46522985 4.4664778499999995 8.5423191 4.39419825 8.73501975 4.4231011 8.51341625 3.93166275 8.2002496 4.0136066 8.49894235 4.55799605 8.585650900000001 3.88833095 8.4218531 4.230400449999999 8.585650900000001 4.3990079 8.4604202 3.84976385 8.22915245 3.9461366499999997 8.55674805 3.62816035 8.47161275 3.8351101499999998 8.2966224 3.9268530999999998 8.4796588 3.6715371 8.629027650000001 3.74862635 
9.0 8.691957649999999 5.8212259 8.09726915 7.0112322 7.1998424 7.7232402 5.682824849999999 8.66966245 4.7133882 8.8538226 3.46049685 8.7810935 1.9911263 8.1467591 1.2088614499999997 7.30920575 0.4147747499999994 6.13219 0.3581826999999995 4.776498 0.29687090000000005 3.6132818999999996 0.7655195999999997 2.3965753 1.57583325 1.3784578 2.65202615 0.6516612500000001 3.8941295 0.28181265 4.95481465 0.24270615000000006 
9.0 7.50168165 4.4435983 8.8833098 4.81205345 6.7340705 6.7586581500000005 7.906950849999999 4.49272865 7.4341218 3.87250855 6.3103718 2.30663035 6.2673996 7.14549785 7.9560812 5.93580345 8.0359124 5.01468805 6.64196795 2.48472225 9.0 4.53570085 7.2314872 4.81816665 7.5910872 5.2731056 8.4411816 4.85502565 6.9919936 5.6103205 5.1313333 6.66651065 
9.0 7.194808 6.3179234 8.227264550000001 8.124418949999999 7.92124495 7.68336955 8.2812495 4.0112692 8.87912945 4.86374595 8.812288800000001 0.6515713499999998 8.6386919 8.4805578 8.7955674 4.2709903 8.49085135 5.32016825 8.931855800000001 1.3767497 8.4008165 0.6503127499999994 5.7907498 3.1536681499999997 9.0 5.2725662 7.3349621 6.42333115 8.44967715 8.146264649999999 8.18995605 7.598548900000001 
9.0 8.780329349999999 4.52383405 8.783475849999999 4.38260115 8.7050381 4.418696 8.7568205 4.5771897 8.8431245 4.65248095 8.737986450000001 4.8344835 8.75839375 4.4453963 8.87292635 4.511293 8.7677883 4.7764081 8.6705165 4.8831194 8.6909238 4.95841065 8.753674 4.56617695 8.708813899999999 4.72637875 8.69249705 4.8721516 8.733266700000001 4.50342675 8.617160850000001 4.7168044 
9.0 4.505 4.505 8.951409049999999 3.4845001499999997 5.35540905 4.26204525 4.505 4.505 8.69627285 4.83300015 9.0 3.606 9.0 4.82086365 9.0 3.99477255 4.505 4.505 9.0 3.55740905 9.0 2.6340911 4.505 4.505 9.0 3.7153184 4.505 4.505 9.0 3.3387272999999995 5.80490905 3.8003638 
9.0 7.85148255 4.3975694999999995 7.6862014 4.65373955 7.7523228500000005 5.2651943999999995 8.0662986 4.85205895 8.1654583 6.4798333 7.372225650000001 4.52976745 7.6862014 5.48001045 9.0 4.7776667 7.248253549999999 4.7363576499999995 7.53746185 4.6950486 6.8433889 3.3812499999999996 7.785361099999999 3.79438545 7.279628649999999 4.8252238 5.8931459 4.893368 7.0184242 4.8402370999999995 7.2152153000000006 5.48001045 
9.0 9.0 3.8650918 9.0 3.7742927999999996 9.0 3.4416627999999996 9.0 4.1672457 9.0 3.3808005 9.0 3.32906305 9.0 3.51722375 9.0 2.7696603 9.0 2.4300181 9.0 2.90842095 9.0 1.82323805 9.0 2.36344715 8.946959 2.27156935 9.0 1.0968909999999998 9.0 1.0995430499999999 9.0 0.7095568499999998 
9.0 6.8667628999999994 4.3526195 8.77142925 4.88595125 6.8667628999999994 3.7431424499999997 5.8763346 4.42880975 6.79057265 3.89552295 7.40009465 5.8001892999999995 8.23814245 2.9050946499999997 6.94295315 4.58119025 7.0191434 4.6573804999999995 7.1715239 5.8763346 8.390522950000001 4.73357075 6.3334760999999995 5.1906673 7.52955065 4.4930433 7.4762849 4.3526195 8.23814245 3.8193327 7.933381450000001 4.04790345 
9.0 4.505 4.505 4.505 4.505 4.505 4.505 0.68425 0.009999999999999787 4.505 4.505 9.0 0.009999999999999787 4.505 4.505 0.009999999999999787 0.009999999999999787 0.009999999999999787 0.009999999999999787 9.0 0.009999999999999787 1.8079999999999998 0.009999999999999787 9.0 9.0 0.009999999999999787 3.606 9.0 0.009999999999999787 4.505 9.0 4.505 4.505 
9.0 8.335144549999999 6.2693774 6.25297065 7.9406184 4.9031671 8.95068985 2.5890062499999997 8.494042799999999 1.07850645 6.751601 0.3205146000000001 4.9890216 0.6437949999999999 3.1095721999999997 1.5369514999999998 2.0209731 3.6392629999999997 0.6364681499999998 5.7835578000000005 0.8867048 7.41097255 2.9214114999999996 8.0027393 3.4565862 7.7278251 5.46436785 6.2054585 7.126034499999999 5.38903165 7.48585925 4.00088575 7.42373835 
9.0 4.61004815 4.4783896 4.0589162 3.96789245 4.47070315 3.9735112 5.1660347 4.80333315 4.6751807 4.2217251 4.505 4.505 4.2994886 3.8064769999999997 4.4895821499999995 4.0466898 3.98470375 4.2616407 4.5876181 4.66992155 4.57327905 4.5449155999999995 4.66290935 4.43600175 4.359362 4.91957385 4.15173795 4.5379034 4.505 4.505 4.50324695 5.04489445 
9.0 4.505 4.505 0.009999999999999787 0.009999999999999787 0.009999999999999787 9.0 4.505 4.505 0.009999999999999787 9.0 9.0 9.0 9.0 0.009999999999999787 4.505 4.505 4.505 4.505 0.009999999999999787 0.009999999999999787 0.009999999999999787 9.0 9.0 6.4715625 9.0 0.009999999999999787 4.505 4.505 0.009999999999999787 0.009999999999999787 0.009999999999999787 9.0 
9.0 7.202 4.65481835 7.35181835 4.80468165 7.6515 4.80468165 7.6515 4.505 7.35181835 4.505 8.100999999999999 4.505 7.801318350000001 4.505 7.6515 4.9544999999999995 7.50168165 4.9544999999999995 7.801318350000001 4.35518165 7.95118165 4.505 7.35181835 5.10431835 7.4686433999999995 4.9620516 7.202 5.10431835 7.202 5.25418165 7.35181835 5.25418165 
9.0 0.009999999999999787 9.0 0.009999999999999787 5.1902178 5.7795123 9.0 0.009999999999999787 9.0 0.009999999999999787 0.009999999999999787 9.0 9.0 0.009999999999999787 3.4497538 5.77712995 0.009999999999999787 9.0 9.0 3.0934801 0.009999999999999787 0.009999999999999787 0.009999999999999787 9.0 0.009999999999999787 0.009999999999999787 4.3441689 9.0 0.009999999999999787 0.009999999999999787 3.05235085 5.17650805 9.0 
9.0 0.009999999999999787 0.009999999999999787 2.2263047 9.0 9.0 0.009999999999999787 9.0 6.92416405 4.505 4.505 5.5819121 0.009999999999999787 9.0 9.0 4.505 4.505 9.0 9.0 9.0 9.0 4.505 4.505 1.2898163999999999 9.0 6.00331835 0.009999999999999787 9.0 0.009999999999999787 7.6421504 0.009999999999999787 6.64322655 9.0 
9.0 7.5705001 3.7267357 8.2058234 5.4897646 6.60160285 5.9821469 5.66448525 7.1257648 9.0 3.8220297 4.552647 6.50630885 4.552647 6.25216155 5.34471095 6.3555016 4.97998665 6.1390673499999995 4.69940875 5.886987749999999 4.50126915 5.6258732 4.3763531 5.37725475 4.3110857 5.15592095 4.29018395 4.97018755 4.29890425 4.8225268 4.32461565 4.7111407 
9.0 9.0 2.8041818999999997 7.42068175 5.8413635 7.42068175 3.4116362 8.3925457 5.35540905 9.0 3.29013635 6.813227449999999 4.505 7.2991819 4.26204525 5.9628184 3.5330911 7.733893350000001 3.7109132999999996 7.2991819 4.74795475 7.9066361999999994 5.1124543 6.08431825 3.1686365 7.24834345 3.5087731499999997 7.1335861 3.46993635 7.78513635 1.8323179500000002 6.813227449999999 3.4116362 
9.0 8.46864605 6.45992045 7.18280635 7.99559225 5.3892564 8.75443815 3.42157015 8.6648528 1.6944562999999997 7.70800215 0.6193871499999997 6.0176574 0.3523391999999994 4.2650569 1.0278477999999995 2.49542035 2.3945975 1.2108392499999998 4.04484685 0.8093458500000001 5.6909608 1.0182285000000002 7.0214808 1.9918454999999997 7.74800765 3.40673665 7.762886099999999 4.93647505 7.118258150000001 6.25422925 6.06696755 7.0966372 
9.0 9.0 0.009999999999999787 4.505 4.505 8.00844795 0.0430382499999995 8.140645899999999 6.98385765 2.6210556 0.24135764999999942 4.505 4.505 4.505 4.505 7.74405205 1.0345903 7.81012855 1.7947846999999997 4.505 4.505 5.3312709 0.009999999999999787 0.009999999999999787 0.009999999999999787 0.009999999999999787 0.009999999999999787 9.0 0.009999999999999787 9.0 0.009999999999999787 4.505 4.505 
9.0 9.0 5.7656677 9.0 4.61634115 9.0 4.8539918 9.0 4.69904915 8.944351900000001 6.000306699999999 9.0 4.7517305499999996 9.0 4.7020608 8.8089625 3.3993199 8.29747645 4.1153734 9.0 4.6915425 8.99698835 5.7355512 9.0 2.7494327999999997 8.838809300000001 4.4072787 8.40427765 5.555032 8.756281099999999 3.51515605 8.11695725 4.17556145 
0.01 0.009999999999999787 0.009999999999999787 4.505 4.505 0.009999999999999787 9.0 9.0 2.819375 4.505 4.505 4.505 4.505 4.505 4.505 9.0 0.009999999999999787 0.009999999999999787 0.009999999999999787 9.0 0.009999999999999787 4.505 4.505 9.0 0.009999999999999787 0.009999999999999787 9.0 0.009999999999999787 0.009999999999999787 4.505 4.505 0.009999999999999787 9.0 
9.0 9.0 4.505 9.0 4.505 6.7524999999999995 6.7524999999999995 7.87625 4.505 8.60448495 5.0486253 8.50856165 5.1437395 8.4121439 5.2344486 7.87625 5.62875 7.87625 6.7524999999999995 7.87625 4.505 9.0 3.3812499999999996 6.7524999999999995 6.7524999999999995 7.8287828 5.6911406 7.87625 5.62875 7.635093250000001 5.8118763 7.53881035 5.86667035 
9.0 4.505 4.505 4.505 4.505 4.505 4.505 4.505 4.505 4.505 4.505 0.009999999999999787 9.0 9.0 6.984981400000001 4.505 4.505 4.505 4.505 4.505 4.505 4.505 4.505 4.505 4.505 9.0 9.0 4.505 4.505 4.505 4.505 4.505 4.505 
9.0 8.7523255 2.28847055 9.0 4.3390446 8.950465099999999 0.5920125999999999 8.55423085 7.5140429 9.0 4.0508252 9.0 3.9434396499999997 9.0 3.82998585 9.0 3.7102390499999998 9.0 3.5839295499999997 9.0 3.4508326 9.0 3.31063355 9.0 3.1631526 9.0 3.0079852 9.0 2.8449515499999998 9.0 2.673737 9.0 2.49398195 
9.0 7.47893695 0.009999999999999787 9.0 9.0 9.0 1.4789210499999998 8.14114035 2.6869522999999997 9.0 0.009999999999999787 9.0 0.4875937499999994 9.0 7.80401535 5.29562555 7.6956409 9.0 8.0127182 9.0 8.3377966 9.0 0.009999999999999787 9.0 8.34179715 9.0 4.11973355 8.8193909 2.8755625 9.0 7.4387966 9.0 6.0662034 
9.0 7.46760955 1.67858895 4.505 4.505 4.505 4.505 7.97842135 9.0 9.0 3.2450514999999998 4.505 4.505 4.505 4.505 7.29733895 3.48342135 8.28489045 0.009999999999999787 9.0 0.009999999999999787 4.505 4.505 4.505 4.505 9.0 0.28244194999999994 3.92608895 0.31646909999999995 4.505 4.505 4.505 4.505 
9.0 9.0 4.25647145 9.0 0.009999999999999787 6.7524999999999995 4.00556055 6.12818945 3.5061210999999997 9.0 3.3492455999999997 5.25418165 4.00556055 9.0 2.947033 9.0 2.75855765 9.0 2.5783531 4.505 3.3812499999999996 9.0 2.2425316499999997 9.0 3.2563788999999996 9.0 1.9387146 9.0 3.2563788999999996 9.0 1.6661377999999996 9.0 1.54122175 
9.0 7.154353 1.7663313499999997 8.3450785 6.9906451 8.1516137 4.83246075 7.05020385 5.23431375 5.97850595 5.5915314 6.767378450000001 5.0557274 7.37761965 5.3980666 7.7348373 6.425039249999999 6.94600975 5.13011965 7.4371784000000005 5.75528425 7.6008863 4.83246075 6.836646399999999 5.70305235 6.70813435 5.74953065 6.5824092 5.7894013 6.4596058 5.8231138 6.33990395 5.8508929 
9.0 9.0 2.0682604999999996 9.0 0.009999999999999787 9.0 0.009999999999999787 9.0 6.13295415 9.0 2.65670095 9.0 9.0 9.0 0.009999999999999787 9.0 3.1855377 9.0 0.2977249500000001 9.0 9.0 9.0 9.0 9.0 2.6670844 9.0 1.6846122500000003 9.0 0.009999999999999787 9.0 0.009999999999999787 9.0 0.009999999999999787 
9.0 9.0 2.64150785 9.0 7.92708845 8.418347 5.34075535 9.0 4.05887125 8.723287800000001 6.6621505 7.4470674 3.782204 9.0 4.54451105 8.892704349999999 2.2518362999999995 8.10212375 3.40385985 8.46352175 3.6466797499999997 9.0 3.9515756 8.71200535 4.9849761 8.680405499999999 4.17915745 9.0 3.27395435 6.4814515 5.39721255 6.8146208999999995 4.2621801 
9.0 8.479479 6.1557438 7.5221788499999995 7.5338209 6.28560435 8.38863505 4.6139588 8.693530899999999 2.9250974 8.26789935 1.7937957999999998 7.149947900000001 0.9693228999999999 6.2480711 0.7613392499999998 4.4761421 1.3891558999999996 3.02331315 2.1449452 2.0811161999999994 3.2744038499999997 1.4427363 4.5412297 1.3686586999999997 5.6749586 1.7775238999999998 6.5083765499999995 2.55493415 6.941694549999999 3.5366871 7.0350557 4.63189385 
9.0 7.8724742 4.61957755 8.9547803 4.9451504 7.91468225 5.08382115 7.84536935 4.0919994 8.813097899999999 4.6165658999999994 8.906548950000001 4.48391845 8.8251445 4.96326525 8.6171159 4.6738322 7.6976187 4.62560085 8.15588395 4.1432424 9.0 4.505 7.7307917999999995 4.45074535 8.203081449999999 4.6197124 7.76095325 4.45676865 8.56888455 5.0024166999999995 7.77902315 4.6286125 
9.0 8.27131555 6.4335348 7.7464793499999995 7.12940575 6.555843749999999 8.01626925 5.2453265 8.223803400000001 3.9201105999999997 8.41326765 2.42934385 8.03344015 1.8333967499999995 6.8455465 0.9777735000000001 5.69747855 0.7285706999999997 4.6815636 1.7162570499999998 3.0957725499999995 2.3738306 2.3067202499999997 2.8284548999999997 1.4575698 4.2778227 1.6870395500000002 5.1653155 2.44130055 6.172330349999999 2.74444335 6.67693905 3.41213065 
0.01 9.0 9.0 9.0 0.009999999999999787 9.0 9.0 9.0 9.0 9.0 9.0 9.0 9.0 9.0 9.0 9.0 0.009999999999999787 0.009999999999999787 9.0 0.009999999999999787 9.0 0.009999999999999787 9.0 9.0 0.009999999999999787 9.0 9.0 0.009999999999999787 9.0 0.009999999999999787 0.009999999999999787 0.009999999999999787 9.0 
9.0 5.9808883 4.6182739999999995 5.1898582 5.4614461 5.17560905 7.83143485 3.3495152999999998 8.6549638 4.0414756 5.376131 1.7472276 5.6640806999999995 0.27731764999999964 4.26186545 3.9153908499999996 3.8609114499999997 3.14234075 2.49955575 3.99216545 0.6574148499999999 4.6249266 3.4807692999999995 5.7609929 4.2220397499999995 6.02147815 3.9711738 5.74818215 3.99216545 5.1827561 5.1026552 5.05325515 5.4250366 
9.0 8.4967398 6.219303099999999 7.4683737 7.62592345 5.8152026 8.4557454 4.2026663 8.55656825 2.7251148499999998 8.12082295 1.6023986999999997 7.0447649 0.7759479999999996 5.7144247 0.9566469999999998 4.13618525 1.6830389999999995 3.1141571 2.40866685 2.0055552499999996 3.7656174499999997 1.6130069000000002 4.9348119 1.7605777499999995 5.8717497 2.3297795999999997 6.44805365 3.1637819 6.6189535500000005 4.07972805 6.3997323999999995 5.0693922 
9.0 7.19692065 5.16527055 7.6455666 3.8785768 8.3312339 3.8785768 8.14500605 4.6150376 6.77367145 4.63198375 7.535529 4.301826 8.13655545 3.8870274 6.8159694 3.4045341 8.1704028 3.86163065 7.662512749999999 4.48805385 6.00331835 4.784364249999999 7.02763895 3.0151322499999997 7.2669078 3.74817685 6.87525845 4.4118636 6.92605195 3.0997730999999997 7.535529 3.5145717 
9.0 8.30583715 4.119329 3.07806225 0.8841426499999998 4.10220305 1.9682467499999996 8.1301276 4.7106912 8.5286543 4.47070315 3.6736947 7.3802717 3.60514595 1.4454782499999999 8.35725995 3.9950872 8.010156049999999 3.79798145 4.19219295 6.7889095 2.9709464 8.1429833 8.0529934 4.3378759 7.6911459 3.3683044 8.0058858 3.87080045 3.5451376999999997 0.9912584999999998 3.6736947 1.8139783499999997 
9.0 8.553691449999999 4.58469635 9.0 4.42530365 8.553691449999999 4.53686955 8.3146024 4.7600463 9.0 4.6643927 8.904346400000001 4.5528268 8.888434100000001 4.6643927 9.0 4.36156455 8.5377342 4.36156455 8.3783415 4.85565495 9.0 4.919439 8.553691449999999 4.7122195 8.74400975 4.65095265 8.76091095 4.6165658999999994 9.0 4.5528268 8.71308415 4.6006536 
9.0 8.46442075 6.0886784 7.57908555 7.4325036 6.069979200000001 8.0912908 4.7671484 8.588347899999999 3.1662092 8.392725500000001 1.68955675 7.6330705 1.0390853 6.27193955 0.64815515 4.8829396 0.8352370499999999 3.42543585 1.60217395 2.2565111 2.7175183 1.4332518499999995 4.00394235 1.10979165 5.27099295 1.2908951999999996 6.33334125 1.9136774500000002 7.050338699999999 2.8524132499999997 7.3262867499999995 3.90694025 
9.0 9.0 4.81259285 9.0 5.14378445 9.0 5.4987546 9.0 3.9431249999999998 9.0 6.28030025 9.0 6.70669595 9.0 7.1564207 2.819375 9.0 9.0 4.505 9.0 8.64044495 9.0 9.0 9.0 9.0 9.0 9.0 9.0 5.62875 9.0 9.0 9.0 9.0 
9.0 7.568252599999999 4.9711315 7.96781315 4.66039215 7.43506575 4.8712526 7.2464106 4.4827946999999995 8.0565894 5.0377474 7.19089735 4.7269631 7.31298155 4.9378684999999995 8.0233264 3.71698155 7.82352365 4.0166632 6.6914579 4.5494106 7.2464106 4.8712526 7.50168165 3.927842 7.37159635 4.39482755 7.94560785 4.6048789 7.25751325 4.183158 6.8135421 4.29413955 
9.0 8.26322455 5.09901425 7.74908645 4.77735205 7.464013550000001 4.87875925 5.5787656 5.08759695 6.47547315 5.4188335 6.726339100000001 5.0752357 6.51637765 5.11213965 5.8243724 4.6363439 6.6697021 5.2132322 5.98093325 5.1619892 5.830800249999999 5.1629781 5.6932982 5.1581235 5.56766295 5.1484143 5.69298355 5.23035815 5.34857665 5.1177584 5.25364225 5.0982501 
9.0 6.634191599999999 4.031856299999999 8.270955950000001 4.5839322 8.24281725 4.62254425 7.58052395 4.26842815 7.58052395 4.505 8.0945272 4.7310086 8.02525925 4.7637322 8.29028445 6.634191599999999 9.0 4.74157185 7.7661225 4.84801345 7.66502995 4.87093795 6.39761975 5.4513323499999995 7.445584050000001 4.9081116 6.8708084 3.55866765 7.2087425 4.9335533 7.0859391 4.94186905 
9.0 8.95617375 4.24496425 8.99069535 3.92024545 8.93990185 3.6316214999999996 8.9718613 3.34335715 8.673573099999999 3.1506564999999997 8.66966245 2.79847325 8.5420494 2.5363697999999997 8.3222439 2.1647232 8.43511335 1.9394787500000001 8.0567692 1.81523695 7.863888749999999 1.6005557499999998 7.5742759 1.4268689499999998 7.43785265 1.2158286999999999 7.2473995 1.1178826499999999 6.9661024000000005 0.8965038999999995 6.71631525 0.7631372499999998 
9.0 8.2023173 4.1646386 8.1217669 4.51538345 8.4387543 4.4504307 8.40760395 4.1672457 7.7787983999999994 3.9775567 8.3088488 4.7310535499999995 8.24128895 4.17241495 7.8671701 4.80638975 8.0256638 4.7907921 8.40499685 4.3984685 8.0490378 4.2347605999999995 7.85157245 4.3984685 7.95342915 4.38224155 7.8333677 4.162031499999999 7.6541071 4.3153109999999995 8.03083305 4.5595693 
9.0 8.2868233 3.6796281 6.4667978 4.63620905 8.704273950000001 4.49299835 8.45821765 5.12508525 8.15138895 4.42458445 8.48572705 6.97684545 8.6275443 1.9210042999999994 7.87625 3.178076 8.4010862 3.6013252 9.0 9.0 6.6001195 3.7727645 8.553466700000001 4.3801289 8.7014421 4.4529479 7.273110900000001 3.0532049 8.30161185 3.3495152999999998 8.69986885 4.44094625 
9.0 8.15237785 4.6719443 8.33217785 4.49857215 8.056049999999999 4.5370943 8.08171645 4.3123442999999995 8.44131645 4.505 8.35141645 4.2032057 8.38998355 4.5178557 8.22942215 4.26096645 8.14595 3.97202785 7.959722149999999 4.12611645 8.2936557 4.28025 7.96615 4.19677785 8.1728301 4.11532845 8.21656645 4.0362164499999995 8.16523355 4.28025 8.19732785 3.82432215 
9.0 4.505 4.505 9.0 5.0843605499999995 8.4805578 4.4151 4.505 4.505 9.0 2.5971422 9.0 5.3840422 9.0 4.2652816499999995 9.0 0.8390578 4.505 4.505 9.0 4.3252 9.0 3.66591835 4.505 4.505 9.0 0.009999999999999787 4.505 4.505 9.0 5.034421099999999 8.58048165 4.0754578 
9.0 9.0 3.42390755 9.0 3.59462765 8.4310229 4.04979135 8.4879296 4.5619067 9.0 5.0170704 8.65860475 4.78948855 8.3172095 4.33432485 7.3499304500000004 2.8549304499999995 8.4310229 4.4480933 8.715511450000001 4.78948855 9.0 5.6429542 7.29302375 2.79802375 8.30943315 4.255977 9.0 4.22051145 6.89476675 4.6188134 8.2603028 4.3911866 
9.0 8.651502650000001 3.6308124 8.839034049999999 3.7105536999999997 8.4167288 3.4890401 8.177504899999999 3.2882035 8.06823145 3.20554045 7.6650749000000005 2.27372695 7.3520431 2.25898335 6.1795672999999995 1.3257314500000001 5.7217965 1.26370045 6.3257446999999996 2.0699685999999997 6.0112295499999995 1.8218895499999994 5.1680125 1.6461350499999998 4.9235744 1.8264744499999996 4.1830681 2.0359864 4.422292 2.0743736999999998 4.16980785 2.3519848999999997 
9.0 9.0 5.55660525 8.613609799999999 6.84298435 8.011999 7.7478728 6.647317 8.2907789 5.74737305 8.6282635 4.93054165 8.4717476 3.5169989999999998 8.613609799999999 2.9691484 7.89948915 2.196368 7.405488650000001 1.6045113499999997 6.5103993 1.1741150999999999 5.8158319 1.3208319 4.66641545 1.2806915499999998 3.96816215 1.5849581000000001 3.23817415 2.20126755 2.50450025 2.8224316 2.1083109499999995 
0.01 0.009999999999999787 0.009999999999999787 4.505 4.505 4.505 4.505 4.505 4.505 4.505 4.505 4.505 4.505 9.0 0.009999999999999787 4.505 4.505 0.009999999999999787 0.009999999999999787 4.505 4.505 9.0 9.0 9.0 0.009999999999999787 9.0 0.009999999999999787 4.505 4.505 4.505 4.505 4.505 4.505 
9.0 8.5673113 4.4329002 9.0 4.86554395 9.0 4.5770998 8.6875076 4.52904825 8.71155585 4.4329002 9.0 4.505 9.0 4.79344415 9.0 4.72134435 8.6154078 4.6972961 8.85575545 4.60114805 8.9519035 4.4329002 8.83175215 4.7453926 8.863981299999999 4.7051174 8.44715995 4.5530965 9.0 4.91364045 8.90385195 4.79344415 
9.0 9.0 7.104009 9.0 0.009999999999999787 9.0 0.009999999999999787 9.0 0.009999999999999787 9.0 0.009999999999999787 9.0 0.009999999999999787 9.0 0.009999999999999787 9.0 0.009999999999999787 9.0 0.009999999999999787 9.0 1.6823198000000001 9.0 0.009999999999999787 9.0 0.009999999999999787 9.0 0.009999999999999787 9.0 0.009999999999999787 9.0 0.009999999999999787 9.0 0.009999999999999787 
9.0 9.0 5.591351599999999 9.0 6.6891205 9.0 7.78513635 9.0 9.0 9.0 9.0 9.0 9.0 9.0 7.971903599999999 9.0 9.0 9.0 9.0 7.8523366 9.0 8.534632649999999 9.0 7.4100286 9.0 6.22456225 9.0 4.99131405 9.0 3.7242185 9.0 0.8468341499999994 9.0 
9.0 9.0 6.82059925 6.54820225 6.00331835 4.77744195 6.1395618 3.0619252 7.789136900000001 2.4617977499999997 6.68440075 1.9169587999999997 4.505 1.9169587999999997 3.96016105 3.00668165 2.32559925 4.09635955 0.6910823999999995 6.68440075 1.9169587999999997 7.0930412 2.5980412 9.0 2.7342397 7.78459695 5.05927845 8.863801500000001 7.0930412 5.5946779 6.1395618 4.91364045 6.00331835 
9.0 8.47143295 5.8819983 7.7967784 7.1038292 6.03819955 7.13578865 4.76197915 9.0 4.0897518999999996 8.6457041 1.6999851499999998 7.741220200000001 1.3689733499999996 5.9684821 0.8450810999999994 6.35671525 0.009999999999999787 4.47016375 0.9551636499999998 2.6582292499999998 1.04830005 2.4607639 1.9319720999999999 1.4661552499999995 3.0841304999999997 0.8246737999999998 4.37109395 0.6014970499999999 5.6463704 0.8133913499999998 4.5137203 0.8332142999999999 
9.0 8.06310715 5.26245245 4.505 4.505 7.04651795 4.8139863 6.279086599999999 9.0 6.22923705 8.98008715 4.39536695 6.89701425 5.5714387499999996 5.083057 4.3853880499999995 8.7807339 2.2126399 8.3222439 4.04651 6.24919485 2.5913886 5.5714387499999996 0.38874869999999984 8.1329145 2.9701373 8.4717476 0.009999999999999787 7.6245749499999995 0.009999999999999787 5.083057 4.505 4.505 
9.0 9.0 3.79033995 7.7555143 5.7494857 8.25576285 1.8804594 9.0 3.2370953499999997 9.0 2.26365815 8.0992919 3.94191135 7.958823150000001 5.1629781 9.0 6.27319815 9.0 5.7002205 8.8361123 4.41999955 8.667325049999999 0.3993568999999999 9.0 5.17039485 9.0 3.9843891 9.0 4.00475145 9.0 6.904071399999999 9.0 1.9087779 
0.01 4.505 4.505 4.505 4.505 4.505 4.505 4.505 4.505 4.505 4.505 0.009999999999999787 0.009999999999999787 4.505 4.505 9.0 7.87625 4.505 4.505 4.505 4.505 0.009999999999999787 9.0 4.505 4.505 9.0 0.009999999999999787 0.009999999999999787 0.009999999999999787 9.0 9.0 4.505 4.505 
9.0 8.6599982 6.1647338000000005 7.7403212 7.580479 5.82216985 8.733806099999999 4.0056954 7.94488865 3.0843552499999998 8.660762349999999 1.5106107999999998 8.0455317 0.3630822499999997 6.4070143 0.26554074999999955 4.93584575 0.009999999999999787 4.64843545 1.5189265500000002 1.5258038999999997 2.4368505 0.9910786999999996 3.8988043 0.5457140999999996 5.39343675 0.6780918499999999 6.7032348 1.3473973499999996 7.6463757 2.4351423999999997 7.9241667 3.9119297 
9.0 5.81183135 4.95562375 5.5526946 5.28232035 4.67396705 6.0484032 5.0457485 5.6879042 4.7866567 5.4625698499999995 4.29261125 5.07887665 4.22033165 4.86041965 4.2205563999999995 4.68916015 4.26087655 4.5682896 4.3177383 4.492414 4.3757238 4.4521388 4.42611275 4.43735025 4.4651743 4.4386987499999995 4.492414 4.4488125 4.5093152 4.4623874 4.5180355 4.47591735 
0.01 9.0 0.009999999999999787 9.0 9.0 9.0 0.009999999999999787 9.0 9.0 9.0 0.009999999999999787 9.0 9.0 9.0 0.009999999999999787 9.0 0.009999999999999787 9.0 9.0 9.0 9.0 9.0 0.009999999999999787 9.0 0.009999999999999787 9.0 0.009999999999999787 9.0 9.0 9.0 0.009999999999999787 9.0 9.0 
0.01 9.0 9.0 9.0 0.009999999999999787 9.0 9.0 9.0 9.0 9.0 9.0 9.0 0.009999999999999787 9.0 9.0 9.0 0.009999999999999787 9.0 0.009999999999999787 9.0 9.0 9.0 9.0 9.0 0.009999999999999787 9.0 9.0 9.0 9.0 9.0 9.0 9.0 9.0 
9.0 4.505 4.505 2.9914435999999998 8.3431906 4.505 4.505 7.60066155 0.009999999999999787 8.868656099999999 5.91575575 3.3341424 1.8434206 3.14566705 7.45214675 8.73726725 5.24177545 4.505 4.505 4.505 4.505 3.6939671499999998 0.009999999999999787 4.505 4.505 9.0 0.009999999999999787 4.505 4.505 4.70489265 7.28655095 4.505 4.505 
9.0 9.0 5.03383675 9.0 5.5626285499999994 9.0 6.3558612 9.0 4.7693959 9.0 5.5626285499999994 9.0 5.03383675 9.0 6.620302049999999 9.0 4.2406041 9.0 3.97616325 9.0 6.091465299999999 9.0 6.3558612 9.0 3.97616325 9.0 5.41411375 9.0 4.7693959 9.0 6.091465299999999 9.0 5.5626285499999994 
9.0 6.7734467 3.745345 7.7163179 4.5730093499999995 7.69928185 4.6064970999999995 7.56452175 4.5626259 6.06094425 4.7564503 7.6087975 4.70246535 7.56613995 4.7323571 7.51768385 4.7608554 7.35496485 4.2954431 7.40440985 4.8131772 7.34031115 4.83677595 8.28228335 5.31702175 7.19907825 4.8782648 6.2233486 4.8088619999999995 7.0431467 4.9116177 6.9607084 4.9251027 
9.0 3.583525 5.7973125 5.53885 4.9544999999999995 5.7748375 5.9321625000000004 5.9546375000000005 6.07825 6.1360107500000005 2.94896585 4.9207875 5.741125 4.077975 5.44895 4.1116874999999995 5.561325 2.96829435 5.9167895999999995 2.3474 4.1453999999999995 5.8493645999999995 5.9962612 1.8979 3.4261999999999997 5.9519405 3.22504875 2.39235 5.336575 3.2866752 3.1013013999999997 6.32300275 4.6420975 
