9.0 8.4699496 3.84697695 8.7036896 4.00798785 8.644895 3.7655724999999998 8.47439965 3.7392317999999998 8.4813669 3.07518545 8.33784155 3.09073815 8.1961142 2.8902162 8.13161095 2.9932415999999997 7.887172850000001 2.3913610999999997 7.67644725 2.3854726499999996 7.4784425 2.25367925 7.26030015 2.3435343 7.0583398 2.0494264499999995 6.76054605 1.8145627000000002 6.62102125 1.9259038499999996 6.40139555 1.8940342999999995 
9.0 8.98655995 5.47938115 8.6388717 6.6189985 7.9617449 7.31055425 6.9013744 8.016494 6.1579913 8.47368045 4.95930965 8.2498744 4.19812635 8.5178663 3.23430845 7.7446813500000005 2.54037035 7.2778756 1.9981834499999995 6.667994 1.5832499999999996 6.1022533 1.5986228999999996 5.2200646 1.5090375499999995 4.6073511499999995 1.5890035999999998 3.8998831 2.05005575 3.47344245 2.3833150499999998 2.9303115999999996 
9.0 8.7843299 4.6063173 8.71937715 4.4478235999999995 8.7089937 4.5595693 8.85188975 4.4270567 8.8622732 4.5283739999999995 8.80514175 4.3672732 8.786937 4.48679525 8.976626 4.38547795 8.989616550000001 4.5855504 8.7116008 4.28155355 8.72198425 4.3984685 8.8674874 4.3049275499999995 8.82986425 4.4309673499999995 8.88308505 4.5907646 8.7947583 4.3517205 8.812918100000001 4.54136455 
9.0 8.910189899999999 4.50837125 9.0 4.505 8.9542409 4.50162875 8.76270895 4.6126103 8.896615 4.6007435 8.9050656 4.64313135 8.9626915 4.6100931 8.72710855 4.7617993499999995 8.7101624 4.7422910499999995 8.898323099999999 4.7533038 9.0 4.78553295 8.73726725 4.86940965 8.85206955 4.83111225 8.80675995 4.8685556 8.9186405 4.8702637 8.87625265 4.8922892 
9.0 4.505 4.505 9.0 0.009999999999999787 4.505 4.505 4.505 4.505 9.0 9.0 9.0 3.3658771 9.0 5.5517956 9.0 0.009999999999999787 4.505 4.505 4.505 4.505 9.0 9.0 4.505 4.505 9.0 0.009999999999999787 4.505 4.505 9.0 0.009999999999999787 4.505 4.505 
9.0 8.8148959 4.96029855 9.0 4.4187859 8.92416935 4.61984725 8.863981299999999 4.0862457999999995 8.95302725 4.3829158 8.909201 4.3658348 9.0 4.26483215 9.0 4.27220395 8.723108 4.57498715 8.893018999999999 4.0876842 8.90511055 4.2659559 8.62093665 3.80040875 8.80568115 4.19057475 8.5944611 4.56374965 9.0 4.0196748499999995 8.6918228 4.1953844 
9.0 9.0 5.7656677 9.0 4.61634115 9.0 4.8539918 9.0 4.69904915 8.944351900000001 6.000306699999999 9.0 4.7517305499999996 9.0 4.7020608 8.8089625 3.3993199 8.29747645 4.1153734 9.0 4.6915425 8.99698835 5.7355512 9.0 2.7494327999999997 8.838809300000001 4.4072787 8.40427765 5.555032 8.756281099999999 3.51515605 8.11695725 4.17556145 
9.0 5.62875 5.25418165 6.602681649999999 5.70368165 5.3606682 5.5822717 4.8540817 5.40125805 4.5530965 5.1757439 4.39860335 4.9629506 4.33935925 4.78894915 4.3357183 4.6604371 4.3598115 4.5738634 4.3937937 4.52104715 4.4274163 4.49272865 4.45568985 4.48077195 4.47708605 4.4786592999999995 4.4917847 4.481626 4.50099945 4.4866604 4.5061237499999995 4.4919195499999995 
9.0 9.0 4.9455998999999995 9.0 5.63328995 8.9276305 5.9903278 8.11740675 6.888249 7.87521615 7.21535015 7.06431815 7.7387929 6.9912294500000005 7.834851049999999 5.8288674 8.19957535 5.45510815 8.09097615 4.94141955 8.1981819 4.4270567 8.0951565 3.8242772 7.9030401999999995 3.47838695 7.61495565 3.07950065 7.2446126 2.69391955 6.9557639 2.58046575 6.5068033 
9.0 8.46522985 4.4664778499999995 8.5423191 4.39419825 8.73501975 4.4231011 8.51341625 3.93166275 8.2002496 4.0136066 8.49894235 4.55799605 8.585650900000001 3.88833095 8.4218531 4.230400449999999 8.585650900000001 4.3990079 8.4604202 3.84976385 8.22915245 3.9461366499999997 8.55674805 3.62816035 8.47161275 3.8351101499999998 8.2966224 3.9268530999999998 8.4796588 3.6715371 8.629027650000001 3.74862635 
9.0 9.0 2.0682604999999996 9.0 0.009999999999999787 9.0 0.009999999999999787 9.0 6.13295415 9.0 2.65670095 9.0 9.0 9.0 0.009999999999999787 9.0 3.1855377 9.0 0.2977249500000001 9.0 9.0 9.0 9.0 9.0 2.6670844 9.0 1.6846122500000003 9.0 0.009999999999999787 9.0 0.009999999999999787 9.0 0.009999999999999787 
0.01 4.505 4.505 0.009999999999999787 0.009999999999999787 9.0 9.0 0.009999999999999787 9.0 0.009999999999999787 9.0 9.0 0.009999999999999787 9.0 9.0 0.009999999999999787 0.009999999999999787 0.009999999999999787 9.0 9.0 0.009999999999999787 0.009999999999999787 9.0 0.009999999999999787 9.0 9.0 0.009999999999999787 0.009999999999999787 9.0 0.009999999999999787 0.009999999999999787 9.0 0.009999999999999787 
9.0 6.794393400000001 0.2798797999999998 9.0 5.7055246 4.346776 0.009999999999999787 9.0 0.009999999999999787 6.4686407500000005 0.009999999999999787 4.505 4.505 0.009999999999999787 2.96478825 2.81123905 4.66785385 9.0 0.009999999999999787 4.505 4.505 4.505 4.505 3.77442765 8.6510082 6.2918524 5.69621995 4.505 4.505 9.0 5.5473006 4.505 4.505 
9.0 0.009999999999999787 5.76831975 5.5038789 5.18073335 1.1025996499999997 1.3142691999999996 3.1241809499999995 7.7073279 0.009999999999999787 9.0 0.8326299499999998 6.03271565 0.9501292499999994 4.3875006999999995 0.09814695000000029 0.7738353499999997 1.8021115499999998 2.0665524 4.29935375 0.7738353499999997 8.7356041 0.2743959 0.009999999999999787 2.5659918499999996 7.84860575 4.9174612 0.009999999999999787 4.74004355 5.32762995 4.6224993 2.6979650499999996 2.3365670499999998 
0.01 4.505 4.505 4.505 4.505 9.0 0.009999999999999787 4.505 4.505 0.009999999999999787 0.009999999999999787 4.505 4.505 4.505 4.505 9.0 9.0 0.009999999999999787 0.009999999999999787 4.505 4.505 4.505 4.505 9.0 9.0 9.0 9.0 4.505 4.505 9.0 9.0 4.505 4.505 
9.0 4.505 4.505 4.505 4.505 4.505 4.505 4.505 4.505 9.0 3.00668165 5.25418165 5.6755879 4.505 4.505 4.505 4.505 4.505 4.505 3.6153496 3.52171875 3.7558183499999998 8.57859375 0.009999999999999787 6.7524999999999995 4.69230665 7.87625 3.47488085 0.009999999999999787 3.9431249999999998 3.28761915 3.6153496 0.29093750000000007 
9.0 7.46760955 1.67858895 4.505 4.505 4.505 4.505 7.97842135 9.0 9.0 3.2450514999999998 4.505 4.505 4.505 4.505 7.29733895 3.48342135 8.28489045 0.009999999999999787 9.0 0.009999999999999787 4.505 4.505 4.505 4.505 9.0 0.28244194999999994 3.92608895 0.31646909999999995 4.505 4.505 4.505 4.505 
9.0 7.8227595 8.25081835 1.0802595 3.4347404999999998 6.00331835 3.8628443 6.5384481 3.8628443 1.48053925 5.0807196 6.00331835 4.505 5.7892664499999995 4.18392215 2.7872807 6.80477685 5.5752595 4.61202595 6.5384481 4.7190519 5.25418165 3.3277595 1.9313877499999998 4.0449817 5.62376055 2.20899895 9.0 4.505 1.5083183499999997 4.2909481 5.6822405 4.61202595 
9.0 8.2189488 4.8716121999999995 8.0595561 4.1383878 8.5696487 4.42530365 8.6812146 4.5528268 8.107382900000001 4.90348175 8.76091095 4.47313045 8.7449537 4.505 8.6971269 5.41357435 8.77682325 4.47313045 8.61743055 4.53686955 8.1232952 4.8237854 8.60151825 5.2222671499999995 8.52923865 4.87201675 7.995817 4.8078731 8.665257350000001 5.31792075 8.665257350000001 4.505 
9.0 7.50168165 4.4435983 8.8833098 4.81205345 6.7340705 6.7586581500000005 7.906950849999999 4.49272865 7.4341218 3.87250855 6.3103718 2.30663035 6.2673996 7.14549785 7.9560812 5.93580345 8.0359124 5.01468805 6.64196795 2.48472225 9.0 4.53570085 7.2314872 4.81816665 7.5910872 5.2731056 8.4411816 4.85502565 6.9919936 5.6103205 5.1313333 6.66651065 
9.0 5.8999783 4.03999225 5.5900031 4.03999225 5.4350154999999996 4.19497985 4.83785475 4.26087655 4.66902255 4.33917945 4.58172965 4.39788415 4.53830795 4.4383840999999995 4.51763095 4.46485965 4.5085061 4.48149115 4.50486515 4.49155995 4.5037414 4.4975382999999995 4.50360655 4.5009545 4.50387625 4.5028424 4.5041909 4.5039212 4.5044606 4.5044606 4.5046403999999995 4.5047303 
9.0 8.75965235 5.79564935 7.7663022999999995 7.5277975999999995 6.6430018 8.211352250000001 4.56195165 8.51044955 3.38704855 8.30215125 2.3634022 7.02575105 1.09414905 6.38134785 1.51784775 4.8289995999999995 1.5641013 3.62735125 2.14624875 2.5271999999999997 3.1182475499999995 2.02874945 4.31985095 1.5925995999999998 5.22802075 1.9689209999999995 6.1570024 2.6215500499999997 6.575352049999999 3.49205175 6.7694012 4.236199 
9.0 8.2023173 4.1646386 8.1217669 4.51538345 8.4387543 4.4504307 8.40760395 4.1672457 7.7787983999999994 3.9775567 8.3088488 4.7310535499999995 8.24128895 4.17241495 7.8671701 4.80638975 8.0256638 4.7907921 8.40499685 4.3984685 8.0490378 4.2347605999999995 7.85157245 4.3984685 7.95342915 4.38224155 7.8333677 4.162031499999999 7.6541071 4.3153109999999995 8.03083305 4.5595693 
9.0 9.0 3.42390755 9.0 3.59462765 8.4310229 4.04979135 8.4879296 4.5619067 9.0 5.0170704 8.65860475 4.78948855 8.3172095 4.33432485 7.3499304500000004 2.8549304499999995 8.4310229 4.4480933 8.715511450000001 4.78948855 9.0 5.6429542 7.29302375 2.79802375 8.30943315 4.255977 9.0 4.22051145 6.89476675 4.6188134 8.2603028 4.3911866 
9.0 9.0 4.39707505 8.736593 4.79856845 8.645164699999999 3.4596877499999996 7.972982399999999 3.76786495 6.8782701 3.5936387499999998 7.04058455 4.4729956 6.05105525 3.2708078499999997 6.884653 3.525989 6.53255965 3.70430565 4.7738909 2.90590375 4.60878955 2.12808895 4.6527057 1.5761478999999996 5.1023855 2.1133903 4.61427345 1.7092448499999997 4.24847035 1.82719365 4.2978704 1.5519198499999995 
9.0 7.091423000000001 4.36228375 7.8851501 4.26420285 7.2697845999999995 4.4515095 6.9308616 4.65661635 7.2786847 4.95094895 7.16275865 4.39797405 7.3232751 4.5584905 7.688943350000001 4.62092605 7.2162491499999994 4.57633565 6.65437415 4.3801289 7.16275865 4.6744615 6.7524999999999995 4.6833616 7.26003045 4.44939685 7.2786847 3.8985345999999996 7.59976255 4.44256445 7.314375 4.36228375 
9.0 6.3929 1.7630499999999998 4.505 4.505 9.0 0.009999999999999787 8.5505 9.0 6.43785 7.3818 4.505 4.505 4.505 4.505 7.51665 3.20145 8.2808 0.009999999999999787 4.505 4.505 4.505 4.505 5.44895 7.5616 9.0 5.4939 4.505 4.505 4.505 4.505 4.505 4.505 
9.0 7.57584915 4.74660625 8.31689485 4.5140799 8.296127949999999 4.51852995 8.294285 4.95004995 7.91279435 4.6893849 8.1860454 4.53129575 8.1341731 4.53525135 8.1289589 3.9455073499999997 8.00817825 4.3460567999999995 7.9376067500000005 4.54585955 7.85984325 4.5489611 8.084458399999999 4.31427715 7.6885388 4.5542652 7.30246325 5.0263301 7.499748800000001 4.5584905 7.40009465 4.56015365 
9.0 9.0 4.5546697499999995 9.0 4.5546697499999995 9.0 4.609284 8.9751876 4.4404518 8.9751876 4.49506605 8.92551785 4.609284 9.0 4.5447358 8.89072655 4.53974635 8.90564995 4.57948215 8.910594450000001 4.53480185 8.9155839 4.59935005 8.870858649999999 4.47519815 8.91158335 4.57692 8.90564995 4.57453765 8.9354518 4.59935005 8.9403963 4.6291519 
9.0 8.25738105 5.80823535 7.6180572 6.6492049 6.7180683000000005 7.57872595 5.49349545 8.40490695 4.1410848 8.32624445 2.9066678999999995 7.9967609500000005 2.13456175 7.13120375 1.3427675 5.91153045 1.0968460499999995 4.68205805 1.3034362499999994 3.8165008499999997 1.8837407499999999 2.7443983999999997 2.8329049499999996 2.1247176999999997 3.7430974999999997 1.7692081499999999 4.88370375 1.7411143999999998 5.6361218 2.3263634 6.32956545 2.91651195 
9.0 8.733896 5.04138835 8.3589231 4.5516581 8.3313238 4.5744926999999995 7.9646217 4.4925039 8.301432049999999 4.9956742 8.24884055 4.6410636499999995 8.221466 4.6625947 7.8689681 4.59233785 8.10185405 4.61310475 8.1397469 4.72529995 8.11264205 4.7455723999999995 7.9812532 4.604789 8.0586571 4.78526325 8.36795805 4.92083245 8.00494185 4.8236954999999995 7.97824155 4.8424846 
9.0 1.55515625 5.20734375 4.7859375 4.505 4.505 4.7859375 7.314375 4.7859375 5.3478125 4.505 4.36453125 4.926406249999999 4.7859375 4.505 5.20734375 3.80265625 6.4715625 2.819375 4.505 4.08359375 4.505 4.505 4.64546875 2.39796875 4.64546875 4.505 1.2742187499999997 4.64546875 4.36453125 4.505 4.505 4.926406249999999 
9.0 8.8665884 3.8584392 8.6100138 4.4947514 8.84604625 3.73532115 8.938418500000001 5.32601175 8.63055595 4.5152486 8.71263465 4.12530735 8.6100138 4.4947514 8.4047721 4.1150138 8.8665884 3.55057665 9.0 4.9668163 8.640804549999999 4.26896755 8.6613467 4.81286255 8.732232849999999 4.0891226 8.8665884 3.60190955 8.3431906 4.1150138 8.84604625 3.5197858999999996 
9.0 9.0 4.13717415 9.0 3.9958963 8.9661077 3.1654001 9.0 3.01827875 8.8499569 2.96406905 8.3611706 2.3804382499999996 8.636084799999999 2.3397585 7.7901258 1.5731811999999996 7.56748845 1.6486972 8.2111275 0.9846957999999999 7.14936355 1.1434142499999997 7.518133349999999 0.1764947999999995 6.696627149999999 0.6541784499999999 6.21044795 0.73400965 5.58905915 0.5113722999999997 5.81848395 0.47653605 
9.0 4.505 4.505 4.505 4.505 4.505 4.505 4.505 4.505 7.30066525 9.0 4.505 4.505 4.505 4.505 6.14949575 1.27080255 7.0266051 0.009999999999999787 4.505 4.505 4.505 4.505 4.505 4.505 9.0 4.9983712 4.505 4.505 4.505 4.505 4.505 4.505 
9.0 6.5027577999999995 6.5027577999999995 6.91859025 8.58479685 3.5061210999999997 9.0 3.00668165 8.50056055 0.009999999999999787 6.00331835 0.009999999999999787 4.00556055 0.009999999999999787 3.5061210999999997 1.5083183499999997 1.0088788999999996 7.0022422 0.009999999999999787 3.5061210999999997 1.0088788999999996 8.0011211 3.5061210999999997 6.00331835 4.505 8.645794 6.52860405 7.0875573 8.29666735 5.5038789 9.0 2.0077577999999994 9.0 
9.0 8.9175617 4.5442863 8.91472985 4.3333809 8.89054675 4.24882995 8.81781765 4.19165355 8.955229800000001 4.30241035 8.762349350000001 4.0059651 8.70193655 3.9300895 8.740054149999999 3.98434415 8.0867059 3.64196 8.4729163 3.72345435 8.38225215 3.6626819499999996 8.48249065 3.6199794499999998 8.18249435 3.5549368 8.0356427 3.4323132 7.96214945 3.46687975 7.84581885 3.4306050999999997 
9.0 8.4967398 6.219303099999999 7.4683737 7.62592345 5.8152026 8.4557454 4.2026663 8.55656825 2.7251148499999998 8.12082295 1.6023986999999997 7.0447649 0.7759479999999996 5.7144247 0.9566469999999998 4.13618525 1.6830389999999995 3.1141571 2.40866685 2.0055552499999996 3.7656174499999997 1.6130069000000002 4.9348119 1.7605777499999995 5.8717497 2.3297795999999997 6.44805365 3.1637819 6.6189535500000005 4.07972805 6.3997323999999995 5.0693922 
9.0 8.7326374 4.43618155 8.7379415 4.54999495 8.7749803 4.4388336 8.8147161 4.4573529999999995 8.759112949999999 4.3382355 8.87292635 4.42557335 8.86762225 4.33027935 8.79615175 4.3223232 8.7855885 4.29324055 8.74059355 4.40705395 8.67703425 4.30645585 8.64260255 4.3038038 8.67164025 4.24307635 8.565872899999999 4.16881895 8.63999545 4.1793822 8.64260255 4.1714709999999995 
9.0 8.4655445 4.505 8.767024150000001 4.3816572 8.7122301 4.450161 8.561467799999999 4.5872135499999995 8.561467799999999 4.5872135499999995 8.7258949 4.54612925 8.8081534 4.51870975 9.0 4.6283427999999995 8.73960465 4.450161 8.5888873 4.61463305 8.61626185 4.7516856 8.98629025 4.7242660999999995 8.5354867 4.6050587 8.5888873 4.54612925 9.0 4.7516856 8.89036695 4.450161 
9.0 4.505 4.505 4.505 4.505 4.505 4.505 0.68425 0.009999999999999787 4.505 4.505 9.0 0.009999999999999787 4.505 4.505 0.009999999999999787 0.009999999999999787 0.009999999999999787 0.009999999999999787 9.0 0.009999999999999787 1.8079999999999998 0.009999999999999787 9.0 9.0 0.009999999999999787 3.606 9.0 0.009999999999999787 4.505 9.0 4.505 4.505 
9.0 8.88820935 4.5369145 8.93612605 4.5928322999999995 9.0 4.5928322999999995 8.9680855 4.57687505 8.80837815 4.60878955 8.8722521 4.6646624 9.0 4.6726635 8.90421155 4.60078845 8.93612605 4.7604958 8.8722521 4.7205802 8.7525053 4.7524947 8.92812495 4.6646624 8.889423 4.7961411499999995 8.76846255 4.87228645 8.9600844 4.78445415 8.9520833 4.95211765 
9.0 8.40167055 6.1209525 7.7420293000000004 7.50168165 6.17718495 8.238052549999999 4.8936377 8.36589035 3.4208958999999997 8.37613895 2.1782531499999997 7.54258615 1.4163057000000001 6.3715038 1.0429959499999994 4.9499151 1.38560485 3.8913425999999998 2.2805144 2.60779535 3.0424618499999996 1.9123289499999996 4.3771622 1.8100676999999998 5.195432 2.11694135 5.95728955 2.8378943999999997 6.58119555 3.6203390499999997 6.3459722 4.586809 
9.0 6.7524999999999995 4.505 6.2443852 4.97405325 6.7133935000000005 4.7981639 6.61571715 4.32911065 6.1075574 3.93822545 6.5570574 4.71999585 6.77205325 4.62227455 6.1075574 5.3844467499999995 6.4007213 5.16949585 6.4007213 4.38772545 5.9512213 3.9968852 6.63522545 4.4658935 6.38341555 4.8155146 6.2443852 4.68088935 6.08800415 5.16949585 6.51799585 5.28672545 
9.0 8.62543165 5.81605665 8.25081835 3.7558183499999998 7.688943350000001 5.62875 8.438125 4.13043165 8.62543165 4.69230665 8.25081835 5.066875 7.688943350000001 4.505 8.438125 4.69230665 9.0 4.8795683499999996 7.50168165 4.13043165 7.87625 5.25418165 8.25081835 3.9431249999999998 8.2716302 4.7523598499999995 9.0 5.44144335 7.688943350000001 4.505 7.688943350000001 4.69230665 
9.0 9.0 2.8041818999999997 7.42068175 5.8413635 7.42068175 3.4116362 8.3925457 5.35540905 9.0 3.29013635 6.813227449999999 4.505 7.2991819 4.26204525 5.9628184 3.5330911 7.733893350000001 3.7109132999999996 7.2991819 4.74795475 7.9066361999999994 5.1124543 6.08431825 3.1686365 7.24834345 3.5087731499999997 7.1335861 3.46993635 7.78513635 1.8323179500000002 6.813227449999999 3.4116362 
9.0 9.0 4.1133057 9.0 3.72902815 8.39924325 0.8290339499999999 8.767024150000001 7.2493323499999995 8.79651135 2.6448791 8.4824457 3.0784668 8.45776815 3.45168665 8.14824245 1.710009 5.05541275 0.009999999999999787 8.5632658 5.00183235 7.30794715 0.9743123499999999 6.99473555 0.7800834000000001 6.6687132 0.6130941499999998 6.3322175 0.47415369999999957 5.9876308 0.3638463999999999 3.9053220499999997 0.009999999999999787 
9.0 8.62992665 5.3230001 8.3747455 6.10265785 7.78064135 6.56132765 7.221103749999999 7.64543175 6.7694012 7.8727439 6.127695 8.18168525 5.2090968 8.2609321 4.5228002 8.3351895 3.7682694999999997 8.00449235 2.8869797999999998 7.92987535 2.56823935 7.44405575 2.116357 6.927175699999999 1.7932563999999998 6.3466914 1.60523055 5.7338431 1.5513354999999995 5.11933165 1.6256827999999999 4.7474603 
0.01 0.009999999999999787 0.009999999999999787 9.0 9.0 9.0 0.009999999999999787 0.009999999999999787 9.0 9.0 0.009999999999999787 0.009999999999999787 0.009999999999999787 4.505 4.505 9.0 9.0 0.009999999999999787 0.009999999999999787 9.0 0.009999999999999787 9.0 0.009999999999999787 9.0 9.0 9.0 0.009999999999999787 9.0 0.009999999999999787 0.009999999999999787 9.0 9.0 0.009999999999999787 
9.0 0.009999999999999787 0.009999999999999787 4.505 4.505 6.7890893000000005 0.9763350999999996 7.2283407 5.98381005 0.009999999999999787 2.6455083999999998 4.505 4.505 4.505 4.505 9.0 3.3043854999999995 6.1448659 1.6498659 8.8682066 0.009999999999999787 0.009999999999999787 0.009999999999999787 9.0 1.8255754499999997 0.009999999999999787 0.009999999999999787 0.009999999999999787 0.009999999999999787 9.0 0.009999999999999787 4.505 4.505 
9.0 8.691957649999999 5.8212259 8.09726915 7.0112322 7.1998424 7.7232402 5.682824849999999 8.66966245 4.7133882 8.8538226 3.46049685 8.7810935 1.9911263 8.1467591 1.2088614499999997 7.30920575 0.4147747499999994 6.13219 0.3581826999999995 4.776498 0.29687090000000005 3.6132818999999996 0.7655195999999997 2.3965753 1.57583325 1.3784578 2.65202615 0.6516612500000001 3.8941295 0.28181265 4.95481465 0.24270615000000006 
9.0 3.3063183499999997 6.303 3.27773015 5.05154705 3.7058789 4.3052421999999995 4.7833304 4.19578895 4.70552195 4.62074625 4.46521925 4.6275337 4.4337093 4.4975382999999995 4.5008196499999995 4.4653091499999995 4.5261265 4.49812265 4.5112030999999995 4.5156981 4.4998757 4.5095849 4.50189845 4.5027525 4.50585405 4.50306715 4.5061687 4.50522475 4.505 4.50567425 4.5046403999999995 4.5050899 
9.0 9.0 4.58181955 8.82986425 4.3637671 9.0 4.3505518 9.0 4.27705855 8.9562187 4.1862146 8.96282635 4.1003601 9.0 3.79807135 9.0 3.8641478499999997 8.924034500000001 3.9740056499999996 9.0 3.67257095 9.0 3.6387235999999996 8.95374645 3.5123691499999996 8.8422255 3.59507715 8.757225049999999 3.73532115 8.8397982 3.49088305 8.41614445 3.4578448 
9.0 7.9345052 4.1553789 9.0 3.1731314999999998 9.0 0.6509420499999998 8.100999999999999 4.77968945 6.5527422 2.5821289 9.0 3.93948405 9.0 0.75082095 6.71919205 4.5882474 8.2008789 4.2386263 8.91976425 3.6087869 9.0 5.49556315 7.6348685 3.3146790499999996 8.647052599999999 3.40152245 8.051060549999999 4.59656315 8.4377654 3.28663025 9.0 1.9411868499999998 
9.0 4.505 4.505 4.505 4.505 4.505 4.505 4.505 4.505 4.505 4.505 0.009999999999999787 9.0 9.0 6.984981400000001 4.505 4.505 4.505 4.505 4.505 4.505 4.505 4.505 4.505 4.505 9.0 9.0 4.505 4.505 4.505 4.505 4.505 4.505 
9.0 9.0 4.2081501999999995 9.0 7.33401815 9.0 4.93458715 9.0 5.416586 9.0 0.009999999999999787 9.0 2.68187295 9.0 3.7924975499999998 9.0 4.72503025 9.0 1.7388668999999997 9.0 3.3105436499999996 9.0 0.009999999999999787 9.0 1.8960120999999996 9.0 0.8473286 9.0 0.009999999999999787 9.0 0.97395275 9.0 2.3360725999999996 
9.0 9.0 9.0 9.0 6.8086875 7.314375 0.009999999999999787 9.0 9.0 4.617375 4.64546875 9.0 9.0 4.505 4.505 9.0 0.009999999999999787 9.0 9.0 9.0 9.0 5.9096875 9.0 9.0 9.0 9.0 9.0 9.0 9.0 0.26284375000000004 9.0 4.505 4.505 
9.0 8.53085685 6.20936915 7.530629449999999 7.6262381 6.1194242 8.4918852 4.31652465 8.70085775 2.75756875 8.2994093 1.4810336999999998 7.2954061 0.7885339999999998 5.8695021999999994 0.6325574999999994 4.26384325 1.1982982 2.9643387499999996 2.1775789 1.6981871499999994 3.4519114 1.1852177499999996 4.8156494499999996 1.1851727999999997 6.01221845 1.7047948000000002 6.8610093 2.6132343 7.25670415 3.7254321499999996 7.20528135 4.894267 
9.0 7.47893695 0.009999999999999787 9.0 9.0 9.0 1.4789210499999998 8.14114035 2.6869522999999997 9.0 0.009999999999999787 9.0 0.4875937499999994 9.0 7.80401535 5.29562555 7.6956409 9.0 8.0127182 9.0 8.3377966 9.0 0.009999999999999787 9.0 8.34179715 9.0 4.11973355 8.8193909 2.8755625 9.0 7.4387966 9.0 6.0662034 
9.0 8.947048899999999 4.60330565 8.6899349 6.037795 8.2764848 6.0882289 7.8630347 6.7033247 7.8126008 6.836961049999999 6.9806662 7.210046050000001 6.4436935 7.48235315 5.93441 7.671412849999999 5.78063605 7.60084135 4.84279925 7.8176352 4.7898931 7.7092158 3.7638194499999997 7.638644299999999 3.7608078 7.2249245 3.77640545 7.01343475 2.94447085 6.49156525 2.99993915 6.18905175 
9.0 8.557107649999999 6.3832807 7.387688450000001 7.908838749999999 5.873278 8.781902599999999 3.58581745 8.8442033 2.0110391499999998 8.154535450000001 0.8255278499999998 6.79515755 0.14547929999999987 4.97000775 0.39405279999999987 3.0930305999999996 1.3511731499999997 1.5625280499999996 3.0506877 0.5044949499999998 4.76863175 0.2719686000000001 6.50451085 0.8121776999999994 7.83601975 2.02236655 8.52420425 3.66331125 8.455790350000001 5.42013705 7.67644725 6.9705974 
9.0 8.886141649999999 5.0930359 8.735694 5.4056182 8.49579585 5.9545476 8.50595455 5.97535945 8.3504725 6.53750415 7.7547951 6.8551658 7.6490727 7.148959 7.1367326 7.51184035 6.70166155 7.6693901 6.49381275 7.568747050000001 6.09124055 7.9042089 5.7110984 7.9306395 5.2607443499999995 8.03541795 4.84199015 8.12073305 4.3718581 7.9977049000000004 4.04250945 7.842177899999999 
9.0 9.0 2.64150785 9.0 7.92708845 8.418347 5.34075535 9.0 4.05887125 8.723287800000001 6.6621505 7.4470674 3.782204 9.0 4.54451105 8.892704349999999 2.2518362999999995 8.10212375 3.40385985 8.46352175 3.6466797499999997 9.0 3.9515756 8.71200535 4.9849761 8.680405499999999 4.17915745 9.0 3.27395435 6.4814515 5.39721255 6.8146208999999995 4.2621801 
9.0 7.8350758 4.7285813 8.0593763 4.61930785 8.03694625 4.67549535 7.4820385 4.9521626 7.55265495 5.9052824 7.918233300000001 4.8352926 7.86254025 4.8844679 7.68211095 4.15200765 7.36440435 4.505 7.65244395 5.01540725 7.56982585 5.05271575 7.5173692 5.19925275 7.3889021 5.116679599999999 7.45852965 5.293378049999999 7.19116705 5.16563015 7.08760225 5.1843743 
0.01 9.0 0.009999999999999787 4.505 4.505 4.505 4.505 9.0 9.0 9.0 0.009999999999999787 1.2742187499999997 9.0 4.505 4.505 0.009999999999999787 9.0 9.0 9.0 0.009999999999999787 9.0 9.0 7.0334375 0.009999999999999787 9.0 9.0 9.0 9.0 0.009999999999999787 9.0 9.0 9.0 9.0 
9.0 6.0938026999999995 3.8861284 7.62394565 4.3960861499999995 7.57036525 4.3443487 7.009479150000001 4.22995095 7.2845282000000005 4.03450835 7.29635005 4.21161135 7.17327695 4.17735945 6.40508145 3.31791545 7.12167435 4.7293904 6.7406331999999995 4.11074355 6.58353295 4.10094445 6.5281096000000005 4.4796482 6.2646127 4.0987419 6.1046806 4.0417453 5.9538284 4.116766849999999 5.80598785 4.131915 
9.0 8.3834658 5.3729845 8.142354000000001 6.35464755 7.5257748499999995 7.01253575 6.95742705 7.6497919 6.15488975 8.16990835 5.38678415 8.35591145 4.32245805 8.3834658 3.73001705 7.9115357500000005 2.9722049999999998 7.46032765 2.33845495 7.0263354 1.7976615000000002 6.347770199999999 1.8424317000000001 5.66232765 1.6714418999999996 4.9013691 1.9320170499999998 4.1536707999999996 2.0387732999999995 3.60946115 2.5761056 3.0686676999999998 
9.0 0.009999999999999787 9.0 0.009999999999999787 5.1902178 5.7795123 9.0 0.009999999999999787 9.0 0.009999999999999787 0.009999999999999787 9.0 9.0 0.009999999999999787 3.4497538 5.77712995 0.009999999999999787 9.0 9.0 3.0934801 0.009999999999999787 0.009999999999999787 0.009999999999999787 9.0 0.009999999999999787 0.009999999999999787 4.3441689 9.0 0.009999999999999787 0.009999999999999787 3.05235085 5.17650805 9.0 
9.0 9.0 4.94420645 9.0 5.05325515 9.0 5.5197012999999995 8.937159900000001 4.92020315 8.7721035 5.36853445 8.6849904 5.5967456 8.51638295 5.77901785 8.34952855 5.70610895 8.2653372 5.99414855 8.25351535 5.9298251 7.86856355 6.28488515 7.92987535 6.0628771 7.5819174 6.426432699999999 7.3262418 6.5740934499999995 7.05775545 6.61913335 6.9436274000000004 6.793089849999999 
9.0 1.45132175 0.009999999999999787 0.009999999999999787 9.0 9.0 7.35109915 4.6629992499999995 0.009999999999999787 0.009999999999999787 0.009999999999999787 9.0 9.0 8.49130085 0.009999999999999787 0.009999999999999787 9.0 8.273608 9.0 9.0 0.009999999999999787 0.009999999999999787 0.009999999999999787 3.6574228 9.0 9.0 0.009999999999999787 0.009999999999999787 0.009999999999999787 0.009999999999999787 9.0 9.0 6.01581445 
9.0 6.3898434 5.0660659 6.07825 5.066875 5.5470309 5.76157725 4.3415618 6.4970941 4.70803915 6.1319203 3.64685955 6.0169382 3.9049175 5.7331239 4.62757865 6.32345225 2.94195365 5.07707865 3.6047414 4.7332561 3.6673118 6.1395618 3.87556515 4.2891501 4.05680355 4.1852257 0.009999999999999787 0.009999999999999787 4.3739258 4.1694932 4.4813563 4.2211856999999995 
9.0 6.7734467 3.745345 7.7163179 4.5730093499999995 7.69928185 4.6064970999999995 7.56452175 4.5626259 6.06094425 4.7564503 7.6087975 4.70246535 7.56613995 4.7323571 7.51768385 4.7608554 7.35496485 4.2954431 7.40440985 4.8131772 7.34031115 4.83677595 8.28228335 5.31702175 7.19907825 4.8782648 6.2233486 4.8088619999999995 7.0431467 4.9116177 6.9607084 4.9251027 
9.0 4.4212131999999995 4.12476795 4.505 4.505 4.505 4.505 5.0205765 3.2998905 2.45244815 2.7891686 4.505 4.505 2.9921628 6.2401599 2.8358716499999996 5.1800591 7.3695736 5.49906925 4.505 4.505 4.505 4.505 3.8396051499999997 4.4453963 5.43299275 4.4018847 4.505 4.505 5.25094525 5.5876657 4.1360504 6.2160217499999995 
9.0 8.31599585 4.9813801 9.0 6.2638935 9.0 0.009999999999999787 7.5138631 4.8836588 9.0 5.7203581 9.0 7.2288801 9.0 6.10103965 9.0 4.6251064 7.1311588 2.57102625 9.0 7.3591452 8.5113935 5.699995749999999 8.59693335 3.00668165 9.0 5.2215929 6.19876095 4.41748235 9.0 5.5147568 9.0 6.186534549999999 
9.0 8.71542155 4.4964595 7.23620695 6.4470198 8.654514299999999 2.70120145 8.69087885 5.2614186 8.82905515 4.91229195 8.985436199999999 4.8723314 8.6217907 4.73411015 8.3090286 3.3666861999999997 8.43268605 3.8540341 8.31995145 5.67967835 7.87989095 4.34133705 8.30538765 4.38862445 8.42882035 4.4015251 8.934552799999999 4.92685575 8.02534915 4.0467797 8.363552949999999 3.8431112499999998 
9.0 9.0 4.91364045 8.79570225 4.09635955 7.97842135 4.505 9.0 4.505 8.79570225 4.505 9.0 4.70929775 8.59135955 4.30070225 9.0 4.505 9.0 4.505 8.3870618 4.91364045 7.97842135 4.91364045 8.59135955 4.70929775 8.61976795 4.63522015 8.79570225 4.91364045 8.3870618 4.09635955 8.3870618 4.70929775 
9.0 4.505 4.505 2.9914435999999998 8.3431906 4.505 4.505 7.60066155 0.009999999999999787 8.868656099999999 5.91575575 3.3341424 1.8434206 3.14566705 7.45214675 8.73726725 5.24177545 4.505 4.505 4.505 4.505 3.6939671499999998 0.009999999999999787 4.505 4.505 9.0 0.009999999999999787 4.505 4.505 4.70489265 7.28655095 4.505 4.505 
9.0 6.6216954999999995 5.5276574499999995 6.4076436 6.0152301 5.6584619499999995 6.64547405 4.5882474 6.72872145 4.4098858 6.9308616 2.97099135 5.9082041499999995 2.6499135 5.967673 2.1861643499999994 4.8141661 2.2575 3.981782 3.8390657499999996 3.8509775 3.8390657499999996 2.7926297499999997 3.458564 4.51691175 4.6656512999999995 3.07833195 5.21849135 3.52989965 5.6228166 3.41096195 5.706064 4.69527335 
9.0 8.0933585 4.92829415 8.01689855 5.4334872 7.724678600000001 5.7666566 7.620934 6.3592774 7.46796915 6.7579839 7.1075151000000005 7.2385893 6.7169895 7.13210275 6.0042623 7.55535195 5.83493565 7.3614826 4.93647505 7.5662748 4.5978667 7.752008200000001 4.1117774 7.345075850000001 3.96897125 7.2332852 3.6857413 7.02287425 3.3580558 6.82895995 3.2761119499999998 6.41389165 
9.0 7.71986895 4.47591735 7.50168165 4.31589535 7.34165965 4.2722489 8.0108303 4.86869045 7.5307642999999995 4.94141955 7.4143887500000005 5.2178170999999995 7.2107203 4.417707099999999 6.94888655 4.30133155 6.6143237 4.0540616 7.4143887500000005 5.17417065 6.265197049999999 5.47965085 6.86159365 4.2576851 6.532469750000001 4.506798 5.9160704 4.1995198 6.7161354499999995 4.024934 5.87242395 4.2722489 
9.0 8.3127145 5.11330835 7.8150281 4.22851255 8.45489135 4.876287 8.5023136 4.0942019499999995 8.04413825 4.8051761 8.1310266 4.48922255 8.0678269 4.4576227 8.3600918 4.2996234499999995 8.4232915 4.34700075 8.1784039 4.0784245 7.696539899999999 4.7025103 8.39169165 3.8256257 8.15255765 4.2882511 8.02040465 4.47340015 7.90982765 4.2048239 8.3600918 4.22851255 
9.0 4.8958851999999995 4.5358357 5.13245705 4.31985095 4.9781437 4.1347019 5.0707407 4.2272989 5.55417795 4.4535772 5.06044715 4.854711 5.16329275 3.89813005 5.8113369 4.28901525 5.35873535 4.83416885 5.0295665 4.505 5.00902435 4.49470645 5.18387985 4.0421498499999995 4.88559165 4.56671635 5.00902435 4.2067118 4.9370144499999995 4.17583115 5.0295665 4.19641825 
9.0 2.0696090000000003 5.17300195 2.9881173 7.803206250000001 6.842939400000001 3.8787566 5.93841055 4.19884555 5.43739785 3.8231085 6.634191599999999 4.9085611 7.03779765 3.809174 5.24258455 6.5367849499999995 6.0218827 4.6580997 6.7733568 4.82508895 1.6382238500000001 1.7356305 9.0 7.45529325 6.3635926000000005 2.7017857999999997 3.8231085 5.006012699999999 4.61283505 7.0141089999999995 6.8708084 4.1014389 
9.0 3.583525 5.7973125 5.53885 4.9544999999999995 5.7748375 5.9321625000000004 5.9546375000000005 6.07825 6.1360107500000005 2.94896585 4.9207875 5.741125 4.077975 5.44895 4.1116874999999995 5.561325 2.96829435 5.9167895999999995 2.3474 4.1453999999999995 5.8493645999999995 5.9962612 1.8979 3.4261999999999997 5.9519405 3.22504875 2.39235 5.336575 3.2866752 3.1013013999999997 6.32300275 4.6420975 
0.01 4.505 4.505 4.505 4.505 4.505 4.505 9.0 9.0 9.0 9.0 4.505 4.505 4.505 4.505 2.819375 0.009999999999999787 0.009999999999999787 0.009999999999999787 4.505 4.505 4.505 4.505 0.009999999999999787 0.009999999999999787 0.009999999999999787 0.009999999999999787 0.009999999999999787 9.0 9.0 4.505 4.505 4.505 
9.0 9.0 4.40345795 9.0 4.3029947 9.0 4.204644099999999 9.0 4.10948495 9.0 7.02997635 9.0 3.9324269 9.0 3.8522361 9.0 5.96169465 9.0 3.71212695 8.976805800000001 3.65324245 8.802264950000001 3.60235905 9.0 0.35683419999999977 8.428236 3.5254046499999996 8.232254000000001 3.4994685 8.032631049999999 3.48171325 7.8309404 3.47200405 
9.0 7.568252599999999 4.9711315 7.96781315 4.66039215 7.43506575 4.8712526 7.2464106 4.4827946999999995 8.0565894 5.0377474 7.19089735 4.7269631 7.31298155 4.9378684999999995 8.0233264 3.71698155 7.82352365 4.0166632 6.6914579 4.5494106 7.2464106 4.8712526 7.50168165 3.927842 7.37159635 4.39482755 7.94560785 4.6048789 7.25751325 4.183158 6.8135421 4.29413955 
9.0 5.3406205 3.7558183499999998 4.505 4.505 4.505 4.505 4.505 4.505 4.505 4.505 5.0236331 3.64775855 4.505 4.505 4.505 4.505 4.505 4.505 4.505 4.505 4.2744964 4.2096335499999995 4.85799235 4.9083813 5.2829946 4.01517985 5.066875 4.93719425 4.6202518 4.2888804 5.2613736499999995 5.38381745 
9.0 4.8795683499999996 3.57520925 0.009999999999999787 9.0 0.009999999999999787 9.0 7.7357812500000005 6.62542635 0.81267215 1.68560115 0.009999999999999787 0.009999999999999787 0.009999999999999787 9.0 4.3812526499999995 7.1638824 2.61202065 2.61202065 1.1504713999999994 0.009999999999999787 0.009999999999999787 2.40129505 0.009999999999999787 5.5752595 9.0 0.009999999999999787 0.009999999999999787 2.7558157 0.009999999999999787 0.009999999999999787 0.009999999999999787 7.2675371 
9.0 9.0 4.80414225 9.0 3.6784594 9.0 3.276966 9.0 2.56734035 9.0 2.64636245 8.8306284 2.1732637 8.58245945 1.8521858500000001 8.515888499999999 1.5169937 7.6459262 1.31368485 7.68049275 1.0744159999999998 7.3404909499999995 0.8845471999999996 7.01622165 0.49869640000000004 6.62713445 0.616825 6.31661985 0.7438087499999999 5.8982702 0.5002696499999999 5.53862525 0.4973478999999994 
9.0 7.6265078 6.25306055 4.505 4.505 3.02448185 7.64435295 4.505 4.505 4.505 4.505 4.505 4.505 5.43254325 3.4169403 5.4503884 5.3790078 6.59198355 8.01896625 4.505 4.505 4.505 4.505 7.80491435 5.73577595 7.929740499999999 7.358965400000001 4.505 4.505 4.505 4.505 4.505 4.505 
9.0 5.9808883 4.6182739999999995 5.1898582 5.4614461 5.17560905 7.83143485 3.3495152999999998 8.6549638 4.0414756 5.376131 1.7472276 5.6640806999999995 0.27731764999999964 4.26186545 3.9153908499999996 3.8609114499999997 3.14234075 2.49955575 3.99216545 0.6574148499999999 4.6249266 3.4807692999999995 5.7609929 4.2220397499999995 6.02147815 3.9711738 5.74818215 3.99216545 5.1827561 5.1026552 5.05325515 5.4250366 
9.0 9.0 4.8816809999999995 9.0 5.28654565 9.0 3.9068053999999997 8.9178314 7.405174000000001 9.0 6.658284800000001 9.0 7.162129350000001 9.0 7.6855721 9.0 8.22582615 9.0 8.779700049999999 9.0 9.0 8.9119879 9.0 8.6234988 9.0 8.27626005 9.0 7.868248899999999 9.0 7.3978921 9.0 6.86393105 9.0 
9.0 0.009999999999999787 0.009999999999999787 9.0 9.0 9.0 3.85884375 4.505 4.505 0.009999999999999787 9.0 9.0 9.0 5.31036915 0.009999999999999787 0.009999999999999787 0.009999999999999787 4.8983125 0.009999999999999787 9.0 0.009999999999999787 0.009999999999999787 9.0 0.009999999999999787 0.009999999999999787 9.0 0.009999999999999787 0.009999999999999787 0.009999999999999787 9.0 9.0 4.505 4.505 
9.0 9.0 3.2271614 9.0 3.3656973 8.75830385 2.9275247 9.0 3.1310583 8.6734832 2.2998878499999997 8.5872691 2.5218509499999997 7.90874885 1.8574899499999997 7.6401726 1.8970459499999999 7.18505385 1.91682395 7.58223205 1.3146737499999999 6.95320175 0.5796513499999998 6.7171693 1.2086816499999995 6.1009048 1.0863726999999996 5.6895223999999995 0.9881569499999996 5.2513498 1.2171322499999997 5.1340303 1.3584999999999998 
9.0 8.335144549999999 6.2693774 6.25297065 7.9406184 4.9031671 8.95068985 2.5890062499999997 8.494042799999999 1.07850645 6.751601 0.3205146000000001 4.9890216 0.6437949999999999 3.1095721999999997 1.5369514999999998 2.0209731 3.6392629999999997 0.6364681499999998 5.7835578000000005 0.8867048 7.41097255 2.9214114999999996 8.0027393 3.4565862 7.7278251 5.46436785 6.2054585 7.126034499999999 5.38903165 7.48585925 4.00088575 7.42373835 
9.0 9.0 9.0 9.0 9.0 8.5958995 9.0 3.2926985 9.0 0.7673175999999997 9.0 0.009999999999999787 9.0 0.009999999999999787 7.7650437 0.009999999999999787 1.9078339499999997 0.009999999999999787 2.6147625999999997 0.009999999999999787 0.009999999999999787 2.1299319 0.009999999999999787 8.5511293 0.009999999999999787 9.0 0.009999999999999787 9.0 0.009999999999999787 9.0 2.9458642999999998 9.0 6.07128275 
9.0 8.75947255 4.5450954 8.87805065 4.493313 8.9515439 4.5217214 8.81125495 4.5768301 8.7327273 4.6636735 8.874724350000001 4.71711905 8.93819375 4.5885171 8.74275115 4.8257182499999995 8.934867449999999 4.4732652999999996 8.8997615 4.728851 8.8362921 4.8240551 8.6976663 4.86913995 8.78617285 4.7008022 8.88641135 4.5417691 8.903132750000001 4.82239195 9.0 4.493313 
0.01 4.505 4.505 4.505 4.505 4.505 4.505 4.505 4.505 4.505 4.505 0.009999999999999787 0.009999999999999787 4.505 4.505 9.0 7.87625 4.505 4.505 4.505 4.505 0.009999999999999787 9.0 4.505 4.505 9.0 0.009999999999999787 0.009999999999999787 0.009999999999999787 9.0 9.0 4.505 4.505 
0.01 4.505 4.505 4.505 4.505 4.505 4.505 4.505 4.505 4.505 4.505 9.0 9.0 9.0 9.0 9.0 0.009999999999999787 4.505 4.505 9.0 9.0 9.0 0.009999999999999787 9.0 9.0 9.0 4.505 9.0 9.0 9.0 0.009999999999999787 4.505 4.505 
9.0 8.47430975 3.5162798 9.0 6.13996635 8.209014849999999 5.3683097 8.3296157 4.77024995 8.5755821 4.3120746 8.33442535 5.62875 8.00647015 5.6432239 7.6158097 7.109403 7.6977985 6.2605672000000006 7.794261199999999 5.74449625 9.0 6.07245145 7.056362 6.84415305 7.643004449999999 6.89791325 8.14149995 7.1383507999999996 6.4390187 7.69298885 6.85862695 6.94061575 
9.0 6.54820225 4.91364045 7.3654382 4.91364045 5.73092135 5.3222809 7.3654382 4.505 6.1395618 4.09635955 6.54820225 4.09635955 6.6901094 4.44463215 7.3654382 3.6877191 6.54820225 4.505 6.1395618 4.09635955 5.73092135 5.3222809 6.1395618 4.09635955 6.0531679 4.4255284 5.73092135 4.505 6.1395618 4.505 5.80787575 4.4226516 
9.0 7.202 4.65481835 7.35181835 4.80468165 7.6515 4.80468165 7.6515 4.505 7.35181835 4.505 8.100999999999999 4.505 7.801318350000001 4.505 7.6515 4.9544999999999995 7.50168165 4.9544999999999995 7.801318350000001 4.35518165 7.95118165 4.505 7.35181835 5.10431835 7.4686433999999995 4.9620516 7.202 5.10431835 7.202 5.25418165 7.35181835 5.25418165 
9.0 0.009999999999999787 1.8225188499999998 4.505 4.505 0.009999999999999787 7.4049942 0.5899898499999998 9.0 4.505 4.505 4.505 4.505 4.505 4.505 4.505 4.505 4.505 4.505 0.009999999999999787 0.009999999999999787 4.505 4.505 5.84626305 5.55624565 9.0 6.82500435 4.505 4.505 4.505 4.505 4.505 4.505 
9.0 7.3597745 4.3077594 7.9450235 4.6384115999999995 7.266368399999999 6.1244586 7.4428421 4.4842331 7.390924849999999 4.8787143 8.0760977 2.5533608999999995 7.76463915 6.97567675 7.1833008 5.12787215 7.3597745 5.491203 7.3493910499999995 3.3630902000000003 7.69424745 5.19538705 7.411691749999999 5.543120249999999 7.59643625 5.3007948 7.27675185 4.84756395 7.4859042 5.3968529499999995 7.60893235 6.1556089499999995 
9.0 9.0 4.45200395 9.0 4.4895821499999995 9.0 4.43465325 9.0 4.43465325 9.0 4.37873545 9.0 4.4066943499999995 8.9922686 4.36623935 8.9787836 4.3594519 8.9691643 4.3498326 9.0 4.33054905 9.0 4.27849695 9.0 4.28335155 8.992897899999999 4.25656135 8.97303 4.2216352 8.95761215 4.21295985 8.95374645 4.2052734 
9.0 9.0 4.505 9.0 4.505 6.7524999999999995 6.7524999999999995 7.87625 4.505 8.60448495 5.0486253 8.50856165 5.1437395 8.4121439 5.2344486 7.87625 5.62875 7.87625 6.7524999999999995 7.87625 4.505 9.0 3.3812499999999996 6.7524999999999995 6.7524999999999995 7.8287828 5.6911406 7.87625 5.62875 7.635093250000001 5.8118763 7.53881035 5.86667035 
9.0 6.23651895 5.2046018 6.35896275 4.83731535 5.69433205 5.58941875 5.5544027 5.0996885 5.37950225 5.6418754 5.6069043 6.16657675 4.90725755 5.53691715 4.33009955 6.16657675 4.7323571 5.62438985 5.62438985 4.9422736 4.8548009 5.85174695 4.3928947 5.7852659 4.2342211999999995 5.6852072 3.8403693 5.1696307 4.08521195 5.9042036 3.6479833 5.7992903 
9.0 9.0 9.0 9.0 0.009999999999999787 9.0 0.009999999999999787 9.0 9.0 9.0 9.0 9.0 9.0 9.0 0.009999999999999787 9.0 9.0 9.0 9.0 9.0 9.0 9.0 9.0 9.0 9.0 9.0 6.7524999999999995 4.505 4.505 9.0 0.009999999999999787 9.0 0.009999999999999787 
9.0 4.47618705 2.2575 4.505 4.505 4.4185611499999995 9.0 4.505 4.505 4.505 4.505 4.505 4.505 4.505 4.505 4.505 4.505 5.9168795 8.683057550000001 2.9202428 7.84743705 2.94905575 0.8744334499999997 4.505 4.505 1.7388668999999997 2.1998740999999997 4.505 4.505 4.505 4.505 4.505 4.505 
0.01 4.505 4.505 4.505 4.505 4.505 4.505 4.505 4.505 4.505 4.505 4.505 4.505 4.505 4.505 4.505 4.505 4.505 4.505 4.505 4.505 4.505 4.505 4.505 4.505 9.0 9.0 4.505 4.505 4.505 4.505 4.505 4.505 
9.0 7.325387749999999 4.15245715 7.76607755 4.505 7.2372408 4.15245715 7.325387749999999 3.97616325 7.58978365 3.97616325 7.50168165 3.88806125 7.4135347 4.0643101999999995 6.9728449 3.97616325 6.9728449 3.53547345 7.149138799999999 3.6236204 7.50168165 3.44737145 6.5321551 3.3592245 6.86078455 3.3961734 7.06099185 3.09478365 6.44400815 3.53547345 6.620302049999999 3.2710775500000002 
9.0 9.0 4.0768962 0.009999999999999787 0.009999999999999787 0.009999999999999787 0.009999999999999787 9.0 5.9319827 8.16163755 7.929740499999999 0.009999999999999787 0.009999999999999787 0.009999999999999787 9.0 6.6340118 9.0 9.0 9.0 7.599313049999999 0.009999999999999787 0.009999999999999787 0.009999999999999787 8.23301815 6.1460346 9.0 9.0 9.0 6.7881903 0.009999999999999787 3.042327 0.009999999999999787 7.77875345 
9.0 9.0 3.7715958 9.0 4.04790345 8.99995505 3.82189485 9.0 3.63849885 8.73277225 2.92496255 8.80828825 3.1661642499999996 8.71766905 2.9581806 8.7521457 3.2416353 8.55665815 2.55493415 8.37263285 2.3785054 8.23526565 2.202661 8.284396000000001 2.38619185 7.9312688 1.8812685 7.45924885 1.4127096999999997 7.593694299999999 1.60406185 7.4144786499999995 1.4831913 
0.01 9.0 0.009999999999999787 9.0 9.0 0.009999999999999787 0.009999999999999787 9.0 0.009999999999999787 4.505 4.505 4.505 4.505 0.009999999999999787 9.0 9.0 0.009999999999999787 9.0 0.009999999999999787 1.13375 9.0 9.0 0.009999999999999787 9.0 0.009999999999999787 9.0 0.009999999999999787 0.009999999999999787 0.009999999999999787 4.505 4.505 9.0 0.009999999999999787 
0.01 0.009999999999999787 0.009999999999999787 4.505 4.505 0.009999999999999787 9.0 9.0 2.819375 4.505 4.505 4.505 4.505 4.505 4.505 9.0 0.009999999999999787 0.009999999999999787 0.009999999999999787 9.0 0.009999999999999787 4.505 4.505 9.0 0.009999999999999787 0.009999999999999787 9.0 0.009999999999999787 0.009999999999999787 4.505 4.505 0.009999999999999787 9.0 
0.01 4.505 4.505 9.0 9.0 4.505 4.505 9.0 9.0 4.505 4.505 9.0 0.009999999999999787 4.505 4.505 4.505 4.505 4.505 4.505 4.505 4.505 4.505 4.505 4.505 4.505 9.0 0.009999999999999787 4.505 4.505 0.009999999999999787 9.0 4.505 4.505 
9.0 8.6033612 4.1083612 8.86780205 5.29823265 8.20676735 4.9016388 8.6033612 4.37280205 8.86780205 3.7117673499999997 8.86780205 5.1660347 8.7356041 4.63719795 9.0 4.505 9.0 4.505 7.9423714499999996 5.03383675 8.47116325 4.63719795 8.3389653 4.63719795 8.67020185 4.6218699999999995 8.7356041 3.97616325 8.86780205 4.7693959 8.6033612 4.7693959 
9.0 9.0 9.0 6.154665 4.7818021 5.08903535 8.67244935 3.2650093 8.7121402 3.08786135 6.19894075 0.5857195999999996 6.1657227 0.3310778499999998 4.10642835 2.7557257999999996 2.9660918 2.4124876 0.7960856000000001 4.26141595 0.29785979999999945 5.6564391999999994 3.58608715 7.8219504 2.4395474999999998 8.34692145 4.19794655 9.0 9.0 6.2432165 4.5160577 5.3032221 8.0915605 
0.01 4.505 4.505 4.505 4.505 4.505 4.505 4.505 4.505 4.505 4.505 4.505 4.505 4.505 4.505 4.505 4.505 4.505 4.505 4.505 4.505 4.505 4.505 4.505 4.505 9.0 0.009999999999999787 4.505 4.505 4.505 4.505 4.505 4.505 
9.0 7.77407865 4.28025 8.51638295 4.6606169 9.0 7.77407865 7.4880618000000005 4.23939045 6.6707809000000005 3.7490309 8.182314550000001 4.9346770499999995 7.0589691000000006 9.0 6.77295225 5.4857191 7.5084691 4.9544999999999995 9.0 3.1565 8.9386882 0.009999999999999787 7.07942135 5.97607865 7.0663409 5.16455135 6.40517135 4.8727808999999995 6.7042686499999995 5.16320285 9.0 9.0 
9.0 9.0 4.86518435 8.855036250000001 4.4833340999999995 8.850900849999999 4.4725461 8.459700999999999 4.32866115 9.0 4.56878405 8.8285607 4.4404518 8.81781765 4.42988855 8.93244015 4.5500399 8.6022824 4.1072824 8.775969199999999 4.3987381999999995 8.7588882 4.38853455 8.9174718 4.59503485 8.7200514 4.3686217 9.0 4.24235715 8.6751913 4.3492932 8.6505587 4.33989865 
9.0 9.0 4.798883099999999 9.0 5.4375327 9.0 5.68633095 8.687642449999998 5.95297435 8.40544635 6.25980305 7.8975563 6.7561859 8.08099725 6.85682895 7.469632300000001 7.2359822000000005 7.094974049999999 7.336805050000001 6.65392465 7.5227182500000005 6.32785735 7.5993580000000005 6.0505607999999995 7.745085899999999 5.7506544 7.7587507 5.372355199999999 7.6821559 5.0161714 7.7723256 4.8192005 7.7164078 
9.0 9.0 4.7662493999999995 8.753898750000001 4.8384390999999995 8.9978424 5.0997334500000004 9.0 4.41910055 8.7683277 4.82113335 8.807299350000001 5.1632478 8.7690469 5.0095188 8.5907752 5.40934905 8.853507950000001 5.23611175 8.98629025 5.1458971 8.5857408 5.2426295 8.62543165 5.51327345 8.47961385 5.56451645 8.4861316 5.51686945 8.0256638 5.8344412000000005 8.2616513 5.9059117 
9.0 5.78198455 3.0747808999999995 4.505 4.505 7.5697809 0.009999999999999787 5.8841559 8.81269335 7.399510299999999 4.79443305 6.0714176 0.6910823999999995 4.505 4.505 7.1611404499999995 2.88747425 6.5311661999999995 0.8783441000000001 4.505 4.505 4.505 4.505 5.5946779 5.30524485 9.0 3.4323132 4.77744195 2.32559925 5.2371456 1.3550837999999996 4.505 4.505 
9.0 9.0 9.0 9.0 0.009999999999999787 4.505 4.505 4.505 4.505 9.0 9.0 9.0 0.009999999999999787 9.0 9.0 9.0 0.009999999999999787 4.505 4.505 4.505 4.505 9.0 3.2563788999999996 4.505 4.505 9.0 0.009999999999999787 9.0 9.0 9.0 0.009999999999999787 4.505 4.505 
9.0 8.75416845 4.3469558 0.009999999999999787 3.01252515 0.009999999999999787 4.43474315 8.877106699999999 4.5576814 8.70148705 4.41721265 0.009999999999999787 5.2424497 0.009999999999999787 4.48742455 8.78931935 4.3469558 8.6488506 4.3821067 0.04510594999999995 5.03176905 0.3085129499999999 6.0677316999999995 8.806849849999999 4.48742455 8.19274295 5.1234221 8.5610183 4.20648705 0.009999999999999787 3.6621875 0.009999999999999787 2.95984375 
0.01 9.0 9.0 9.0 0.009999999999999787 9.0 9.0 0.009999999999999787 9.0 4.505 4.505 9.0 9.0 4.505 4.505 4.505 4.505 0.009999999999999787 9.0 0.009999999999999787 9.0 9.0 9.0 9.0 0.009999999999999787 9.0 9.0 9.0 9.0 9.0 0.009999999999999787 0.009999999999999787 9.0 
9.0 8.8972443 5.36125255 8.22160085 6.58434205 7.73110645 7.1450034 6.6611616 8.2932961 5.91683455 8.669302850000001 4.96749055 8.72782775 3.9092327 8.2938355 3.065701 8.6234988 2.1610822499999998 8.07964875 1.4360836999999997 6.7303846 1.0255104 6.01248815 0.6673488000000001 5.30731255 0.7600357 4.4439579 0.8026483 3.63652105 1.48035945 2.9918931 1.8105621499999995 2.270985 
9.0 8.46442075 6.0886784 7.57908555 7.4325036 6.069979200000001 8.0912908 4.7671484 8.588347899999999 3.1662092 8.392725500000001 1.68955675 7.6330705 1.0390853 6.27193955 0.64815515 4.8829396 0.8352370499999999 3.42543585 1.60217395 2.2565111 2.7175183 1.4332518499999995 4.00394235 1.10979165 5.27099295 1.2908951999999996 6.33334125 1.9136774500000002 7.050338699999999 2.8524132499999997 7.3262867499999995 3.90694025 
9.0 4.61004815 4.4783896 4.0589162 3.96789245 4.47070315 3.9735112 5.1660347 4.80333315 4.6751807 4.2217251 4.505 4.505 4.2994886 3.8064769999999997 4.4895821499999995 4.0466898 3.98470375 4.2616407 4.5876181 4.66992155 4.57327905 4.5449155999999995 4.66290935 4.43600175 4.359362 4.91957385 4.15173795 4.5379034 4.505 4.505 4.50324695 5.04489445 
9.0 4.505 4.505 8.951409049999999 3.4845001499999997 5.35540905 4.26204525 4.505 4.505 8.69627285 4.83300015 9.0 3.606 9.0 4.82086365 9.0 3.99477255 4.505 4.505 9.0 3.55740905 9.0 2.6340911 4.505 4.505 9.0 3.7153184 4.505 4.505 9.0 3.3387272999999995 5.80490905 3.8003638 
9.0 7.2711331 5.35558885 8.01815715 4.585011 7.9879957 4.62398265 7.43021115 4.0416554 7.9903331 4.8646 7.82954695 4.732447 7.755873899999999 4.7646312 7.58924425 4.10391115 7.2780553999999995 5.2380446 7.48217335 4.84540635 7.3763161 4.86644295 7.208922299999999 4.17996655 7.14819485 4.89907665 6.980711149999999 5.6598554 6.90483555 4.91885465 6.779874550000001 4.9240239 
9.0 8.4416311 4.67252865 8.54829745 4.52041785 8.5149895 4.5279245 8.38575825 4.505 8.77664345 4.84001235 8.41659395 4.5496802999999995 8.38431985 4.55673745 8.27410245 4.22581555 8.3578443 4.6166558 8.2889809 4.57705485 8.2576957 4.58361755 8.078659850000001 4.3095574 8.19588945 4.59638335 8.1903606 4.8958851999999995 8.135027149999999 4.6087446 8.1049556 4.61472295 
0.01 9.0 9.0 9.0 0.009999999999999787 4.505 4.505 4.505 4.505 9.0 9.0 9.0 9.0 0.009999999999999787 0.009999999999999787 9.0 0.009999999999999787 0.009999999999999787 9.0 4.505 4.505 9.0 0.009999999999999787 9.0 0.009999999999999787 9.0 9.0 0.009999999999999787 0.009999999999999787 4.505 4.505 4.505 4.505 
9.0 6.60798575 5.0132946 7.1561509999999995 4.53489175 6.9966684 4.8139863 6.6578353 3.87709345 6.88703535 4.5647835 7.3754171 3.7774392999999997 7.55481255 4.3554962999999995 6.95679775 3.8970512499999996 6.88703535 4.2957127999999996 6.6578353 3.6279356 6.7873812000000004 3.8970512499999996 6.36876185 3.59804385 6.9291535 3.99009775 7.1960216500000005 4.3754541 6.91697205 3.9767476 7.03653905 4.30564675 
9.0 8.41066055 4.1853605499999995 9.0 4.3928947 9.0 4.19533945 8.4506211 4.5149789 8.260842199999999 4.2153422 9.0 4.17744935 9.0 3.606 8.41066055 4.74471835 8.4606 4.3351789 9.0 3.9869063 9.0 3.66591835 8.3007578 4.6648422 9.0 3.8684181 8.2008789 3.84571835 9.0 3.80337545 9.0 2.5172210999999995 
0.01 9.0 9.0 9.0 0.009999999999999787 9.0 0.009999999999999787 9.0 9.0 4.505 4.505 9.0 0.009999999999999787 4.505 4.505 4.505 4.505 4.505 4.505 0.009999999999999787 9.0 9.0 9.0 4.505 4.505 9.0 9.0 4.505 4.505 0.009999999999999787 0.009999999999999787 4.505 4.505 
9.0 9.0 6.82059925 6.54820225 6.00331835 4.77744195 6.1395618 3.0619252 7.789136900000001 2.4617977499999997 6.68440075 1.9169587999999997 4.505 1.9169587999999997 3.96016105 3.00668165 2.32559925 4.09635955 0.6910823999999995 6.68440075 1.9169587999999997 7.0930412 2.5980412 9.0 2.7342397 7.78459695 5.05927845 8.863801500000001 7.0930412 5.5946779 6.1395618 4.91364045 6.00331835 
9.0 8.86213835 4.5443762 9.0 4.54289285 8.9396771 4.47070315 8.9041666 4.3771622 8.991909 4.3472254999999995 9.0 4.44786855 9.0 4.3889840499999995 9.0 4.45218375 8.93190075 4.5061237499999995 9.0 4.3875906 9.0 4.2917572 8.82105405 4.30151135 8.9635006 4.34888865 8.866049 4.3936139 9.0 4.33171775 8.928979 4.3201656 
9.0 9.0 5.58726115 8.991684249999999 4.52158655 8.1119678 3.15052165 8.54685905 3.4493042999999997 7.68040285 3.42273885 7.82478225 3.13227195 7.7185654 2.8832939 6.6263703 1.7545544499999997 6.32426135 2.0300979499999996 7.24879295 2.7372064 6.8952612 3.03598905 5.5822717 2.1612171 5.8178996000000005 2.3298695 5.07932615 2.7455221499999998 5.20878215 2.19776145 5.3299673499999995 2.41019515 
9.0 7.28547215 4.9927075 7.682695300000001 4.19327175 7.6675921 4.5804260999999995 7.8435713499999995 4.5150688 7.69775355 5.2139514 7.7228806 4.4949312 8.0899423 4.80167 8.26592155 3.7608527499999997 7.592166 4.097753 7.3156336 4.4446771 7.2452419 5.03293775 7.70782235 4.0776154 7.64453275 4.4297986499999995 7.350829449999999 4.7212095 8.04971205 4.27373225 7.43632435 4.2938249 
9.0 8.26322455 5.09901425 7.74908645 4.77735205 7.464013550000001 4.87875925 5.5787656 5.08759695 6.47547315 5.4188335 6.726339100000001 5.0752357 6.51637765 5.11213965 5.8243724 4.6363439 6.6697021 5.2132322 5.98093325 5.1619892 5.830800249999999 5.1629781 5.6932982 5.1581235 5.56766295 5.1484143 5.69298355 5.23035815 5.34857665 5.1177584 5.25364225 5.0982501 
9.0 9.0 0.34923765000000007 9.0 7.8974664 6.7101121500000005 4.250583 7.3037668 4.505 9.0 4.5025727 6.54047085 4.84423765 7.3037668 4.250583 8.9495661 4.50117925 6.8797085 4.505 6.8797085 4.84423765 8.7837905 4.4999655999999995 9.0 8.06706275 8.649030400000001 4.4992464 8.745583 0.009999999999999787 9.0 6.4556502 6.4556502 3.9961210499999997 
9.0 8.7290414 5.7672859 8.1228457 6.87930395 7.11960665 7.79313745 6.07649695 8.12396945 4.99032515 8.56861485 3.60532575 8.520608249999999 2.7191365 8.19822685 1.8603667499999998 7.33087165 1.0750902499999997 6.3195416 0.8522730999999997 5.3540156 0.8498008499999998 4.3124342 1.1214786499999998 3.29660915 1.6624968499999997 2.4176119 2.4183310999999996 1.7430022999999997 3.3188144499999996 1.3209667499999997 4.10328185 1.30127865 
9.0 8.53202555 6.2709057 7.47749855 7.7325897999999995 5.83196895 8.5875388 4.28982435 8.74895425 2.4496612499999997 8.307994749999999 1.014183 7.13506945 0.3327859499999999 5.63472835 0.35692409999999963 3.8165907499999996 1.0859231999999999 2.3292401999999996 2.2156515499999996 1.0799448499999995 3.8354697499999997 0.5228345499999998 5.47506595 0.6526501499999999 6.89764355 1.4217446499999995 7.8693276999999995 2.6775127999999997 8.242232900000001 4.18904645 7.9599469 5.7602737 
9.0 8.76180995 4.5034716999999995 8.69465465 4.3599463499999995 8.78320615 4.35077655 8.8015008 4.6149477 8.7358738 4.5843817 8.66714525 4.7157256 8.7282323 4.43932805 8.767923150000001 4.5950798 8.7205908 4.56761535 8.6136997 4.85008115 8.5266765 4.7813526 8.7297606 4.64852535 8.66238055 4.6192629 8.645794 4.6057779 8.66103205 4.5248679 8.67173015 4.47906385 
0.01 9.0 0.009999999999999787 9.0 9.0 9.0 9.0 9.0 9.0 9.0 9.0 9.0 0.009999999999999787 9.0 0.009999999999999787 9.0 9.0 9.0 0.009999999999999787 9.0 9.0 9.0 9.0 9.0 0.009999999999999787 9.0 9.0 9.0 0.009999999999999787 9.0 9.0 9.0 0.009999999999999787 
0.01 0.009999999999999787 9.0 9.0 0.009999999999999787 0.009999999999999787 9.0 4.505 4.505 9.0 9.0 0.009999999999999787 3.6621875 9.0 9.0 0.009999999999999787 0.009999999999999787 9.0 0.009999999999999787 0.009999999999999787 0.009999999999999787 9.0 9.0 9.0 0.009999999999999787 9.0 9.0 9.0 9.0 4.505 4.505 0.009999999999999787 0.009999999999999787 
0.01 9.0 0.009999999999999787 9.0 0.009999999999999787 9.0 0.009999999999999787 9.0 0.009999999999999787 9.0 9.0 9.0 9.0 9.0 0.009999999999999787 9.0 9.0 9.0 9.0 9.0 9.0 9.0 0.009999999999999787 9.0 0.009999999999999787 9.0 0.009999999999999787 9.0 7.45484375 4.505 4.505 9.0 0.009999999999999787 
9.0 8.450351399999999 4.1385676 8.254908799999999 4.83479815 8.31599585 4.6882162 7.9739713000000005 4.4072787 7.9739713000000005 4.24847035 8.20604815 4.0286199 7.55867825 4.48059215 8.46253285 3.5644662 8.254908799999999 4.65158195 8.38926435 4.2362889 8.87787085 3.2468944499999997 8.3281773 3.6621875 8.26753975 4.04601555 8.3648565 4.35841805 8.03505835 4.0163934999999995 8.0594662 4.48059215 
9.0 8.74526835 6.2389013 6.67442185 7.4058033000000005 5.4746614 7.989254300000001 1.99045205 7.42221005 1.19330875 6.3950576 1.0865075499999999 4.505 1.6863652999999998 3.10799895 2.77932455 1.7110428500000001 3.92977485 1.3905493499999997 6.74840955 1.6452809999999998 7.7180709499999995 2.812183 7.824872149999999 4.2584941999999995 7.2064051 5.8707608 6.55116895 7.2250144 4.6282529 6.95383105 3.5353385999999998 6.77304215 
9.0 9.0 5.23296525 9.0 4.2551679 9.0 4.56671635 9.0 3.9497776 9.0 4.43708055 9.0 4.42719155 9.0 4.2184887 9.0 4.18329285 9.0 4.770205 9.0 4.0506454 9.0 4.38430925 9.0 3.4721389 9.0 4.19830615 9.0 4.87804005 9.0 3.8669797 9.0 4.170616949999999 
9.0 8.651502650000001 3.6308124 8.839034049999999 3.7105536999999997 8.4167288 3.4890401 8.177504899999999 3.2882035 8.06823145 3.20554045 7.6650749000000005 2.27372695 7.3520431 2.25898335 6.1795672999999995 1.3257314500000001 5.7217965 1.26370045 6.3257446999999996 2.0699685999999997 6.0112295499999995 1.8218895499999994 5.1680125 1.6461350499999998 4.9235744 1.8264744499999996 4.1830681 2.0359864 4.422292 2.0743736999999998 4.16980785 2.3519848999999997 
9.0 7.5705001 3.7267357 8.2058234 5.4897646 6.60160285 5.9821469 5.66448525 7.1257648 9.0 3.8220297 4.552647 6.50630885 4.552647 6.25216155 5.34471095 6.3555016 4.97998665 6.1390673499999995 4.69940875 5.886987749999999 4.50126915 5.6258732 4.3763531 5.37725475 4.3110857 5.15592095 4.29018395 4.97018755 4.29890425 4.8225268 4.32461565 4.7111407 
0.01 0.009999999999999787 9.0 0.009999999999999787 0.009999999999999787 4.505 4.505 0.009999999999999787 9.0 9.0 0.009999999999999787 0.009999999999999787 0.009999999999999787 0.009999999999999787 9.0 4.505 4.505 0.009999999999999787 0.009999999999999787 0.009999999999999787 9.0 4.505 4.505 9.0 0.009999999999999787 9.0 9.0 9.0 0.009999999999999787 9.0 9.0 4.505 4.505 
9.0 8.32633435 4.58631455 8.64988445 4.5704472 8.642467700000001 4.602991 8.674786749999999 4.8650495 8.44248515 5.0160815 8.602686949999999 4.699184 8.583673099999999 4.7305591 8.43088805 4.6327479 8.8141767 4.505 8.50991015 4.82176265 8.4799285 4.85098015 8.26825895 4.99284235 8.41218885 4.9073025 8.44248515 4.8999307 8.3346501 4.9605233 8.2923971 4.9858751 
9.0 9.0 2.47501305 9.0 9.0 7.7061592 0.009999999999999787 4.505 4.505 4.505 4.505 4.505 4.505 0.009999999999999787 5.1574942 6.9365253 2.7371165 0.009999999999999787 2.05670835 1.35962375 9.0 4.505 4.505 9.0 8.58174025 6.82500435 9.0 9.0 3.60154995 5.659405899999999 9.0 3.0494291 9.0 
9.0 8.52824975 4.3625983999999995 8.43924875 4.75424775 8.52824975 4.5673007 8.67955145 4.6296014 8.60835065 4.4604995 8.73295205 4.4337992 8.63505095 4.6563017 8.71515185 4.505 8.74185215 4.5673007 8.57275025 4.5406004 8.49264935 4.4248991 8.51934965 4.6118011999999995 8.5056399 4.57741445 8.46594905 4.5139001 8.430348649999999 4.6919021 8.403648350000001 4.6118011999999995 
9.0 9.0 4.5244633499999996 9.0 4.45065545 9.0 4.371948 9.0 4.1897207 8.90286305 4.2237928 9.0 4.2108472 8.87688195 4.14913085 8.66561695 3.8907582499999998 8.7385708 3.86100135 8.98152555 3.8645524 8.76693425 3.8952532499999997 8.526631550000001 3.56774755 8.50856165 3.69999045 8.3546978 3.6710876 8.27077615 3.60146005 8.27482165 3.5715683 
9.0 5.70368165 4.0555 6.90231835 4.505 6.00331835 3.90568165 6.15318165 5.02943165 7.05218165 4.57993165 7.72643165 4.8795683499999996 7.6515 4.20531835 6.90231835 5.404 6.37793165 4.43006835 5.92843165 5.404 7.6515 4.505 5.62875 5.10431835 6.5823193 4.74948305 6.303 4.65481835 6.602681649999999 4.65481835 6.37793165 4.28025 
9.0 8.7571801 4.38430925 0.009999999999999787 5.67958845 2.86913465 6.10697305 7.6181471 1.6539563499999996 9.0 4.35428265 3.200551 4.4802775 2.0394026 5.199567399999999 8.636848950000001 2.4251635 9.0 2.2384411999999996 3.1684117499999997 3.0911427 1.1848131999999998 6.18437695 8.2750464 2.4043067 6.8517496 1.8920564999999998 9.0 1.74538465 4.0719517 5.42544115 4.23004085 6.38898935 
9.0 6.63279815 5.38273865 4.78427435 3.6804821499999996 7.3061042 4.5502196999999995 6.5530119 4.3055119 7.0450795500000005 4.58478625 6.51314125 5.74179925 7.7233301 4.3321223 7.00516395 5.0635487 6.366829 5.0236331 6.87687665 4.6327479 6.80567585 4.02623755 6.65940855 4.39860335 6.595804299999999 4.65149205 6.9120725 5.6354026 5.94128735 3.85335985 6.06094425 4.4916948 
9.0 8.785004149999999 4.8014452499999996 8.7129493 5.0906985 8.5952702 5.3658824 8.32040095 2.2592081 8.55153385 7.261334 8.00826815 6.0480436 7.7528173 6.2125606 7.47821775 6.3409378 8.7964664 7.1957968999999995 6.8989471 6.4867556 6.60744635 6.50576945 6.322778 6.4917450500000005 6.0501113 6.44778395 8.565333500000001 9.0 5.55705475 6.285919 5.3425084 6.17673545 
9.0 7.3872839 4.56806485 6.0398627 4.39536695 6.87615745 4.6607967 5.3820644 5.05316525 6.45191935 4.71873725 5.49169745 4.7242660999999995 5.8205966 4.505 6.14949575 4.505 5.93022965 4.83389915 5.71096355 5.05316525 5.5702251 4.76629435 5.49169745 4.9435322 5.3727148 4.75856295 5.2875795 4.7524048 5.3820644 4.505 5.27243135 4.83389915 
9.0 7.9232677 4.5540854 8.38575825 4.5165971 8.36265395 4.5222608 8.1004606 4.6085648 8.1686048 5.0474566 8.2401652 4.5384428 8.18258425 4.5433873 8.22582615 4.1915187 7.945068450000001 4.67945095 7.96520605 4.5566026 7.87944145 4.5603784 7.972353099999999 4.4913801499999995 7.6913257 4.56680625 7.47893695 4.54316255 7.485095100000001 4.5717058 7.37672065 4.57354875 
9.0 8.679506499999999 5.9957218 7.9287516 7.30758755 6.72125975 8.2927567 5.4755604 8.78392535 3.8776778 8.82770665 2.3832701 8.2623705 1.3249223499999996 7.4487755 0.5730436999999999 6.1569125 0.37796070000000004 4.7564952499999995 0.4674111999999999 3.3285236499999997 1.1800934500000002 2.07459845 2.22347285 1.14566175 3.50158115 0.6338160999999998 4.8560595 0.58720295 6.12414395 0.9963378499999997 7.1753446499999995 1.7958634999999998 
9.0 8.97927805 4.24028945 8.33667285 4.6086547 8.2537401 2.8100254 9.0 4.674012 8.33667285 3.70691275 7.19098725 2.48472225 7.2260932 2.78687615 8.2968022 2.7725371 7.1216294 3.0579696 7.0658464500000004 3.1711536999999996 6.1657227 2.37630285 7.058654450000001 2.20486355 6.3514561 2.4297484 5.4609067 2.9726545 6.40490165 2.05580935 5.34291295 2.468765 
9.0 8.9182809 4.505 8.48878365 4.64573845 8.38189255 4.7105114 8.100999999999999 4.505 7.61064045 4.70929775 8.07146785 4.8841982 7.9714541 4.93557605 7.324578649999999 5.64920225 7.5697809 5.07707865 7.6817963 5.0717296 7.5887498 5.11151035 7.85579775 5.526578649999999 7.40791595 5.1832056 7.52892135 4.62757865 7.23413925 5.24510175 7.149858 5.2726111499999995 
9.0 9.0 7.3614826 9.0 9.0 7.97167885 9.0 3.00668165 9.0 0.009999999999999787 9.0 4.505 9.0 0.009999999999999787 9.0 0.009999999999999787 4.505 0.009999999999999787 1.5083183499999997 0.009999999999999787 0.3455067999999999 0.009999999999999787 3.00668165 3.00668165 0.009999999999999787 5.36961325 0.009999999999999787 9.0 0.009999999999999787 4.505 0.009999999999999787 9.0 1.5083183499999997 
9.0 6.0644953 5.4223396 6.61490805 5.6058255 6.3396792 5.4223396 6.61490805 6.5231651 5.8810094 7.1653208 5.05541275 6.9818349 4.505 6.798349 4.2298161 6.9818349 3.5876604 6.9818349 3.22073355 6.5231651 3.22073355 5.97275235 1.7529811999999998 5.5140825499999995 2.41127395 5.17453025 1.8446791999999999 5.33059665 2.9455047 4.505 3.31243155 3.4041745 
9.0 8.6542446 5.19952245 8.38863505 5.84257715 7.767560899999999 6.1587105 7.6779306 7.0595085 7.087332549999999 7.32421905 6.4499865 7.861686199999999 5.93013975 7.54798015 5.3648036 7.9579691 4.7156357 7.92888645 3.9627232 7.96475655 3.67436895 7.71114865 3.18836955 7.4585746 2.7610298999999996 7.136957349999999 2.4013849499999997 6.75838845 2.1160873 6.3359034 1.97741655 6.08252025 
9.0 8.553691449999999 4.58469635 9.0 4.42530365 8.553691449999999 4.53686955 8.3146024 4.7600463 9.0 4.6643927 8.904346400000001 4.5528268 8.888434100000001 4.6643927 9.0 4.36156455 8.5377342 4.36156455 8.3783415 4.85565495 9.0 4.919439 8.553691449999999 4.7122195 8.74400975 4.65095265 8.76091095 4.6165658999999994 9.0 4.5528268 8.71308415 4.6006536 
9.0 8.31869285 4.8103903 8.1262619 4.40165995 7.967543450000001 4.35670995 7.504288750000001 4.207431 7.183210900000001 4.1604133 7.5283370000000005 4.24559355 7.393487 4.2156119 6.26699505 4.7086235 7.7078673 4.5676603 7.0208515 4.14364695 6.9066785 4.1250376499999994 6.6193580999999995 3.4791511 6.69222205 4.0946964 6.86995435 4.12126185 6.49525115 4.07253605 6.40292385 4.0641304 
9.0 5.97886555 5.0013379 5.2228515 5.8223946 5.135199 7.853100749999999 3.37536155 8.64008535 3.76319015 5.7035468 1.6410556999999995 5.62268175 0.11563249999999936 4.48985185 3.46094635 3.61009045 3.1330361 2.3075742999999997 3.8565513 0.4599045500000001 4.92505775 3.2052258 5.7773996499999996 3.670728 6.28497505 3.9881649 5.89867475 4.7573493 5.46886285 5.428273 5.1062512 5.6926689 
