9.0 9.0 4.505 9.0 4.505 7.50168165 5.00443945 9.0 4.00556055 8.50056055 4.00556055 9.0 3.5061210999999997 8.0011211 4.505 8.0011211 4.505 9.0 4.00556055 8.0011211 4.00556055 7.50168165 4.00556055 7.50168165 4.505 8.56609765 4.2644276 9.0 5.00443945 8.50056055 4.00556055 9.0 4.505 
9.0 7.306958249999999 4.3481245 7.16087075 4.52662095 7.22038455 4.16962805 7.34480615 4.54828685 7.31235225 4.16962805 7.5179086 4.829539 7.3339732 4.1263412 7.539529549999999 4.9161127 7.523302599999999 4.505 7.15547675 4.9593546 6.755197000000001 4.64564855 7.46922775 5.13785105 7.222811849999999 4.59575405 6.8147108 4.7051174 7.27989835 4.46171315 7.2636714 4.0938873 
9.0 8.2868233 3.6796281 6.4667978 4.63620905 8.704273950000001 4.49299835 8.45821765 5.12508525 8.15138895 4.42458445 8.48572705 6.97684545 8.6275443 1.9210042999999994 7.87625 3.178076 8.4010862 3.6013252 9.0 9.0 6.6001195 3.7727645 8.553466700000001 4.3801289 8.7014421 4.4529479 7.273110900000001 3.0532049 8.30161185 3.3495152999999998 8.69986885 4.44094625 
9.0 6.7524999999999995 4.505 6.2443852 4.97405325 6.7133935000000005 4.7981639 6.61571715 4.32911065 6.1075574 3.93822545 6.5570574 4.71999585 6.77205325 4.62227455 6.1075574 5.3844467499999995 6.4007213 5.16949585 6.4007213 4.38772545 5.9512213 3.9968852 6.63522545 4.4658935 6.38341555 4.8155146 6.2443852 4.68088935 6.08800415 5.16949585 6.51799585 5.28672545 
9.0 4.61004815 4.4783896 4.0589162 3.96789245 4.47070315 3.9735112 5.1660347 4.80333315 4.6751807 4.2217251 4.505 4.505 4.2994886 3.8064769999999997 4.4895821499999995 4.0466898 3.98470375 4.2616407 4.5876181 4.66992155 4.57327905 4.5449155999999995 4.66290935 4.43600175 4.359362 4.91957385 4.15173795 4.5379034 4.505 4.505 4.50324695 5.04489445 
9.0 8.9182809 4.505 8.48878365 4.64573845 8.38189255 4.7105114 8.100999999999999 4.505 7.61064045 4.70929775 8.07146785 4.8841982 7.9714541 4.93557605 7.324578649999999 5.64920225 7.5697809 5.07707865 7.6817963 5.0717296 7.5887498 5.11151035 7.85579775 5.526578649999999 7.40791595 5.1832056 7.52892135 4.62757865 7.23413925 5.24510175 7.149858 5.2726111499999995 
9.0 9.0 0.009999999999999787 9.0 9.0 9.0 0.009999999999999787 9.0 0.009999999999999787 9.0 0.009999999999999787 9.0 4.422292 9.0 0.009999999999999787 9.0 9.0 9.0 0.6580441499999998 9.0 9.0 9.0 0.009999999999999787 4.505 4.505 9.0 9.0 9.0 0.94761205 9.0 9.0 9.0 9.0 
9.0 9.0 2.0682604999999996 9.0 0.009999999999999787 9.0 0.009999999999999787 9.0 6.13295415 9.0 2.65670095 9.0 9.0 9.0 0.009999999999999787 9.0 3.1855377 9.0 0.2977249500000001 9.0 9.0 9.0 9.0 9.0 2.6670844 9.0 1.6846122500000003 9.0 0.009999999999999787 9.0 0.009999999999999787 9.0 0.009999999999999787 
0.01 0.009999999999999787 0.009999999999999787 4.505 4.505 0.009999999999999787 9.0 9.0 2.819375 4.505 4.505 4.505 4.505 4.505 4.505 9.0 0.009999999999999787 0.009999999999999787 0.009999999999999787 9.0 0.009999999999999787 4.505 4.505 9.0 0.009999999999999787 0.009999999999999787 9.0 0.009999999999999787 0.009999999999999787 4.505 4.505 0.009999999999999787 9.0 
9.0 5.78198455 3.0747808999999995 4.505 4.505 7.5697809 0.009999999999999787 5.8841559 8.81269335 7.399510299999999 4.79443305 6.0714176 0.6910823999999995 4.505 4.505 7.1611404499999995 2.88747425 6.5311661999999995 0.8783441000000001 4.505 4.505 4.505 4.505 5.5946779 5.30524485 9.0 3.4323132 4.77744195 2.32559925 5.2371456 1.3550837999999996 4.505 4.505 
9.0 6.2709057 6.85952595 0.9618611999999995 5.0148229 3.7575714 1.0718088999999997 7.50168165 4.5584905 8.19732785 6.3243962 1.4830115 5.8862685500000005 2.94087485 1.6431234 6.59198355 5.2006461999999996 6.9665519 4.7725424 2.1752415 6.52599695 2.36308755 2.3656497 5.94982785 7.6621980999999995 6.84109645 6.2512176 7.0735778499999995 6.2709057 2.03764955 3.1603207499999995 5.64857295 1.9951268499999997 
9.0 8.70948815 5.11834275 8.7175342 5.6448870499999995 8.35743975 6.24811605 8.05780305 6.62335865 7.7572224 7.199392899999999 7.438437 7.87625 6.7898084999999995 7.812690699999999 6.37622355 8.2242529 5.65297805 8.368542399999999 5.1213543999999995 8.353394250000001 4.5272053 8.499661549999999 4.1741230499999995 8.091111 3.56127475 8.0112798 3.01405345 7.716857299999999 2.7729866 7.39811685 2.37351595 7.01478325 
9.0 7.47893695 0.009999999999999787 9.0 9.0 9.0 1.4789210499999998 8.14114035 2.6869522999999997 9.0 0.009999999999999787 9.0 0.4875937499999994 9.0 7.80401535 5.29562555 7.6956409 9.0 8.0127182 9.0 8.3377966 9.0 0.009999999999999787 9.0 8.34179715 9.0 4.11973355 8.8193909 2.8755625 9.0 7.4387966 9.0 6.0662034 
9.0 5.6429542 6.12090755 4.505 4.505 3.1735809999999995 0.009999999999999787 4.505 4.505 4.84639525 4.1749770999999996 4.505 4.505 4.505 4.505 4.505 4.505 4.505 4.505 4.53911705 7.56613995 3.606 6.01851145 4.038419 6.1095352 4.7553715 0.009999999999999787 4.505 4.505 4.78948855 0.009999999999999787 4.505 4.505 
9.0 8.80037705 4.49803275 8.38962395 3.9096821999999998 8.7744409 4.4842780499999995 8.227264550000001 2.20486355 8.66022295 4.9710415999999995 9.0 3.86459735 8.9669168 4.3907371 8.81359235 3.8074659 8.28138435 7.28016805 9.0 3.77137105 8.4377654 4.12314975 8.35905795 4.4302032 8.2867334 4.42548345 8.21009365 4.42107835 8.1294983 4.41703285 8.04530695 4.41334695 
0.01 4.505 4.505 4.505 4.505 4.505 4.505 4.505 4.505 4.505 4.505 9.0 9.0 9.0 9.0 9.0 0.009999999999999787 4.505 4.505 9.0 9.0 9.0 0.009999999999999787 9.0 9.0 9.0 4.505 9.0 9.0 9.0 0.009999999999999787 4.505 4.505 
9.0 9.0 4.45200395 9.0 4.4895821499999995 9.0 4.43465325 9.0 4.43465325 9.0 4.37873545 9.0 4.4066943499999995 8.9922686 4.36623935 8.9787836 4.3594519 8.9691643 4.3498326 9.0 4.33054905 9.0 4.27849695 9.0 4.28335155 8.992897899999999 4.25656135 8.97303 4.2216352 8.95761215 4.21295985 8.95374645 4.2052734 
9.0 8.6033612 4.1083612 8.86780205 5.29823265 8.20676735 4.9016388 8.6033612 4.37280205 8.86780205 3.7117673499999997 8.86780205 5.1660347 8.7356041 4.63719795 9.0 4.505 9.0 4.505 7.9423714499999996 5.03383675 8.47116325 4.63719795 8.3389653 4.63719795 8.67020185 4.6218699999999995 8.7356041 3.97616325 8.86780205 4.7693959 8.6033612 4.7693959 
9.0 9.0 5.5414571 9.0 0.97602045 9.0 4.037475049999999 9.0 5.1978593 9.0 5.755509 8.915493999999999 4.1965980499999995 9.0 4.8021195 8.8112999 3.6530177 8.2621008 3.8022966499999997 8.88313 4.6725736 8.9830988 4.9204279 9.0 4.44867765 8.830898099999999 4.29836485 8.60286675 4.67963075 9.0 3.8881961 8.84370885 3.97832085 
9.0 5.81183135 4.95562375 5.5526946 5.28232035 4.67396705 6.0484032 5.0457485 5.6879042 4.7866567 5.4625698499999995 4.29261125 5.07887665 4.22033165 4.86041965 4.2205563999999995 4.68916015 4.26087655 4.5682896 4.3177383 4.492414 4.3757238 4.4521388 4.42611275 4.43735025 4.4651743 4.4386987499999995 4.492414 4.4488125 4.5093152 4.4623874 4.5180355 4.47591735 
9.0 6.63279815 5.38273865 4.78427435 3.6804821499999996 7.3061042 4.5502196999999995 6.5530119 4.3055119 7.0450795500000005 4.58478625 6.51314125 5.74179925 7.7233301 4.3321223 7.00516395 5.0635487 6.366829 5.0236331 6.87687665 4.6327479 6.80567585 4.02623755 6.65940855 4.39860335 6.595804299999999 4.65149205 6.9120725 5.6354026 5.94128735 3.85335985 6.06094425 4.4916948 
9.0 8.12918365 5.09245155 7.7890919499999995 5.59831885 7.40944425 5.3607581 6.16468885 6.55368615 6.51844535 6.59243305 5.62875 7.0809946 5.6373804 6.17331925 5.18891425 6.83687115 4.0641304 7.089625 4.3493831 6.43268075 4.1069227999999995 6.5018588 3.83331215 6.3032696999999995 3.608697 6.0771712 3.4337516 5.83286795 3.3078016999999997 5.5791252 3.4331223 5.9053723 
9.0 6.6216954999999995 5.5276574499999995 6.4076436 6.0152301 5.6584619499999995 6.64547405 4.5882474 6.72872145 4.4098858 6.9308616 2.97099135 5.9082041499999995 2.6499135 5.967673 2.1861643499999994 4.8141661 2.2575 3.981782 3.8390657499999996 3.8509775 3.8390657499999996 2.7926297499999997 3.458564 4.51691175 4.6656512999999995 3.07833195 5.21849135 3.52989965 5.6228166 3.41096195 5.706064 4.69527335 
9.0 8.543083249999999 6.08530715 7.5316183500000005 7.30237335 6.4782151 8.74616735 4.34124715 8.123924500000001 3.4784319 7.8912633 3.37509185 6.699279199999999 1.9259038499999996 5.78225425 1.5045875 4.98106545 2.3762129499999998 4.22662465 0.8615328 4.23480555 3.0127948499999997 2.3657396 3.92527985 2.094781 4.8267521 2.17097125 5.59822895 2.5506639 6.1495407 3.15393785 6.4290847499999995 5.1027001499999995 
9.0 9.0 9.0 9.0 6.8086875 7.314375 0.009999999999999787 9.0 9.0 4.617375 4.64546875 9.0 9.0 4.505 4.505 9.0 0.009999999999999787 9.0 9.0 9.0 9.0 5.9096875 9.0 9.0 9.0 9.0 9.0 9.0 9.0 0.26284375000000004 9.0 4.505 4.505 
9.0 4.505 4.505 0.009999999999999787 1.6836683 9.0 6.8003268 4.8636560499999995 3.4529902 0.009999999999999787 2.8791585 5.0788317 1.8510171499999997 9.0 0.009999999999999787 4.505 4.505 8.23490605 4.14634395 3.3812499999999996 9.0 5.27009395 1.32501225 4.505 4.505 3.6442524499999998 2.40093545 3.5008169999999996 2.3053267999999996 7.8523366 8.5696487 1.46849265 6.56123775 
9.0 8.557107649999999 6.3832807 7.387688450000001 7.908838749999999 5.873278 8.781902599999999 3.58581745 8.8442033 2.0110391499999998 8.154535450000001 0.8255278499999998 6.79515755 0.14547929999999987 4.97000775 0.39405279999999987 3.0930305999999996 1.3511731499999997 1.5625280499999996 3.0506877 0.5044949499999998 4.76863175 0.2719686000000001 6.50451085 0.8121776999999994 7.83601975 2.02236655 8.52420425 3.66331125 8.455790350000001 5.42013705 7.67644725 6.9705974 
9.0 8.947048899999999 4.60330565 8.6899349 6.037795 8.2764848 6.0882289 7.8630347 6.7033247 7.8126008 6.836961049999999 6.9806662 7.210046050000001 6.4436935 7.48235315 5.93441 7.671412849999999 5.78063605 7.60084135 4.84279925 7.8176352 4.7898931 7.7092158 3.7638194499999997 7.638644299999999 3.7608078 7.2249245 3.77640545 7.01343475 2.94447085 6.49156525 2.99993915 6.18905175 
9.0 8.62543165 5.81605665 8.25081835 3.7558183499999998 7.688943350000001 5.62875 8.438125 4.13043165 8.62543165 4.69230665 8.25081835 5.066875 7.688943350000001 4.505 8.438125 4.69230665 9.0 4.8795683499999996 7.50168165 4.13043165 7.87625 5.25418165 8.25081835 3.9431249999999998 8.2716302 4.7523598499999995 9.0 5.44144335 7.688943350000001 4.505 7.688943350000001 4.69230665 
9.0 9.0 7.5518908 8.159839550000001 8.191843949999999 6.43870405 9.0 5.43182405 8.12531795 2.5329536 9.0 0.9478817499999996 7.9702854 0.009999999999999787 6.3150466 2.7498823 1.8694017 0.10408034999999938 2.5801511 1.21991915 1.0735619499999998 2.81168855 0.12277954999999974 6.3644017 0.009999999999999787 6.3829211 0.31134479999999964 5.66349635 0.009999999999999787 8.7109715 2.9217711 8.9467792 4.6598977 
9.0 9.0 4.40345795 9.0 4.3029947 9.0 4.204644099999999 9.0 4.10948495 9.0 7.02997635 9.0 3.9324269 9.0 3.8522361 9.0 5.96169465 9.0 3.71212695 8.976805800000001 3.65324245 8.802264950000001 3.60235905 9.0 0.35683419999999977 8.428236 3.5254046499999996 8.232254000000001 3.4994685 8.032631049999999 3.48171325 7.8309404 3.47200405 
0.01 0.009999999999999787 0.009999999999999787 4.505 4.505 4.505 4.505 4.505 4.505 4.505 4.505 4.505 4.505 9.0 0.009999999999999787 4.505 4.505 0.009999999999999787 0.009999999999999787 4.505 4.505 9.0 9.0 9.0 0.009999999999999787 9.0 0.009999999999999787 4.505 4.505 4.505 4.505 4.505 4.505 
9.0 9.0 5.58726115 8.991684249999999 4.52158655 8.1119678 3.15052165 8.54685905 3.4493042999999997 7.68040285 3.42273885 7.82478225 3.13227195 7.7185654 2.8832939 6.6263703 1.7545544499999997 6.32426135 2.0300979499999996 7.24879295 2.7372064 6.8952612 3.03598905 5.5822717 2.1612171 5.8178996000000005 2.3298695 5.07932615 2.7455221499999998 5.20878215 2.19776145 5.3299673499999995 2.41019515 
9.0 9.0 4.8816809999999995 9.0 5.28654565 9.0 3.9068053999999997 8.9178314 7.405174000000001 9.0 6.658284800000001 9.0 7.162129350000001 9.0 7.6855721 9.0 8.22582615 9.0 8.779700049999999 9.0 9.0 8.9119879 9.0 8.6234988 9.0 8.27626005 9.0 7.868248899999999 9.0 7.3978921 9.0 6.86393105 9.0 
9.0 8.7843299 4.6063173 8.71937715 4.4478235999999995 8.7089937 4.5595693 8.85188975 4.4270567 8.8622732 4.5283739999999995 8.80514175 4.3672732 8.786937 4.48679525 8.976626 4.38547795 8.989616550000001 4.5855504 8.7116008 4.28155355 8.72198425 4.3984685 8.8674874 4.3049275499999995 8.82986425 4.4309673499999995 8.88308505 4.5907646 8.7947583 4.3517205 8.812918100000001 4.54136455 
9.0 5.9808883 4.6182739999999995 5.1898582 5.4614461 5.17560905 7.83143485 3.3495152999999998 8.6549638 4.0414756 5.376131 1.7472276 5.6640806999999995 0.27731764999999964 4.26186545 3.9153908499999996 3.8609114499999997 3.14234075 2.49955575 3.99216545 0.6574148499999999 4.6249266 3.4807692999999995 5.7609929 4.2220397499999995 6.02147815 3.9711738 5.74818215 3.99216545 5.1827561 5.1026552 5.05325515 5.4250366 
9.0 9.0 4.4446771 9.0 4.5753917 9.0 4.4949312 9.0 4.7865668 8.89944685 4.7061063 8.81898635 4.6357146 9.0 4.7966356 8.94970095 4.6558522 9.0 4.66587605 8.989931200000001 4.9273502 8.80891755 4.83686585 9.0 4.95751165 8.999505549999999 4.89889685 8.95976975 4.88711995 9.0 4.95751165 9.0 4.95751165 
9.0 8.53202555 6.2709057 7.47749855 7.7325897999999995 5.83196895 8.5875388 4.28982435 8.74895425 2.4496612499999997 8.307994749999999 1.014183 7.13506945 0.3327859499999999 5.63472835 0.35692409999999963 3.8165907499999996 1.0859231999999999 2.3292401999999996 2.2156515499999996 1.0799448499999995 3.8354697499999997 0.5228345499999998 5.47506595 0.6526501499999999 6.89764355 1.4217446499999995 7.8693276999999995 2.6775127999999997 8.242232900000001 4.18904645 7.9599469 5.7602737 
9.0 6.0644953 5.4223396 6.61490805 5.6058255 6.3396792 5.4223396 6.61490805 6.5231651 5.8810094 7.1653208 5.05541275 6.9818349 4.505 6.798349 4.2298161 6.9818349 3.5876604 6.9818349 3.22073355 6.5231651 3.22073355 5.97275235 1.7529811999999998 5.5140825499999995 2.41127395 5.17453025 1.8446791999999999 5.33059665 2.9455047 4.505 3.31243155 3.4041745 
9.0 8.46522985 4.4664778499999995 8.5423191 4.39419825 8.73501975 4.4231011 8.51341625 3.93166275 8.2002496 4.0136066 8.49894235 4.55799605 8.585650900000001 3.88833095 8.4218531 4.230400449999999 8.585650900000001 4.3990079 8.4604202 3.84976385 8.22915245 3.9461366499999997 8.55674805 3.62816035 8.47161275 3.8351101499999998 8.2966224 3.9268530999999998 8.4796588 3.6715371 8.629027650000001 3.74862635 
9.0 8.679506499999999 5.9957218 7.9287516 7.30758755 6.72125975 8.2927567 5.4755604 8.78392535 3.8776778 8.82770665 2.3832701 8.2623705 1.3249223499999996 7.4487755 0.5730436999999999 6.1569125 0.37796070000000004 4.7564952499999995 0.4674111999999999 3.3285236499999997 1.1800934500000002 2.07459845 2.22347285 1.14566175 3.50158115 0.6338160999999998 4.8560595 0.58720295 6.12414395 0.9963378499999997 7.1753446499999995 1.7958634999999998 
9.0 8.47430975 3.5162798 9.0 6.13996635 8.209014849999999 5.3683097 8.3296157 4.77024995 8.5755821 4.3120746 8.33442535 5.62875 8.00647015 5.6432239 7.6158097 7.109403 7.6977985 6.2605672000000006 7.794261199999999 5.74449625 9.0 6.07245145 7.056362 6.84415305 7.643004449999999 6.89791325 8.14149995 7.1383507999999996 6.4390187 7.69298885 6.85862695 6.94061575 
9.0 8.3127145 5.11330835 7.8150281 4.22851255 8.45489135 4.876287 8.5023136 4.0942019499999995 8.04413825 4.8051761 8.1310266 4.48922255 8.0678269 4.4576227 8.3600918 4.2996234499999995 8.4232915 4.34700075 8.1784039 4.0784245 7.696539899999999 4.7025103 8.39169165 3.8256257 8.15255765 4.2882511 8.02040465 4.47340015 7.90982765 4.2048239 8.3600918 4.22851255 
9.0 8.785004149999999 4.8014452499999996 8.7129493 5.0906985 8.5952702 5.3658824 8.32040095 2.2592081 8.55153385 7.261334 8.00826815 6.0480436 7.7528173 6.2125606 7.47821775 6.3409378 8.7964664 7.1957968999999995 6.8989471 6.4867556 6.60744635 6.50576945 6.322778 6.4917450500000005 6.0501113 6.44778395 8.565333500000001 9.0 5.55705475 6.285919 5.3425084 6.17673545 
9.0 7.8668105 4.542758 8.2498744 4.5795720499999995 8.2195781 4.61598155 8.39564725 4.58056095 7.2246548 4.7693959 8.06023035 4.71765845 7.985972950000001 4.74804465 7.4135347 5.3737936 8.2823283 4.6938799 7.70926075 4.8251339 7.60183025 4.84558615 7.489095649999999 4.88271485 7.3695736 4.8779052 7.26245775 4.58056095 7.12050565 4.89862715 6.9920835 4.90465045 
9.0 5.46823355 4.0768962 6.00331835 4.82607785 5.3612076 5.3612076 5.5752595 4.9331038 6.3243962 4.61202595 5.8962924 4.2909481 5.8962924 4.2909481 5.7892664499999995 3.9698702499999996 6.00331835 4.7190519 5.8962924 4.505 5.46823355 3.9698702499999996 6.1103442999999995 4.2909481 5.49879955 4.4020645 5.3612076 4.505 5.2690151499999995 4.4135717 5.1654953 4.42062885 
9.0 4.7686767 4.4673319 4.8063448 4.5426681 4.505 4.45479085 4.53012705 4.3292005499999995 4.5803362 4.1659871 4.47987295 4.74354965 4.79380375 4.3543275999999995 4.505 4.93189015 4.216196249999999 4.8440129 4.29153245 4.6180043 4.63054535 4.47987295 4.5426681 4.53012705 4.9695582499999995 4.4673319 4.64313135 4.49245895 4.70588155 4.505 4.71846755 4.3543275999999995 
9.0 9.0 4.6156219499999995 8.9852564 4.72350195 8.88964775 4.82607785 7.280437750000001 0.009999999999999787 8.597068199999999 5.00605765 8.4813669 6.916118 8.194361149999999 5.14045815 7.96295855 5.18774555 9.0 6.34808485 7.4649575 5.24087645 7.2082031 5.2473942 6.952347700000001 5.2417305 6.70157165 5.22505405 6.45947095 5.1988482 6.2289224 5.16473115 9.0 9.0 
9.0 9.0 4.1133057 9.0 3.72902815 8.39924325 0.8290339499999999 8.767024150000001 7.2493323499999995 8.79651135 2.6448791 8.4824457 3.0784668 8.45776815 3.45168665 8.14824245 1.710009 5.05541275 0.009999999999999787 8.5632658 5.00183235 7.30794715 0.9743123499999999 6.99473555 0.7800834000000001 6.6687132 0.6130941499999998 6.3322175 0.47415369999999957 5.9876308 0.3638463999999999 3.9053220499999997 0.009999999999999787 
9.0 8.891580600000001 4.0284401 8.757314950000001 3.5700399999999997 8.6766297 3.2306675 8.3705202 3.2759771 8.0904817 2.35059145 8.02121375 2.2231582 7.859528600000001 1.7434517999999999 7.10962775 1.4445343 6.2064474 1.1948370499999998 6.1377638 1.0635381000000002 5.938815099999999 0.92010265 5.5295004 0.8355516999999999 5.11897205 0.7961754999999999 4.7120397 0.8013447500000002 4.3134231 0.8497558999999999 3.8832516 0.8651737499999999 
9.0 2.0696090000000003 5.17300195 2.9881173 7.803206250000001 6.842939400000001 3.8787566 5.93841055 4.19884555 5.43739785 3.8231085 6.634191599999999 4.9085611 7.03779765 3.809174 5.24258455 6.5367849499999995 6.0218827 4.6580997 6.7733568 4.82508895 1.6382238500000001 1.7356305 9.0 7.45529325 6.3635926000000005 2.7017857999999997 3.8231085 5.006012699999999 4.61283505 7.0141089999999995 6.8708084 4.1014389 
9.0 8.8068948 3.96132975 7.3511441 3.9345844999999997 8.83660675 3.6850221 8.8663187 4.885277 8.64053485 4.4544762 8.26025785 3.39388095 9.0 3.09379475 8.967321349999999 3.5513408 8.940576100000001 3.5602408999999997 9.0 3.2839332499999996 8.6910137 2.7313628999999997 9.0 3.64047665 8.49624535 3.0861532499999997 8.1651886 3.4384264 8.50982025 3.07302785 7.6304184500000005 2.63629365 
9.0 8.9175617 4.5442863 8.91472985 4.3333809 8.89054675 4.24882995 8.81781765 4.19165355 8.955229800000001 4.30241035 8.762349350000001 4.0059651 8.70193655 3.9300895 8.740054149999999 3.98434415 8.0867059 3.64196 8.4729163 3.72345435 8.38225215 3.6626819499999996 8.48249065 3.6199794499999998 8.18249435 3.5549368 8.0356427 3.4323132 7.96214945 3.46687975 7.84581885 3.4306050999999997 
9.0 8.25234665 5.9189472 7.4510679500000006 7.097311449999999 6.0765419 7.6819311500000005 5.28232035 8.05366765 3.6520288 8.0958757 2.6292814499999997 7.49601795 1.4294760499999999 6.6510928 1.1461112500000001 5.3811654 1.2605089999999999 4.28532935 1.7167515 3.23763475 2.29503325 2.1018381499999994 3.31036385 1.5376707 4.4362265 1.3717153 5.5257246 1.6089614 6.4423449999999995 2.2032903 7.4115569 3.1531287499999996 
0.01 4.505 4.505 4.505 4.505 4.505 4.505 4.505 4.505 4.505 4.505 4.505 4.505 4.505 4.505 4.505 4.505 4.505 4.505 4.505 4.505 4.505 4.505 4.505 4.505 9.0 0.009999999999999787 4.505 4.505 4.505 4.505 4.505 4.505 
9.0 0.009999999999999787 9.0 0.009999999999999787 5.1902178 5.7795123 9.0 0.009999999999999787 9.0 0.009999999999999787 0.009999999999999787 9.0 9.0 0.009999999999999787 3.4497538 5.77712995 0.009999999999999787 9.0 9.0 3.0934801 0.009999999999999787 0.009999999999999787 0.009999999999999787 9.0 0.009999999999999787 0.009999999999999787 4.3441689 9.0 0.009999999999999787 0.009999999999999787 3.05235085 5.17650805 9.0 
0.01 9.0 9.0 4.505 4.505 4.505 4.505 0.009999999999999787 0.009999999999999787 4.505 4.505 4.505 4.505 0.009999999999999787 0.009999999999999787 0.009999999999999787 0.009999999999999787 0.009999999999999787 9.0 0.009999999999999787 9.0 4.505 4.505 4.505 4.505 9.0 0.009999999999999787 0.009999999999999787 9.0 0.009999999999999787 9.0 0.009999999999999787 9.0 
9.0 7.19692065 5.16527055 7.6455666 3.8785768 8.3312339 3.8785768 8.14500605 4.6150376 6.77367145 4.63198375 7.535529 4.301826 8.13655545 3.8870274 6.8159694 3.4045341 8.1704028 3.86163065 7.662512749999999 4.48805385 6.00331835 4.784364249999999 7.02763895 3.0151322499999997 7.2669078 3.74817685 6.87525845 4.4118636 6.92605195 3.0997730999999997 7.535529 3.5145717 
9.0 7.8350758 4.7285813 8.0593763 4.61930785 8.03694625 4.67549535 7.4820385 4.9521626 7.55265495 5.9052824 7.918233300000001 4.8352926 7.86254025 4.8844679 7.68211095 4.15200765 7.36440435 4.505 7.65244395 5.01540725 7.56982585 5.05271575 7.5173692 5.19925275 7.3889021 5.116679599999999 7.45852965 5.293378049999999 7.19116705 5.16563015 7.08760225 5.1843743 
0.01 0.009999999999999787 9.0 9.0 0.009999999999999787 4.505 4.505 4.505 4.505 9.0 0.009999999999999787 9.0 9.0 4.505 4.505 9.0 0.009999999999999787 4.505 4.505 4.505 4.505 9.0 9.0 0.009999999999999787 9.0 9.0 0.009999999999999787 0.009999999999999787 9.0 0.009999999999999787 0.009999999999999787 4.505 4.505 
9.0 9.0 0.009999999999999787 4.505 4.505 8.00844795 0.0430382499999995 8.140645899999999 6.98385765 2.6210556 0.24135764999999942 4.505 4.505 4.505 4.505 7.74405205 1.0345903 7.81012855 1.7947846999999997 4.505 4.505 5.3312709 0.009999999999999787 0.009999999999999787 0.009999999999999787 0.009999999999999787 0.009999999999999787 9.0 0.009999999999999787 9.0 0.009999999999999787 4.505 4.505 
9.0 7.80985885 2.7837296499999997 8.10778745 4.9669961 8.0482287 5.1912066999999995 7.003321 4.7410774 9.0 5.45906375 7.73901765 5.8064823 7.597470100000001 5.98497875 6.7377564 5.2820506499999995 7.39676835 4.3771172499999995 7.08508505 6.4166336 6.892744 6.5219964 8.7541235 7.09182755 6.4906213 6.67159 5.06566135 9.0 6.0813965 6.73995895 5.8799306 6.74490345 
9.0 9.0 3.65863645 8.68692325 2.8797878 4.0164834 0.29781484999999996 9.0 4.30052245 6.7917863 1.45995215 6.0527184 1.37167035 2.18175925 0.12170074999999958 4.75218005 1.7074468499999997 5.99324955 0.009999999999999787 3.91386255 2.468765 3.6933827999999997 2.8987567 3.5910766 3.3107234500000002 3.5849634 3.67787505 3.649152 3.98389465 3.7576612999999996 4.2223543999999995 3.8874769 4.39500735 
9.0 7.29733895 1.6445617999999995 4.505 4.505 4.505 4.505 6.0544265 5.7990206 6.4289948500000005 6.2757603 4.1644588 6.8376353 6.1395618 5.91818305 2.0872293999999996 5.98632725 5.04983895 3.84095365 4.5901353 2.10426545 1.9169587999999997 5.30524485 5.81605665 3.2790786499999998 5.6628221 1.9169587999999997 6.4460309 5.5946779 5.3222809 4.40282865 5.27117275 2.63206835 
9.0 8.33793145 4.7488987 9.0 4.86770155 9.0 9.0 8.61671135 4.47016375 8.26825895 4.6792262 9.0 5.72552735 9.0 9.0 8.16370525 4.71406245 8.581875100000001 5.0276786 9.0 6.7826165 9.0 0.009999999999999787 8.128869 4.6792262 9.0 7.7240043499999995 8.3030952 4.8186161499999995 9.0 8.42989915 9.0 9.0 
9.0 8.592393399999999 4.90015545 8.3944336 5.2641156 9.0 5.251080099999999 6.98565565 7.5685223 7.660804649999999 6.1555190500000005 5.2370557 6.4261180499999995 7.095019000000001 6.5765657 6.80046165 6.7353290999999995 5.92717305 5.08786665 6.2051888 6.9530669 5.9107663 7.0143787 5.6222772 7.04588865 5.3422387 7.04939475 5.07294325 7.02673995 4.81636865 6.9799919500000005 5.05055815 7.549868050000001 
9.0 8.577829600000001 4.43051785 8.9155839 4.4155944499999995 8.80631045 4.3411123 8.3592827 4.5099445 8.5380938 4.35599075 8.50829195 4.4404518 8.577829600000001 4.3013765 8.61257595 4.4652642 8.13574635 3.9238863999999998 8.49336855 4.55961425 8.64736725 4.400716 8.597697499999999 4.41064995 8.512157649999999 4.156188 8.23508585 3.7301519 8.8211889 4.33612285 8.43376485 3.77487715 
9.0 9.0 9.0 9.0 0.009999999999999787 9.0 0.009999999999999787 9.0 9.0 9.0 9.0 9.0 9.0 9.0 0.009999999999999787 9.0 9.0 9.0 9.0 9.0 9.0 9.0 9.0 9.0 9.0 9.0 6.7524999999999995 4.505 4.505 9.0 0.009999999999999787 9.0 0.009999999999999787 
9.0 8.651502650000001 3.6308124 8.839034049999999 3.7105536999999997 8.4167288 3.4890401 8.177504899999999 3.2882035 8.06823145 3.20554045 7.6650749000000005 2.27372695 7.3520431 2.25898335 6.1795672999999995 1.3257314500000001 5.7217965 1.26370045 6.3257446999999996 2.0699685999999997 6.0112295499999995 1.8218895499999994 5.1680125 1.6461350499999998 4.9235744 1.8264744499999996 4.1830681 2.0359864 4.422292 2.0743736999999998 4.16980785 2.3519848999999997 
9.0 8.75416845 4.3469558 0.009999999999999787 3.01252515 0.009999999999999787 4.43474315 8.877106699999999 4.5576814 8.70148705 4.41721265 0.009999999999999787 5.2424497 0.009999999999999787 4.48742455 8.78931935 4.3469558 8.6488506 4.3821067 0.04510594999999995 5.03176905 0.3085129499999999 6.0677316999999995 8.806849849999999 4.48742455 8.19274295 5.1234221 8.5610183 4.20648705 0.009999999999999787 3.6621875 0.009999999999999787 2.95984375 
9.0 8.910189899999999 4.50837125 9.0 4.505 8.9542409 4.50162875 8.76270895 4.6126103 8.896615 4.6007435 8.9050656 4.64313135 8.9626915 4.6100931 8.72710855 4.7617993499999995 8.7101624 4.7422910499999995 8.898323099999999 4.7533038 9.0 4.78553295 8.73726725 4.86940965 8.85206955 4.83111225 8.80675995 4.8685556 8.9186405 4.8702637 8.87625265 4.8922892 
9.0 9.0 6.9728449 7.325387749999999 9.0 4.5931469499999995 9.0 2.301551 8.647457150000001 0.80323265 7.149138799999999 0.009999999999999787 5.03383675 0.1862938999999999 3.00668165 1.5964652999999998 1.4202163499999996 3.44737145 0.6269387499999999 6.091465299999999 0.009999999999999787 7.8542245 1.24392245 8.647457150000001 3.53547345 8.6796863 5.4883261999999995 7.76607755 7.06099185 5.5626285499999994 8.559310199999999 3.97616325 8.559310199999999 
9.0 0.009999999999999787 5.76831975 5.5038789 5.18073335 1.1025996499999997 1.3142691999999996 3.1241809499999995 7.7073279 0.009999999999999787 9.0 0.8326299499999998 6.03271565 0.9501292499999994 4.3875006999999995 0.09814695000000029 0.7738353499999997 1.8021115499999998 2.0665524 4.29935375 0.7738353499999997 8.7356041 0.2743959 0.009999999999999787 2.5659918499999996 7.84860575 4.9174612 0.009999999999999787 4.74004355 5.32762995 4.6224993 2.6979650499999996 2.3365670499999998 
9.0 8.40167055 6.1209525 7.7420293000000004 7.50168165 6.17718495 8.238052549999999 4.8936377 8.36589035 3.4208958999999997 8.37613895 2.1782531499999997 7.54258615 1.4163057000000001 6.3715038 1.0429959499999994 4.9499151 1.38560485 3.8913425999999998 2.2805144 2.60779535 3.0424618499999996 1.9123289499999996 4.3771622 1.8100676999999998 5.195432 2.11694135 5.95728955 2.8378943999999997 6.58119555 3.6203390499999997 6.3459722 4.586809 
9.0 8.823391449999999 4.8236056 9.0 4.6981052 9.0 4.92361935 8.55809655 4.2737772 8.51737185 4.620971 8.2470875 4.2289171 8.4396533 4.94690345 7.9456527999999995 4.517586 7.8855097 4.26698975 7.469946950000001 4.14967025 7.3889021 4.23849145 7.00768115 4.15866025 7.11439245 4.40588525 6.7373968 4.4487675499999995 6.8113845 4.50432575 6.84685005 4.4968191 
9.0 9.0 9.0 4.505 4.505 4.505 4.505 4.505 4.505 6.6510928 0.5000448999999998 2.1898951999999996 6.54973055 0.2127694499999997 5.7892664499999995 7.4115569 9.0 4.505 4.505 4.505 4.505 7.2932485 5.41752995 0.009999999999999787 0.009999999999999787 9.0 0.009999999999999787 9.0 9.0 4.505 4.505 4.505 4.505 
9.0 8.98655995 5.47938115 8.6388717 6.6189985 7.9617449 7.31055425 6.9013744 8.016494 6.1579913 8.47368045 4.95930965 8.2498744 4.19812635 8.5178663 3.23430845 7.7446813500000005 2.54037035 7.2778756 1.9981834499999995 6.667994 1.5832499999999996 6.1022533 1.5986228999999996 5.2200646 1.5090375499999995 4.6073511499999995 1.5890035999999998 3.8998831 2.05005575 3.47344245 2.3833150499999998 2.9303115999999996 
9.0 9.0 4.3373365 9.0 4.17313415 8.98206495 4.00879695 8.992718100000001 4.05860155 8.95239795 3.8840607 8.8504963 3.52980975 8.7881956 3.3767999499999997 8.6060582 2.95872 8.57661595 3.0597676 8.55009545 2.94563955 8.4549363 2.81294715 8.38027435 2.5725995 8.2435814 2.5666661 8.16541335 2.5904446500000002 8.00745905 2.34843385 7.88141925 2.2506676 
9.0 9.0 4.73644755 8.971366849999999 4.96002885 8.8265829 5.1682822 8.79830935 3.3140048 7.472868699999999 6.96380995 8.1201487 5.64147085 7.82145595 5.7357309999999995 7.50653625 5.7956943 7.18469425 5.8222148 6.864605299999999 5.81754 6.5539109 5.7849962 6.25908385 5.7288087 5.9852035 5.65360735 5.73577595 5.5643816 5.51309365 5.4659411 5.3179657 5.36278085 
9.0 6.4247246 2.2575 4.505 4.505 4.505 4.505 6.5932870999999995 6.799337899999999 7.1551621 4.59863085 4.505 4.505 4.505 4.505 5.2447871 2.4635058499999998 7.16455665 3.6809316499999998 4.505 4.505 4.505 4.505 8.9438125 2.6695566499999996 0.009999999999999787 0.009999999999999787 3.2501308499999997 1.10565625 4.505 4.505 4.505 4.505 
9.0 9.0 0.009999999999999787 9.0 9.0 0.009999999999999787 9.0 9.0 0.009999999999999787 9.0 0.009999999999999787 0.009999999999999787 0.009999999999999787 0.009999999999999787 9.0 9.0 9.0 9.0 9.0 0.009999999999999787 9.0 9.0 0.009999999999999787 9.0 0.009999999999999787 9.0 9.0 9.0 9.0 0.009999999999999787 9.0 0.009999999999999787 9.0 
9.0 9.0 5.23296525 9.0 4.2551679 9.0 4.56671635 9.0 3.9497776 9.0 4.43708055 9.0 4.42719155 9.0 4.2184887 9.0 4.18329285 9.0 4.770205 9.0 4.0506454 9.0 4.38430925 9.0 3.4721389 9.0 4.19830615 9.0 4.87804005 9.0 3.8669797 9.0 4.170616949999999 
9.0 7.9016018 6.7362281 8.2605725 6.94582995 6.9734742 7.74423185 6.08836375 7.6871004 5.1104315499999995 8.76396755 4.0636809 8.7203211 2.8147002 8.20092385 2.1342470999999996 7.70368695 1.4323079 7.56110555 1.3511731499999997 5.6267722 0.94734235 4.63962525 0.05548939999999991 3.1969999499999995 1.3426775999999996 3.0309996 1.6591255999999999 3.64263425 2.9708115499999996 1.7875926999999998 3.6235754499999997 1.6751277999999998 
9.0 8.7326374 4.43618155 8.7379415 4.54999495 8.7749803 4.4388336 8.8147161 4.4573529999999995 8.759112949999999 4.3382355 8.87292635 4.42557335 8.86762225 4.33027935 8.79615175 4.3223232 8.7855885 4.29324055 8.74059355 4.40705395 8.67703425 4.30645585 8.64260255 4.3038038 8.67164025 4.24307635 8.565872899999999 4.16881895 8.63999545 4.1793822 8.64260255 4.1714709999999995 
9.0 9.0 9.0 4.505 4.505 9.0 0.009999999999999787 0.009999999999999787 0.009999999999999787 9.0 9.0 9.0 0.009999999999999787 4.505 4.505 9.0 0.009999999999999787 9.0 9.0 4.505 4.505 9.0 0.009999999999999787 0.009999999999999787 0.009999999999999787 9.0 9.0 0.009999999999999787 9.0 0.009999999999999787 9.0 4.505 4.505 
0.01 9.0 0.009999999999999787 0.009999999999999787 9.0 0.009999999999999787 9.0 9.0 9.0 9.0 9.0 0.009999999999999787 0.009999999999999787 0.009999999999999787 0.009999999999999787 9.0 9.0 9.0 0.009999999999999787 0.009999999999999787 0.009999999999999787 0.009999999999999787 0.009999999999999787 9.0 4.505 9.0 0.009999999999999787 9.0 0.009999999999999787 0.009999999999999787 9.0 0.009999999999999787 9.0 
9.0 8.52824975 4.3625983999999995 8.43924875 4.75424775 8.52824975 4.5673007 8.67955145 4.6296014 8.60835065 4.4604995 8.73295205 4.4337992 8.63505095 4.6563017 8.71515185 4.505 8.74185215 4.5673007 8.57275025 4.5406004 8.49264935 4.4248991 8.51934965 4.6118011999999995 8.5056399 4.57741445 8.46594905 4.5139001 8.430348649999999 4.6919021 8.403648350000001 4.6118011999999995 
9.0 6.60798575 5.0132946 7.1561509999999995 4.53489175 6.9966684 4.8139863 6.6578353 3.87709345 6.88703535 4.5647835 7.3754171 3.7774392999999997 7.55481255 4.3554962999999995 6.95679775 3.8970512499999996 6.88703535 4.2957127999999996 6.6578353 3.6279356 6.7873812000000004 3.8970512499999996 6.36876185 3.59804385 6.9291535 3.99009775 7.1960216500000005 4.3754541 6.91697205 3.9767476 7.03653905 4.30564675 
9.0 9.0 4.5546697499999995 9.0 4.5546697499999995 9.0 4.609284 8.9751876 4.4404518 8.9751876 4.49506605 8.92551785 4.609284 9.0 4.5447358 8.89072655 4.53974635 8.90564995 4.57948215 8.910594450000001 4.53480185 8.9155839 4.59935005 8.870858649999999 4.47519815 8.91158335 4.57692 8.90564995 4.57453765 8.9354518 4.59935005 8.9403963 4.6291519 
9.0 8.7149271 6.08305965 7.8876673 7.455518 6.55341645 8.4864912 5.19376885 8.8101312 3.52621375 8.83372995 1.9637517499999997 8.25369515 0.9651425499999995 7.11412275 0.3199752 5.674599 0.29583705000000027 4.2165109 0.5930913999999996 2.6643424499999995 1.57969895 1.4724931999999997 2.85088495 0.6864525499999998 4.2992189 0.40461604999999956 5.7334835 0.6499980999999995 6.96947365 1.37589565 7.8685186 2.51942365 
9.0 7.1327320499999995 2.9081063 9.0 6.0934431 7.8931512 4.4796482 8.21422905 5.37527695 6.760950599999999 3.2629415999999996 7.47066615 4.79227545 7.63967815 5.1640569 7.7579416000000005 2.58702845 7.926953599999999 4.70776945 7.51291915 5.42598055 8.315591300000001 2.6630838499999996 7.4200075 4.29377995 7.0597782 4.02983355 6.879258999999999 3.9050973 5.2063099 3.9558009 6.5172766499999994 4.04161045 
9.0 8.31599585 4.9813801 9.0 6.2638935 9.0 0.009999999999999787 7.5138631 4.8836588 9.0 5.7203581 9.0 7.2288801 9.0 6.10103965 9.0 4.6251064 7.1311588 2.57102625 9.0 7.3591452 8.5113935 5.699995749999999 8.59693335 3.00668165 9.0 5.2215929 6.19876095 4.41748235 9.0 5.5147568 9.0 6.186534549999999 
9.0 0.009999999999999787 0.009999999999999787 9.0 9.0 9.0 3.85884375 4.505 4.505 0.009999999999999787 9.0 9.0 9.0 5.31036915 0.009999999999999787 0.009999999999999787 0.009999999999999787 4.8983125 0.009999999999999787 9.0 0.009999999999999787 0.009999999999999787 9.0 0.009999999999999787 0.009999999999999787 9.0 0.009999999999999787 0.009999999999999787 0.009999999999999787 9.0 9.0 4.505 4.505 
9.0 8.780329349999999 4.52383405 8.783475849999999 4.38260115 8.7050381 4.418696 8.7568205 4.5771897 8.8431245 4.65248095 8.737986450000001 4.8344835 8.75839375 4.4453963 8.87292635 4.511293 8.7677883 4.7764081 8.6705165 4.8831194 8.6909238 4.95841065 8.753674 4.56617695 8.708813899999999 4.72637875 8.69249705 4.8721516 8.733266700000001 4.50342675 8.617160850000001 4.7168044 
9.0 9.0 4.94420645 9.0 5.05325515 9.0 5.5197012999999995 8.937159900000001 4.92020315 8.7721035 5.36853445 8.6849904 5.5967456 8.51638295 5.77901785 8.34952855 5.70610895 8.2653372 5.99414855 8.25351535 5.9298251 7.86856355 6.28488515 7.92987535 6.0628771 7.5819174 6.426432699999999 7.3262418 6.5740934499999995 7.05775545 6.61913335 6.9436274000000004 6.793089849999999 
0.01 4.505 4.505 4.505 4.505 4.505 4.505 4.505 4.505 4.505 4.505 4.505 4.505 4.505 4.505 4.505 4.505 4.505 4.505 4.505 4.505 4.505 4.505 4.505 4.505 9.0 0.009999999999999787 4.505 4.505 4.505 4.505 4.505 4.505 
9.0 9.0 2.47501305 9.0 9.0 7.7061592 0.009999999999999787 4.505 4.505 4.505 4.505 4.505 4.505 0.009999999999999787 5.1574942 6.9365253 2.7371165 0.009999999999999787 2.05670835 1.35962375 9.0 4.505 4.505 9.0 8.58174025 6.82500435 9.0 9.0 3.60154995 5.659405899999999 9.0 3.0494291 9.0 
9.0 8.57508765 6.35302935 7.4426623 7.86550695 5.84994895 8.815929749999999 3.9052770999999997 8.902009 2.1569917999999997 8.24767185 0.9244178499999998 6.9811157 0.16143654999999946 5.1878804 0.32460504999999973 3.3563476999999997 1.2747581499999998 1.8359139499999997 2.6375072999999998 0.6750352500000001 4.4038625 0.28922939999999997 6.1374941 0.6677084 7.5408331 1.71994295 8.36966615 3.2408711500000003 8.489997299999999 4.94551 7.89850025 6.58622995 
9.0 8.479479 6.1557438 7.5221788499999995 7.5338209 6.28560435 8.38863505 4.6139588 8.693530899999999 2.9250974 8.26789935 1.7937957999999998 7.149947900000001 0.9693228999999999 6.2480711 0.7613392499999998 4.4761421 1.3891558999999996 3.02331315 2.1449452 2.0811161999999994 3.2744038499999997 1.4427363 4.5412297 1.3686586999999997 5.6749586 1.7775238999999998 6.5083765499999995 2.55493415 6.941694549999999 3.5366871 7.0350557 4.63189385 
9.0 7.2324760999999995 4.3830956 7.52199905 4.6878566 6.88200095 4.30690535 6.7753346 4.67261855 7.6743346 4.15452485 7.1105716999999995 4.4135717 6.897239 4.85547515 7.3848566 5.0382868 7.06485755 4.39833365 6.897239 4.5354760999999995 7.72004875 4.3526195 6.88200095 4.3526195 7.0789269 4.5387125 7.1410478 4.48976195 7.15628585 4.3830956 6.76009655 4.809761 
9.0 8.733896 5.04138835 8.3589231 4.5516581 8.3313238 4.5744926999999995 7.9646217 4.4925039 8.301432049999999 4.9956742 8.24884055 4.6410636499999995 8.221466 4.6625947 7.8689681 4.59233785 8.10185405 4.61310475 8.1397469 4.72529995 8.11264205 4.7455723999999995 7.9812532 4.604789 8.0586571 4.78526325 8.36795805 4.92083245 8.00494185 4.8236954999999995 7.97824155 4.8424846 
9.0 5.3406205 3.7558183499999998 4.505 4.505 4.505 4.505 4.505 4.505 4.505 4.505 5.0236331 3.64775855 4.505 4.505 4.505 4.505 4.505 4.505 4.505 4.505 4.2744964 4.2096335499999995 4.85799235 4.9083813 5.2829946 4.01517985 5.066875 4.93719425 4.6202518 4.2888804 5.2613736499999995 5.38381745 
9.0 9.0 4.66362855 9.0 5.32673095 9.0 5.7172116 9.0 5.6318066 9.0 5.7985711 9.0 6.24200285 9.0 5.9287463 9.0 7.45825995 9.0 6.9253777 9.0 7.25895165 9.0 7.177592150000001 8.53220535 7.5762537000000005 8.5281149 7.7132613 8.35321445 7.52334755 7.8487855500000006 8.35321445 7.71861035 7.913873150000001 
0.01 9.0 9.0 9.0 0.009999999999999787 9.0 0.009999999999999787 9.0 9.0 4.505 4.505 9.0 0.009999999999999787 4.505 4.505 4.505 4.505 4.505 4.505 0.009999999999999787 9.0 9.0 9.0 4.505 4.505 9.0 9.0 4.505 4.505 0.009999999999999787 0.009999999999999787 4.505 4.505 
9.0 8.6542446 5.19952245 8.38863505 5.84257715 7.767560899999999 6.1587105 7.6779306 7.0595085 7.087332549999999 7.32421905 6.4499865 7.861686199999999 5.93013975 7.54798015 5.3648036 7.9579691 4.7156357 7.92888645 3.9627232 7.96475655 3.67436895 7.71114865 3.18836955 7.4585746 2.7610298999999996 7.136957349999999 2.4013849499999997 6.75838845 2.1160873 6.3359034 1.97741655 6.08252025 
9.0 7.9345052 4.1553789 9.0 3.1731314999999998 9.0 0.6509420499999998 8.100999999999999 4.77968945 6.5527422 2.5821289 9.0 3.93948405 9.0 0.75082095 6.71919205 4.5882474 8.2008789 4.2386263 8.91976425 3.6087869 9.0 5.49556315 7.6348685 3.3146790499999996 8.647052599999999 3.40152245 8.051060549999999 4.59656315 8.4377654 3.28663025 9.0 1.9411868499999998 
9.0 8.7571801 4.38430925 0.009999999999999787 5.67958845 2.86913465 6.10697305 7.6181471 1.6539563499999996 9.0 4.35428265 3.200551 4.4802775 2.0394026 5.199567399999999 8.636848950000001 2.4251635 9.0 2.2384411999999996 3.1684117499999997 3.0911427 1.1848131999999998 6.18437695 8.2750464 2.4043067 6.8517496 1.8920564999999998 9.0 1.74538465 4.0719517 5.42544115 4.23004085 6.38898935 
9.0 4.505 4.505 0.009999999999999787 0.009999999999999787 0.009999999999999787 9.0 4.505 4.505 0.009999999999999787 9.0 9.0 9.0 9.0 0.009999999999999787 4.505 4.505 4.505 4.505 0.009999999999999787 0.009999999999999787 0.009999999999999787 9.0 9.0 6.4715625 9.0 0.009999999999999787 4.505 4.505 0.009999999999999787 0.009999999999999787 0.009999999999999787 9.0 
0.01 4.505 4.505 4.505 4.505 4.505 4.505 4.505 4.505 4.505 4.505 0.009999999999999787 0.009999999999999787 4.505 4.505 9.0 7.87625 4.505 4.505 4.505 4.505 0.009999999999999787 9.0 4.505 4.505 9.0 0.009999999999999787 0.009999999999999787 0.009999999999999787 9.0 9.0 4.505 4.505 
9.0 9.0 9.0 6.154665 4.7818021 5.08903535 8.67244935 3.2650093 8.7121402 3.08786135 6.19894075 0.5857195999999996 6.1657227 0.3310778499999998 4.10642835 2.7557257999999996 2.9660918 2.4124876 0.7960856000000001 4.26141595 0.29785979999999945 5.6564391999999994 3.58608715 7.8219504 2.4395474999999998 8.34692145 4.19794655 9.0 9.0 6.2432165 4.5160577 5.3032221 8.0915605 
0.01 9.0 9.0 9.0 0.009999999999999787 4.505 4.505 4.505 4.505 9.0 9.0 9.0 9.0 0.009999999999999787 0.009999999999999787 9.0 0.009999999999999787 0.009999999999999787 9.0 4.505 4.505 9.0 0.009999999999999787 9.0 0.009999999999999787 9.0 9.0 0.009999999999999787 0.009999999999999787 4.505 4.505 4.505 4.505 
0.01 9.0 0.009999999999999787 9.0 9.0 9.0 0.009999999999999787 9.0 9.0 9.0 0.009999999999999787 9.0 9.0 9.0 0.009999999999999787 9.0 0.009999999999999787 9.0 9.0 9.0 9.0 9.0 0.009999999999999787 9.0 0.009999999999999787 9.0 0.009999999999999787 9.0 9.0 9.0 0.009999999999999787 9.0 9.0 
9.0 6.00331835 3.3812499999999996 6.5027577999999995 5.5038789 6.25306055 5.25418165 6.37793165 5.12931055 6.7524999999999995 4.00556055 6.97324945 4.12548715 7.12706835 6.00331835 7.0022422 4.6298711 5.62875 3.6309921999999997 6.6276288999999995 4.2552578 6.8773710999999995 4.3801289 6.25306055 4.8795683499999996 6.37235785 3.8641927999999997 5.3790078 3.8806894499999998 6.1647338000000005 3.83933545 4.8795683499999996 2.2575 
9.0 4.5937762499999995 4.53668975 4.6888455 4.4669723 4.6001142 4.5557036 4.5557036 4.7015214 4.5176758999999995 4.51133795 4.5937762499999995 4.36552015 4.41622375 4.77762175 4.3211545 4.625466 4.3972099 4.48598615 4.7015214 4.39087195 4.5874383 4.505 4.505 4.44795845 4.5874383 4.4542964 4.5303518 4.43528255 4.42889965 4.3972099 4.53668975 4.505 
9.0 9.0 4.9455998999999995 9.0 5.63328995 8.9276305 5.9903278 8.11740675 6.888249 7.87521615 7.21535015 7.06431815 7.7387929 6.9912294500000005 7.834851049999999 5.8288674 8.19957535 5.45510815 8.09097615 4.94141955 8.1981819 4.4270567 8.0951565 3.8242772 7.9030401999999995 3.47838695 7.61495565 3.07950065 7.2446126 2.69391955 6.9557639 2.58046575 6.5068033 
9.0 9.0 6.7524999999999995 9.0 5.62875 5.62875 9.0 5.26245245 8.603541 3.9055467999999998 8.1214073 2.97189035 7.237645349999999 2.535291 6.2066272 2.5423481499999996 5.256069549999999 2.8564138 4.5354760999999995 3.31485885 4.09932625 3.7777988999999996 3.9222682 4.1551991 3.9321572 4.41109945 4.0446221 4.55143335 4.1887318 4.6049688 4.3188170999999995 4.60609255 4.41433585 
9.0 5.70368165 4.0555 6.90231835 4.505 6.00331835 3.90568165 6.15318165 5.02943165 7.05218165 4.57993165 7.72643165 4.8795683499999996 7.6515 4.20531835 6.90231835 5.404 6.37793165 4.43006835 5.92843165 5.404 7.6515 4.505 5.62875 5.10431835 6.5823193 4.74948305 6.303 4.65481835 6.602681649999999 4.65481835 6.37793165 4.28025 
9.0 8.6599982 6.1647338000000005 7.7403212 7.580479 5.82216985 8.733806099999999 4.0056954 7.94488865 3.0843552499999998 8.660762349999999 1.5106107999999998 8.0455317 0.3630822499999997 6.4070143 0.26554074999999955 4.93584575 0.009999999999999787 4.64843545 1.5189265500000002 1.5258038999999997 2.4368505 0.9910786999999996 3.8988043 0.5457140999999996 5.39343675 0.6780918499999999 6.7032348 1.3473973499999996 7.6463757 2.4351423999999997 7.9241667 3.9119297 
9.0 8.93055225 4.3820168 8.9127071 4.3205252 9.0 4.16180675 8.942464000000001 4.5704472 8.7877461 4.3879502 8.932575 4.1697629 8.9722209 4.18365245 8.8829502 4.0765366 8.8770168 3.9555312 8.9682653 4.2689226 8.7877461 4.1043157 8.880972400000001 4.13007205 8.84955235 3.9246055999999996 8.706431550000001 3.8345257999999998 8.8710834 3.79681275 8.8551711 3.6599399999999997 
0.01 4.505 4.505 4.505 4.505 9.0 0.009999999999999787 4.505 4.505 0.009999999999999787 0.009999999999999787 4.505 4.505 4.505 4.505 9.0 9.0 0.009999999999999787 0.009999999999999787 4.505 4.505 4.505 4.505 9.0 9.0 9.0 9.0 4.505 4.505 9.0 9.0 4.505 4.505 
9.0 9.0 2.64150785 9.0 7.92708845 8.418347 5.34075535 9.0 4.05887125 8.723287800000001 6.6621505 7.4470674 3.782204 9.0 4.54451105 8.892704349999999 2.2518362999999995 8.10212375 3.40385985 8.46352175 3.6466797499999997 9.0 3.9515756 8.71200535 4.9849761 8.680405499999999 4.17915745 9.0 3.27395435 6.4814515 5.39721255 6.8146208999999995 4.2621801 
9.0 8.5372847 6.2236632499999995 8.6033612 6.190625 7.84321175 7.54573265 6.5541806000000005 8.00844795 5.3643541 8.50424645 4.4058402999999995 8.37200355 3.5795693999999996 8.20676735 2.819375 7.54573265 2.2575 6.6533403 1.1998714499999998 6.2236632499999995 0.6379964499999997 4.9016388 1.1667882499999997 3.9431249999999998 1.4517712499999997 3.42031155 2.0261423499999998 2.58801735 2.5218958999999996 2.22446175 3.2160138 1.9600209 
9.0 8.450351399999999 4.1385676 8.254908799999999 4.83479815 8.31599585 4.6882162 7.9739713000000005 4.4072787 7.9739713000000005 4.24847035 8.20604815 4.0286199 7.55867825 4.48059215 8.46253285 3.5644662 8.254908799999999 4.65158195 8.38926435 4.2362889 8.87787085 3.2468944499999997 8.3281773 3.6621875 8.26753975 4.04601555 8.3648565 4.35841805 8.03505835 4.0163934999999995 8.0594662 4.48059215 
0.01 0.009999999999999787 9.0 4.505 4.505 4.505 4.505 0.009999999999999787 9.0 9.0 9.0 4.505 4.505 4.505 4.505 9.0 0.009999999999999787 0.009999999999999787 9.0 9.0 9.0 4.505 4.505 0.009999999999999787 0.009999999999999787 9.0 0.009999999999999787 9.0 9.0 0.009999999999999787 9.0 4.505 4.505 
9.0 4.7928598 3.8185685499999997 4.30573665 4.7706994499999995 4.8814113 4.3942881499999995 4.4385639 5.34641905 4.7928598 4.505 5.05855925 4.0621526 4.7706994499999995 4.505 4.5935515 4.3721277999999995 3.9292803999999997 3.5749845 4.81502015 4.5714361 4.81502015 4.6378722 4.8592959 5.2357072 5.76715105 4.2835763 4.23930055 4.084268 4.70426335 4.74858405 4.83713555 4.0178768499999995 
9.0 9.0 7.3614826 9.0 9.0 7.97167885 9.0 3.00668165 9.0 0.009999999999999787 9.0 4.505 9.0 0.009999999999999787 9.0 0.009999999999999787 4.505 0.009999999999999787 1.5083183499999997 0.009999999999999787 0.3455067999999999 0.009999999999999787 3.00668165 3.00668165 0.009999999999999787 5.36961325 0.009999999999999787 9.0 0.009999999999999787 4.505 0.009999999999999787 9.0 1.5083183499999997 
9.0 9.0 3.79033995 7.7555143 5.7494857 8.25576285 1.8804594 9.0 3.2370953499999997 9.0 2.26365815 8.0992919 3.94191135 7.958823150000001 5.1629781 9.0 6.27319815 9.0 5.7002205 8.8361123 4.41999955 8.667325049999999 0.3993568999999999 9.0 5.17039485 9.0 3.9843891 9.0 4.00475145 9.0 6.904071399999999 9.0 1.9087779 
9.0 8.5239795 5.10845375 8.415694949999999 5.92285785 8.051375199999999 6.4552906 7.354290600000001 7.20087625 6.93243485 7.697169199999999 6.28947005 7.92843695 5.5957567 8.07955885 4.9155733 8.0829301 4.09330295 7.93293195 3.5969650499999997 7.5133237 3.14467815 7.3193195 2.6821876 6.77448055 2.42763575 6.33684735 2.2433856999999997 5.7299774 2.1306061499999998 5.3667814 2.3110804 4.7734414 
9.0 9.0 4.2271190999999995 9.0 4.6372428999999995 9.0 4.27436155 9.0 4.42827035 9.0 3.9779163 8.30296035 4.2711701 8.7029704 4.2084199 7.6141915000000004 4.17331395 7.459608449999999 3.5895033499999998 8.7712045 3.0864678999999997 8.1392974 3.0821527 8.3226934 2.9390319 7.76517855 3.1936286999999997 7.7905753 2.7710087999999997 6.9483022000000005 3.3235342 7.39110465 2.73005935 
0.01 9.0 0.009999999999999787 4.505 4.505 4.505 4.505 9.0 9.0 9.0 0.009999999999999787 1.2742187499999997 9.0 4.505 4.505 0.009999999999999787 9.0 9.0 9.0 0.009999999999999787 9.0 9.0 7.0334375 0.009999999999999787 9.0 9.0 9.0 9.0 0.009999999999999787 9.0 9.0 9.0 9.0 
9.0 7.3872839 4.56806485 6.0398627 4.39536695 6.87615745 4.6607967 5.3820644 5.05316525 6.45191935 4.71873725 5.49169745 4.7242660999999995 5.8205966 4.505 6.14949575 4.505 5.93022965 4.83389915 5.71096355 5.05316525 5.5702251 4.76629435 5.49169745 4.9435322 5.3727148 4.75856295 5.2875795 4.7524048 5.3820644 4.505 5.27243135 4.83389915 
9.0 7.8724742 4.61957755 8.9547803 4.9451504 7.91468225 5.08382115 7.84536935 4.0919994 8.813097899999999 4.6165658999999994 8.906548950000001 4.48391845 8.8251445 4.96326525 8.6171159 4.6738322 7.6976187 4.62560085 8.15588395 4.1432424 9.0 4.505 7.7307917999999995 4.45074535 8.203081449999999 4.6197124 7.76095325 4.45676865 8.56888455 5.0024166999999995 7.77902315 4.6286125 
9.0 7.42436765 4.1500748 7.1239668 3.858619 3.91485145 3.5437892 5.8443302 4.70291485 6.2174152 3.32106195 5.80544845 3.06673485 4.66048205 3.65333235 5.41609155 3.18162705 5.1880602 3.1991126 4.93260935 3.0879512499999997 4.7996922 3.3005647499999995 4.6400298 3.3756762 4.5029323 3.4617104999999997 4.3875906 3.55525145 4.29297085 3.6531975 4.5650531999999995 3.2823150500000002 
9.0 8.82411065 4.892469 8.854362 5.37159105 8.8213687 5.73892245 8.912077799999999 6.0805874 8.67937165 6.5853309499999995 8.38261175 6.86563915 8.227759 7.1477903000000005 7.797227899999999 7.60947175 7.606684850000001 7.792643 6.95356135 7.598459 6.67783805 7.93005515 6.33064425 7.86227055 6.00637495 8.2716302 5.6262328 8.37344195 5.1233322 8.40823325 4.9117076 8.38351075 
9.0 6.7734467 3.745345 7.7163179 4.5730093499999995 7.69928185 4.6064970999999995 7.56452175 4.5626259 6.06094425 4.7564503 7.6087975 4.70246535 7.56613995 4.7323571 7.51768385 4.7608554 7.35496485 4.2954431 7.40440985 4.8131772 7.34031115 4.83677595 8.28228335 5.31702175 7.19907825 4.8782648 6.2233486 4.8088619999999995 7.0431467 4.9116177 6.9607084 4.9251027 
9.0 9.0 5.01675575 7.65235405 3.9591271999999997 8.1726503 4.9399811499999995 7.70350715 4.55619805 7.02970665 4.155289 7.6096965 5.0679538 7.1405983 4.68412575 6.89323845 4.3514508 7.6267775 5.2641156 7.771786199999999 4.82913445 5.9464566 4.7693959 6.90177895 6.185275949999999 6.7115955 5.31189745 5.187341 5.9635376 6.48913795 5.35442015 7.02970665 5.187341 
9.0 8.83615725 4.1814499 9.0 3.86073165 9.0 3.54698065 9.0 2.8789787 8.6660215 2.5465734499999995 8.7532245 2.6769733999999996 8.5681204 2.42017405 8.92380975 2.92019785 8.30493815 1.5374009999999996 7.8918026999999995 1.7815244499999996 7.63518315 1.6180862499999997 8.3305147 1.563472 7.0930861499999995 1.3714456 5.64830325 1.6318409499999995 6.5328743 1.2335839499999994 6.25333025 1.204771 
9.0 9.0 3.2271614 9.0 3.3656973 8.75830385 2.9275247 9.0 3.1310583 8.6734832 2.2998878499999997 8.5872691 2.5218509499999997 7.90874885 1.8574899499999997 7.6401726 1.8970459499999999 7.18505385 1.91682395 7.58223205 1.3146737499999999 6.95320175 0.5796513499999998 6.7171693 1.2086816499999995 6.1009048 1.0863726999999996 5.6895223999999995 0.9881569499999996 5.2513498 1.2171322499999997 5.1340303 1.3584999999999998 
0.01 0.009999999999999787 9.0 9.0 0.009999999999999787 0.009999999999999787 9.0 4.505 4.505 9.0 9.0 0.009999999999999787 3.6621875 9.0 9.0 0.009999999999999787 0.009999999999999787 9.0 0.009999999999999787 0.009999999999999787 0.009999999999999787 9.0 9.0 9.0 0.009999999999999787 9.0 9.0 9.0 9.0 4.505 4.505 0.009999999999999787 0.009999999999999787 
9.0 6.4715625 4.69230665 7.12706835 4.03675585 6.28425585 4.505 6.00331835 4.2240625 6.658869149999999 4.505 5.81605665 4.97324415 6.9398066499999995 4.59863085 6.4715625 3.47488085 6.09699415 3.47488085 6.00331835 4.8795683499999996 5.62875 5.3478125 6.28425585 3.6621875 6.4833394 4.0526232 6.37793165 4.13043165 7.12706835 3.1003125 6.00331835 4.2240625 
9.0 7.091423000000001 4.36228375 7.8851501 4.26420285 7.2697845999999995 4.4515095 6.9308616 4.65661635 7.2786847 4.95094895 7.16275865 4.39797405 7.3232751 4.5584905 7.688943350000001 4.62092605 7.2162491499999994 4.57633565 6.65437415 4.3801289 7.16275865 4.6744615 6.7524999999999995 4.6833616 7.26003045 4.44939685 7.2786847 3.8985345999999996 7.59976255 4.44256445 7.314375 4.36228375 
9.0 9.0 6.54820225 9.0 6.95679775 8.1827191 7.3654382 9.0 4.09635955 9.0 4.505 8.1827191 2.4617977499999997 7.3654382 5.73092135 9.0 1.6445617999999995 9.0 3.2790786499999998 8.59135955 2.4617977499999997 9.0 4.8533625 9.0 4.09635955 9.0 4.90357165 9.0 6.1395618 9.0 7.3654382 7.77407865 5.73092135 
9.0 4.505 4.505 4.505 4.505 4.505 4.505 0.009999999999999787 9.0 4.505 4.505 9.0 6.18311835 3.9656 3.9656 4.505 4.505 0.009999999999999787 0.009999999999999787 4.505 4.505 9.0 0.009999999999999787 4.505 4.505 9.0 5.52388165 4.505 4.505 4.505 4.505 4.505 4.505 
9.0 8.0933585 4.92829415 8.01689855 5.4334872 7.724678600000001 5.7666566 7.620934 6.3592774 7.46796915 6.7579839 7.1075151000000005 7.2385893 6.7169895 7.13210275 6.0042623 7.55535195 5.83493565 7.3614826 4.93647505 7.5662748 4.5978667 7.752008200000001 4.1117774 7.345075850000001 3.96897125 7.2332852 3.6857413 7.02287425 3.3580558 6.82895995 3.2761119499999998 6.41389165 
0.01 9.0 0.009999999999999787 9.0 9.0 9.0 9.0 9.0 9.0 9.0 9.0 9.0 0.009999999999999787 9.0 0.009999999999999787 9.0 9.0 9.0 0.009999999999999787 9.0 9.0 9.0 9.0 9.0 0.009999999999999787 9.0 9.0 9.0 0.009999999999999787 9.0 9.0 9.0 0.009999999999999787 
9.0 9.0 9.0 9.0 0.009999999999999787 4.505 4.505 4.505 4.505 9.0 9.0 9.0 0.009999999999999787 9.0 9.0 9.0 0.009999999999999787 4.505 4.505 4.505 4.505 9.0 3.2563788999999996 4.505 4.505 9.0 0.009999999999999787 9.0 9.0 9.0 0.009999999999999787 4.505 4.505 
9.0 9.0 5.1471557 9.0 7.7157335499999995 9.0 7.7157335499999995 9.0 3.8628443 8.3578443 3.8628443 9.0 4.6189032999999995 9.0 4.505 6.4314221499999995 3.8628443 9.0 4.66758415 9.0 3.22073355 9.0 4.505 5.7892664499999995 3.22073355 9.0 4.72485045 9.0 4.7379309 9.0 7.0735778499999995 9.0 4.505 
9.0 8.31284935 4.3523048499999994 8.3892194 4.1232396499999995 8.18878735 4.505 7.81660135 4.16144715 7.74027625 3.8942194 7.873867649999999 3.9801188499999998 7.98840025 3.6651542 8.017033399999999 3.55066655 7.2917202 4.04691455 8.06472535 3.7987905499999997 8.5228108 4.3523048499999994 8.3224237 3.33113075 7.83646925 3.4571256 7.4825779 3.50292965 7.768864450000001 2.8062496 7.46347415 3.38839705 
9.0 1.45132175 0.009999999999999787 0.009999999999999787 9.0 9.0 7.35109915 4.6629992499999995 0.009999999999999787 0.009999999999999787 0.009999999999999787 9.0 9.0 8.49130085 0.009999999999999787 0.009999999999999787 9.0 8.273608 9.0 9.0 0.009999999999999787 0.009999999999999787 0.009999999999999787 3.6574228 9.0 9.0 0.009999999999999787 0.009999999999999787 0.009999999999999787 0.009999999999999787 9.0 9.0 6.01581445 
9.0 8.26322455 5.09901425 7.74908645 4.77735205 7.464013550000001 4.87875925 5.5787656 5.08759695 6.47547315 5.4188335 6.726339100000001 5.0752357 6.51637765 5.11213965 5.8243724 4.6363439 6.6697021 5.2132322 5.98093325 5.1619892 5.830800249999999 5.1629781 5.6932982 5.1581235 5.56766295 5.1484143 5.69298355 5.23035815 5.34857665 5.1177584 5.25364225 5.0982501 
9.0 8.76180995 4.5034716999999995 8.69465465 4.3599463499999995 8.78320615 4.35077655 8.8015008 4.6149477 8.7358738 4.5843817 8.66714525 4.7157256 8.7282323 4.43932805 8.767923150000001 4.5950798 8.7205908 4.56761535 8.6136997 4.85008115 8.5266765 4.7813526 8.7297606 4.64852535 8.66238055 4.6192629 8.645794 4.6057779 8.66103205 4.5248679 8.67173015 4.47906385 
9.0 8.75866345 5.2915351 8.5930227 5.99477785 8.3300652 6.750702 7.8168261 7.374697899999999 7.16671425 7.8240181 6.693975099999999 8.2634493 5.87413205 8.58039175 5.3122570499999995 8.70463355 4.47349005 8.69024955 3.656344 8.522765849999999 3.0206161499999995 8.2130154 2.4132967 7.9428659 1.8725931499999997 7.486758249999999 1.45159145 6.8677518 1.1193210499999995 6.4148356 0.8546104999999997 5.677835399999999 
9.0 8.691957649999999 5.8212259 8.09726915 7.0112322 7.1998424 7.7232402 5.682824849999999 8.66966245 4.7133882 8.8538226 3.46049685 8.7810935 1.9911263 8.1467591 1.2088614499999997 7.30920575 0.4147747499999994 6.13219 0.3581826999999995 4.776498 0.29687090000000005 3.6132818999999996 0.7655195999999997 2.3965753 1.57583325 1.3784578 2.65202615 0.6516612500000001 3.8941295 0.28181265 4.95481465 0.24270615000000006 
0.01 9.0 9.0 9.0 0.009999999999999787 9.0 9.0 9.0 9.0 9.0 9.0 9.0 0.009999999999999787 9.0 9.0 9.0 0.009999999999999787 9.0 0.009999999999999787 9.0 9.0 9.0 9.0 9.0 0.009999999999999787 9.0 9.0 9.0 9.0 9.0 9.0 9.0 9.0 
9.0 9.0 4.5244633499999996 9.0 4.45065545 9.0 4.371948 9.0 4.1897207 8.90286305 4.2237928 9.0 4.2108472 8.87688195 4.14913085 8.66561695 3.8907582499999998 8.7385708 3.86100135 8.98152555 3.8645524 8.76693425 3.8952532499999997 8.526631550000001 3.56774755 8.50856165 3.69999045 8.3546978 3.6710876 8.27077615 3.60146005 8.27482165 3.5715683 
9.0 8.5557142 5.25148465 8.069490049999999 6.18518605 7.7859005 6.77564925 7.1922908 7.78621515 6.49641985 8.1527824 5.6023194 8.43781035 4.7943881 8.327458100000001 3.93813555 8.4334502 3.21318195 8.08378415 2.40875675 7.4682838 1.9367817499999997 6.92353475 1.4412529499999995 6.30079745 1.2756121999999999 5.66628325 1.2520134499999998 5.0092491 1.2921987499999998 4.25665125 1.46192995 3.6103152 
9.0 9.0 4.798883099999999 9.0 5.4375327 9.0 5.68633095 8.687642449999998 5.95297435 8.40544635 6.25980305 7.8975563 6.7561859 8.08099725 6.85682895 7.469632300000001 7.2359822000000005 7.094974049999999 7.336805050000001 6.65392465 7.5227182500000005 6.32785735 7.5993580000000005 6.0505607999999995 7.745085899999999 5.7506544 7.7587507 5.372355199999999 7.6821559 5.0161714 7.7723256 4.8192005 7.7164078 
9.0 1.55515625 5.20734375 4.7859375 4.505 4.505 4.7859375 7.314375 4.7859375 5.3478125 4.505 4.36453125 4.926406249999999 4.7859375 4.505 5.20734375 3.80265625 6.4715625 2.819375 4.505 4.08359375 4.505 4.505 4.64546875 2.39796875 4.64546875 4.505 1.2742187499999997 4.64546875 4.36453125 4.505 4.505 4.926406249999999 
9.0 8.4699496 3.84697695 8.7036896 4.00798785 8.644895 3.7655724999999998 8.47439965 3.7392317999999998 8.4813669 3.07518545 8.33784155 3.09073815 8.1961142 2.8902162 8.13161095 2.9932415999999997 7.887172850000001 2.3913610999999997 7.67644725 2.3854726499999996 7.4784425 2.25367925 7.26030015 2.3435343 7.0583398 2.0494264499999995 6.76054605 1.8145627000000002 6.62102125 1.9259038499999996 6.40139555 1.8940342999999995 
0.01 4.505 4.505 4.505 4.505 4.505 4.505 4.505 4.505 4.505 4.505 4.505 4.505 4.505 4.505 4.505 4.505 4.505 4.505 4.505 4.505 4.505 4.505 4.505 4.505 9.0 4.505 4.505 4.505 4.505 4.505 4.505 4.505 
9.0 7.568252599999999 4.9711315 7.96781315 4.66039215 7.43506575 4.8712526 7.2464106 4.4827946999999995 8.0565894 5.0377474 7.19089735 4.7269631 7.31298155 4.9378684999999995 8.0233264 3.71698155 7.82352365 4.0166632 6.6914579 4.5494106 7.2464106 4.8712526 7.50168165 3.927842 7.37159635 4.39482755 7.94560785 4.6048789 7.25751325 4.183158 6.8135421 4.29413955 
9.0 8.32633435 4.58631455 8.64988445 4.5704472 8.642467700000001 4.602991 8.674786749999999 4.8650495 8.44248515 5.0160815 8.602686949999999 4.699184 8.583673099999999 4.7305591 8.43088805 4.6327479 8.8141767 4.505 8.50991015 4.82176265 8.4799285 4.85098015 8.26825895 4.99284235 8.41218885 4.9073025 8.44248515 4.8999307 8.3346501 4.9605233 8.2923971 4.9858751 
0.01 4.505 4.505 9.0 9.0 4.505 4.505 9.0 9.0 4.505 4.505 9.0 0.009999999999999787 4.505 4.505 4.505 4.505 4.505 4.505 4.505 4.505 4.505 4.505 4.505 4.505 9.0 0.009999999999999787 4.505 4.505 0.009999999999999787 9.0 4.505 4.505 
9.0 3.3063183499999997 6.303 3.27773015 5.05154705 3.7058789 4.3052421999999995 4.7833304 4.19578895 4.70552195 4.62074625 4.46521925 4.6275337 4.4337093 4.4975382999999995 4.5008196499999995 4.4653091499999995 4.5261265 4.49812265 4.5112030999999995 4.5156981 4.4998757 4.5095849 4.50189845 4.5027525 4.50585405 4.50306715 4.5061687 4.50522475 4.505 4.50567425 4.5046403999999995 4.5050899 
9.0 6.5027577999999995 6.5027577999999995 6.91859025 8.58479685 3.5061210999999997 9.0 3.00668165 8.50056055 0.009999999999999787 6.00331835 0.009999999999999787 4.00556055 0.009999999999999787 3.5061210999999997 1.5083183499999997 1.0088788999999996 7.0022422 0.009999999999999787 3.5061210999999997 1.0088788999999996 8.0011211 3.5061210999999997 6.00331835 4.505 8.645794 6.52860405 7.0875573 8.29666735 5.5038789 9.0 2.0077577999999994 9.0 
9.0 4.505 4.505 9.0 6.8299938000000004 4.505 4.505 4.99904545 0.009999999999999787 4.505 4.505 4.505 4.505 0.009999999999999787 3.4974907 2.00079055 0.7607998499999997 7.9634529999999994 7.3434576499999995 4.505 4.505 6.9074876 6.1082766 0.4459250999999993 6.5200186 9.0 0.009999999999999787 0.009999999999999787 8.17170635 4.505 4.505 4.505 4.505 
9.0 6.26609605 4.21988215 8.8860068 4.6995436 9.0 9.0 6.11515395 5.1926900499999995 6.9537861 5.092047 7.27243665 0.8150545 7.1047282 7.5575545 7.507255450000001 4.0353623999999995 6.6015578999999995 3.98506335 7.4525513 5.1699003999999995 8.245244549999999 6.5512139000000005 6.618324250000001 5.2429891 6.7214395499999995 5.1626185 5.96421185 4.3875906 6.2633541 5.1127689499999995 6.05177445 5.07833725 
9.0 6.6598131 3.94892355 6.4281407999999995 3.94892355 7.65612985 2.7440837499999997 7.7951602 4.8293592 5.68669055 3.53187745 6.72935075 5.22325605 6.543976949999999 3.9720728 6.4049466 4.7830607 6.7524999999999995 3.276966 6.96102305 5.33913715 6.4049466 4.87570265 7.67932405 5.3854806 6.9051502 3.9455073499999997 5.2001068 3.32330945 6.63666385 4.6903738 6.543976949999999 2.1880072999999998 
9.0 1.6153442999999998 0.009999999999999787 9.0 8.22942215 9.0 0.009999999999999787 9.0 3.45348465 9.0 8.82743695 9.0 2.81132895 9.0 0.009999999999999787 9.0 5.12706305 9.0 0.009999999999999787 9.0 4.35248465 0.7163442999999994 9.0 6.9210625 8.3578443 9.0 9.0 9.0 0.009999999999999787 9.0 0.009999999999999787 9.0 0.009999999999999787 
9.0 8.06310715 5.26245245 4.505 4.505 7.04651795 4.8139863 6.279086599999999 9.0 6.22923705 8.98008715 4.39536695 6.89701425 5.5714387499999996 5.083057 4.3853880499999995 8.7807339 2.2126399 8.3222439 4.04651 6.24919485 2.5913886 5.5714387499999996 0.38874869999999984 8.1329145 2.9701373 8.4717476 0.009999999999999787 7.6245749499999995 0.009999999999999787 5.083057 4.505 4.505 
9.0 9.0 5.03383675 9.0 5.5626285499999994 9.0 6.3558612 9.0 4.7693959 9.0 5.5626285499999994 9.0 5.03383675 9.0 6.620302049999999 9.0 4.2406041 9.0 3.97616325 9.0 6.091465299999999 9.0 6.3558612 9.0 3.97616325 9.0 5.41411375 9.0 4.7693959 9.0 6.091465299999999 9.0 5.5626285499999994 
9.0 7.7600093 4.4562742 8.0876948 4.5537258 8.100999999999999 4.5138551499999995 8.05672425 4.5537258 8.0301588 4.46072425 8.2515825 4.6511324499999995 8.33127885 4.58029125 8.10545005 4.4695794 8.06112935 4.3721277999999995 7.91944695 4.6555824999999995 7.8662711000000005 4.752989149999999 7.768864450000001 4.4385639 8.01294295 4.5325093999999995 7.83530055 4.27912625 8.2338722 4.6378722 8.05672425 4.5404206 
9.0 4.8958851999999995 4.5358357 5.13245705 4.31985095 4.9781437 4.1347019 5.0707407 4.2272989 5.55417795 4.4535772 5.06044715 4.854711 5.16329275 3.89813005 5.8113369 4.28901525 5.35873535 4.83416885 5.0295665 4.505 5.00902435 4.49470645 5.18387985 4.0421498499999995 4.88559165 4.56671635 5.00902435 4.2067118 4.9370144499999995 4.17583115 5.0295665 4.19641825 
9.0 6.794393400000001 0.2798797999999998 9.0 5.7055246 4.346776 0.009999999999999787 9.0 0.009999999999999787 6.4686407500000005 0.009999999999999787 4.505 4.505 0.009999999999999787 2.96478825 2.81123905 4.66785385 9.0 0.009999999999999787 4.505 4.505 4.505 4.505 3.77442765 8.6510082 6.2918524 5.69621995 4.505 4.505 9.0 5.5473006 4.505 4.505 
9.0 7.46473275 6.46558415 6.51341095 7.8674398 4.7440890499999995 8.3305147 3.06538635 8.19714805 1.43702765 6.8607396000000005 0.7197155499999996 4.82463945 0.7826455499999998 3.21390115 2.3909116 1.2809612499999994 4.29108295 0.6392100999999997 5.5519754 1.0745958 7.05200185 2.1618464 7.844785 3.66690725 7.8653721 5.5708993499999995 6.53606575 7.160241449999999 5.42867755 7.9555418 3.67194165 7.8473022 
