9.0 6.794393400000001 0.2798797999999998 9.0 5.7055246 4.346776 0.009999999999999787 9.0 0.009999999999999787 6.4686407500000005 0.009999999999999787 4.505 4.505 0.009999999999999787 2.96478825 2.81123905 4.66785385 9.0 0.009999999999999787 4.505 4.505 4.505 4.505 3.77442765 8.6510082 6.2918524 5.69621995 4.505 4.505 9.0 5.5473006 4.505 4.505 
9.0 5.3799966999999995 4.76233875 4.6937001 5.63733545 4.03046285 6.7015267000000005 3.68147105 3.68147105 2.61777425 4.77950965 2.463371 4.916742 3.7672806 3.1324967 4.04179025 2.7207097499999997 5.3456548999999995 3.71581285 6.0338394 3.9677126499999997 5.7917387 3.78440655 5.47794275 5.6149054 4.68088935 5.9025853999999995 4.33342585 5.6888032 3.7501097 5.2598903 3.1496226499999995 2.9952194 
9.0 7.8227595 8.25081835 1.0802595 3.4347404999999998 6.00331835 3.8628443 6.5384481 3.8628443 1.48053925 5.0807196 6.00331835 4.505 5.7892664499999995 4.18392215 2.7872807 6.80477685 5.5752595 4.61202595 6.5384481 4.7190519 5.25418165 3.3277595 1.9313877499999998 4.0449817 5.62376055 2.20899895 9.0 4.505 1.5083183499999997 4.2909481 5.6822405 4.61202595 
9.0 8.5557142 5.25148465 8.069490049999999 6.18518605 7.7859005 6.77564925 7.1922908 7.78621515 6.49641985 8.1527824 5.6023194 8.43781035 4.7943881 8.327458100000001 3.93813555 8.4334502 3.21318195 8.08378415 2.40875675 7.4682838 1.9367817499999997 6.92353475 1.4412529499999995 6.30079745 1.2756121999999999 5.66628325 1.2520134499999998 5.0092491 1.2921987499999998 4.25665125 1.46192995 3.6103152 
9.0 8.6599982 6.1647338000000005 7.7403212 7.580479 5.82216985 8.733806099999999 4.0056954 7.94488865 3.0843552499999998 8.660762349999999 1.5106107999999998 8.0455317 0.3630822499999997 6.4070143 0.26554074999999955 4.93584575 0.009999999999999787 4.64843545 1.5189265500000002 1.5258038999999997 2.4368505 0.9910786999999996 3.8988043 0.5457140999999996 5.39343675 0.6780918499999999 6.7032348 1.3473973499999996 7.6463757 2.4351423999999997 7.9241667 3.9119297 
9.0 8.0933585 4.92829415 8.01689855 5.4334872 7.724678600000001 5.7666566 7.620934 6.3592774 7.46796915 6.7579839 7.1075151000000005 7.2385893 6.7169895 7.13210275 6.0042623 7.55535195 5.83493565 7.3614826 4.93647505 7.5662748 4.5978667 7.752008200000001 4.1117774 7.345075850000001 3.96897125 7.2332852 3.6857413 7.02287425 3.3580558 6.82895995 3.2761119499999998 6.41389165 
9.0 9.0 4.91364045 8.79570225 4.09635955 7.97842135 4.505 9.0 4.505 8.79570225 4.505 9.0 4.70929775 8.59135955 4.30070225 9.0 4.505 9.0 4.505 8.3870618 4.91364045 7.97842135 4.91364045 8.59135955 4.70929775 8.61976795 4.63522015 8.79570225 4.91364045 8.3870618 4.09635955 8.3870618 4.70929775 
0.01 9.0 9.0 9.0 0.009999999999999787 9.0 0.009999999999999787 9.0 9.0 4.505 4.505 9.0 0.009999999999999787 4.505 4.505 4.505 4.505 4.505 4.505 0.009999999999999787 9.0 9.0 9.0 4.505 4.505 9.0 9.0 4.505 4.505 0.009999999999999787 0.009999999999999787 4.505 4.505 
9.0 5.62875 5.25418165 6.602681649999999 5.70368165 5.3606682 5.5822717 4.8540817 5.40125805 4.5530965 5.1757439 4.39860335 4.9629506 4.33935925 4.78894915 4.3357183 4.6604371 4.3598115 4.5738634 4.3937937 4.52104715 4.4274163 4.49272865 4.45568985 4.48077195 4.47708605 4.4786592999999995 4.4917847 4.481626 4.50099945 4.4866604 4.5061237499999995 4.4919195499999995 
9.0 7.194808 6.3179234 8.227264550000001 8.124418949999999 7.92124495 7.68336955 8.2812495 4.0112692 8.87912945 4.86374595 8.812288800000001 0.6515713499999998 8.6386919 8.4805578 8.7955674 4.2709903 8.49085135 5.32016825 8.931855800000001 1.3767497 8.4008165 0.6503127499999994 5.7907498 3.1536681499999997 9.0 5.2725662 7.3349621 6.42333115 8.44967715 8.146264649999999 8.18995605 7.598548900000001 
9.0 8.62543165 5.81605665 8.25081835 3.7558183499999998 7.688943350000001 5.62875 8.438125 4.13043165 8.62543165 4.69230665 8.25081835 5.066875 7.688943350000001 4.505 8.438125 4.69230665 9.0 4.8795683499999996 7.50168165 4.13043165 7.87625 5.25418165 8.25081835 3.9431249999999998 8.2716302 4.7523598499999995 9.0 5.44144335 7.688943350000001 4.505 7.688943350000001 4.69230665 
9.0 6.634191599999999 4.031856299999999 8.270955950000001 4.5839322 8.24281725 4.62254425 7.58052395 4.26842815 7.58052395 4.505 8.0945272 4.7310086 8.02525925 4.7637322 8.29028445 6.634191599999999 9.0 4.74157185 7.7661225 4.84801345 7.66502995 4.87093795 6.39761975 5.4513323499999995 7.445584050000001 4.9081116 6.8708084 3.55866765 7.2087425 4.9335533 7.0859391 4.94186905 
9.0 8.4178076 6.21431365 7.386250049999999 7.6160794 5.9140476500000005 8.39879375 4.32821165 8.583763000000001 2.60932365 8.0716027 1.33328305 6.822621999999999 0.8618474499999995 5.52693825 0.8579368 3.9413719499999997 1.4720437 2.7923150999999997 2.7818867 1.6793980499999996 3.9200656499999997 1.3242480999999997 5.2040624 1.51937605 6.2375528 2.1870184 6.86815635 3.16112985 7.03294305 4.2380869 6.818127 5.25319275 
0.01 9.0 9.0 9.0 0.009999999999999787 9.0 9.0 0.009999999999999787 9.0 4.505 4.505 9.0 9.0 4.505 4.505 4.505 4.505 0.009999999999999787 9.0 0.009999999999999787 9.0 9.0 9.0 9.0 0.009999999999999787 9.0 9.0 9.0 9.0 9.0 0.009999999999999787 0.009999999999999787 9.0 
9.0 8.886141649999999 5.0930359 8.735694 5.4056182 8.49579585 5.9545476 8.50595455 5.97535945 8.3504725 6.53750415 7.7547951 6.8551658 7.6490727 7.148959 7.1367326 7.51184035 6.70166155 7.6693901 6.49381275 7.568747050000001 6.09124055 7.9042089 5.7110984 7.9306395 5.2607443499999995 8.03541795 4.84199015 8.12073305 4.3718581 7.9977049000000004 4.04250945 7.842177899999999 
9.0 8.60628295 4.70039765 8.73888545 4.607486 8.76198975 4.7452577499999995 8.7115109 4.56437895 8.636399449999999 4.7903426 8.6748317 5.04741165 8.6425576 4.78418445 8.50101005 5.0768539 8.269292799999999 5.15403305 8.14518585 5.0376125499999995 7.96799295 5.1442789 7.91018725 5.01289005 7.8110725 5.1020259 7.489095649999999 5.192735 7.69307875 4.9883923 7.4383471 5.01954265 
9.0 8.46442075 6.0886784 7.57908555 7.4325036 6.069979200000001 8.0912908 4.7671484 8.588347899999999 3.1662092 8.392725500000001 1.68955675 7.6330705 1.0390853 6.27193955 0.64815515 4.8829396 0.8352370499999999 3.42543585 1.60217395 2.2565111 2.7175183 1.4332518499999995 4.00394235 1.10979165 5.27099295 1.2908951999999996 6.33334125 1.9136774500000002 7.050338699999999 2.8524132499999997 7.3262867499999995 3.90694025 
9.0 9.0 4.4564090499999995 9.0 4.38350015 9.0 4.2134542999999995 8.78131825 4.4320911 8.951409049999999 4.35922715 8.951409049999999 4.8937725499999996 9.0 4.2134542999999995 8.78131825 4.9180455499999995 8.902818100000001 4.4806820499999995 9.0 4.7965457 9.0 4.6993637999999995 8.902818100000001 4.9180455499999995 8.9350922 4.56123245 9.0 4.35922715 9.0 4.62649985 9.0 4.18913635 
9.0 7.77407865 4.28025 8.51638295 4.6606169 9.0 7.77407865 7.4880618000000005 4.23939045 6.6707809000000005 3.7490309 8.182314550000001 4.9346770499999995 7.0589691000000006 9.0 6.77295225 5.4857191 7.5084691 4.9544999999999995 9.0 3.1565 8.9386882 0.009999999999999787 7.07942135 5.97607865 7.0663409 5.16455135 6.40517135 4.8727808999999995 6.7042686499999995 5.16320285 9.0 9.0 
0.01 9.0 9.0 0.009999999999999787 0.009999999999999787 0.009999999999999787 0.009999999999999787 4.505 4.505 4.505 4.505 0.009999999999999787 0.009999999999999787 4.505 4.505 4.505 4.505 4.505 4.505 0.009999999999999787 9.0 9.0 9.0 4.505 4.505 9.0 0.009999999999999787 4.505 4.505 0.009999999999999787 0.009999999999999787 0.009999999999999787 0.009999999999999787 
9.0 9.0 4.86518435 8.855036250000001 4.4833340999999995 8.850900849999999 4.4725461 8.459700999999999 4.32866115 9.0 4.56878405 8.8285607 4.4404518 8.81781765 4.42988855 8.93244015 4.5500399 8.6022824 4.1072824 8.775969199999999 4.3987381999999995 8.7588882 4.38853455 8.9174718 4.59503485 8.7200514 4.3686217 9.0 4.24235715 8.6751913 4.3492932 8.6505587 4.33989865 
9.0 9.0 4.6156219499999995 8.9852564 4.72350195 8.88964775 4.82607785 7.280437750000001 0.009999999999999787 8.597068199999999 5.00605765 8.4813669 6.916118 8.194361149999999 5.14045815 7.96295855 5.18774555 9.0 6.34808485 7.4649575 5.24087645 7.2082031 5.2473942 6.952347700000001 5.2417305 6.70157165 5.22505405 6.45947095 5.1988482 6.2289224 5.16473115 9.0 9.0 
9.0 9.0 9.0 9.0 0.009999999999999787 9.0 0.009999999999999787 9.0 9.0 9.0 9.0 9.0 9.0 9.0 0.009999999999999787 9.0 9.0 9.0 9.0 9.0 9.0 9.0 9.0 9.0 9.0 9.0 6.7524999999999995 4.505 4.505 9.0 0.009999999999999787 9.0 0.009999999999999787 
9.0 0.009999999999999787 0.009999999999999787 9.0 9.0 9.0 3.85884375 4.505 4.505 0.009999999999999787 9.0 9.0 9.0 5.31036915 0.009999999999999787 0.009999999999999787 0.009999999999999787 4.8983125 0.009999999999999787 9.0 0.009999999999999787 0.009999999999999787 9.0 0.009999999999999787 0.009999999999999787 9.0 0.009999999999999787 0.009999999999999787 0.009999999999999787 9.0 9.0 4.505 4.505 
9.0 4.8795683499999996 3.57520925 0.009999999999999787 9.0 0.009999999999999787 9.0 7.7357812500000005 6.62542635 0.81267215 1.68560115 0.009999999999999787 0.009999999999999787 0.009999999999999787 9.0 4.3812526499999995 7.1638824 2.61202065 2.61202065 1.1504713999999994 0.009999999999999787 0.009999999999999787 2.40129505 0.009999999999999787 5.5752595 9.0 0.009999999999999787 0.009999999999999787 2.7558157 0.009999999999999787 0.009999999999999787 0.009999999999999787 7.2675371 
9.0 8.785004149999999 4.8014452499999996 8.7129493 5.0906985 8.5952702 5.3658824 8.32040095 2.2592081 8.55153385 7.261334 8.00826815 6.0480436 7.7528173 6.2125606 7.47821775 6.3409378 8.7964664 7.1957968999999995 6.8989471 6.4867556 6.60744635 6.50576945 6.322778 6.4917450500000005 6.0501113 6.44778395 8.565333500000001 9.0 5.55705475 6.285919 5.3425084 6.17673545 
9.0 4.505 4.505 4.505 4.505 4.505 4.505 4.505 4.505 9.0 3.00668165 5.25418165 5.6755879 4.505 4.505 4.505 4.505 4.505 4.505 3.6153496 3.52171875 3.7558183499999998 8.57859375 0.009999999999999787 6.7524999999999995 4.69230665 7.87625 3.47488085 0.009999999999999787 3.9431249999999998 3.28761915 3.6153496 0.29093750000000007 
0.01 4.505 4.505 9.0 9.0 4.505 4.505 9.0 9.0 4.505 4.505 9.0 0.009999999999999787 4.505 4.505 4.505 4.505 4.505 4.505 4.505 4.505 4.505 4.505 4.505 4.505 9.0 0.009999999999999787 4.505 4.505 0.009999999999999787 9.0 4.505 4.505 
0.01 9.0 9.0 9.0 0.009999999999999787 4.505 4.505 4.505 4.505 0.009999999999999787 0.009999999999999787 4.505 4.505 4.505 4.505 0.009999999999999787 9.0 9.0 9.0 0.009999999999999787 9.0 0.009999999999999787 9.0 9.0 0.009999999999999787 9.0 9.0 0.009999999999999787 9.0 9.0 9.0 4.505 4.505 
9.0 7.9345052 4.1553789 9.0 3.1731314999999998 9.0 0.6509420499999998 8.100999999999999 4.77968945 6.5527422 2.5821289 9.0 3.93948405 9.0 0.75082095 6.71919205 4.5882474 8.2008789 4.2386263 8.91976425 3.6087869 9.0 5.49556315 7.6348685 3.3146790499999996 8.647052599999999 3.40152245 8.051060549999999 4.59656315 8.4377654 3.28663025 9.0 1.9411868499999998 
9.0 7.8668105 4.542758 8.2498744 4.5795720499999995 8.2195781 4.61598155 8.39564725 4.58056095 7.2246548 4.7693959 8.06023035 4.71765845 7.985972950000001 4.74804465 7.4135347 5.3737936 8.2823283 4.6938799 7.70926075 4.8251339 7.60183025 4.84558615 7.489095649999999 4.88271485 7.3695736 4.8779052 7.26245775 4.58056095 7.12050565 4.89862715 6.9920835 4.90465045 
9.0 6.7734467 3.745345 7.7163179 4.5730093499999995 7.69928185 4.6064970999999995 7.56452175 4.5626259 6.06094425 4.7564503 7.6087975 4.70246535 7.56613995 4.7323571 7.51768385 4.7608554 7.35496485 4.2954431 7.40440985 4.8131772 7.34031115 4.83677595 8.28228335 5.31702175 7.19907825 4.8782648 6.2233486 4.8088619999999995 7.0431467 4.9116177 6.9607084 4.9251027 
9.0 8.57508765 6.35302935 7.4426623 7.86550695 5.84994895 8.815929749999999 3.9052770999999997 8.902009 2.1569917999999997 8.24767185 0.9244178499999998 6.9811157 0.16143654999999946 5.1878804 0.32460504999999973 3.3563476999999997 1.2747581499999998 1.8359139499999997 2.6375072999999998 0.6750352500000001 4.4038625 0.28922939999999997 6.1374941 0.6677084 7.5408331 1.71994295 8.36966615 3.2408711500000003 8.489997299999999 4.94551 7.89850025 6.58622995 
9.0 4.7686767 4.4673319 4.8063448 4.5426681 4.505 4.45479085 4.53012705 4.3292005499999995 4.5803362 4.1659871 4.47987295 4.74354965 4.79380375 4.3543275999999995 4.505 4.93189015 4.216196249999999 4.8440129 4.29153245 4.6180043 4.63054535 4.47987295 4.5426681 4.53012705 4.9695582499999995 4.4673319 4.64313135 4.49245895 4.70588155 4.505 4.71846755 4.3543275999999995 
9.0 8.09412265 6.22501175 8.1371398 3.7424682 9.0 4.16099765 8.91688745 4.1724599 7.6612541499999995 5.43380185 8.988537749999999 4.59961975 8.9197193 4.6167906499999996 9.0 3.9173237 8.80505185 4.85187915 9.0 4.51358545 8.5642547 5.889639799999999 9.0 3.85138205 9.0 4.4872897 7.9049281 4.8604646 9.0 3.6621875 9.0 4.246987 
9.0 8.25234665 5.9189472 7.4510679500000006 7.097311449999999 6.0765419 7.6819311500000005 5.28232035 8.05366765 3.6520288 8.0958757 2.6292814499999997 7.49601795 1.4294760499999999 6.6510928 1.1461112500000001 5.3811654 1.2605089999999999 4.28532935 1.7167515 3.23763475 2.29503325 2.1018381499999994 3.31036385 1.5376707 4.4362265 1.3717153 5.5257246 1.6089614 6.4423449999999995 2.2032903 7.4115569 3.1531287499999996 
9.0 9.0 9.0 9.0 6.8086875 7.314375 0.009999999999999787 9.0 9.0 4.617375 4.64546875 9.0 9.0 4.505 4.505 9.0 0.009999999999999787 9.0 9.0 9.0 9.0 5.9096875 9.0 9.0 9.0 9.0 9.0 9.0 9.0 0.26284375000000004 9.0 4.505 4.505 
9.0 4.505 4.505 4.505 4.505 9.0 9.0 0.009999999999999787 0.009999999999999787 4.505 4.505 9.0 4.00556055 4.505 4.505 4.505 4.505 0.009999999999999787 9.0 9.0 9.0 9.0 0.009999999999999787 4.505 4.505 9.0 0.009999999999999787 4.505 4.505 4.505 4.505 9.0 9.0 
9.0 7.5705001 3.7267357 8.2058234 5.4897646 6.60160285 5.9821469 5.66448525 7.1257648 9.0 3.8220297 4.552647 6.50630885 4.552647 6.25216155 5.34471095 6.3555016 4.97998665 6.1390673499999995 4.69940875 5.886987749999999 4.50126915 5.6258732 4.3763531 5.37725475 4.3110857 5.15592095 4.29018395 4.97018755 4.29890425 4.8225268 4.32461565 4.7111407 
0.01 4.505 4.505 0.009999999999999787 0.009999999999999787 9.0 9.0 0.009999999999999787 9.0 0.009999999999999787 9.0 9.0 0.009999999999999787 9.0 9.0 0.009999999999999787 0.009999999999999787 0.009999999999999787 9.0 9.0 0.009999999999999787 0.009999999999999787 9.0 0.009999999999999787 9.0 9.0 0.009999999999999787 0.009999999999999787 9.0 0.009999999999999787 0.009999999999999787 9.0 0.009999999999999787 
9.0 9.0 5.26020495 8.970872400000001 5.2392133 8.7579892 6.00394765 8.62956705 5.5213195 8.6137896 6.17295965 8.2920375 6.6131100499999995 8.14644445 6.71766375 8.03236135 6.67657945 7.43084045 7.06611615 7.047057349999999 7.115291449999999 7.0035907 7.4141639999999995 6.67657945 6.9878582 6.4520991500000004 7.61234855 6.1089958 7.92780765 6.02974895 7.5096378 5.49843995 8.04189075 
9.0 9.0 5.591351599999999 9.0 6.6891205 9.0 7.78513635 9.0 9.0 9.0 9.0 9.0 9.0 9.0 7.971903599999999 9.0 9.0 9.0 9.0 7.8523366 9.0 8.534632649999999 9.0 7.4100286 9.0 6.22456225 9.0 4.99131405 9.0 3.7242185 9.0 0.8468341499999994 9.0 
0.01 9.0 9.0 9.0 0.009999999999999787 9.0 9.0 9.0 9.0 9.0 9.0 9.0 0.009999999999999787 9.0 9.0 9.0 0.009999999999999787 9.0 0.009999999999999787 9.0 9.0 9.0 9.0 9.0 0.009999999999999787 9.0 9.0 9.0 9.0 9.0 9.0 9.0 9.0 
9.0 8.691957649999999 5.8212259 8.09726915 7.0112322 7.1998424 7.7232402 5.682824849999999 8.66966245 4.7133882 8.8538226 3.46049685 8.7810935 1.9911263 8.1467591 1.2088614499999997 7.30920575 0.4147747499999994 6.13219 0.3581826999999995 4.776498 0.29687090000000005 3.6132818999999996 0.7655195999999997 2.3965753 1.57583325 1.3784578 2.65202615 0.6516612500000001 3.8941295 0.28181265 4.95481465 0.24270615000000006 
9.0 8.25504365 6.26348895 6.9340980000000005 8.03712605 5.0590537 8.5236199 3.0117160499999995 8.2618311 1.3546342999999998 7.182401799999999 0.6113410999999997 5.48980955 0.7093321000000001 3.4188282 1.8208556999999996 1.7228646999999997 3.6350377 0.5589743499999997 5.06413305 0.5015732000000002 6.802349550000001 1.2481927000000002 8.06247785 3.2583567 8.2362096 4.8968741 7.498310399999999 6.71110105 6.1925129 7.65199445 4.32596415 8.0760078 
9.0 1.6153442999999998 0.009999999999999787 9.0 8.22942215 9.0 0.009999999999999787 9.0 3.45348465 9.0 8.82743695 9.0 2.81132895 9.0 0.009999999999999787 9.0 5.12706305 9.0 0.009999999999999787 9.0 4.35248465 0.7163442999999994 9.0 6.9210625 8.3578443 9.0 9.0 9.0 0.009999999999999787 9.0 0.009999999999999787 9.0 0.009999999999999787 
9.0 7.6265078 6.25306055 4.505 4.505 3.02448185 7.64435295 4.505 4.505 4.505 4.505 4.505 4.505 5.43254325 3.4169403 5.4503884 5.3790078 6.59198355 8.01896625 4.505 4.505 4.505 4.505 7.80491435 5.73577595 7.929740499999999 7.358965400000001 4.505 4.505 4.505 4.505 4.505 4.505 
9.0 4.6781474 4.6204316 4.5242386 4.505 4.59476515 4.41523485 4.601193 4.28056465 4.2869925 4.4472841999999995 4.56914365 4.4024241 4.505 4.35751905 4.2933753999999995 4.37675765 4.4280456 4.6652917 4.601193 4.5242386 4.7358632 4.4024241 4.7358632 4.5883373 4.6845303 4.57552655 4.59476515 4.53704935 4.3895684 4.4216627 4.44085635 4.59476515 
9.0 7.8350758 4.7285813 8.0593763 4.61930785 8.03694625 4.67549535 7.4820385 4.9521626 7.55265495 5.9052824 7.918233300000001 4.8352926 7.86254025 4.8844679 7.68211095 4.15200765 7.36440435 4.505 7.65244395 5.01540725 7.56982585 5.05271575 7.5173692 5.19925275 7.3889021 5.116679599999999 7.45852965 5.293378049999999 7.19116705 5.16563015 7.08760225 5.1843743 
9.0 9.0 4.5244633499999996 9.0 4.45065545 9.0 4.371948 9.0 4.1897207 8.90286305 4.2237928 9.0 4.2108472 8.87688195 4.14913085 8.66561695 3.8907582499999998 8.7385708 3.86100135 8.98152555 3.8645524 8.76693425 3.8952532499999997 8.526631550000001 3.56774755 8.50856165 3.69999045 8.3546978 3.6710876 8.27077615 3.60146005 8.27482165 3.5715683 
9.0 8.46864605 6.45992045 7.18280635 7.99559225 5.3892564 8.75443815 3.42157015 8.6648528 1.6944562999999997 7.70800215 0.6193871499999997 6.0176574 0.3523391999999994 4.2650569 1.0278477999999995 2.49542035 2.3945975 1.2108392499999998 4.04484685 0.8093458500000001 5.6909608 1.0182285000000002 7.0214808 1.9918454999999997 7.74800765 3.40673665 7.762886099999999 4.93647505 7.118258150000001 6.25422925 6.06696755 7.0966372 
9.0 7.46473275 6.46558415 6.51341095 7.8674398 4.7440890499999995 8.3305147 3.06538635 8.19714805 1.43702765 6.8607396000000005 0.7197155499999996 4.82463945 0.7826455499999998 3.21390115 2.3909116 1.2809612499999994 4.29108295 0.6392100999999997 5.5519754 1.0745958 7.05200185 2.1618464 7.844785 3.66690725 7.8653721 5.5708993499999995 6.53606575 7.160241449999999 5.42867755 7.9555418 3.67194165 7.8473022 
9.0 8.4655445 4.505 8.767024150000001 4.3816572 8.7122301 4.450161 8.561467799999999 4.5872135499999995 8.561467799999999 4.5872135499999995 8.7258949 4.54612925 8.8081534 4.51870975 9.0 4.6283427999999995 8.73960465 4.450161 8.5888873 4.61463305 8.61626185 4.7516856 8.98629025 4.7242660999999995 8.5354867 4.6050587 8.5888873 4.54612925 9.0 4.7516856 8.89036695 4.450161 
9.0 6.4715625 4.69230665 7.12706835 4.03675585 6.28425585 4.505 6.00331835 4.2240625 6.658869149999999 4.505 5.81605665 4.97324415 6.9398066499999995 4.59863085 6.4715625 3.47488085 6.09699415 3.47488085 6.00331835 4.8795683499999996 5.62875 5.3478125 6.28425585 3.6621875 6.4833394 4.0526232 6.37793165 4.13043165 7.12706835 3.1003125 6.00331835 4.2240625 
9.0 8.8068948 3.96132975 7.3511441 3.9345844999999997 8.83660675 3.6850221 8.8663187 4.885277 8.64053485 4.4544762 8.26025785 3.39388095 9.0 3.09379475 8.967321349999999 3.5513408 8.940576100000001 3.5602408999999997 9.0 3.2839332499999996 8.6910137 2.7313628999999997 9.0 3.64047665 8.49624535 3.0861532499999997 8.1651886 3.4384264 8.50982025 3.07302785 7.6304184500000005 2.63629365 
9.0 9.0 4.4446771 9.0 4.5753917 9.0 4.4949312 9.0 4.7865668 8.89944685 4.7061063 8.81898635 4.6357146 9.0 4.7966356 8.94970095 4.6558522 9.0 4.66587605 8.989931200000001 4.9273502 8.80891755 4.83686585 9.0 4.95751165 8.999505549999999 4.89889685 8.95976975 4.88711995 9.0 4.95751165 9.0 4.95751165 
9.0 0.009999999999999787 0.009999999999999787 2.2263047 9.0 9.0 0.009999999999999787 9.0 6.92416405 4.505 4.505 5.5819121 0.009999999999999787 9.0 9.0 4.505 4.505 9.0 9.0 9.0 9.0 4.505 4.505 1.2898163999999999 9.0 6.00331835 0.009999999999999787 9.0 0.009999999999999787 7.6421504 0.009999999999999787 6.64322655 9.0 
9.0 8.76180995 4.5034716999999995 8.69465465 4.3599463499999995 8.78320615 4.35077655 8.8015008 4.6149477 8.7358738 4.5843817 8.66714525 4.7157256 8.7282323 4.43932805 8.767923150000001 4.5950798 8.7205908 4.56761535 8.6136997 4.85008115 8.5266765 4.7813526 8.7297606 4.64852535 8.66238055 4.6192629 8.645794 4.6057779 8.66103205 4.5248679 8.67173015 4.47906385 
0.01 9.0 0.009999999999999787 4.505 4.505 4.505 4.505 9.0 9.0 9.0 0.009999999999999787 1.2742187499999997 9.0 4.505 4.505 0.009999999999999787 9.0 9.0 9.0 0.009999999999999787 9.0 9.0 7.0334375 0.009999999999999787 9.0 9.0 9.0 9.0 0.009999999999999787 9.0 9.0 9.0 9.0 
9.0 8.53085685 6.20936915 7.530629449999999 7.6262381 6.1194242 8.4918852 4.31652465 8.70085775 2.75756875 8.2994093 1.4810336999999998 7.2954061 0.7885339999999998 5.8695021999999994 0.6325574999999994 4.26384325 1.1982982 2.9643387499999996 2.1775789 1.6981871499999994 3.4519114 1.1852177499999996 4.8156494499999996 1.1851727999999997 6.01221845 1.7047948000000002 6.8610093 2.6132343 7.25670415 3.7254321499999996 7.20528135 4.894267 
9.0 9.0 4.45200395 9.0 4.4895821499999995 9.0 4.43465325 9.0 4.43465325 9.0 4.37873545 9.0 4.4066943499999995 8.9922686 4.36623935 8.9787836 4.3594519 8.9691643 4.3498326 9.0 4.33054905 9.0 4.27849695 9.0 4.28335155 8.992897899999999 4.25656135 8.97303 4.2216352 8.95761215 4.21295985 8.95374645 4.2052734 
9.0 8.42063945 4.6994537 8.0985727 5.32745015 8.955454549999999 5.8216754 8.52600225 4.13025185 8.487480099999999 4.4138414 8.5705477 3.3037562 8.5239795 5.4023818 8.4895478 4.2963420999999995 8.3011174 4.46045455 8.9047959 2.9756212 8.0539823 3.37671005 8.40041195 4.09177465 8.36921665 4.3742854 8.045891300000001 4.32066005 7.91827825 5.4854494 8.4712981 4.91822535 
9.0 9.0 6.9728449 7.325387749999999 9.0 4.5931469499999995 9.0 2.301551 8.647457150000001 0.80323265 7.149138799999999 0.009999999999999787 5.03383675 0.1862938999999999 3.00668165 1.5964652999999998 1.4202163499999996 3.44737145 0.6269387499999999 6.091465299999999 0.009999999999999787 7.8542245 1.24392245 8.647457150000001 3.53547345 8.6796863 5.4883261999999995 7.76607755 7.06099185 5.5626285499999994 8.559310199999999 3.97616325 8.559310199999999 
9.0 9.0 4.81259285 9.0 5.14378445 9.0 5.4987546 9.0 3.9431249999999998 9.0 6.28030025 9.0 6.70669595 9.0 7.1564207 2.819375 9.0 9.0 4.505 9.0 8.64044495 9.0 9.0 9.0 9.0 9.0 9.0 9.0 5.62875 9.0 9.0 9.0 9.0 
9.0 4.505 4.505 4.505 4.505 4.505 4.505 4.505 4.505 4.505 4.505 0.009999999999999787 9.0 9.0 6.984981400000001 4.505 4.505 4.505 4.505 4.505 4.505 4.505 4.505 4.505 4.505 9.0 9.0 4.505 4.505 4.505 4.505 4.505 4.505 
9.0 4.61004815 4.4783896 4.0589162 3.96789245 4.47070315 3.9735112 5.1660347 4.80333315 4.6751807 4.2217251 4.505 4.505 4.2994886 3.8064769999999997 4.4895821499999995 4.0466898 3.98470375 4.2616407 4.5876181 4.66992155 4.57327905 4.5449155999999995 4.66290935 4.43600175 4.359362 4.91957385 4.15173795 4.5379034 4.505 4.505 4.50324695 5.04489445 
0.01 9.0 9.0 4.505 4.505 4.505 4.505 0.009999999999999787 0.009999999999999787 4.505 4.505 4.505 4.505 0.009999999999999787 0.009999999999999787 0.009999999999999787 0.009999999999999787 0.009999999999999787 9.0 0.009999999999999787 9.0 4.505 4.505 4.505 4.505 9.0 0.009999999999999787 0.009999999999999787 9.0 0.009999999999999787 9.0 0.009999999999999787 9.0 
9.0 9.0 5.5414571 9.0 0.97602045 9.0 4.037475049999999 9.0 5.1978593 9.0 5.755509 8.915493999999999 4.1965980499999995 9.0 4.8021195 8.8112999 3.6530177 8.2621008 3.8022966499999997 8.88313 4.6725736 8.9830988 4.9204279 9.0 4.44867765 8.830898099999999 4.29836485 8.60286675 4.67963075 9.0 3.8881961 8.84370885 3.97832085 
0.01 0.009999999999999787 9.0 4.505 4.505 4.505 4.505 0.009999999999999787 9.0 9.0 9.0 4.505 4.505 4.505 4.505 9.0 0.009999999999999787 0.009999999999999787 9.0 9.0 9.0 4.505 4.505 0.009999999999999787 0.009999999999999787 9.0 0.009999999999999787 9.0 9.0 0.009999999999999787 9.0 4.505 4.505 
9.0 8.31599585 4.9813801 9.0 6.2638935 9.0 0.009999999999999787 7.5138631 4.8836588 9.0 5.7203581 9.0 7.2288801 9.0 6.10103965 9.0 4.6251064 7.1311588 2.57102625 9.0 7.3591452 8.5113935 5.699995749999999 8.59693335 3.00668165 9.0 5.2215929 6.19876095 4.41748235 9.0 5.5147568 9.0 6.186534549999999 
9.0 9.0 9.0 4.505 4.505 4.505 4.505 4.505 4.505 6.6510928 0.5000448999999998 2.1898951999999996 6.54973055 0.2127694499999997 5.7892664499999995 7.4115569 9.0 4.505 4.505 4.505 4.505 7.2932485 5.41752995 0.009999999999999787 0.009999999999999787 9.0 0.009999999999999787 9.0 9.0 4.505 4.505 4.505 4.505 
9.0 8.7843299 4.6063173 8.71937715 4.4478235999999995 8.7089937 4.5595693 8.85188975 4.4270567 8.8622732 4.5283739999999995 8.80514175 4.3672732 8.786937 4.48679525 8.976626 4.38547795 8.989616550000001 4.5855504 8.7116008 4.28155355 8.72198425 4.3984685 8.8674874 4.3049275499999995 8.82986425 4.4309673499999995 8.88308505 4.5907646 8.7947583 4.3517205 8.812918100000001 4.54136455 
9.0 9.0 4.80414225 9.0 3.6784594 9.0 3.276966 9.0 2.56734035 9.0 2.64636245 8.8306284 2.1732637 8.58245945 1.8521858500000001 8.515888499999999 1.5169937 7.6459262 1.31368485 7.68049275 1.0744159999999998 7.3404909499999995 0.8845471999999996 7.01622165 0.49869640000000004 6.62713445 0.616825 6.31661985 0.7438087499999999 5.8982702 0.5002696499999999 5.53862525 0.4973478999999994 
9.0 6.2757603 3.4153221 7.321342250000001 4.5620864999999995 6.54820225 4.91364045 7.3654382 4.91364045 5.4584794 3.5515206 7.0930412 5.1860824 6.2757603 4.505 7.0292122 4.71001695 6.82059925 4.6411985 8.046520600000001 5.3222809 5.86711985 3.8239175999999997 6.6862437 4.77150855 6.5889719 4.7810828999999995 6.00331835 4.3688015 6.3864272 4.7931295 6.2757603 5.5946779 
0.01 9.0 0.009999999999999787 0.009999999999999787 9.0 0.009999999999999787 9.0 9.0 9.0 9.0 9.0 0.009999999999999787 0.009999999999999787 0.009999999999999787 0.009999999999999787 9.0 9.0 9.0 0.009999999999999787 0.009999999999999787 0.009999999999999787 0.009999999999999787 0.009999999999999787 9.0 4.505 9.0 0.009999999999999787 9.0 0.009999999999999787 0.009999999999999787 9.0 0.009999999999999787 9.0 
9.0 9.0 4.35374325 9.0 4.52680075 9.0 3.9628131 8.50397675 4.5588501 7.7900358999999995 4.7453027 8.34566285 4.54217365 6.958865449999999 4.51844005 8.27068625 3.8917022 7.90029825 4.1211269999999995 7.69137065 3.2687850999999997 6.45515575 3.9628131 7.0908836 2.6971109999999996 7.1563308 3.50958225 6.4423449999999995 3.7244432499999998 7.2215982 3.418109 7.02422275 2.7862019 
9.0 7.46760955 1.67858895 4.505 4.505 4.505 4.505 7.97842135 9.0 9.0 3.2450514999999998 4.505 4.505 4.505 4.505 7.29733895 3.48342135 8.28489045 0.009999999999999787 9.0 0.009999999999999787 4.505 4.505 4.505 4.505 9.0 0.28244194999999994 3.92608895 0.31646909999999995 4.505 4.505 4.505 4.505 
9.0 8.25738105 5.80823535 7.6180572 6.6492049 6.7180683000000005 7.57872595 5.49349545 8.40490695 4.1410848 8.32624445 2.9066678999999995 7.9967609500000005 2.13456175 7.13120375 1.3427675 5.91153045 1.0968460499999995 4.68205805 1.3034362499999994 3.8165008499999997 1.8837407499999999 2.7443983999999997 2.8329049499999996 2.1247176999999997 3.7430974999999997 1.7692081499999999 4.88370375 1.7411143999999998 5.6361218 2.3263634 6.32956545 2.91651195 
9.0 8.75947255 4.5450954 8.87805065 4.493313 8.9515439 4.5217214 8.81125495 4.5768301 8.7327273 4.6636735 8.874724350000001 4.71711905 8.93819375 4.5885171 8.74275115 4.8257182499999995 8.934867449999999 4.4732652999999996 8.8997615 4.728851 8.8362921 4.8240551 8.6976663 4.86913995 8.78617285 4.7008022 8.88641135 4.5417691 8.903132750000001 4.82239195 9.0 4.493313 
0.01 9.0 0.009999999999999787 9.0 0.009999999999999787 9.0 0.009999999999999787 9.0 0.009999999999999787 9.0 9.0 9.0 9.0 9.0 0.009999999999999787 9.0 9.0 9.0 9.0 9.0 9.0 9.0 0.009999999999999787 9.0 0.009999999999999787 9.0 0.009999999999999787 9.0 7.45484375 4.505 4.505 9.0 0.009999999999999787 
9.0 7.80985885 2.7837296499999997 8.10778745 4.9669961 8.0482287 5.1912066999999995 7.003321 4.7410774 9.0 5.45906375 7.73901765 5.8064823 7.597470100000001 5.98497875 6.7377564 5.2820506499999995 7.39676835 4.3771172499999995 7.08508505 6.4166336 6.892744 6.5219964 8.7541235 7.09182755 6.4906213 6.67159 5.06566135 9.0 6.0813965 6.73995895 5.8799306 6.74490345 
9.0 7.6906064999999995 3.3910041499999997 7.3974426 4.7004426 6.53750415 6.2248319500000004 7.43650415 5.3258319499999995 6.7524999999999995 5.71671715 7.1042787 3.46921715 6.77205325 6.2052787 6.2443852 2.5897254499999995 6.1271106500000005 3.3323893499999997 5.71671715 5.03266805 6.8984077 4.3321672499999995 5.9121147999999994 3.9577787 6.7493535 4.3133332 6.6782426 4.3050624 7.3974426 3.3714958499999996 6.77205325 5.16949585 
9.0 7.9016018 6.7362281 8.2605725 6.94582995 6.9734742 7.74423185 6.08836375 7.6871004 5.1104315499999995 8.76396755 4.0636809 8.7203211 2.8147002 8.20092385 2.1342470999999996 7.70368695 1.4323079 7.56110555 1.3511731499999997 5.6267722 0.94734235 4.63962525 0.05548939999999991 3.1969999499999995 1.3426775999999996 3.0309996 1.6591255999999999 3.64263425 2.9708115499999996 1.7875926999999998 3.6235754499999997 1.6751277999999998 
9.0 8.557107649999999 6.3832807 7.387688450000001 7.908838749999999 5.873278 8.781902599999999 3.58581745 8.8442033 2.0110391499999998 8.154535450000001 0.8255278499999998 6.79515755 0.14547929999999987 4.97000775 0.39405279999999987 3.0930305999999996 1.3511731499999997 1.5625280499999996 3.0506877 0.5044949499999998 4.76863175 0.2719686000000001 6.50451085 0.8121776999999994 7.83601975 2.02236655 8.52420425 3.66331125 8.455790350000001 5.42013705 7.67644725 6.9705974 
9.0 9.0 0.009999999999999787 4.505 4.505 8.00844795 0.0430382499999995 8.140645899999999 6.98385765 2.6210556 0.24135764999999942 4.505 4.505 4.505 4.505 7.74405205 1.0345903 7.81012855 1.7947846999999997 4.505 4.505 5.3312709 0.009999999999999787 0.009999999999999787 0.009999999999999787 0.009999999999999787 0.009999999999999787 9.0 0.009999999999999787 9.0 0.009999999999999787 4.505 4.505 
9.0 8.98404275 4.7957366 9.0 4.4494418 8.90160445 4.6172851 8.8252344 4.6089244 8.9673663 4.8559696 8.52006885 4.9700527 8.7398294 4.74184155 8.496964550000001 5.004844 8.3753748 4.89296345 8.17440335 5.0367584999999995 8.2658766 5.1541679 8.16073855 5.1078694 8.0774462 5.1180281 8.0609945 5.19628605 7.9716339000000005 5.2210535 7.69379795 5.04507425 
9.0 8.2586846 4.8779951 7.81956805 3.8439653 8.29648755 4.25476335 8.570322950000001 4.2972411 8.52312545 5.0951935 8.15480515 4.80719885 8.06984965 4.10364145 9.0 4.41056005 8.84892305 4.8024791 8.442844749999999 4.55691725 7.98956895 4.8024791 8.7922411 4.3161201 8.25738105 4.51052885 9.0 5.08103425 8.400367 4.0234057 8.575042700000001 4.3114003499999995 
9.0 8.7571801 4.38430925 0.009999999999999787 5.67958845 2.86913465 6.10697305 7.6181471 1.6539563499999996 9.0 4.35428265 3.200551 4.4802775 2.0394026 5.199567399999999 8.636848950000001 2.4251635 9.0 2.2384411999999996 3.1684117499999997 3.0911427 1.1848131999999998 6.18437695 8.2750464 2.4043067 6.8517496 1.8920564999999998 9.0 1.74538465 4.0719517 5.42544115 4.23004085 6.38898935 
9.0 9.0 4.505 9.0 4.505 6.7524999999999995 6.7524999999999995 7.87625 4.505 8.60448495 5.0486253 8.50856165 5.1437395 8.4121439 5.2344486 7.87625 5.62875 7.87625 6.7524999999999995 7.87625 4.505 9.0 3.3812499999999996 6.7524999999999995 6.7524999999999995 7.8287828 5.6911406 7.87625 5.62875 7.635093250000001 5.8118763 7.53881035 5.86667035 
9.0 6.1625762 0.009999999999999787 0.009999999999999787 0.009999999999999787 4.16063805 9.0 9.0 8.77709295 7.858135150000001 2.7649855 0.009999999999999787 0.9398806499999997 4.07001885 9.0 6.6933457999999995 6.5952649 5.93238725 3.27062805 3.8602821499999997 3.5975494 3.9666788 4.81493025 4.64079395 4.80342305 4.65976285 4.4516893 4.48688515 4.4298436 4.47079305 4.5098546 4.50567425 4.51960875 
9.0 9.0 3.8650918 9.0 3.7742927999999996 9.0 3.4416627999999996 9.0 4.1672457 9.0 3.3808005 9.0 3.32906305 9.0 3.51722375 9.0 2.7696603 9.0 2.4300181 9.0 2.90842095 9.0 1.82323805 9.0 2.36344715 8.946959 2.27156935 9.0 1.0968909999999998 9.0 1.0995430499999999 9.0 0.7095568499999998 
9.0 9.0 6.82059925 6.54820225 6.00331835 4.77744195 6.1395618 3.0619252 7.789136900000001 2.4617977499999997 6.68440075 1.9169587999999997 4.505 1.9169587999999997 3.96016105 3.00668165 2.32559925 4.09635955 0.6910823999999995 6.68440075 1.9169587999999997 7.0930412 2.5980412 9.0 2.7342397 7.78459695 5.05927845 8.863801500000001 7.0930412 5.5946779 6.1395618 4.91364045 6.00331835 
9.0 7.091423000000001 4.36228375 7.8851501 4.26420285 7.2697845999999995 4.4515095 6.9308616 4.65661635 7.2786847 4.95094895 7.16275865 4.39797405 7.3232751 4.5584905 7.688943350000001 4.62092605 7.2162491499999994 4.57633565 6.65437415 4.3801289 7.16275865 4.6744615 6.7524999999999995 4.6833616 7.26003045 4.44939685 7.2786847 3.8985345999999996 7.59976255 4.44256445 7.314375 4.36228375 
9.0 8.823391449999999 4.8236056 9.0 4.6981052 9.0 4.92361935 8.55809655 4.2737772 8.51737185 4.620971 8.2470875 4.2289171 8.4396533 4.94690345 7.9456527999999995 4.517586 7.8855097 4.26698975 7.469946950000001 4.14967025 7.3889021 4.23849145 7.00768115 4.15866025 7.11439245 4.40588525 6.7373968 4.4487675499999995 6.8113845 4.50432575 6.84685005 4.4968191 
9.0 5.81183135 4.95562375 5.5526946 5.28232035 4.67396705 6.0484032 5.0457485 5.6879042 4.7866567 5.4625698499999995 4.29261125 5.07887665 4.22033165 4.86041965 4.2205563999999995 4.68916015 4.26087655 4.5682896 4.3177383 4.492414 4.3757238 4.4521388 4.42611275 4.43735025 4.4651743 4.4386987499999995 4.492414 4.4488125 4.5093152 4.4623874 4.5180355 4.47591735 
9.0 7.325387749999999 4.15245715 7.76607755 4.505 7.2372408 4.15245715 7.325387749999999 3.97616325 7.58978365 3.97616325 7.50168165 3.88806125 7.4135347 4.0643101999999995 6.9728449 3.97616325 6.9728449 3.53547345 7.149138799999999 3.6236204 7.50168165 3.44737145 6.5321551 3.3592245 6.86078455 3.3961734 7.06099185 3.09478365 6.44400815 3.53547345 6.620302049999999 3.2710775500000002 
9.0 8.27131555 6.4335348 7.7464793499999995 7.12940575 6.555843749999999 8.01626925 5.2453265 8.223803400000001 3.9201105999999997 8.41326765 2.42934385 8.03344015 1.8333967499999995 6.8455465 0.9777735000000001 5.69747855 0.7285706999999997 4.6815636 1.7162570499999998 3.0957725499999995 2.3738306 2.3067202499999997 2.8284548999999997 1.4575698 4.2778227 1.6870395500000002 5.1653155 2.44130055 6.172330349999999 2.74444335 6.67693905 3.41213065 
9.0 9.0 0.009999999999999787 9.0 9.0 9.0 0.009999999999999787 9.0 0.009999999999999787 9.0 0.009999999999999787 9.0 4.422292 9.0 0.009999999999999787 9.0 9.0 9.0 0.6580441499999998 9.0 9.0 9.0 0.009999999999999787 4.505 4.505 9.0 9.0 9.0 0.94761205 9.0 9.0 9.0 9.0 
9.0 8.479479 6.1557438 7.5221788499999995 7.5338209 6.28560435 8.38863505 4.6139588 8.693530899999999 2.9250974 8.26789935 1.7937957999999998 7.149947900000001 0.9693228999999999 6.2480711 0.7613392499999998 4.4761421 1.3891558999999996 3.02331315 2.1449452 2.0811161999999994 3.2744038499999997 1.4427363 4.5412297 1.3686586999999997 5.6749586 1.7775238999999998 6.5083765499999995 2.55493415 6.941694549999999 3.5366871 7.0350557 4.63189385 
9.0 9.0 6.7524999999999995 9.0 5.62875 5.62875 9.0 5.26245245 8.603541 3.9055467999999998 8.1214073 2.97189035 7.237645349999999 2.535291 6.2066272 2.5423481499999996 5.256069549999999 2.8564138 4.5354760999999995 3.31485885 4.09932625 3.7777988999999996 3.9222682 4.1551991 3.9321572 4.41109945 4.0446221 4.55143335 4.1887318 4.6049688 4.3188170999999995 4.60609255 4.41433585 
9.0 9.0 4.73644755 8.971366849999999 4.96002885 8.8265829 5.1682822 8.79830935 3.3140048 7.472868699999999 6.96380995 8.1201487 5.64147085 7.82145595 5.7357309999999995 7.50653625 5.7956943 7.18469425 5.8222148 6.864605299999999 5.81754 6.5539109 5.7849962 6.25908385 5.7288087 5.9852035 5.65360735 5.73577595 5.5643816 5.51309365 5.4659411 5.3179657 5.36278085 
9.0 8.52824975 4.3625983999999995 8.43924875 4.75424775 8.52824975 4.5673007 8.67955145 4.6296014 8.60835065 4.4604995 8.73295205 4.4337992 8.63505095 4.6563017 8.71515185 4.505 8.74185215 4.5673007 8.57275025 4.5406004 8.49264935 4.4248991 8.51934965 4.6118011999999995 8.5056399 4.57741445 8.46594905 4.5139001 8.430348649999999 4.6919021 8.403648350000001 4.6118011999999995 
9.0 9.0 4.5546697499999995 9.0 4.5546697499999995 9.0 4.609284 8.9751876 4.4404518 8.9751876 4.49506605 8.92551785 4.609284 9.0 4.5447358 8.89072655 4.53974635 8.90564995 4.57948215 8.910594450000001 4.53480185 8.9155839 4.59935005 8.870858649999999 4.47519815 8.91158335 4.57692 8.90564995 4.57453765 8.9354518 4.59935005 8.9403963 4.6291519 
9.0 9.0 0.6077900500000002 9.0 5.506486 8.3478654 2.7116748 9.0 3.9615545 9.0 6.08485765 9.0 4.8543514 9.0 3.84122335 9.0 0.009999999999999787 9.0 0.009999999999999787 7.2843034499999995 5.21534485 9.0 7.30758755 9.0 3.7403106 9.0 6.1197838 9.0 1.5160947 9.0 8.4798386 9.0 3.6587712999999997 
9.0 7.7600093 4.4562742 8.0876948 4.5537258 8.100999999999999 4.5138551499999995 8.05672425 4.5537258 8.0301588 4.46072425 8.2515825 4.6511324499999995 8.33127885 4.58029125 8.10545005 4.4695794 8.06112935 4.3721277999999995 7.91944695 4.6555824999999995 7.8662711000000005 4.752989149999999 7.768864450000001 4.4385639 8.01294295 4.5325093999999995 7.83530055 4.27912625 8.2338722 4.6378722 8.05672425 4.5404206 
9.0 5.97886555 5.0013379 5.2228515 5.8223946 5.135199 7.853100749999999 3.37536155 8.64008535 3.76319015 5.7035468 1.6410556999999995 5.62268175 0.11563249999999936 4.48985185 3.46094635 3.61009045 3.1330361 2.3075742999999997 3.8565513 0.4599045500000001 4.92505775 3.2052258 5.7773996499999996 3.670728 6.28497505 3.9881649 5.89867475 4.7573493 5.46886285 5.428273 5.1062512 5.6926689 
0.01 9.0 9.0 4.505 4.505 9.0 0.009999999999999787 9.0 0.009999999999999787 9.0 9.0 9.0 9.0 9.0 0.009999999999999787 9.0 9.0 9.0 9.0 9.0 0.009999999999999787 0.009999999999999787 0.009999999999999787 9.0 0.009999999999999787 9.0 0.009999999999999787 9.0 9.0 4.505 4.505 9.0 0.009999999999999787 
9.0 9.0 4.13717415 9.0 3.9958963 8.9661077 3.1654001 9.0 3.01827875 8.8499569 2.96406905 8.3611706 2.3804382499999996 8.636084799999999 2.3397585 7.7901258 1.5731811999999996 7.56748845 1.6486972 8.2111275 0.9846957999999999 7.14936355 1.1434142499999997 7.518133349999999 0.1764947999999995 6.696627149999999 0.6541784499999999 6.21044795 0.73400965 5.58905915 0.5113722999999997 5.81848395 0.47653605 
9.0 6.63279815 5.38273865 4.78427435 3.6804821499999996 7.3061042 4.5502196999999995 6.5530119 4.3055119 7.0450795500000005 4.58478625 6.51314125 5.74179925 7.7233301 4.3321223 7.00516395 5.0635487 6.366829 5.0236331 6.87687665 4.6327479 6.80567585 4.02623755 6.65940855 4.39860335 6.595804299999999 4.65149205 6.9120725 5.6354026 5.94128735 3.85335985 6.06094425 4.4916948 
0.01 4.505 4.505 0.009999999999999787 9.0 9.0 9.0 0.009999999999999787 0.009999999999999787 4.505 4.505 0.009999999999999787 0.009999999999999787 0.009999999999999787 3.1003125 0.009999999999999787 0.009999999999999787 9.0 0.009999999999999787 9.0 0.009999999999999787 4.505 4.505 9.0 0.009999999999999787 0.009999999999999787 0.009999999999999787 4.505 4.505 9.0 0.009999999999999787 4.505 4.505 
9.0 7.51957175 4.6186336 7.4998387 4.73114345 7.07600515 5.34830695 4.8994812 6.03694095 7.36476395 5.05028845 7.29635005 5.1471107499999995 8.03973315 4.9983712 7.12886635 5.32088745 5.15205525 6.3580188 6.9272656 5.4636037 6.816329 5.52199375 6.7002681 5.5713938 6.58020665 5.6115791 6.45731335 5.6425047 6.33280185 5.6643504 9.0 5.9899682 
9.0 4.505 4.505 0.009999999999999787 0.009999999999999787 0.009999999999999787 9.0 4.505 4.505 0.009999999999999787 9.0 9.0 9.0 9.0 0.009999999999999787 4.505 4.505 4.505 4.505 0.009999999999999787 0.009999999999999787 0.009999999999999787 9.0 9.0 6.4715625 9.0 0.009999999999999787 4.505 4.505 0.009999999999999787 0.009999999999999787 0.009999999999999787 9.0 
0.01 4.505 4.505 4.505 4.505 4.505 4.505 4.505 4.505 4.505 4.505 4.505 4.505 4.505 4.505 4.505 4.505 4.505 4.505 4.505 4.505 4.505 4.505 4.505 4.505 9.0 4.505 4.505 4.505 4.505 4.505 4.505 4.505 
9.0 8.2189488 4.8716121999999995 8.0595561 4.1383878 8.5696487 4.42530365 8.6812146 4.5528268 8.107382900000001 4.90348175 8.76091095 4.47313045 8.7449537 4.505 8.6971269 5.41357435 8.77682325 4.47313045 8.61743055 4.53686955 8.1232952 4.8237854 8.60151825 5.2222671499999995 8.52923865 4.87201675 7.995817 4.8078731 8.665257350000001 5.31792075 8.665257350000001 4.505 
0.01 4.505 4.505 4.505 4.505 4.505 4.505 4.505 4.505 4.505 4.505 4.505 4.505 4.505 4.505 4.505 4.505 4.505 4.505 4.505 4.505 4.505 4.505 4.505 4.505 9.0 9.0 4.505 4.505 4.505 4.505 4.505 4.505 
9.0 8.80487205 4.87102785 8.88704065 4.25026835 8.87256675 4.1236442 8.82456015 4.21008305 8.762529149999999 4.56249105 8.7948482 3.75006475 8.7578094 3.6286098499999997 8.983368500000001 3.0545533999999996 8.56591785 2.8912050999999996 8.614688600000001 3.2771457999999996 8.556792999999999 3.16517535 8.99546005 2.67342235 8.426617799999999 2.9503592999999997 8.64305205 3.12867595 8.27859745 2.74920805 8.1983617 2.65427365 
9.0 8.577829600000001 4.43051785 8.9155839 4.4155944499999995 8.80631045 4.3411123 8.3592827 4.5099445 8.5380938 4.35599075 8.50829195 4.4404518 8.577829600000001 4.3013765 8.61257595 4.4652642 8.13574635 3.9238863999999998 8.49336855 4.55961425 8.64736725 4.400716 8.597697499999999 4.41064995 8.512157649999999 4.156188 8.23508585 3.7301519 8.8211889 4.33612285 8.43376485 3.77487715 
9.0 9.0 4.0768962 0.009999999999999787 0.009999999999999787 0.009999999999999787 0.009999999999999787 9.0 5.9319827 8.16163755 7.929740499999999 0.009999999999999787 0.009999999999999787 0.009999999999999787 9.0 6.6340118 9.0 9.0 9.0 7.599313049999999 0.009999999999999787 0.009999999999999787 0.009999999999999787 8.23301815 6.1460346 9.0 9.0 9.0 6.7881903 0.009999999999999787 3.042327 0.009999999999999787 7.77875345 
9.0 9.0 4.6883061 9.0 5.0435909 9.0 5.23134705 9.0 5.76004895 8.94169985 5.89346055 8.673887749999999 6.19687305 8.6007541 6.2917175499999995 8.18815805 6.575352049999999 8.03892405 6.617380300000001 8.07403 7.034875899999999 7.66637845 7.11789855 7.52011115 7.1895488499999995 7.15268985 7.2465005 6.930142399999999 7.243893399999999 6.5417743999999995 7.3654382 6.3228679 7.3214771 
9.0 8.2868233 3.6796281 6.4667978 4.63620905 8.704273950000001 4.49299835 8.45821765 5.12508525 8.15138895 4.42458445 8.48572705 6.97684545 8.6275443 1.9210042999999994 7.87625 3.178076 8.4010862 3.6013252 9.0 9.0 6.6001195 3.7727645 8.553466700000001 4.3801289 8.7014421 4.4529479 7.273110900000001 3.0532049 8.30161185 3.3495152999999998 8.69986885 4.44094625 
9.0 8.288756150000001 6.458527 6.7524999999999995 7.9283920000000006 4.9507242 8.706026999999999 2.8075082 8.4689607 1.2522831499999998 7.25508595 0.2850041000000001 5.37743455 0.6074304499999998 3.35756135 1.6790384499999997 1.5557405999999996 3.37653025 0.6548526999999997 5.23521275 0.6169148999999998 6.81889115 1.4988338999999997 7.87153025 3.2058101499999996 8.00826815 4.86158835 7.38786825 6.43007365 5.91800325 7.31199265 4.4860311 7.62493455 
9.0 5.9808883 4.6182739999999995 5.1898582 5.4614461 5.17560905 7.83143485 3.3495152999999998 8.6549638 4.0414756 5.376131 1.7472276 5.6640806999999995 0.27731764999999964 4.26186545 3.9153908499999996 3.8609114499999997 3.14234075 2.49955575 3.99216545 0.6574148499999999 4.6249266 3.4807692999999995 5.7609929 4.2220397499999995 6.02147815 3.9711738 5.74818215 3.99216545 5.1827561 5.1026552 5.05325515 5.4250366 
9.0 4.7928598 3.8185685499999997 4.30573665 4.7706994499999995 4.8814113 4.3942881499999995 4.4385639 5.34641905 4.7928598 4.505 5.05855925 4.0621526 4.7706994499999995 4.505 4.5935515 4.3721277999999995 3.9292803999999997 3.5749845 4.81502015 4.5714361 4.81502015 4.6378722 4.8592959 5.2357072 5.76715105 4.2835763 4.23930055 4.084268 4.70426335 4.74858405 4.83713555 4.0178768499999995 
9.0 7.5943685499999996 9.0 8.63918635 1.0848893499999996 8.18069635 4.7004426 7.925110650000001 4.9860549 8.40616555 7.8198827 7.65451165 5.32430365 7.917604 5.1213543999999995 8.7068361 3.3774742 7.6845832000000005 5.34686855 7.42149085 5.6099609 7.21103495 7.98525375 9.0 2.0846222999999995 8.5173269 5.5036092 7.6995965 6.9253777 9.0 4.2118361 7.045663899999999 5.57988935 
9.0 6.00331835 3.3812499999999996 6.5027577999999995 5.5038789 6.25306055 5.25418165 6.37793165 5.12931055 6.7524999999999995 4.00556055 6.97324945 4.12548715 7.12706835 6.00331835 7.0022422 4.6298711 5.62875 3.6309921999999997 6.6276288999999995 4.2552578 6.8773710999999995 4.3801289 6.25306055 4.8795683499999996 6.37235785 3.8641927999999997 5.3790078 3.8806894499999998 6.1647338000000005 3.83933545 4.8795683499999996 2.2575 
9.0 6.7575344 4.3433598 7.2525238000000005 4.5655926 7.151476199999999 4.57570635 7.151476199999999 4.6161164 7.5050529 4.4848174499999995 7.72724075 4.29288095 7.49493915 4.54541005 7.08076985 4.6161164 7.41411905 4.1716508 7.0605873 5.14135715 7.0908836 4.3433598 6.5959391499999995 4.7272327999999995 7.0486306 4.5420388 6.646418 4.3433598 6.95958465 4.9797619 7.2322963 4.1413545 
9.0 9.0 5.03383675 9.0 5.5626285499999994 9.0 6.3558612 9.0 4.7693959 9.0 5.5626285499999994 9.0 5.03383675 9.0 6.620302049999999 9.0 4.2406041 9.0 3.97616325 9.0 6.091465299999999 9.0 6.3558612 9.0 3.97616325 9.0 5.41411375 9.0 4.7693959 9.0 6.091465299999999 9.0 5.5626285499999994 
9.0 8.073041100000001 5.8306654 7.384676799999999 6.8564244 6.36228905 7.568702099999999 5.14225615 8.2604826 3.7484465499999997 8.0458014 2.57615055 7.7561436 1.93543325 6.36912145 1.1141517999999997 5.25813725 1.3595338499999996 4.0619727999999995 1.9116097500000002 3.44854015 2.6783668499999997 2.78399935 3.7212068499999997 2.1433269999999998 4.57345885 2.3156203499999997 5.3603985 2.79424795 5.8988096 3.46220495 6.0590114 4.1437818 
9.0 8.733896 5.04138835 8.3589231 4.5516581 8.3313238 4.5744926999999995 7.9646217 4.4925039 8.301432049999999 4.9956742 8.24884055 4.6410636499999995 8.221466 4.6625947 7.8689681 4.59233785 8.10185405 4.61310475 8.1397469 4.72529995 8.11264205 4.7455723999999995 7.9812532 4.604789 8.0586571 4.78526325 8.36795805 4.92083245 8.00494185 4.8236954999999995 7.97824155 4.8424846 
9.0 8.8665884 3.8584392 8.6100138 4.4947514 8.84604625 3.73532115 8.938418500000001 5.32601175 8.63055595 4.5152486 8.71263465 4.12530735 8.6100138 4.4947514 8.4047721 4.1150138 8.8665884 3.55057665 9.0 4.9668163 8.640804549999999 4.26896755 8.6613467 4.81286255 8.732232849999999 4.0891226 8.8665884 3.60190955 8.3431906 4.1150138 8.84604625 3.5197858999999996 
9.0 7.09623265 4.43447345 6.3206204 4.505 6.23247345 5.08669795 6.303 4.2406041 7.04337145 5.1396041 6.602681649999999 4.87516325 6.867077549999999 4.2582245 7.1138530499999995 4.57552655 6.7613102 4.505 6.5673959 4.80468165 7.1138530499999995 4.87516325 6.7436898 4.5226204 6.689614949999999 4.95625305 6.58506125 4.87516325 6.5321551 5.5626285499999994 6.44400815 5.28061225 
9.0 4.505 4.505 0.009999999999999787 1.6836683 9.0 6.8003268 4.8636560499999995 3.4529902 0.009999999999999787 2.8791585 5.0788317 1.8510171499999997 9.0 0.009999999999999787 4.505 4.505 8.23490605 4.14634395 3.3812499999999996 9.0 5.27009395 1.32501225 4.505 4.505 3.6442524499999998 2.40093545 3.5008169999999996 2.3053267999999996 7.8523366 8.5696487 1.46849265 6.56123775 
9.0 5.78198455 3.0747808999999995 4.505 4.505 7.5697809 0.009999999999999787 5.8841559 8.81269335 7.399510299999999 4.79443305 6.0714176 0.6910823999999995 4.505 4.505 7.1611404499999995 2.88747425 6.5311661999999995 0.8783441000000001 4.505 4.505 4.505 4.505 5.5946779 5.30524485 9.0 3.4323132 4.77744195 2.32559925 5.2371456 1.3550837999999996 4.505 4.505 
9.0 4.505 4.505 2.9914435999999998 8.3431906 4.505 4.505 7.60066155 0.009999999999999787 8.868656099999999 5.91575575 3.3341424 1.8434206 3.14566705 7.45214675 8.73726725 5.24177545 4.505 4.505 4.505 4.505 3.6939671499999998 0.009999999999999787 4.505 4.505 9.0 0.009999999999999787 4.505 4.505 4.70489265 7.28655095 4.505 4.505 
9.0 9.0 3.2271614 9.0 3.3656973 8.75830385 2.9275247 9.0 3.1310583 8.6734832 2.2998878499999997 8.5872691 2.5218509499999997 7.90874885 1.8574899499999997 7.6401726 1.8970459499999999 7.18505385 1.91682395 7.58223205 1.3146737499999999 6.95320175 0.5796513499999998 6.7171693 1.2086816499999995 6.1009048 1.0863726999999996 5.6895223999999995 0.9881569499999996 5.2513498 1.2171322499999997 5.1340303 1.3584999999999998 
9.0 8.2023173 4.1646386 8.1217669 4.51538345 8.4387543 4.4504307 8.40760395 4.1672457 7.7787983999999994 3.9775567 8.3088488 4.7310535499999995 8.24128895 4.17241495 7.8671701 4.80638975 8.0256638 4.7907921 8.40499685 4.3984685 8.0490378 4.2347605999999995 7.85157245 4.3984685 7.95342915 4.38224155 7.8333677 4.162031499999999 7.6541071 4.3153109999999995 8.03083305 4.5595693 
9.0 8.15237785 4.6719443 8.33217785 4.49857215 8.056049999999999 4.5370943 8.08171645 4.3123442999999995 8.44131645 4.505 8.35141645 4.2032057 8.38998355 4.5178557 8.22942215 4.26096645 8.14595 3.97202785 7.959722149999999 4.12611645 8.2936557 4.28025 7.96615 4.19677785 8.1728301 4.11532845 8.21656645 4.0362164499999995 8.16523355 4.28025 8.19732785 3.82432215 
9.0 8.30583715 4.119329 3.07806225 0.8841426499999998 4.10220305 1.9682467499999996 8.1301276 4.7106912 8.5286543 4.47070315 3.6736947 7.3802717 3.60514595 1.4454782499999999 8.35725995 3.9950872 8.010156049999999 3.79798145 4.19219295 6.7889095 2.9709464 8.1429833 8.0529934 4.3378759 7.6911459 3.3683044 8.0058858 3.87080045 3.5451376999999997 0.9912584999999998 3.6736947 1.8139783499999997 
9.0 9.0 9.0 9.0 0.009999999999999787 4.505 4.505 4.505 4.505 9.0 9.0 9.0 0.009999999999999787 9.0 9.0 9.0 0.009999999999999787 4.505 4.505 4.505 4.505 9.0 3.2563788999999996 4.505 4.505 9.0 0.009999999999999787 9.0 9.0 9.0 0.009999999999999787 4.505 4.505 
9.0 8.41066055 4.1853605499999995 9.0 4.3928947 9.0 4.19533945 8.4506211 4.5149789 8.260842199999999 4.2153422 9.0 4.17744935 9.0 3.606 8.41066055 4.74471835 8.4606 4.3351789 9.0 3.9869063 9.0 3.66591835 8.3007578 4.6648422 9.0 3.8684181 8.2008789 3.84571835 9.0 3.80337545 9.0 2.5172210999999995 
9.0 8.335144549999999 6.2693774 6.25297065 7.9406184 4.9031671 8.95068985 2.5890062499999997 8.494042799999999 1.07850645 6.751601 0.3205146000000001 4.9890216 0.6437949999999999 3.1095721999999997 1.5369514999999998 2.0209731 3.6392629999999997 0.6364681499999998 5.7835578000000005 0.8867048 7.41097255 2.9214114999999996 8.0027393 3.4565862 7.7278251 5.46436785 6.2054585 7.126034499999999 5.38903165 7.48585925 4.00088575 7.42373835 
9.0 9.0 4.9455998999999995 9.0 5.63328995 8.9276305 5.9903278 8.11740675 6.888249 7.87521615 7.21535015 7.06431815 7.7387929 6.9912294500000005 7.834851049999999 5.8288674 8.19957535 5.45510815 8.09097615 4.94141955 8.1981819 4.4270567 8.0951565 3.8242772 7.9030401999999995 3.47838695 7.61495565 3.07950065 7.2446126 2.69391955 6.9557639 2.58046575 6.5068033 
9.0 7.29733895 1.6445617999999995 4.505 4.505 4.505 4.505 6.0544265 5.7990206 6.4289948500000005 6.2757603 4.1644588 6.8376353 6.1395618 5.91818305 2.0872293999999996 5.98632725 5.04983895 3.84095365 4.5901353 2.10426545 1.9169587999999997 5.30524485 5.81605665 3.2790786499999998 5.6628221 1.9169587999999997 6.4460309 5.5946779 5.3222809 4.40282865 5.27117275 2.63206835 
0.01 0.009999999999999787 9.0 9.0 0.009999999999999787 0.009999999999999787 9.0 4.505 4.505 9.0 9.0 0.009999999999999787 3.6621875 9.0 9.0 0.009999999999999787 0.009999999999999787 9.0 0.009999999999999787 0.009999999999999787 0.009999999999999787 9.0 9.0 9.0 0.009999999999999787 9.0 9.0 9.0 9.0 4.505 4.505 0.009999999999999787 0.009999999999999787 
9.0 8.4658142 5.74000125 7.74701875 6.43250095 7.27207705 7.3666069 6.25018375 8.5730649 4.94690345 8.8259536 3.6016398499999998 8.51454 2.8986218499999996 7.988625 1.5781256999999997 7.3013395 0.9643783999999997 6.55179825 0.8255728000000002 5.36332025 0.7317621499999998 4.14184895 0.9838866999999998 3.3202977999999996 1.4683128499999998 2.45928055 2.0447965999999997 1.7694329 3.1334855999999998 1.5068349999999997 3.6369255999999996 1.10691485 
9.0 6.6216954999999995 5.5276574499999995 6.4076436 6.0152301 5.6584619499999995 6.64547405 4.5882474 6.72872145 4.4098858 6.9308616 2.97099135 5.9082041499999995 2.6499135 5.967673 2.1861643499999994 4.8141661 2.2575 3.981782 3.8390657499999996 3.8509775 3.8390657499999996 2.7926297499999997 3.458564 4.51691175 4.6656512999999995 3.07833195 5.21849135 3.52989965 5.6228166 3.41096195 5.706064 4.69527335 
9.0 6.7466565 4.5867191 6.44310915 4.0730305 6.78167255 4.3181878 6.7583435 4.9369695 6.51314125 4.7735313 7.0151878 3.9679374 6.828375599999999 4.3415618 6.87507865 4.2364687 6.9918587500000005 4.45829695 6.68826645 4.35320385 6.71164045 4.45829695 7.1669839500000005 4.505 6.89701425 4.357564 6.44310915 4.65679615 6.95679775 4.25979775 7.15529695 4.11973355 
9.0 8.669932150000001 4.6926213 8.5175067 5.2136816999999995 8.375105099999999 5.39460545 8.26619125 6.1468437 8.12882405 6.3119001 7.93113395 6.3278124 7.4980407 6.678782 7.20653995 6.8312524 6.9049704 6.850491 6.68215325 6.9418294 6.4174427000000005 7.0079958 6.003633 6.9895663 5.7176611 6.9419193 5.50769965 6.9074876 5.1483244 6.7131238 5.0252063499999995 6.59836645 
9.0 8.947048899999999 4.60330565 8.6899349 6.037795 8.2764848 6.0882289 7.8630347 6.7033247 7.8126008 6.836961049999999 6.9806662 7.210046050000001 6.4436935 7.48235315 5.93441 7.671412849999999 5.78063605 7.60084135 4.84279925 7.8176352 4.7898931 7.7092158 3.7638194499999997 7.638644299999999 3.7608078 7.2249245 3.77640545 7.01343475 2.94447085 6.49156525 2.99993915 6.18905175 
9.0 9.0 1.9327812 8.961792500000001 1.2069735499999998 8.528834100000001 0.12462250000000008 9.0 2.8949809 9.0 3.4608564499999996 7.3319054999999995 0.6212300999999996 9.0 1.9188017499999996 9.0 0.9268451499999997 7.955856450000001 0.5066075999999997 8.847214950000001 0.009999999999999787 7.656894 1.1384248000000001 7.2894727 1.0481652000000001 6.92227615 0.9995292999999998 8.146849 0.009999999999999787 9.0 0.009999999999999787 5.87350275 1.0837655999999996 
9.0 1.55515625 5.20734375 4.7859375 4.505 4.505 4.7859375 7.314375 4.7859375 5.3478125 4.505 4.36453125 4.926406249999999 4.7859375 4.505 5.20734375 3.80265625 6.4715625 2.819375 4.505 4.08359375 4.505 4.505 4.64546875 2.39796875 4.64546875 4.505 1.2742187499999997 4.64546875 4.36453125 4.505 4.505 4.926406249999999 
9.0 7.50168165 4.4435983 8.8833098 4.81205345 6.7340705 6.7586581500000005 7.906950849999999 4.49272865 7.4341218 3.87250855 6.3103718 2.30663035 6.2673996 7.14549785 7.9560812 5.93580345 8.0359124 5.01468805 6.64196795 2.48472225 9.0 4.53570085 7.2314872 4.81816665 7.5910872 5.2731056 8.4411816 4.85502565 6.9919936 5.6103205 5.1313333 6.66651065 
9.0 8.06310715 5.26245245 4.505 4.505 7.04651795 4.8139863 6.279086599999999 9.0 6.22923705 8.98008715 4.39536695 6.89701425 5.5714387499999996 5.083057 4.3853880499999995 8.7807339 2.2126399 8.3222439 4.04651 6.24919485 2.5913886 5.5714387499999996 0.38874869999999984 8.1329145 2.9701373 8.4717476 0.009999999999999787 7.6245749499999995 0.009999999999999787 5.083057 4.505 4.505 
9.0 5.2776005999999995 0.009999999999999787 0.009999999999999787 9.0 4.505 4.505 4.505 4.505 0.009999999999999787 9.0 4.505 4.505 1.7471377000000001 1.4615253999999998 8.124418949999999 6.1297627 6.84145605 5.15115625 4.505 4.505 0.009999999999999787 3.28761915 0.6935995999999998 8.8314375 9.0 9.0 0.009999999999999787 7.5484746000000005 4.505 4.505 4.505 4.505 
9.0 8.4699496 3.84697695 8.7036896 4.00798785 8.644895 3.7655724999999998 8.47439965 3.7392317999999998 8.4813669 3.07518545 8.33784155 3.09073815 8.1961142 2.8902162 8.13161095 2.9932415999999997 7.887172850000001 2.3913610999999997 7.67644725 2.3854726499999996 7.4784425 2.25367925 7.26030015 2.3435343 7.0583398 2.0494264499999995 6.76054605 1.8145627000000002 6.62102125 1.9259038499999996 6.40139555 1.8940342999999995 
9.0 8.7523255 2.28847055 9.0 4.3390446 8.950465099999999 0.5920125999999999 8.55423085 7.5140429 9.0 4.0508252 9.0 3.9434396499999997 9.0 3.82998585 9.0 3.7102390499999998 9.0 3.5839295499999997 9.0 3.4508326 9.0 3.31063355 9.0 3.1631526 9.0 3.0079852 9.0 2.8449515499999998 9.0 2.673737 9.0 2.49398195 
9.0 8.910189899999999 4.50837125 9.0 4.505 8.9542409 4.50162875 8.76270895 4.6126103 8.896615 4.6007435 8.9050656 4.64313135 8.9626915 4.6100931 8.72710855 4.7617993499999995 8.7101624 4.7422910499999995 8.898323099999999 4.7533038 9.0 4.78553295 8.73726725 4.86940965 8.85206955 4.83111225 8.80675995 4.8685556 8.9186405 4.8702637 8.87625265 4.8922892 
9.0 9.0 4.39707505 8.736593 4.79856845 8.645164699999999 3.4596877499999996 7.972982399999999 3.76786495 6.8782701 3.5936387499999998 7.04058455 4.4729956 6.05105525 3.2708078499999997 6.884653 3.525989 6.53255965 3.70430565 4.7738909 2.90590375 4.60878955 2.12808895 4.6527057 1.5761478999999996 5.1023855 2.1133903 4.61427345 1.7092448499999997 4.24847035 1.82719365 4.2978704 1.5519198499999995 
9.0 9.0 0.009999999999999787 9.0 9.0 0.009999999999999787 9.0 9.0 0.009999999999999787 9.0 0.009999999999999787 0.009999999999999787 0.009999999999999787 0.009999999999999787 9.0 9.0 9.0 9.0 9.0 0.009999999999999787 9.0 9.0 0.009999999999999787 9.0 0.009999999999999787 9.0 9.0 9.0 9.0 0.009999999999999787 9.0 0.009999999999999787 9.0 
9.0 7.8695974 4.37864555 7.4573160000000005 4.2722489 8.12891395 4.63135445 8.36831765 4.61804925 7.3576169 4.8973236 7.7233301 4.8574079999999995 7.78981115 4.7377511 8.0358225 3.2548955499999996 7.4706212 4.43851895 8.0424751 4.81753735 6.06094425 3.66717695 7.44405575 4.63135445 7.24735455 4.2066668499999995 6.9120725 3.5541277 7.1581288 3.8733176499999997 7.03842695 4.63800705 
9.0 4.750427 4.56959315 4.3887593 4.7116801 4.56959315 4.7116801 4.15623295 4.5437468999999995 4.5824938 4.20792545 4.3370668 4.6987345 4.13043165 4.2983199 4.07873915 4.8666677 4.32416615 4.7374814 4.59539445 4.60834005 4.3370668 4.45335245 4.64708695 4.4662531 4.5437468999999995 4.5824938 4.6212406999999995 4.55664755 4.6212406999999995 4.55664755 4.2983199 4.47915375 
9.0 8.88820935 4.5369145 8.93612605 4.5928322999999995 9.0 4.5928322999999995 8.9680855 4.57687505 8.80837815 4.60878955 8.8722521 4.6646624 9.0 4.6726635 8.90421155 4.60078845 8.93612605 4.7604958 8.8722521 4.7205802 8.7525053 4.7524947 8.92812495 4.6646624 8.889423 4.7961411499999995 8.76846255 4.87228645 8.9600844 4.78445415 8.9520833 4.95211765 
9.0 7.202 4.65481835 7.35181835 4.80468165 7.6515 4.80468165 7.6515 4.505 7.35181835 4.505 8.100999999999999 4.505 7.801318350000001 4.505 7.6515 4.9544999999999995 7.50168165 4.9544999999999995 7.801318350000001 4.35518165 7.95118165 4.505 7.35181835 5.10431835 7.4686433999999995 4.9620516 7.202 5.10431835 7.202 5.25418165 7.35181835 5.25418165 
9.0 8.61131735 8.1722907 1.22486365 9.0 2.7310033 7.01028825 4.74795475 5.8413635 3.66897495 4.04466705 4.3630479 4.1017985 4.56797495 4.35203515 4.5548046 4.48086185 4.5203729 4.50936015 4.5071576 4.50837125 4.50486515 4.50585405 4.50486515 4.5050899 4.5049550499999995 4.505 4.505 4.505 4.505 4.505 4.505 4.505 
9.0 9.0 9.0 6.154665 4.7818021 5.08903535 8.67244935 3.2650093 8.7121402 3.08786135 6.19894075 0.5857195999999996 6.1657227 0.3310778499999998 4.10642835 2.7557257999999996 2.9660918 2.4124876 0.7960856000000001 4.26141595 0.29785979999999945 5.6564391999999994 3.58608715 7.8219504 2.4395474999999998 8.34692145 4.19794655 9.0 9.0 6.2432165 4.5160577 5.3032221 8.0915605 
9.0 6.73069925 4.94141955 5.8360594 4.76683375 6.07604745 4.505 7.0798258999999995 4.39590635 7.123427400000001 4.61409365 6.0106002499999995 4.7231873 6.86159365 4.52680075 6.62156065 4.024934 6.4470198 4.52680075 6.07604745 4.76683375 5.3559934 5.6614736 5.9015066 3.82854745 6.14778765 4.67648425 6.272434 5.2905462 5.6833193 4.505 6.18518605 4.417707099999999 
9.0 7.3872839 4.56806485 6.0398627 4.39536695 6.87615745 4.6607967 5.3820644 5.05316525 6.45191935 4.71873725 5.49169745 4.7242660999999995 5.8205966 4.505 6.14949575 4.505 5.93022965 4.83389915 5.71096355 5.05316525 5.5702251 4.76629435 5.49169745 4.9435322 5.3727148 4.75856295 5.2875795 4.7524048 5.3820644 4.505 5.27243135 4.83389915 
9.0 8.5673113 4.4329002 9.0 4.86554395 9.0 4.5770998 8.6875076 4.52904825 8.71155585 4.4329002 9.0 4.505 9.0 4.79344415 9.0 4.72134435 8.6154078 4.6972961 8.85575545 4.60114805 8.9519035 4.4329002 8.83175215 4.7453926 8.863981299999999 4.7051174 8.44715995 4.5530965 9.0 4.91364045 8.90385195 4.79344415 
9.0 8.75866345 5.2915351 8.5930227 5.99477785 8.3300652 6.750702 7.8168261 7.374697899999999 7.16671425 7.8240181 6.693975099999999 8.2634493 5.87413205 8.58039175 5.3122570499999995 8.70463355 4.47349005 8.69024955 3.656344 8.522765849999999 3.0206161499999995 8.2130154 2.4132967 7.9428659 1.8725931499999997 7.486758249999999 1.45159145 6.8677518 1.1193210499999995 6.4148356 0.8546104999999997 5.677835399999999 
9.0 9.0 0.009999999999999787 9.0 9.0 9.0 9.0 9.0 2.2575 9.0 9.0 9.0 9.0 9.0 9.0 4.505 4.505 9.0 9.0 9.0 9.0 9.0 0.009999999999999787 9.0 9.0 9.0 7.314375 9.0 1.13375 1.13375 9.0 9.0 9.0 
9.0 9.0 4.7662493999999995 8.753898750000001 4.8384390999999995 8.9978424 5.0997334500000004 9.0 4.41910055 8.7683277 4.82113335 8.807299350000001 5.1632478 8.7690469 5.0095188 8.5907752 5.40934905 8.853507950000001 5.23611175 8.98629025 5.1458971 8.5857408 5.2426295 8.62543165 5.51327345 8.47961385 5.56451645 8.4861316 5.51686945 8.0256638 5.8344412000000005 8.2616513 5.9059117 
9.0 7.2711331 5.35558885 8.01815715 4.585011 7.9879957 4.62398265 7.43021115 4.0416554 7.9903331 4.8646 7.82954695 4.732447 7.755873899999999 4.7646312 7.58924425 4.10391115 7.2780553999999995 5.2380446 7.48217335 4.84540635 7.3763161 4.86644295 7.208922299999999 4.17996655 7.14819485 4.89907665 6.980711149999999 5.6598554 6.90483555 4.91885465 6.779874550000001 4.9240239 
9.0 7.8523366 4.9831781 8.4923347 4.5491409 8.4849629 4.57112145 8.4261683 4.4412609 7.7885975 4.9831781 8.44518215 4.6358944 8.42621325 4.6570209 8.808737749999999 4.85565495 8.77682325 4.69626225 8.35258515 4.71819785 8.322648449999999 4.7377511 8.4261683 5.0150926 8.25513355 4.7753293 7.8523366 4.3456073 8.1778645 4.81066 8.135791300000001 4.82742635 
9.0 8.745178450000001 5.40215705 8.8261334 6.33909485 8.124104299999999 7.04777655 7.05308065 7.6888085 6.3855281999999995 8.2461885 5.17650805 8.52753055 4.73725665 8.716005899999999 3.3928471 8.27805805 2.58064555 7.9011523 2.24621755 7.31720685 1.5601007499999997 6.7717386 1.41014755 5.8944944 1.0394898499999998 5.20707405 1.1155003 4.3072649499999995 1.1248049499999997 3.69945105 1.4964065999999998 2.96020335 
0.01 4.505 4.505 4.505 4.505 4.505 4.505 9.0 9.0 9.0 9.0 4.505 4.505 4.505 4.505 2.819375 0.009999999999999787 0.009999999999999787 0.009999999999999787 4.505 4.505 4.505 4.505 0.009999999999999787 0.009999999999999787 0.009999999999999787 0.009999999999999787 0.009999999999999787 9.0 9.0 4.505 4.505 4.505 
