9.0 4.505 4.505 0.009999999999999787 1.6836683 9.0 6.8003268 4.8636560499999995 3.4529902 0.009999999999999787 2.8791585 5.0788317 1.8510171499999997 9.0 0.009999999999999787 4.505 4.505 8.23490605 4.14634395 3.3812499999999996 9.0 5.27009395 1.32501225 4.505 4.505 3.6442524499999998 2.40093545 3.5008169999999996 2.3053267999999996 7.8523366 8.5696487 1.46849265 6.56123775 
9.0 9.0 5.5414571 9.0 0.97602045 9.0 4.037475049999999 9.0 5.1978593 9.0 5.755509 8.915493999999999 4.1965980499999995 9.0 4.8021195 8.8112999 3.6530177 8.2621008 3.8022966499999997 8.88313 4.6725736 8.9830988 4.9204279 9.0 4.44867765 8.830898099999999 4.29836485 8.60286675 4.67963075 9.0 3.8881961 8.84370885 3.97832085 
9.0 8.2868233 3.6796281 6.4667978 4.63620905 8.704273950000001 4.49299835 8.45821765 5.12508525 8.15138895 4.42458445 8.48572705 6.97684545 8.6275443 1.9210042999999994 7.87625 3.178076 8.4010862 3.6013252 9.0 9.0 6.6001195 3.7727645 8.553466700000001 4.3801289 8.7014421 4.4529479 7.273110900000001 3.0532049 8.30161185 3.3495152999999998 8.69986885 4.44094625 
9.0 8.7149271 6.08305965 7.8876673 7.455518 6.55341645 8.4864912 5.19376885 8.8101312 3.52621375 8.83372995 1.9637517499999997 8.25369515 0.9651425499999995 7.11412275 0.3199752 5.674599 0.29583705000000027 4.2165109 0.5930913999999996 2.6643424499999995 1.57969895 1.4724931999999997 2.85088495 0.6864525499999998 4.2992189 0.40461604999999956 5.7334835 0.6499980999999995 6.96947365 1.37589565 7.8685186 2.51942365 
9.0 8.88820935 4.5369145 8.93612605 4.5928322999999995 9.0 4.5928322999999995 8.9680855 4.57687505 8.80837815 4.60878955 8.8722521 4.6646624 9.0 4.6726635 8.90421155 4.60078845 8.93612605 4.7604958 8.8722521 4.7205802 8.7525053 4.7524947 8.92812495 4.6646624 8.889423 4.7961411499999995 8.76846255 4.87228645 8.9600844 4.78445415 8.9520833 4.95211765 
9.0 9.0 4.7328965 9.0 4.99167365 9.0 5.3814351 9.0 5.7839623499999995 9.0 6.0704287 9.0 6.2248319500000004 8.75614625 6.43250095 8.511213699999999 6.77007545 7.9169747 7.1481049500000005 8.1299478 7.2002919 8.0820311 7.3259720999999995 7.50060285 7.3791929 7.17579415 7.62610325 6.7317331 7.7721458000000005 6.61886365 7.72742055 6.00547595 7.887172850000001 
9.0 8.60628295 4.70039765 8.73888545 4.607486 8.76198975 4.7452577499999995 8.7115109 4.56437895 8.636399449999999 4.7903426 8.6748317 5.04741165 8.6425576 4.78418445 8.50101005 5.0768539 8.269292799999999 5.15403305 8.14518585 5.0376125499999995 7.96799295 5.1442789 7.91018725 5.01289005 7.8110725 5.1020259 7.489095649999999 5.192735 7.69307875 4.9883923 7.4383471 5.01954265 
9.0 8.98655995 5.47938115 8.6388717 6.6189985 7.9617449 7.31055425 6.9013744 8.016494 6.1579913 8.47368045 4.95930965 8.2498744 4.19812635 8.5178663 3.23430845 7.7446813500000005 2.54037035 7.2778756 1.9981834499999995 6.667994 1.5832499999999996 6.1022533 1.5986228999999996 5.2200646 1.5090375499999995 4.6073511499999995 1.5890035999999998 3.8998831 2.05005575 3.47344245 2.3833150499999998 2.9303115999999996 
9.0 9.0 4.5244633499999996 9.0 4.45065545 9.0 4.371948 9.0 4.1897207 8.90286305 4.2237928 9.0 4.2108472 8.87688195 4.14913085 8.66561695 3.8907582499999998 8.7385708 3.86100135 8.98152555 3.8645524 8.76693425 3.8952532499999997 8.526631550000001 3.56774755 8.50856165 3.69999045 8.3546978 3.6710876 8.27077615 3.60146005 8.27482165 3.5715683 
9.0 4.47618705 2.2575 4.505 4.505 4.4185611499999995 9.0 4.505 4.505 4.505 4.505 4.505 4.505 4.505 4.505 4.505 4.505 5.9168795 8.683057550000001 2.9202428 7.84743705 2.94905575 0.8744334499999997 4.505 4.505 1.7388668999999997 2.1998740999999997 4.505 4.505 4.505 4.505 4.505 4.505 
9.0 6.80675465 9.0 9.0 6.9237595 7.7044511 8.13844335 6.5557089 6.591893649999999 5.99199095 9.0 5.46014255 9.0 3.7221507999999996 9.0 3.01800905 8.9425539 1.7458790999999998 9.0 2.1373037 7.72787005 0.5269249999999999 6.6578353 0.009999999999999787 6.08611625 0.009999999999999787 4.93512655 0.009999999999999787 3.7537506499999997 0.009999999999999787 2.6069413 0.3739601499999994 1.5582128499999999 
0.01 9.0 0.009999999999999787 9.0 9.0 9.0 0.009999999999999787 9.0 9.0 9.0 0.009999999999999787 9.0 0.009999999999999787 9.0 0.009999999999999787 9.0 9.0 9.0 9.0 9.0 9.0 9.0 0.009999999999999787 9.0 9.0 9.0 9.0 9.0 9.0 9.0 9.0 9.0 0.009999999999999787 
9.0 9.0 3.7715958 9.0 4.04790345 8.99995505 3.82189485 9.0 3.63849885 8.73277225 2.92496255 8.80828825 3.1661642499999996 8.71766905 2.9581806 8.7521457 3.2416353 8.55665815 2.55493415 8.37263285 2.3785054 8.23526565 2.202661 8.284396000000001 2.38619185 7.9312688 1.8812685 7.45924885 1.4127096999999997 7.593694299999999 1.60406185 7.4144786499999995 1.4831913 
9.0 9.0 0.009999999999999787 9.0 9.0 9.0 9.0 9.0 2.2575 9.0 9.0 9.0 9.0 9.0 9.0 4.505 4.505 9.0 9.0 9.0 9.0 9.0 0.009999999999999787 9.0 9.0 9.0 7.314375 9.0 1.13375 1.13375 9.0 9.0 9.0 
9.0 8.886141649999999 5.0930359 8.735694 5.4056182 8.49579585 5.9545476 8.50595455 5.97535945 8.3504725 6.53750415 7.7547951 6.8551658 7.6490727 7.148959 7.1367326 7.51184035 6.70166155 7.6693901 6.49381275 7.568747050000001 6.09124055 7.9042089 5.7110984 7.9306395 5.2607443499999995 8.03541795 4.84199015 8.12073305 4.3718581 7.9977049000000004 4.04250945 7.842177899999999 
0.01 9.0 0.009999999999999787 9.0 9.0 9.0 9.0 9.0 9.0 9.0 9.0 9.0 0.009999999999999787 9.0 0.009999999999999787 9.0 9.0 9.0 0.009999999999999787 9.0 9.0 9.0 9.0 9.0 0.009999999999999787 9.0 9.0 9.0 0.009999999999999787 9.0 9.0 9.0 0.009999999999999787 
0.01 9.0 9.0 9.0 0.009999999999999787 4.505 4.505 4.505 4.505 9.0 9.0 9.0 9.0 0.009999999999999787 0.009999999999999787 9.0 0.009999999999999787 0.009999999999999787 9.0 4.505 4.505 9.0 0.009999999999999787 9.0 0.009999999999999787 9.0 9.0 0.009999999999999787 0.009999999999999787 4.505 4.505 4.505 4.505 
9.0 7.9345052 4.1553789 9.0 3.1731314999999998 9.0 0.6509420499999998 8.100999999999999 4.77968945 6.5527422 2.5821289 9.0 3.93948405 9.0 0.75082095 6.71919205 4.5882474 8.2008789 4.2386263 8.91976425 3.6087869 9.0 5.49556315 7.6348685 3.3146790499999996 8.647052599999999 3.40152245 8.051060549999999 4.59656315 8.4377654 3.28663025 9.0 1.9411868499999998 
0.01 9.0 9.0 4.505 4.505 9.0 0.009999999999999787 9.0 0.009999999999999787 9.0 9.0 9.0 9.0 9.0 0.009999999999999787 9.0 9.0 9.0 9.0 9.0 0.009999999999999787 0.009999999999999787 0.009999999999999787 9.0 0.009999999999999787 9.0 0.009999999999999787 9.0 9.0 4.505 4.505 9.0 0.009999999999999787 
9.0 8.2586846 4.8779951 7.81956805 3.8439653 8.29648755 4.25476335 8.570322950000001 4.2972411 8.52312545 5.0951935 8.15480515 4.80719885 8.06984965 4.10364145 9.0 4.41056005 8.84892305 4.8024791 8.442844749999999 4.55691725 7.98956895 4.8024791 8.7922411 4.3161201 8.25738105 4.51052885 9.0 5.08103425 8.400367 4.0234057 8.575042700000001 4.3114003499999995 
9.0 9.0 4.7662493999999995 8.753898750000001 4.8384390999999995 8.9978424 5.0997334500000004 9.0 4.41910055 8.7683277 4.82113335 8.807299350000001 5.1632478 8.7690469 5.0095188 8.5907752 5.40934905 8.853507950000001 5.23611175 8.98629025 5.1458971 8.5857408 5.2426295 8.62543165 5.51327345 8.47961385 5.56451645 8.4861316 5.51686945 8.0256638 5.8344412000000005 8.2616513 5.9059117 
9.0 8.450351399999999 4.1385676 8.254908799999999 4.83479815 8.31599585 4.6882162 7.9739713000000005 4.4072787 7.9739713000000005 4.24847035 8.20604815 4.0286199 7.55867825 4.48059215 8.46253285 3.5644662 8.254908799999999 4.65158195 8.38926435 4.2362889 8.87787085 3.2468944499999997 8.3281773 3.6621875 8.26753975 4.04601555 8.3648565 4.35841805 8.03505835 4.0163934999999995 8.0594662 4.48059215 
9.0 8.823391449999999 4.8236056 9.0 4.6981052 9.0 4.92361935 8.55809655 4.2737772 8.51737185 4.620971 8.2470875 4.2289171 8.4396533 4.94690345 7.9456527999999995 4.517586 7.8855097 4.26698975 7.469946950000001 4.14967025 7.3889021 4.23849145 7.00768115 4.15866025 7.11439245 4.40588525 6.7373968 4.4487675499999995 6.8113845 4.50432575 6.84685005 4.4968191 
9.0 4.505 4.505 4.505 4.505 4.505 4.505 4.505 4.505 7.30066525 9.0 4.505 4.505 4.505 4.505 6.14949575 1.27080255 7.0266051 0.009999999999999787 4.505 4.505 4.505 4.505 4.505 4.505 9.0 4.9983712 4.505 4.505 4.505 4.505 4.505 4.505 
9.0 8.4658142 5.74000125 7.74701875 6.43250095 7.27207705 7.3666069 6.25018375 8.5730649 4.94690345 8.8259536 3.6016398499999998 8.51454 2.8986218499999996 7.988625 1.5781256999999997 7.3013395 0.9643783999999997 6.55179825 0.8255728000000002 5.36332025 0.7317621499999998 4.14184895 0.9838866999999998 3.3202977999999996 1.4683128499999998 2.45928055 2.0447965999999997 1.7694329 3.1334855999999998 1.5068349999999997 3.6369255999999996 1.10691485 
9.0 4.505 4.505 9.0 0.009999999999999787 4.505 4.505 4.505 4.505 9.0 9.0 9.0 3.3658771 9.0 5.5517956 9.0 0.009999999999999787 4.505 4.505 4.505 4.505 9.0 9.0 4.505 4.505 9.0 0.009999999999999787 4.505 4.505 9.0 0.009999999999999787 4.505 4.505 
9.0 7.202 4.65481835 7.35181835 4.80468165 7.6515 4.80468165 7.6515 4.505 7.35181835 4.505 8.100999999999999 4.505 7.801318350000001 4.505 7.6515 4.9544999999999995 7.50168165 4.9544999999999995 7.801318350000001 4.35518165 7.95118165 4.505 7.35181835 5.10431835 7.4686433999999995 4.9620516 7.202 5.10431835 7.202 5.25418165 7.35181835 5.25418165 
9.0 7.3597745 4.3077594 7.9450235 4.6384115999999995 7.266368399999999 6.1244586 7.4428421 4.4842331 7.390924849999999 4.8787143 8.0760977 2.5533608999999995 7.76463915 6.97567675 7.1833008 5.12787215 7.3597745 5.491203 7.3493910499999995 3.3630902000000003 7.69424745 5.19538705 7.411691749999999 5.543120249999999 7.59643625 5.3007948 7.27675185 4.84756395 7.4859042 5.3968529499999995 7.60893235 6.1556089499999995 
9.0 8.8068948 3.96132975 7.3511441 3.9345844999999997 8.83660675 3.6850221 8.8663187 4.885277 8.64053485 4.4544762 8.26025785 3.39388095 9.0 3.09379475 8.967321349999999 3.5513408 8.940576100000001 3.5602408999999997 9.0 3.2839332499999996 8.6910137 2.7313628999999997 9.0 3.64047665 8.49624535 3.0861532499999997 8.1651886 3.4384264 8.50982025 3.07302785 7.6304184500000005 2.63629365 
9.0 9.0 0.009999999999999787 9.0 9.0 9.0 0.009999999999999787 9.0 0.009999999999999787 9.0 0.009999999999999787 9.0 4.422292 9.0 0.009999999999999787 9.0 9.0 9.0 0.6580441499999998 9.0 9.0 9.0 0.009999999999999787 4.505 4.505 9.0 9.0 9.0 0.94761205 9.0 9.0 9.0 9.0 
9.0 6.7466565 4.5867191 6.44310915 4.0730305 6.78167255 4.3181878 6.7583435 4.9369695 6.51314125 4.7735313 7.0151878 3.9679374 6.828375599999999 4.3415618 6.87507865 4.2364687 6.9918587500000005 4.45829695 6.68826645 4.35320385 6.71164045 4.45829695 7.1669839500000005 4.505 6.89701425 4.357564 6.44310915 4.65679615 6.95679775 4.25979775 7.15529695 4.11973355 
9.0 4.7686767 4.4673319 4.8063448 4.5426681 4.505 4.45479085 4.53012705 4.3292005499999995 4.5803362 4.1659871 4.47987295 4.74354965 4.79380375 4.3543275999999995 4.505 4.93189015 4.216196249999999 4.8440129 4.29153245 4.6180043 4.63054535 4.47987295 4.5426681 4.53012705 4.9695582499999995 4.4673319 4.64313135 4.49245895 4.70588155 4.505 4.71846755 4.3543275999999995 
0.01 9.0 0.009999999999999787 9.0 9.0 9.0 9.0 9.0 9.0 9.0 9.0 9.0 0.009999999999999787 9.0 9.0 9.0 9.0 9.0 0.009999999999999787 9.0 0.009999999999999787 9.0 0.009999999999999787 9.0 0.009999999999999787 9.0 9.0 9.0 0.009999999999999787 9.0 9.0 9.0 9.0 
9.0 8.9175617 4.5442863 8.91472985 4.3333809 8.89054675 4.24882995 8.81781765 4.19165355 8.955229800000001 4.30241035 8.762349350000001 4.0059651 8.70193655 3.9300895 8.740054149999999 3.98434415 8.0867059 3.64196 8.4729163 3.72345435 8.38225215 3.6626819499999996 8.48249065 3.6199794499999998 8.18249435 3.5549368 8.0356427 3.4323132 7.96214945 3.46687975 7.84581885 3.4306050999999997 
9.0 8.49894235 4.57831345 8.64071465 4.56365975 8.660267900000001 4.56608705 8.51359605 4.04547615 8.55512985 4.1261614 8.687148 4.45856665 8.6895753 4.1041359 8.37182375 4.2776878499999995 8.52582245 4.3241211999999996 8.479389099999999 3.9599363 8.501369650000001 3.96969045 8.234950999999999 3.8694968999999997 8.39106235 3.9742303999999997 8.3498432 3.91835755 8.2594038 3.9452825999999996 8.406030699999999 3.9550367499999997 
9.0 9.0 6.54820225 9.0 6.95679775 8.1827191 7.3654382 9.0 4.09635955 9.0 4.505 8.1827191 2.4617977499999997 7.3654382 5.73092135 9.0 1.6445617999999995 9.0 3.2790786499999998 8.59135955 2.4617977499999997 9.0 4.8533625 9.0 4.09635955 9.0 4.90357165 9.0 6.1395618 9.0 7.3654382 7.77407865 5.73092135 
9.0 8.335144549999999 6.2693774 6.25297065 7.9406184 4.9031671 8.95068985 2.5890062499999997 8.494042799999999 1.07850645 6.751601 0.3205146000000001 4.9890216 0.6437949999999999 3.1095721999999997 1.5369514999999998 2.0209731 3.6392629999999997 0.6364681499999998 5.7835578000000005 0.8867048 7.41097255 2.9214114999999996 8.0027393 3.4565862 7.7278251 5.46436785 6.2054585 7.126034499999999 5.38903165 7.48585925 4.00088575 7.42373835 
9.0 8.7843299 4.6063173 8.71937715 4.4478235999999995 8.7089937 4.5595693 8.85188975 4.4270567 8.8622732 4.5283739999999995 8.80514175 4.3672732 8.786937 4.48679525 8.976626 4.38547795 8.989616550000001 4.5855504 8.7116008 4.28155355 8.72198425 4.3984685 8.8674874 4.3049275499999995 8.82986425 4.4309673499999995 8.88308505 4.5907646 8.7947583 4.3517205 8.812918100000001 4.54136455 
9.0 7.5943685499999996 9.0 8.63918635 1.0848893499999996 8.18069635 4.7004426 7.925110650000001 4.9860549 8.40616555 7.8198827 7.65451165 5.32430365 7.917604 5.1213543999999995 8.7068361 3.3774742 7.6845832000000005 5.34686855 7.42149085 5.6099609 7.21103495 7.98525375 9.0 2.0846222999999995 8.5173269 5.5036092 7.6995965 6.9253777 9.0 4.2118361 7.045663899999999 5.57988935 
9.0 9.0 5.58726115 8.991684249999999 4.52158655 8.1119678 3.15052165 8.54685905 3.4493042999999997 7.68040285 3.42273885 7.82478225 3.13227195 7.7185654 2.8832939 6.6263703 1.7545544499999997 6.32426135 2.0300979499999996 7.24879295 2.7372064 6.8952612 3.03598905 5.5822717 2.1612171 5.8178996000000005 2.3298695 5.07932615 2.7455221499999998 5.20878215 2.19776145 5.3299673499999995 2.41019515 
9.0 9.0 5.26020495 8.970872400000001 5.2392133 8.7579892 6.00394765 8.62956705 5.5213195 8.6137896 6.17295965 8.2920375 6.6131100499999995 8.14644445 6.71766375 8.03236135 6.67657945 7.43084045 7.06611615 7.047057349999999 7.115291449999999 7.0035907 7.4141639999999995 6.67657945 6.9878582 6.4520991500000004 7.61234855 6.1089958 7.92780765 6.02974895 7.5096378 5.49843995 8.04189075 
9.0 9.0 6.82059925 6.54820225 6.00331835 4.77744195 6.1395618 3.0619252 7.789136900000001 2.4617977499999997 6.68440075 1.9169587999999997 4.505 1.9169587999999997 3.96016105 3.00668165 2.32559925 4.09635955 0.6910823999999995 6.68440075 1.9169587999999997 7.0930412 2.5980412 9.0 2.7342397 7.78459695 5.05927845 8.863801500000001 7.0930412 5.5946779 6.1395618 4.91364045 6.00331835 
9.0 8.06310715 5.26245245 4.505 4.505 7.04651795 4.8139863 6.279086599999999 9.0 6.22923705 8.98008715 4.39536695 6.89701425 5.5714387499999996 5.083057 4.3853880499999995 8.7807339 2.2126399 8.3222439 4.04651 6.24919485 2.5913886 5.5714387499999996 0.38874869999999984 8.1329145 2.9701373 8.4717476 0.009999999999999787 7.6245749499999995 0.009999999999999787 5.083057 4.505 4.505 
9.0 8.46864605 6.45992045 7.18280635 7.99559225 5.3892564 8.75443815 3.42157015 8.6648528 1.6944562999999997 7.70800215 0.6193871499999997 6.0176574 0.3523391999999994 4.2650569 1.0278477999999995 2.49542035 2.3945975 1.2108392499999998 4.04484685 0.8093458500000001 5.6909608 1.0182285000000002 7.0214808 1.9918454999999997 7.74800765 3.40673665 7.762886099999999 4.93647505 7.118258150000001 6.25422925 6.06696755 7.0966372 
9.0 4.505 4.505 4.505 4.505 4.505 4.505 0.009999999999999787 9.0 4.505 4.505 9.0 6.18311835 3.9656 3.9656 4.505 4.505 0.009999999999999787 0.009999999999999787 4.505 4.505 9.0 0.009999999999999787 4.505 4.505 9.0 5.52388165 4.505 4.505 4.505 4.505 4.505 4.505 
9.0 9.0 9.0 4.505 4.505 9.0 0.009999999999999787 0.009999999999999787 0.009999999999999787 9.0 9.0 9.0 0.009999999999999787 4.505 4.505 9.0 0.009999999999999787 9.0 9.0 4.505 4.505 9.0 0.009999999999999787 0.009999999999999787 0.009999999999999787 9.0 9.0 0.009999999999999787 9.0 0.009999999999999787 9.0 4.505 4.505 
9.0 8.40167055 6.1209525 7.7420293000000004 7.50168165 6.17718495 8.238052549999999 4.8936377 8.36589035 3.4208958999999997 8.37613895 2.1782531499999997 7.54258615 1.4163057000000001 6.3715038 1.0429959499999994 4.9499151 1.38560485 3.8913425999999998 2.2805144 2.60779535 3.0424618499999996 1.9123289499999996 4.3771622 1.8100676999999998 5.195432 2.11694135 5.95728955 2.8378943999999997 6.58119555 3.6203390499999997 6.3459722 4.586809 
9.0 3.583525 5.7973125 5.53885 4.9544999999999995 5.7748375 5.9321625000000004 5.9546375000000005 6.07825 6.1360107500000005 2.94896585 4.9207875 5.741125 4.077975 5.44895 4.1116874999999995 5.561325 2.96829435 5.9167895999999995 2.3474 4.1453999999999995 5.8493645999999995 5.9962612 1.8979 3.4261999999999997 5.9519405 3.22504875 2.39235 5.336575 3.2866752 3.1013013999999997 6.32300275 4.6420975 
9.0 4.505 4.505 2.9914435999999998 8.3431906 4.505 4.505 7.60066155 0.009999999999999787 8.868656099999999 5.91575575 3.3341424 1.8434206 3.14566705 7.45214675 8.73726725 5.24177545 4.505 4.505 4.505 4.505 3.6939671499999998 0.009999999999999787 4.505 4.505 9.0 0.009999999999999787 4.505 4.505 4.70489265 7.28655095 4.505 4.505 
9.0 8.15237785 4.6719443 8.33217785 4.49857215 8.056049999999999 4.5370943 8.08171645 4.3123442999999995 8.44131645 4.505 8.35141645 4.2032057 8.38998355 4.5178557 8.22942215 4.26096645 8.14595 3.97202785 7.959722149999999 4.12611645 8.2936557 4.28025 7.96615 4.19677785 8.1728301 4.11532845 8.21656645 4.0362164499999995 8.16523355 4.28025 8.19732785 3.82432215 
0.01 0.009999999999999787 9.0 0.009999999999999787 0.009999999999999787 4.505 4.505 0.009999999999999787 9.0 9.0 0.009999999999999787 0.009999999999999787 0.009999999999999787 0.009999999999999787 9.0 4.505 4.505 0.009999999999999787 0.009999999999999787 0.009999999999999787 9.0 4.505 4.505 9.0 0.009999999999999787 9.0 9.0 9.0 0.009999999999999787 9.0 9.0 4.505 4.505 
9.0 7.154353 1.7663313499999997 8.3450785 6.9906451 8.1516137 4.83246075 7.05020385 5.23431375 5.97850595 5.5915314 6.767378450000001 5.0557274 7.37761965 5.3980666 7.7348373 6.425039249999999 6.94600975 5.13011965 7.4371784000000005 5.75528425 7.6008863 4.83246075 6.836646399999999 5.70305235 6.70813435 5.74953065 6.5824092 5.7894013 6.4596058 5.8231138 6.33990395 5.8508929 
9.0 9.0 0.009999999999999787 9.0 9.0 0.009999999999999787 9.0 9.0 0.009999999999999787 9.0 0.009999999999999787 0.009999999999999787 0.009999999999999787 0.009999999999999787 9.0 9.0 9.0 9.0 9.0 0.009999999999999787 9.0 9.0 0.009999999999999787 9.0 0.009999999999999787 9.0 9.0 9.0 9.0 0.009999999999999787 9.0 0.009999999999999787 9.0 
9.0 8.947048899999999 4.60330565 8.6899349 6.037795 8.2764848 6.0882289 7.8630347 6.7033247 7.8126008 6.836961049999999 6.9806662 7.210046050000001 6.4436935 7.48235315 5.93441 7.671412849999999 5.78063605 7.60084135 4.84279925 7.8176352 4.7898931 7.7092158 3.7638194499999997 7.638644299999999 3.7608078 7.2249245 3.77640545 7.01343475 2.94447085 6.49156525 2.99993915 6.18905175 
9.0 9.0 1.9327812 8.961792500000001 1.2069735499999998 8.528834100000001 0.12462250000000008 9.0 2.8949809 9.0 3.4608564499999996 7.3319054999999995 0.6212300999999996 9.0 1.9188017499999996 9.0 0.9268451499999997 7.955856450000001 0.5066075999999997 8.847214950000001 0.009999999999999787 7.656894 1.1384248000000001 7.2894727 1.0481652000000001 6.92227615 0.9995292999999998 8.146849 0.009999999999999787 9.0 0.009999999999999787 5.87350275 1.0837655999999996 
9.0 6.4247246 2.2575 4.505 4.505 4.505 4.505 6.5932870999999995 6.799337899999999 7.1551621 4.59863085 4.505 4.505 4.505 4.505 5.2447871 2.4635058499999998 7.16455665 3.6809316499999998 4.505 4.505 4.505 4.505 8.9438125 2.6695566499999996 0.009999999999999787 0.009999999999999787 3.2501308499999997 1.10565625 4.505 4.505 4.505 4.505 
9.0 9.0 4.1133057 9.0 3.72902815 8.39924325 0.8290339499999999 8.767024150000001 7.2493323499999995 8.79651135 2.6448791 8.4824457 3.0784668 8.45776815 3.45168665 8.14824245 1.710009 5.05541275 0.009999999999999787 8.5632658 5.00183235 7.30794715 0.9743123499999999 6.99473555 0.7800834000000001 6.6687132 0.6130941499999998 6.3322175 0.47415369999999957 5.9876308 0.3638463999999999 3.9053220499999997 0.009999999999999787 
9.0 7.194808 6.3179234 8.227264550000001 8.124418949999999 7.92124495 7.68336955 8.2812495 4.0112692 8.87912945 4.86374595 8.812288800000001 0.6515713499999998 8.6386919 8.4805578 8.7955674 4.2709903 8.49085135 5.32016825 8.931855800000001 1.3767497 8.4008165 0.6503127499999994 5.7907498 3.1536681499999997 9.0 5.2725662 7.3349621 6.42333115 8.44967715 8.146264649999999 8.18995605 7.598548900000001 
9.0 7.8668105 4.542758 8.2498744 4.5795720499999995 8.2195781 4.61598155 8.39564725 4.58056095 7.2246548 4.7693959 8.06023035 4.71765845 7.985972950000001 4.74804465 7.4135347 5.3737936 8.2823283 4.6938799 7.70926075 4.8251339 7.60183025 4.84558615 7.489095649999999 4.88271485 7.3695736 4.8779052 7.26245775 4.58056095 7.12050565 4.89862715 6.9920835 4.90465045 
9.0 9.0 4.8816809999999995 9.0 5.28654565 9.0 3.9068053999999997 8.9178314 7.405174000000001 9.0 6.658284800000001 9.0 7.162129350000001 9.0 7.6855721 9.0 8.22582615 9.0 8.779700049999999 9.0 9.0 8.9119879 9.0 8.6234988 9.0 8.27626005 9.0 7.868248899999999 9.0 7.3978921 9.0 6.86393105 9.0 
9.0 6.00331835 3.3812499999999996 6.5027577999999995 5.5038789 6.25306055 5.25418165 6.37793165 5.12931055 6.7524999999999995 4.00556055 6.97324945 4.12548715 7.12706835 6.00331835 7.0022422 4.6298711 5.62875 3.6309921999999997 6.6276288999999995 4.2552578 6.8773710999999995 4.3801289 6.25306055 4.8795683499999996 6.37235785 3.8641927999999997 5.3790078 3.8806894499999998 6.1647338000000005 3.83933545 4.8795683499999996 2.2575 
9.0 8.31599585 4.9813801 9.0 6.2638935 9.0 0.009999999999999787 7.5138631 4.8836588 9.0 5.7203581 9.0 7.2288801 9.0 6.10103965 9.0 4.6251064 7.1311588 2.57102625 9.0 7.3591452 8.5113935 5.699995749999999 8.59693335 3.00668165 9.0 5.2215929 6.19876095 4.41748235 9.0 5.5147568 9.0 6.186534549999999 
9.0 9.0 4.4774906 9.0 4.0629617 9.0 4.16117745 9.0 4.02830525 9.0 4.00726865 9.0 2.7299694499999996 9.0 3.8030608 8.6459738 3.0718141999999995 8.391961349999999 2.9526966999999997 8.62660035 2.5239636 8.822897000000001 2.3983733 8.1852363 2.6902786 8.22151095 2.60671655 7.911490799999999 2.78651655 8.1211376 2.68115375 7.8472123 2.4804969499999996 
9.0 9.0 4.58181955 8.82986425 4.3637671 9.0 4.3505518 9.0 4.27705855 8.9562187 4.1862146 8.96282635 4.1003601 9.0 3.79807135 9.0 3.8641478499999997 8.924034500000001 3.9740056499999996 9.0 3.67257095 9.0 3.6387235999999996 8.95374645 3.5123691499999996 8.8422255 3.59507715 8.757225049999999 3.73532115 8.8397982 3.49088305 8.41614445 3.4578448 
9.0 8.073041100000001 5.8306654 7.384676799999999 6.8564244 6.36228905 7.568702099999999 5.14225615 8.2604826 3.7484465499999997 8.0458014 2.57615055 7.7561436 1.93543325 6.36912145 1.1141517999999997 5.25813725 1.3595338499999996 4.0619727999999995 1.9116097500000002 3.44854015 2.6783668499999997 2.78399935 3.7212068499999997 2.1433269999999998 4.57345885 2.3156203499999997 5.3603985 2.79424795 5.8988096 3.46220495 6.0590114 4.1437818 
9.0 4.505 4.505 9.0 5.0843605499999995 8.4805578 4.4151 4.505 4.505 9.0 2.5971422 9.0 5.3840422 9.0 4.2652816499999995 9.0 0.8390578 4.505 4.505 9.0 4.3252 9.0 3.66591835 4.505 4.505 9.0 0.009999999999999787 4.505 4.505 9.0 5.034421099999999 8.58048165 4.0754578 
9.0 8.47143295 5.8819983 7.7967784 7.1038292 6.03819955 7.13578865 4.76197915 9.0 4.0897518999999996 8.6457041 1.6999851499999998 7.741220200000001 1.3689733499999996 5.9684821 0.8450810999999994 6.35671525 0.009999999999999787 4.47016375 0.9551636499999998 2.6582292499999998 1.04830005 2.4607639 1.9319720999999999 1.4661552499999995 3.0841304999999997 0.8246737999999998 4.37109395 0.6014970499999999 5.6463704 0.8133913499999998 4.5137203 0.8332142999999999 
9.0 9.0 4.798883099999999 9.0 5.4375327 9.0 5.68633095 8.687642449999998 5.95297435 8.40544635 6.25980305 7.8975563 6.7561859 8.08099725 6.85682895 7.469632300000001 7.2359822000000005 7.094974049999999 7.336805050000001 6.65392465 7.5227182500000005 6.32785735 7.5993580000000005 6.0505607999999995 7.745085899999999 5.7506544 7.7587507 5.372355199999999 7.6821559 5.0161714 7.7723256 4.8192005 7.7164078 
9.0 9.0 2.47501305 9.0 9.0 7.7061592 0.009999999999999787 4.505 4.505 4.505 4.505 4.505 4.505 0.009999999999999787 5.1574942 6.9365253 2.7371165 0.009999999999999787 2.05670835 1.35962375 9.0 4.505 4.505 9.0 8.58174025 6.82500435 9.0 9.0 3.60154995 5.659405899999999 9.0 3.0494291 9.0 
9.0 1.45132175 0.009999999999999787 0.009999999999999787 9.0 9.0 7.35109915 4.6629992499999995 0.009999999999999787 0.009999999999999787 0.009999999999999787 9.0 9.0 8.49130085 0.009999999999999787 0.009999999999999787 9.0 8.273608 9.0 9.0 0.009999999999999787 0.009999999999999787 0.009999999999999787 3.6574228 9.0 9.0 0.009999999999999787 0.009999999999999787 0.009999999999999787 0.009999999999999787 9.0 9.0 6.01581445 
0.01 4.505 4.505 9.0 9.0 4.505 4.505 9.0 9.0 4.505 4.505 9.0 0.009999999999999787 4.505 4.505 4.505 4.505 4.505 4.505 4.505 4.505 4.505 4.505 4.505 4.505 9.0 0.009999999999999787 4.505 4.505 0.009999999999999787 9.0 4.505 4.505 
9.0 8.09412265 6.22501175 8.1371398 3.7424682 9.0 4.16099765 8.91688745 4.1724599 7.6612541499999995 5.43380185 8.988537749999999 4.59961975 8.9197193 4.6167906499999996 9.0 3.9173237 8.80505185 4.85187915 9.0 4.51358545 8.5642547 5.889639799999999 9.0 3.85138205 9.0 4.4872897 7.9049281 4.8604646 9.0 3.6621875 9.0 4.246987 
9.0 9.0 0.009999999999999787 4.505 4.505 8.00844795 0.0430382499999995 8.140645899999999 6.98385765 2.6210556 0.24135764999999942 4.505 4.505 4.505 4.505 7.74405205 1.0345903 7.81012855 1.7947846999999997 4.505 4.505 5.3312709 0.009999999999999787 0.009999999999999787 0.009999999999999787 0.009999999999999787 0.009999999999999787 9.0 0.009999999999999787 9.0 0.009999999999999787 4.505 4.505 
9.0 9.0 0.34923765000000007 9.0 7.8974664 6.7101121500000005 4.250583 7.3037668 4.505 9.0 4.5025727 6.54047085 4.84423765 7.3037668 4.250583 8.9495661 4.50117925 6.8797085 4.505 6.8797085 4.84423765 8.7837905 4.4999655999999995 9.0 8.06706275 8.649030400000001 4.4992464 8.745583 0.009999999999999787 9.0 6.4556502 6.4556502 3.9961210499999997 
9.0 8.8148959 4.96029855 9.0 4.4187859 8.92416935 4.61984725 8.863981299999999 4.0862457999999995 8.95302725 4.3829158 8.909201 4.3658348 9.0 4.26483215 9.0 4.27220395 8.723108 4.57498715 8.893018999999999 4.0876842 8.90511055 4.2659559 8.62093665 3.80040875 8.80568115 4.19057475 8.5944611 4.56374965 9.0 4.0196748499999995 8.6918228 4.1953844 
9.0 9.0 9.0 9.0 0.009999999999999787 9.0 0.009999999999999787 9.0 9.0 9.0 9.0 9.0 9.0 9.0 0.009999999999999787 9.0 9.0 9.0 9.0 9.0 9.0 9.0 9.0 9.0 9.0 9.0 6.7524999999999995 4.505 4.505 9.0 0.009999999999999787 9.0 0.009999999999999787 
9.0 8.4655445 4.505 8.767024150000001 4.3816572 8.7122301 4.450161 8.561467799999999 4.5872135499999995 8.561467799999999 4.5872135499999995 8.7258949 4.54612925 8.8081534 4.51870975 9.0 4.6283427999999995 8.73960465 4.450161 8.5888873 4.61463305 8.61626185 4.7516856 8.98629025 4.7242660999999995 8.5354867 4.6050587 8.5888873 4.54612925 9.0 4.7516856 8.89036695 4.450161 
9.0 8.691957649999999 5.8212259 8.09726915 7.0112322 7.1998424 7.7232402 5.682824849999999 8.66966245 4.7133882 8.8538226 3.46049685 8.7810935 1.9911263 8.1467591 1.2088614499999997 7.30920575 0.4147747499999994 6.13219 0.3581826999999995 4.776498 0.29687090000000005 3.6132818999999996 0.7655195999999997 2.3965753 1.57583325 1.3784578 2.65202615 0.6516612500000001 3.8941295 0.28181265 4.95481465 0.24270615000000006 
9.0 9.0 4.86518435 8.855036250000001 4.4833340999999995 8.850900849999999 4.4725461 8.459700999999999 4.32866115 9.0 4.56878405 8.8285607 4.4404518 8.81781765 4.42988855 8.93244015 4.5500399 8.6022824 4.1072824 8.775969199999999 4.3987381999999995 8.7588882 4.38853455 8.9174718 4.59503485 8.7200514 4.3686217 9.0 4.24235715 8.6751913 4.3492932 8.6505587 4.33989865 
9.0 8.86213835 4.5443762 9.0 4.54289285 8.9396771 4.47070315 8.9041666 4.3771622 8.991909 4.3472254999999995 9.0 4.44786855 9.0 4.3889840499999995 9.0 4.45218375 8.93190075 4.5061237499999995 9.0 4.3875906 9.0 4.2917572 8.82105405 4.30151135 8.9635006 4.34888865 8.866049 4.3936139 9.0 4.33171775 8.928979 4.3201656 
9.0 7.28547215 4.9927075 7.682695300000001 4.19327175 7.6675921 4.5804260999999995 7.8435713499999995 4.5150688 7.69775355 5.2139514 7.7228806 4.4949312 8.0899423 4.80167 8.26592155 3.7608527499999997 7.592166 4.097753 7.3156336 4.4446771 7.2452419 5.03293775 7.70782235 4.0776154 7.64453275 4.4297986499999995 7.350829449999999 4.7212095 8.04971205 4.27373225 7.43632435 4.2938249 
9.0 7.42436765 4.1500748 7.1239668 3.858619 3.91485145 3.5437892 5.8443302 4.70291485 6.2174152 3.32106195 5.80544845 3.06673485 4.66048205 3.65333235 5.41609155 3.18162705 5.1880602 3.1991126 4.93260935 3.0879512499999997 4.7996922 3.3005647499999995 4.6400298 3.3756762 4.5029323 3.4617104999999997 4.3875906 3.55525145 4.29297085 3.6531975 4.5650531999999995 3.2823150500000002 
9.0 9.0 4.505 9.0 4.505 6.7524999999999995 6.7524999999999995 7.87625 4.505 8.60448495 5.0486253 8.50856165 5.1437395 8.4121439 5.2344486 7.87625 5.62875 7.87625 6.7524999999999995 7.87625 4.505 9.0 3.3812499999999996 6.7524999999999995 6.7524999999999995 7.8287828 5.6911406 7.87625 5.62875 7.635093250000001 5.8118763 7.53881035 5.86667035 
9.0 4.505 4.505 4.505 4.505 9.0 9.0 0.009999999999999787 0.009999999999999787 4.505 4.505 9.0 4.00556055 4.505 4.505 4.505 4.505 0.009999999999999787 9.0 9.0 9.0 9.0 0.009999999999999787 4.505 4.505 9.0 0.009999999999999787 4.505 4.505 4.505 4.505 9.0 9.0 
9.0 8.6033612 4.1083612 8.86780205 5.29823265 8.20676735 4.9016388 8.6033612 4.37280205 8.86780205 3.7117673499999997 8.86780205 5.1660347 8.7356041 4.63719795 9.0 4.505 9.0 4.505 7.9423714499999996 5.03383675 8.47116325 4.63719795 8.3389653 4.63719795 8.67020185 4.6218699999999995 8.7356041 3.97616325 8.86780205 4.7693959 8.6033612 4.7693959 
9.0 7.46473275 6.46558415 6.51341095 7.8674398 4.7440890499999995 8.3305147 3.06538635 8.19714805 1.43702765 6.8607396000000005 0.7197155499999996 4.82463945 0.7826455499999998 3.21390115 2.3909116 1.2809612499999994 4.29108295 0.6392100999999997 5.5519754 1.0745958 7.05200185 2.1618464 7.844785 3.66690725 7.8653721 5.5708993499999995 6.53606575 7.160241449999999 5.42867755 7.9555418 3.67194165 7.8473022 
0.01 0.009999999999999787 9.0 9.0 9.0 4.505 4.505 9.0 0.009999999999999787 9.0 0.009999999999999787 9.0 0.009999999999999787 0.009999999999999787 0.009999999999999787 4.505 4.505 0.009999999999999787 0.009999999999999787 4.505 4.505 4.505 4.505 0.009999999999999787 0.009999999999999787 9.0 0.009999999999999787 9.0 9.0 0.009999999999999787 0.009999999999999787 4.505 4.505 
9.0 6.0644953 5.4223396 6.61490805 5.6058255 6.3396792 5.4223396 6.61490805 6.5231651 5.8810094 7.1653208 5.05541275 6.9818349 4.505 6.798349 4.2298161 6.9818349 3.5876604 6.9818349 3.22073355 6.5231651 3.22073355 5.97275235 1.7529811999999998 5.5140825499999995 2.41127395 5.17453025 1.8446791999999999 5.33059665 2.9455047 4.505 3.31243155 3.4041745 
9.0 5.70368165 4.0555 6.90231835 4.505 6.00331835 3.90568165 6.15318165 5.02943165 7.05218165 4.57993165 7.72643165 4.8795683499999996 7.6515 4.20531835 6.90231835 5.404 6.37793165 4.43006835 5.92843165 5.404 7.6515 4.505 5.62875 5.10431835 6.5823193 4.74948305 6.303 4.65481835 6.602681649999999 4.65481835 6.37793165 4.28025 
9.0 7.51957175 4.6186336 7.4998387 4.73114345 7.07600515 5.34830695 4.8994812 6.03694095 7.36476395 5.05028845 7.29635005 5.1471107499999995 8.03973315 4.9983712 7.12886635 5.32088745 5.15205525 6.3580188 6.9272656 5.4636037 6.816329 5.52199375 6.7002681 5.5713938 6.58020665 5.6115791 6.45731335 5.6425047 6.33280185 5.6643504 9.0 5.9899682 
9.0 9.0 4.45200395 9.0 4.4895821499999995 9.0 4.43465325 9.0 4.43465325 9.0 4.37873545 9.0 4.4066943499999995 8.9922686 4.36623935 8.9787836 4.3594519 8.9691643 4.3498326 9.0 4.33054905 9.0 4.27849695 9.0 4.28335155 8.992897899999999 4.25656135 8.97303 4.2216352 8.95761215 4.21295985 8.95374645 4.2052734 
9.0 8.32633435 4.58631455 8.64988445 4.5704472 8.642467700000001 4.602991 8.674786749999999 4.8650495 8.44248515 5.0160815 8.602686949999999 4.699184 8.583673099999999 4.7305591 8.43088805 4.6327479 8.8141767 4.505 8.50991015 4.82176265 8.4799285 4.85098015 8.26825895 4.99284235 8.41218885 4.9073025 8.44248515 4.8999307 8.3346501 4.9605233 8.2923971 4.9858751 
9.0 6.2709057 6.85952595 0.9618611999999995 5.0148229 3.7575714 1.0718088999999997 7.50168165 4.5584905 8.19732785 6.3243962 1.4830115 5.8862685500000005 2.94087485 1.6431234 6.59198355 5.2006461999999996 6.9665519 4.7725424 2.1752415 6.52599695 2.36308755 2.3656497 5.94982785 7.6621980999999995 6.84109645 6.2512176 7.0735778499999995 6.2709057 2.03764955 3.1603207499999995 5.64857295 1.9951268499999997 
9.0 9.0 6.7524999999999995 9.0 5.62875 5.62875 9.0 5.26245245 8.603541 3.9055467999999998 8.1214073 2.97189035 7.237645349999999 2.535291 6.2066272 2.5423481499999996 5.256069549999999 2.8564138 4.5354760999999995 3.31485885 4.09932625 3.7777988999999996 3.9222682 4.1551991 3.9321572 4.41109945 4.0446221 4.55143335 4.1887318 4.6049688 4.3188170999999995 4.60609255 4.41433585 
9.0 5.46823355 4.0768962 6.00331835 4.82607785 5.3612076 5.3612076 5.5752595 4.9331038 6.3243962 4.61202595 5.8962924 4.2909481 5.8962924 4.2909481 5.7892664499999995 3.9698702499999996 6.00331835 4.7190519 5.8962924 4.505 5.46823355 3.9698702499999996 6.1103442999999995 4.2909481 5.49879955 4.4020645 5.3612076 4.505 5.2690151499999995 4.4135717 5.1654953 4.42062885 
9.0 7.29733895 1.6445617999999995 4.505 4.505 4.505 4.505 6.0544265 5.7990206 6.4289948500000005 6.2757603 4.1644588 6.8376353 6.1395618 5.91818305 2.0872293999999996 5.98632725 5.04983895 3.84095365 4.5901353 2.10426545 1.9169587999999997 5.30524485 5.81605665 3.2790786499999998 5.6628221 1.9169587999999997 6.4460309 5.5946779 5.3222809 4.40282865 5.27117275 2.63206835 
9.0 9.0 3.8650918 9.0 3.7742927999999996 9.0 3.4416627999999996 9.0 4.1672457 9.0 3.3808005 9.0 3.32906305 9.0 3.51722375 9.0 2.7696603 9.0 2.4300181 9.0 2.90842095 9.0 1.82323805 9.0 2.36344715 8.946959 2.27156935 9.0 1.0968909999999998 9.0 1.0995430499999999 9.0 0.7095568499999998 
9.0 8.75416845 4.3469558 0.009999999999999787 3.01252515 0.009999999999999787 4.43474315 8.877106699999999 4.5576814 8.70148705 4.41721265 0.009999999999999787 5.2424497 0.009999999999999787 4.48742455 8.78931935 4.3469558 8.6488506 4.3821067 0.04510594999999995 5.03176905 0.3085129499999999 6.0677316999999995 8.806849849999999 4.48742455 8.19274295 5.1234221 8.5610183 4.20648705 0.009999999999999787 3.6621875 0.009999999999999787 2.95984375 
0.01 4.505 4.505 4.505 4.505 4.505 4.505 4.505 4.505 4.505 4.505 9.0 9.0 9.0 9.0 9.0 0.009999999999999787 4.505 4.505 9.0 9.0 9.0 0.009999999999999787 9.0 9.0 9.0 4.505 9.0 9.0 9.0 0.009999999999999787 4.505 4.505 
9.0 8.3127145 5.11330835 7.8150281 4.22851255 8.45489135 4.876287 8.5023136 4.0942019499999995 8.04413825 4.8051761 8.1310266 4.48922255 8.0678269 4.4576227 8.3600918 4.2996234499999995 8.4232915 4.34700075 8.1784039 4.0784245 7.696539899999999 4.7025103 8.39169165 3.8256257 8.15255765 4.2882511 8.02040465 4.47340015 7.90982765 4.2048239 8.3600918 4.22851255 
9.0 7.70782235 4.3883547499999995 6.36085065 3.4681383500000003 8.91095405 4.07918865 8.98691955 4.0448918 9.0 4.01275255 7.15547675 9.0 8.2684837 0.009999999999999787 8.2030365 3.70205815 8.135162 3.23484785 3.3401657 8.6732135 6.83938835 4.7502472 7.44891035 3.5883795999999997 8.6909238 2.6482503499999996 7.373304449999999 3.5205500499999998 8.3768132 0.5784376999999998 3.4627893 0.009999999999999787 
9.0 9.0 9.0 9.0 6.8086875 7.314375 0.009999999999999787 9.0 9.0 4.617375 4.64546875 9.0 9.0 4.505 4.505 9.0 0.009999999999999787 9.0 9.0 9.0 9.0 5.9096875 9.0 9.0 9.0 9.0 9.0 9.0 9.0 0.26284375000000004 9.0 4.505 4.505 
9.0 8.42063945 4.6994537 8.0985727 5.32745015 8.955454549999999 5.8216754 8.52600225 4.13025185 8.487480099999999 4.4138414 8.5705477 3.3037562 8.5239795 5.4023818 8.4895478 4.2963420999999995 8.3011174 4.46045455 8.9047959 2.9756212 8.0539823 3.37671005 8.40041195 4.09177465 8.36921665 4.3742854 8.045891300000001 4.32066005 7.91827825 5.4854494 8.4712981 4.91822535 
9.0 8.785004149999999 4.8014452499999996 8.7129493 5.0906985 8.5952702 5.3658824 8.32040095 2.2592081 8.55153385 7.261334 8.00826815 6.0480436 7.7528173 6.2125606 7.47821775 6.3409378 8.7964664 7.1957968999999995 6.8989471 6.4867556 6.60744635 6.50576945 6.322778 6.4917450500000005 6.0501113 6.44778395 8.565333500000001 9.0 5.55705475 6.285919 5.3425084 6.17673545 
0.01 0.009999999999999787 9.0 4.505 4.505 4.505 4.505 0.009999999999999787 9.0 9.0 9.0 4.505 4.505 4.505 4.505 9.0 0.009999999999999787 0.009999999999999787 9.0 9.0 9.0 4.505 4.505 0.009999999999999787 0.009999999999999787 9.0 0.009999999999999787 9.0 9.0 0.009999999999999787 9.0 4.505 4.505 
9.0 8.7523255 2.28847055 9.0 4.3390446 8.950465099999999 0.5920125999999999 8.55423085 7.5140429 9.0 4.0508252 9.0 3.9434396499999997 9.0 3.82998585 9.0 3.7102390499999998 9.0 3.5839295499999997 9.0 3.4508326 9.0 3.31063355 9.0 3.1631526 9.0 3.0079852 9.0 2.8449515499999998 9.0 2.673737 9.0 2.49398195 
9.0 9.0 9.0 9.0 9.0 8.5958995 9.0 3.2926985 9.0 0.7673175999999997 9.0 0.009999999999999787 9.0 0.009999999999999787 7.7650437 0.009999999999999787 1.9078339499999997 0.009999999999999787 2.6147625999999997 0.009999999999999787 0.009999999999999787 2.1299319 0.009999999999999787 8.5511293 0.009999999999999787 9.0 0.009999999999999787 9.0 0.009999999999999787 9.0 2.9458642999999998 9.0 6.07128275 
9.0 6.3929 1.7630499999999998 4.505 4.505 9.0 0.009999999999999787 8.5505 9.0 6.43785 7.3818 4.505 4.505 4.505 4.505 7.51665 3.20145 8.2808 0.009999999999999787 4.505 4.505 4.505 4.505 5.44895 7.5616 9.0 5.4939 4.505 4.505 4.505 4.505 4.505 4.505 
9.0 9.0 6.9728449 7.325387749999999 9.0 4.5931469499999995 9.0 2.301551 8.647457150000001 0.80323265 7.149138799999999 0.009999999999999787 5.03383675 0.1862938999999999 3.00668165 1.5964652999999998 1.4202163499999996 3.44737145 0.6269387499999999 6.091465299999999 0.009999999999999787 7.8542245 1.24392245 8.647457150000001 3.53547345 8.6796863 5.4883261999999995 7.76607755 7.06099185 5.5626285499999994 8.559310199999999 3.97616325 8.559310199999999 
9.0 1.55515625 5.20734375 4.7859375 4.505 4.505 4.7859375 7.314375 4.7859375 5.3478125 4.505 4.36453125 4.926406249999999 4.7859375 4.505 5.20734375 3.80265625 6.4715625 2.819375 4.505 4.08359375 4.505 4.505 4.64546875 2.39796875 4.64546875 4.505 1.2742187499999997 4.64546875 4.36453125 4.505 4.505 4.926406249999999 
9.0 8.2189488 4.8716121999999995 8.0595561 4.1383878 8.5696487 4.42530365 8.6812146 4.5528268 8.107382900000001 4.90348175 8.76091095 4.47313045 8.7449537 4.505 8.6971269 5.41357435 8.77682325 4.47313045 8.61743055 4.53686955 8.1232952 4.8237854 8.60151825 5.2222671499999995 8.52923865 4.87201675 7.995817 4.8078731 8.665257350000001 5.31792075 8.665257350000001 4.505 
9.0 8.57508765 6.35302935 7.4426623 7.86550695 5.84994895 8.815929749999999 3.9052770999999997 8.902009 2.1569917999999997 8.24767185 0.9244178499999998 6.9811157 0.16143654999999946 5.1878804 0.32460504999999973 3.3563476999999997 1.2747581499999998 1.8359139499999997 2.6375072999999998 0.6750352500000001 4.4038625 0.28922939999999997 6.1374941 0.6677084 7.5408331 1.71994295 8.36966615 3.2408711500000003 8.489997299999999 4.94551 7.89850025 6.58622995 
9.0 4.505 4.505 4.505 4.505 4.505 4.505 0.68425 0.009999999999999787 4.505 4.505 9.0 0.009999999999999787 4.505 4.505 0.009999999999999787 0.009999999999999787 0.009999999999999787 0.009999999999999787 9.0 0.009999999999999787 1.8079999999999998 0.009999999999999787 9.0 9.0 0.009999999999999787 3.606 9.0 0.009999999999999787 4.505 9.0 4.505 4.505 
9.0 6.26609605 4.21988215 8.8860068 4.6995436 9.0 9.0 6.11515395 5.1926900499999995 6.9537861 5.092047 7.27243665 0.8150545 7.1047282 7.5575545 7.507255450000001 4.0353623999999995 6.6015578999999995 3.98506335 7.4525513 5.1699003999999995 8.245244549999999 6.5512139000000005 6.618324250000001 5.2429891 6.7214395499999995 5.1626185 5.96421185 4.3875906 6.2633541 5.1127689499999995 6.05177445 5.07833725 
9.0 6.794393400000001 0.2798797999999998 9.0 5.7055246 4.346776 0.009999999999999787 9.0 0.009999999999999787 6.4686407500000005 0.009999999999999787 4.505 4.505 0.009999999999999787 2.96478825 2.81123905 4.66785385 9.0 0.009999999999999787 4.505 4.505 4.505 4.505 3.77442765 8.6510082 6.2918524 5.69621995 4.505 4.505 9.0 5.5473006 4.505 4.505 
9.0 8.543083249999999 6.08530715 7.5316183500000005 7.30237335 6.4782151 8.74616735 4.34124715 8.123924500000001 3.4784319 7.8912633 3.37509185 6.699279199999999 1.9259038499999996 5.78225425 1.5045875 4.98106545 2.3762129499999998 4.22662465 0.8615328 4.23480555 3.0127948499999997 2.3657396 3.92527985 2.094781 4.8267521 2.17097125 5.59822895 2.5506639 6.1495407 3.15393785 6.4290847499999995 5.1027001499999995 
9.0 7.8350758 4.7285813 8.0593763 4.61930785 8.03694625 4.67549535 7.4820385 4.9521626 7.55265495 5.9052824 7.918233300000001 4.8352926 7.86254025 4.8844679 7.68211095 4.15200765 7.36440435 4.505 7.65244395 5.01540725 7.56982585 5.05271575 7.5173692 5.19925275 7.3889021 5.116679599999999 7.45852965 5.293378049999999 7.19116705 5.16563015 7.08760225 5.1843743 
9.0 7.85148255 4.3975694999999995 7.6862014 4.65373955 7.7523228500000005 5.2651943999999995 8.0662986 4.85205895 8.1654583 6.4798333 7.372225650000001 4.52976745 7.6862014 5.48001045 9.0 4.7776667 7.248253549999999 4.7363576499999995 7.53746185 4.6950486 6.8433889 3.3812499999999996 7.785361099999999 3.79438545 7.279628649999999 4.8252238 5.8931459 4.893368 7.0184242 4.8402370999999995 7.2152153000000006 5.48001045 
0.01 4.505 4.505 0.009999999999999787 0.009999999999999787 9.0 9.0 0.009999999999999787 9.0 0.009999999999999787 9.0 9.0 0.009999999999999787 9.0 9.0 0.009999999999999787 0.009999999999999787 0.009999999999999787 9.0 9.0 0.009999999999999787 0.009999999999999787 9.0 0.009999999999999787 9.0 9.0 0.009999999999999787 0.009999999999999787 9.0 0.009999999999999787 0.009999999999999787 9.0 0.009999999999999787 
9.0 5.2776005999999995 0.009999999999999787 0.009999999999999787 9.0 4.505 4.505 4.505 4.505 0.009999999999999787 9.0 4.505 4.505 1.7471377000000001 1.4615253999999998 8.124418949999999 6.1297627 6.84145605 5.15115625 4.505 4.505 0.009999999999999787 3.28761915 0.6935995999999998 8.8314375 9.0 9.0 0.009999999999999787 7.5484746000000005 4.505 4.505 4.505 4.505 
9.0 6.2757603 3.4153221 7.321342250000001 4.5620864999999995 6.54820225 4.91364045 7.3654382 4.91364045 5.4584794 3.5515206 7.0930412 5.1860824 6.2757603 4.505 7.0292122 4.71001695 6.82059925 4.6411985 8.046520600000001 5.3222809 5.86711985 3.8239175999999997 6.6862437 4.77150855 6.5889719 4.7810828999999995 6.00331835 4.3688015 6.3864272 4.7931295 6.2757603 5.5946779 
9.0 8.31869285 4.8103903 8.1262619 4.40165995 7.967543450000001 4.35670995 7.504288750000001 4.207431 7.183210900000001 4.1604133 7.5283370000000005 4.24559355 7.393487 4.2156119 6.26699505 4.7086235 7.7078673 4.5676603 7.0208515 4.14364695 6.9066785 4.1250376499999994 6.6193580999999995 3.4791511 6.69222205 4.0946964 6.86995435 4.12126185 6.49525115 4.07253605 6.40292385 4.0641304 
0.01 9.0 0.009999999999999787 0.009999999999999787 9.0 0.009999999999999787 9.0 9.0 9.0 9.0 9.0 0.009999999999999787 0.009999999999999787 0.009999999999999787 0.009999999999999787 9.0 9.0 9.0 0.009999999999999787 0.009999999999999787 0.009999999999999787 0.009999999999999787 0.009999999999999787 9.0 4.505 9.0 0.009999999999999787 9.0 0.009999999999999787 0.009999999999999787 9.0 0.009999999999999787 9.0 
9.0 4.6781474 4.6204316 4.5242386 4.505 4.59476515 4.41523485 4.601193 4.28056465 4.2869925 4.4472841999999995 4.56914365 4.4024241 4.505 4.35751905 4.2933753999999995 4.37675765 4.4280456 4.6652917 4.601193 4.5242386 4.7358632 4.4024241 4.7358632 4.5883373 4.6845303 4.57552655 4.59476515 4.53704935 4.3895684 4.4216627 4.44085635 4.59476515 
9.0 4.505 4.505 4.505 4.505 4.505 4.505 4.505 4.505 9.0 3.00668165 5.25418165 5.6755879 4.505 4.505 4.505 4.505 4.505 4.505 3.6153496 3.52171875 3.7558183499999998 8.57859375 0.009999999999999787 6.7524999999999995 4.69230665 7.87625 3.47488085 0.009999999999999787 3.9431249999999998 3.28761915 3.6153496 0.29093750000000007 
0.01 9.0 9.0 4.505 4.505 4.505 4.505 0.009999999999999787 0.009999999999999787 4.505 4.505 4.505 4.505 0.009999999999999787 0.009999999999999787 0.009999999999999787 0.009999999999999787 0.009999999999999787 9.0 0.009999999999999787 9.0 4.505 4.505 4.505 4.505 9.0 0.009999999999999787 0.009999999999999787 9.0 0.009999999999999787 9.0 0.009999999999999787 9.0 
9.0 6.7524999999999995 4.505 6.2443852 4.97405325 6.7133935000000005 4.7981639 6.61571715 4.32911065 6.1075574 3.93822545 6.5570574 4.71999585 6.77205325 4.62227455 6.1075574 5.3844467499999995 6.4007213 5.16949585 6.4007213 4.38772545 5.9512213 3.9968852 6.63522545 4.4658935 6.38341555 4.8155146 6.2443852 4.68088935 6.08800415 5.16949585 6.51799585 5.28672545 
0.01 0.009999999999999787 0.009999999999999787 4.505 4.505 4.505 4.505 4.505 4.505 4.505 4.505 4.505 4.505 9.0 0.009999999999999787 4.505 4.505 0.009999999999999787 0.009999999999999787 4.505 4.505 9.0 9.0 9.0 0.009999999999999787 9.0 0.009999999999999787 4.505 4.505 4.505 4.505 4.505 4.505 
9.0 8.71542155 4.4964595 7.23620695 6.4470198 8.654514299999999 2.70120145 8.69087885 5.2614186 8.82905515 4.91229195 8.985436199999999 4.8723314 8.6217907 4.73411015 8.3090286 3.3666861999999997 8.43268605 3.8540341 8.31995145 5.67967835 7.87989095 4.34133705 8.30538765 4.38862445 8.42882035 4.4015251 8.934552799999999 4.92685575 8.02534915 4.0467797 8.363552949999999 3.8431112499999998 
0.01 4.505 4.505 4.505 4.505 4.505 4.505 4.505 4.505 4.505 4.505 4.505 4.505 4.505 4.505 4.505 4.505 4.505 4.505 4.505 4.505 4.505 4.505 4.505 4.505 9.0 4.505 4.505 4.505 4.505 4.505 4.505 4.505 
9.0 6.5027577999999995 6.5027577999999995 6.91859025 8.58479685 3.5061210999999997 9.0 3.00668165 8.50056055 0.009999999999999787 6.00331835 0.009999999999999787 4.00556055 0.009999999999999787 3.5061210999999997 1.5083183499999997 1.0088788999999996 7.0022422 0.009999999999999787 3.5061210999999997 1.0088788999999996 8.0011211 3.5061210999999997 6.00331835 4.505 8.645794 6.52860405 7.0875573 8.29666735 5.5038789 9.0 2.0077577999999994 9.0 
9.0 8.4178076 6.21431365 7.386250049999999 7.6160794 5.9140476500000005 8.39879375 4.32821165 8.583763000000001 2.60932365 8.0716027 1.33328305 6.822621999999999 0.8618474499999995 5.52693825 0.8579368 3.9413719499999997 1.4720437 2.7923150999999997 2.7818867 1.6793980499999996 3.9200656499999997 1.3242480999999997 5.2040624 1.51937605 6.2375528 2.1870184 6.86815635 3.16112985 7.03294305 4.2380869 6.818127 5.25319275 
9.0 9.0 4.73644755 8.971366849999999 4.96002885 8.8265829 5.1682822 8.79830935 3.3140048 7.472868699999999 6.96380995 8.1201487 5.64147085 7.82145595 5.7357309999999995 7.50653625 5.7956943 7.18469425 5.8222148 6.864605299999999 5.81754 6.5539109 5.7849962 6.25908385 5.7288087 5.9852035 5.65360735 5.73577595 5.5643816 5.51309365 5.4659411 5.3179657 5.36278085 
9.0 4.505 4.505 4.505 4.505 4.505 4.505 4.505 4.505 4.505 4.505 0.009999999999999787 9.0 9.0 6.984981400000001 4.505 4.505 4.505 4.505 4.505 4.505 4.505 4.505 4.505 4.505 9.0 9.0 4.505 4.505 4.505 4.505 4.505 4.505 
9.0 8.4699496 3.84697695 8.7036896 4.00798785 8.644895 3.7655724999999998 8.47439965 3.7392317999999998 8.4813669 3.07518545 8.33784155 3.09073815 8.1961142 2.8902162 8.13161095 2.9932415999999997 7.887172850000001 2.3913610999999997 7.67644725 2.3854726499999996 7.4784425 2.25367925 7.26030015 2.3435343 7.0583398 2.0494264499999995 6.76054605 1.8145627000000002 6.62102125 1.9259038499999996 6.40139555 1.8940342999999995 
9.0 6.6216954999999995 5.5276574499999995 6.4076436 6.0152301 5.6584619499999995 6.64547405 4.5882474 6.72872145 4.4098858 6.9308616 2.97099135 5.9082041499999995 2.6499135 5.967673 2.1861643499999994 4.8141661 2.2575 3.981782 3.8390657499999996 3.8509775 3.8390657499999996 2.7926297499999997 3.458564 4.51691175 4.6656512999999995 3.07833195 5.21849135 3.52989965 5.6228166 3.41096195 5.706064 4.69527335 
9.0 8.27131555 6.4335348 7.7464793499999995 7.12940575 6.555843749999999 8.01626925 5.2453265 8.223803400000001 3.9201105999999997 8.41326765 2.42934385 8.03344015 1.8333967499999995 6.8455465 0.9777735000000001 5.69747855 0.7285706999999997 4.6815636 1.7162570499999998 3.0957725499999995 2.3738306 2.3067202499999997 2.8284548999999997 1.4575698 4.2778227 1.6870395500000002 5.1653155 2.44130055 6.172330349999999 2.74444335 6.67693905 3.41213065 
9.0 7.6906064999999995 3.3910041499999997 7.3974426 4.7004426 6.53750415 6.2248319500000004 7.43650415 5.3258319499999995 6.7524999999999995 5.71671715 7.1042787 3.46921715 6.77205325 6.2052787 6.2443852 2.5897254499999995 6.1271106500000005 3.3323893499999997 5.71671715 5.03266805 6.8984077 4.3321672499999995 5.9121147999999994 3.9577787 6.7493535 4.3133332 6.6782426 4.3050624 7.3974426 3.3714958499999996 6.77205325 5.16949585 
9.0 8.33793145 4.7488987 9.0 4.86770155 9.0 9.0 8.61671135 4.47016375 8.26825895 4.6792262 9.0 5.72552735 9.0 9.0 8.16370525 4.71406245 8.581875100000001 5.0276786 9.0 6.7826165 9.0 0.009999999999999787 8.128869 4.6792262 9.0 7.7240043499999995 8.3030952 4.8186161499999995 9.0 8.42989915 9.0 9.0 
9.0 5.8999783 4.03999225 5.5900031 4.03999225 5.4350154999999996 4.19497985 4.83785475 4.26087655 4.66902255 4.33917945 4.58172965 4.39788415 4.53830795 4.4383840999999995 4.51763095 4.46485965 4.5085061 4.48149115 4.50486515 4.49155995 4.5037414 4.4975382999999995 4.50360655 4.5009545 4.50387625 4.5028424 4.5041909 4.5039212 4.5044606 4.5044606 4.5046403999999995 4.5047303 
0.01 4.505 4.505 4.505 4.505 4.505 4.505 4.505 4.505 4.505 4.505 4.505 4.505 4.505 4.505 4.505 4.505 4.505 4.505 4.505 4.505 4.505 4.505 4.505 4.505 9.0 0.009999999999999787 4.505 4.505 4.505 4.505 4.505 4.505 
9.0 9.0 4.40345795 9.0 4.3029947 9.0 4.204644099999999 9.0 4.10948495 9.0 7.02997635 9.0 3.9324269 9.0 3.8522361 9.0 5.96169465 9.0 3.71212695 8.976805800000001 3.65324245 8.802264950000001 3.60235905 9.0 0.35683419999999977 8.428236 3.5254046499999996 8.232254000000001 3.4994685 8.032631049999999 3.48171325 7.8309404 3.47200405 
9.0 8.9182809 4.505 8.48878365 4.64573845 8.38189255 4.7105114 8.100999999999999 4.505 7.61064045 4.70929775 8.07146785 4.8841982 7.9714541 4.93557605 7.324578649999999 5.64920225 7.5697809 5.07707865 7.6817963 5.0717296 7.5887498 5.11151035 7.85579775 5.526578649999999 7.40791595 5.1832056 7.52892135 4.62757865 7.23413925 5.24510175 7.149858 5.2726111499999995 
9.0 9.0 4.9455998999999995 9.0 5.63328995 8.9276305 5.9903278 8.11740675 6.888249 7.87521615 7.21535015 7.06431815 7.7387929 6.9912294500000005 7.834851049999999 5.8288674 8.19957535 5.45510815 8.09097615 4.94141955 8.1981819 4.4270567 8.0951565 3.8242772 7.9030401999999995 3.47838695 7.61495565 3.07950065 7.2446126 2.69391955 6.9557639 2.58046575 6.5068033 
9.0 9.0 4.6883061 9.0 5.0435909 9.0 5.23134705 9.0 5.76004895 8.94169985 5.89346055 8.673887749999999 6.19687305 8.6007541 6.2917175499999995 8.18815805 6.575352049999999 8.03892405 6.617380300000001 8.07403 7.034875899999999 7.66637845 7.11789855 7.52011115 7.1895488499999995 7.15268985 7.2465005 6.930142399999999 7.243893399999999 6.5417743999999995 7.3654382 6.3228679 7.3214771 
9.0 5.62875 5.25418165 6.602681649999999 5.70368165 5.3606682 5.5822717 4.8540817 5.40125805 4.5530965 5.1757439 4.39860335 4.9629506 4.33935925 4.78894915 4.3357183 4.6604371 4.3598115 4.5738634 4.3937937 4.52104715 4.4274163 4.49272865 4.45568985 4.48077195 4.47708605 4.4786592999999995 4.4917847 4.481626 4.50099945 4.4866604 4.5061237499999995 4.4919195499999995 
9.0 4.750427 4.56959315 4.3887593 4.7116801 4.56959315 4.7116801 4.15623295 4.5437468999999995 4.5824938 4.20792545 4.3370668 4.6987345 4.13043165 4.2983199 4.07873915 4.8666677 4.32416615 4.7374814 4.59539445 4.60834005 4.3370668 4.45335245 4.64708695 4.4662531 4.5437468999999995 4.5824938 4.6212406999999995 4.55664755 4.6212406999999995 4.55664755 4.2983199 4.47915375 
9.0 9.0 4.80414225 9.0 3.6784594 9.0 3.276966 9.0 2.56734035 9.0 2.64636245 8.8306284 2.1732637 8.58245945 1.8521858500000001 8.515888499999999 1.5169937 7.6459262 1.31368485 7.68049275 1.0744159999999998 7.3404909499999995 0.8845471999999996 7.01622165 0.49869640000000004 6.62713445 0.616825 6.31661985 0.7438087499999999 5.8982702 0.5002696499999999 5.53862525 0.4973478999999994 
9.0 8.41066055 4.1853605499999995 9.0 4.3928947 9.0 4.19533945 8.4506211 4.5149789 8.260842199999999 4.2153422 9.0 4.17744935 9.0 3.606 8.41066055 4.74471835 8.4606 4.3351789 9.0 3.9869063 9.0 3.66591835 8.3007578 4.6648422 9.0 3.8684181 8.2008789 3.84571835 9.0 3.80337545 9.0 2.5172210999999995 
9.0 8.780329349999999 4.52383405 8.783475849999999 4.38260115 8.7050381 4.418696 8.7568205 4.5771897 8.8431245 4.65248095 8.737986450000001 4.8344835 8.75839375 4.4453963 8.87292635 4.511293 8.7677883 4.7764081 8.6705165 4.8831194 8.6909238 4.95841065 8.753674 4.56617695 8.708813899999999 4.72637875 8.69249705 4.8721516 8.733266700000001 4.50342675 8.617160850000001 4.7168044 
9.0 8.5557142 5.25148465 8.069490049999999 6.18518605 7.7859005 6.77564925 7.1922908 7.78621515 6.49641985 8.1527824 5.6023194 8.43781035 4.7943881 8.327458100000001 3.93813555 8.4334502 3.21318195 8.08378415 2.40875675 7.4682838 1.9367817499999997 6.92353475 1.4412529499999995 6.30079745 1.2756121999999999 5.66628325 1.2520134499999998 5.0092491 1.2921987499999998 4.25665125 1.46192995 3.6103152 
9.0 6.6598131 3.94892355 6.4281407999999995 3.94892355 7.65612985 2.7440837499999997 7.7951602 4.8293592 5.68669055 3.53187745 6.72935075 5.22325605 6.543976949999999 3.9720728 6.4049466 4.7830607 6.7524999999999995 3.276966 6.96102305 5.33913715 6.4049466 4.87570265 7.67932405 5.3854806 6.9051502 3.9455073499999997 5.2001068 3.32330945 6.63666385 4.6903738 6.543976949999999 2.1880072999999998 
9.0 8.577829600000001 4.43051785 8.9155839 4.4155944499999995 8.80631045 4.3411123 8.3592827 4.5099445 8.5380938 4.35599075 8.50829195 4.4404518 8.577829600000001 4.3013765 8.61257595 4.4652642 8.13574635 3.9238863999999998 8.49336855 4.55961425 8.64736725 4.400716 8.597697499999999 4.41064995 8.512157649999999 4.156188 8.23508585 3.7301519 8.8211889 4.33612285 8.43376485 3.77487715 
9.0 4.8795683499999996 3.57520925 0.009999999999999787 9.0 0.009999999999999787 9.0 7.7357812500000005 6.62542635 0.81267215 1.68560115 0.009999999999999787 0.009999999999999787 0.009999999999999787 9.0 4.3812526499999995 7.1638824 2.61202065 2.61202065 1.1504713999999994 0.009999999999999787 0.009999999999999787 2.40129505 0.009999999999999787 5.5752595 9.0 0.009999999999999787 0.009999999999999787 2.7558157 0.009999999999999787 0.009999999999999787 0.009999999999999787 7.2675371 
9.0 8.80487205 4.87102785 8.88704065 4.25026835 8.87256675 4.1236442 8.82456015 4.21008305 8.762529149999999 4.56249105 8.7948482 3.75006475 8.7578094 3.6286098499999997 8.983368500000001 3.0545533999999996 8.56591785 2.8912050999999996 8.614688600000001 3.2771457999999996 8.556792999999999 3.16517535 8.99546005 2.67342235 8.426617799999999 2.9503592999999997 8.64305205 3.12867595 8.27859745 2.74920805 8.1983617 2.65427365 
9.0 7.50168165 4.4435983 8.8833098 4.81205345 6.7340705 6.7586581500000005 7.906950849999999 4.49272865 7.4341218 3.87250855 6.3103718 2.30663035 6.2673996 7.14549785 7.9560812 5.93580345 8.0359124 5.01468805 6.64196795 2.48472225 9.0 4.53570085 7.2314872 4.81816665 7.5910872 5.2731056 8.4411816 4.85502565 6.9919936 5.6103205 5.1313333 6.66651065 
9.0 9.0 4.66362855 9.0 5.32673095 9.0 5.7172116 9.0 5.6318066 9.0 5.7985711 9.0 6.24200285 9.0 5.9287463 9.0 7.45825995 9.0 6.9253777 9.0 7.25895165 9.0 7.177592150000001 8.53220535 7.5762537000000005 8.5281149 7.7132613 8.35321445 7.52334755 7.8487855500000006 8.35321445 7.71861035 7.913873150000001 
0.01 4.505 4.505 4.505 4.505 4.505 4.505 4.505 4.505 4.505 4.505 0.009999999999999787 0.009999999999999787 4.505 4.505 9.0 7.87625 4.505 4.505 4.505 4.505 0.009999999999999787 9.0 4.505 4.505 9.0 0.009999999999999787 0.009999999999999787 0.009999999999999787 9.0 9.0 4.505 4.505 
9.0 8.7326374 4.43618155 8.7379415 4.54999495 8.7749803 4.4388336 8.8147161 4.4573529999999995 8.759112949999999 4.3382355 8.87292635 4.42557335 8.86762225 4.33027935 8.79615175 4.3223232 8.7855885 4.29324055 8.74059355 4.40705395 8.67703425 4.30645585 8.64260255 4.3038038 8.67164025 4.24307635 8.565872899999999 4.16881895 8.63999545 4.1793822 8.64260255 4.1714709999999995 
9.0 4.96056825 4.99095445 4.505 4.505 4.505 4.505 6.9651135 8.2103184 5.90209095 9.0 4.505 4.505 4.505 4.505 6.1754318999999995 0.009999999999999787 5.9932046 0.009999999999999787 4.505 4.505 4.505 4.505 2.5915684 0.009999999999999787 9.0 0.009999999999999787 6.99545475 3.4419774499999995 4.505 4.505 4.505 4.505 
9.0 8.53202555 6.2709057 7.47749855 7.7325897999999995 5.83196895 8.5875388 4.28982435 8.74895425 2.4496612499999997 8.307994749999999 1.014183 7.13506945 0.3327859499999999 5.63472835 0.35692409999999963 3.8165907499999996 1.0859231999999999 2.3292401999999996 2.2156515499999996 1.0799448499999995 3.8354697499999997 0.5228345499999998 5.47506595 0.6526501499999999 6.89764355 1.4217446499999995 7.8693276999999995 2.6775127999999997 8.242232900000001 4.18904645 7.9599469 5.7602737 
9.0 8.4170884 6.6163913999999995 6.929827749999999 8.19813695 4.971581 8.787611250000001 2.79541665 8.4568242 1.18144195 7.1222587 0.36514995000000017 5.25705845 0.8003558499999999 3.3838571 1.83573415 1.6577771000000001 3.4256605999999996 0.7794990499999996 5.35109385 0.96747995 6.82248715 1.9235214999999997 7.6188663000000005 3.3883071499999997 7.6109101500000005 4.9762558 6.8782701 6.2923019 5.6725313 7.04795635 4.20208195 7.0919624 
9.0 8.12918365 5.09245155 7.7890919499999995 5.59831885 7.40944425 5.3607581 6.16468885 6.55368615 6.51844535 6.59243305 5.62875 7.0809946 5.6373804 6.17331925 5.18891425 6.83687115 4.0641304 7.089625 4.3493831 6.43268075 4.1069227999999995 6.5018588 3.83331215 6.3032696999999995 3.608697 6.0771712 3.4337516 5.83286795 3.3078016999999997 5.5791252 3.4331223 5.9053723 
9.0 6.7734467 3.745345 7.7163179 4.5730093499999995 7.69928185 4.6064970999999995 7.56452175 4.5626259 6.06094425 4.7564503 7.6087975 4.70246535 7.56613995 4.7323571 7.51768385 4.7608554 7.35496485 4.2954431 7.40440985 4.8131772 7.34031115 4.83677595 8.28228335 5.31702175 7.19907825 4.8782648 6.2233486 4.8088619999999995 7.0431467 4.9116177 6.9607084 4.9251027 
9.0 6.8667628999999994 4.3526195 8.77142925 4.88595125 6.8667628999999994 3.7431424499999997 5.8763346 4.42880975 6.79057265 3.89552295 7.40009465 5.8001892999999995 8.23814245 2.9050946499999997 6.94295315 4.58119025 7.0191434 4.6573804999999995 7.1715239 5.8763346 8.390522950000001 4.73357075 6.3334760999999995 5.1906673 7.52955065 4.4930433 7.4762849 4.3526195 8.23814245 3.8193327 7.933381450000001 4.04790345 
9.0 7.6265078 6.25306055 4.505 4.505 3.02448185 7.64435295 4.505 4.505 4.505 4.505 4.505 4.505 5.43254325 3.4169403 5.4503884 5.3790078 6.59198355 8.01896625 4.505 4.505 4.505 4.505 7.80491435 5.73577595 7.929740499999999 7.358965400000001 4.505 4.505 4.505 4.505 4.505 4.505 
9.0 8.97927805 4.24028945 8.33667285 4.6086547 8.2537401 2.8100254 9.0 4.674012 8.33667285 3.70691275 7.19098725 2.48472225 7.2260932 2.78687615 8.2968022 2.7725371 7.1216294 3.0579696 7.0658464500000004 3.1711536999999996 6.1657227 2.37630285 7.058654450000001 2.20486355 6.3514561 2.4297484 5.4609067 2.9726545 6.40490165 2.05580935 5.34291295 2.468765 
0.01 9.0 9.0 9.0 0.009999999999999787 4.505 4.505 4.505 4.505 0.009999999999999787 0.009999999999999787 4.505 4.505 4.505 4.505 0.009999999999999787 9.0 9.0 9.0 0.009999999999999787 9.0 0.009999999999999787 9.0 9.0 0.009999999999999787 9.0 9.0 0.009999999999999787 9.0 9.0 9.0 4.505 4.505 
9.0 5.78198455 3.0747808999999995 4.505 4.505 7.5697809 0.009999999999999787 5.8841559 8.81269335 7.399510299999999 4.79443305 6.0714176 0.6910823999999995 4.505 4.505 7.1611404499999995 2.88747425 6.5311661999999995 0.8783441000000001 4.505 4.505 4.505 4.505 5.5946779 5.30524485 9.0 3.4323132 4.77744195 2.32559925 5.2371456 1.3550837999999996 4.505 4.505 
9.0 8.25504365 6.26348895 6.9340980000000005 8.03712605 5.0590537 8.5236199 3.0117160499999995 8.2618311 1.3546342999999998 7.182401799999999 0.6113410999999997 5.48980955 0.7093321000000001 3.4188282 1.8208556999999996 1.7228646999999997 3.6350377 0.5589743499999997 5.06413305 0.5015732000000002 6.802349550000001 1.2481927000000002 8.06247785 3.2583567 8.2362096 4.8968741 7.498310399999999 6.71110105 6.1925129 7.65199445 4.32596415 8.0760078 
9.0 9.0 9.0 6.154665 4.7818021 5.08903535 8.67244935 3.2650093 8.7121402 3.08786135 6.19894075 0.5857195999999996 6.1657227 0.3310778499999998 4.10642835 2.7557257999999996 2.9660918 2.4124876 0.7960856000000001 4.26141595 0.29785979999999945 5.6564391999999994 3.58608715 7.8219504 2.4395474999999998 8.34692145 4.19794655 9.0 9.0 6.2432165 4.5160577 5.3032221 8.0915605 
9.0 8.5372847 6.2236632499999995 8.6033612 6.190625 7.84321175 7.54573265 6.5541806000000005 8.00844795 5.3643541 8.50424645 4.4058402999999995 8.37200355 3.5795693999999996 8.20676735 2.819375 7.54573265 2.2575 6.6533403 1.1998714499999998 6.2236632499999995 0.6379964499999997 4.9016388 1.1667882499999997 3.9431249999999998 1.4517712499999997 3.42031155 2.0261423499999998 2.58801735 2.5218958999999996 2.22446175 3.2160138 1.9600209 
9.0 9.0 5.55660525 8.613609799999999 6.84298435 8.011999 7.7478728 6.647317 8.2907789 5.74737305 8.6282635 4.93054165 8.4717476 3.5169989999999998 8.613609799999999 2.9691484 7.89948915 2.196368 7.405488650000001 1.6045113499999997 6.5103993 1.1741150999999999 5.8158319 1.3208319 4.66641545 1.2806915499999998 3.96816215 1.5849581000000001 3.23817415 2.20126755 2.50450025 2.8224316 2.1083109499999995 
9.0 4.57993165 2.90365625 4.505 4.505 4.505 4.505 4.505 4.505 4.505 4.505 4.505 4.505 5.0575254 2.0327499999999996 5.53044435 8.22744435 9.0 2.6039746 4.505 4.505 4.8795683499999996 0.009999999999999787 4.02740625 3.7558183499999998 9.0 1.0588183500000001 0.009999999999999787 5.3524873 4.505 4.505 9.0 3.2782245999999997 
9.0 8.30583715 4.119329 3.07806225 0.8841426499999998 4.10220305 1.9682467499999996 8.1301276 4.7106912 8.5286543 4.47070315 3.6736947 7.3802717 3.60514595 1.4454782499999999 8.35725995 3.9950872 8.010156049999999 3.79798145 4.19219295 6.7889095 2.9709464 8.1429833 8.0529934 4.3378759 7.6911459 3.3683044 8.0058858 3.87080045 3.5451376999999997 0.9912584999999998 3.6736947 1.8139783499999997 
