9.0 7.51957175 4.6186336 7.4998387 4.73114345 7.07600515 5.34830695 4.8994812 6.03694095 7.36476395 5.05028845 7.29635005 5.1471107499999995 8.03973315 4.9983712 7.12886635 5.32088745 5.15205525 6.3580188 6.9272656 5.4636037 6.816329 5.52199375 6.7002681 5.5713938 6.58020665 5.6115791 6.45731335 5.6425047 6.33280185 5.6643504 9.0 5.9899682 
9.0 8.3834658 5.3729845 8.142354000000001 6.35464755 7.5257748499999995 7.01253575 6.95742705 7.6497919 6.15488975 8.16990835 5.38678415 8.35591145 4.32245805 8.3834658 3.73001705 7.9115357500000005 2.9722049999999998 7.46032765 2.33845495 7.0263354 1.7976615000000002 6.347770199999999 1.8424317000000001 5.66232765 1.6714418999999996 4.9013691 1.9320170499999998 4.1536707999999996 2.0387732999999995 3.60946115 2.5761056 3.0686676999999998 
9.0 9.0 4.7328965 9.0 4.99167365 9.0 5.3814351 9.0 5.7839623499999995 9.0 6.0704287 9.0 6.2248319500000004 8.75614625 6.43250095 8.511213699999999 6.77007545 7.9169747 7.1481049500000005 8.1299478 7.2002919 8.0820311 7.3259720999999995 7.50060285 7.3791929 7.17579415 7.62610325 6.7317331 7.7721458000000005 6.61886365 7.72742055 6.00547595 7.887172850000001 
9.0 8.785004149999999 4.8014452499999996 8.7129493 5.0906985 8.5952702 5.3658824 8.32040095 2.2592081 8.55153385 7.261334 8.00826815 6.0480436 7.7528173 6.2125606 7.47821775 6.3409378 8.7964664 7.1957968999999995 6.8989471 6.4867556 6.60744635 6.50576945 6.322778 6.4917450500000005 6.0501113 6.44778395 8.565333500000001 9.0 5.55705475 6.285919 5.3425084 6.17673545 
9.0 9.0 9.0 9.0 0.009999999999999787 9.0 0.009999999999999787 9.0 9.0 9.0 9.0 9.0 9.0 9.0 0.009999999999999787 9.0 9.0 9.0 9.0 9.0 9.0 9.0 9.0 9.0 9.0 9.0 6.7524999999999995 4.505 4.505 9.0 0.009999999999999787 9.0 0.009999999999999787 
9.0 8.5372847 6.2236632499999995 8.6033612 6.190625 7.84321175 7.54573265 6.5541806000000005 8.00844795 5.3643541 8.50424645 4.4058402999999995 8.37200355 3.5795693999999996 8.20676735 2.819375 7.54573265 2.2575 6.6533403 1.1998714499999998 6.2236632499999995 0.6379964499999997 4.9016388 1.1667882499999997 3.9431249999999998 1.4517712499999997 3.42031155 2.0261423499999998 2.58801735 2.5218958999999996 2.22446175 3.2160138 1.9600209 
9.0 9.0 4.80414225 9.0 3.6784594 9.0 3.276966 9.0 2.56734035 9.0 2.64636245 8.8306284 2.1732637 8.58245945 1.8521858500000001 8.515888499999999 1.5169937 7.6459262 1.31368485 7.68049275 1.0744159999999998 7.3404909499999995 0.8845471999999996 7.01622165 0.49869640000000004 6.62713445 0.616825 6.31661985 0.7438087499999999 5.8982702 0.5002696499999999 5.53862525 0.4973478999999994 
9.0 4.7928598 3.8185685499999997 4.30573665 4.7706994499999995 4.8814113 4.3942881499999995 4.4385639 5.34641905 4.7928598 4.505 5.05855925 4.0621526 4.7706994499999995 4.505 4.5935515 4.3721277999999995 3.9292803999999997 3.5749845 4.81502015 4.5714361 4.81502015 4.6378722 4.8592959 5.2357072 5.76715105 4.2835763 4.23930055 4.084268 4.70426335 4.74858405 4.83713555 4.0178768499999995 
9.0 7.09623265 4.43447345 6.3206204 4.505 6.23247345 5.08669795 6.303 4.2406041 7.04337145 5.1396041 6.602681649999999 4.87516325 6.867077549999999 4.2582245 7.1138530499999995 4.57552655 6.7613102 4.505 6.5673959 4.80468165 7.1138530499999995 4.87516325 6.7436898 4.5226204 6.689614949999999 4.95625305 6.58506125 4.87516325 6.5321551 5.5626285499999994 6.44400815 5.28061225 
9.0 5.8999783 4.03999225 5.5900031 4.03999225 5.4350154999999996 4.19497985 4.83785475 4.26087655 4.66902255 4.33917945 4.58172965 4.39788415 4.53830795 4.4383840999999995 4.51763095 4.46485965 4.5085061 4.48149115 4.50486515 4.49155995 4.5037414 4.4975382999999995 4.50360655 4.5009545 4.50387625 4.5028424 4.5041909 4.5039212 4.5044606 4.5044606 4.5046403999999995 4.5047303 
9.0 7.6906064999999995 3.3910041499999997 7.3974426 4.7004426 6.53750415 6.2248319500000004 7.43650415 5.3258319499999995 6.7524999999999995 5.71671715 7.1042787 3.46921715 6.77205325 6.2052787 6.2443852 2.5897254499999995 6.1271106500000005 3.3323893499999997 5.71671715 5.03266805 6.8984077 4.3321672499999995 5.9121147999999994 3.9577787 6.7493535 4.3133332 6.6782426 4.3050624 7.3974426 3.3714958499999996 6.77205325 5.16949585 
9.0 8.97927805 4.24028945 8.33667285 4.6086547 8.2537401 2.8100254 9.0 4.674012 8.33667285 3.70691275 7.19098725 2.48472225 7.2260932 2.78687615 8.2968022 2.7725371 7.1216294 3.0579696 7.0658464500000004 3.1711536999999996 6.1657227 2.37630285 7.058654450000001 2.20486355 6.3514561 2.4297484 5.4609067 2.9726545 6.40490165 2.05580935 5.34291295 2.468765 
9.0 9.0 7.5518908 8.159839550000001 8.191843949999999 6.43870405 9.0 5.43182405 8.12531795 2.5329536 9.0 0.9478817499999996 7.9702854 0.009999999999999787 6.3150466 2.7498823 1.8694017 0.10408034999999938 2.5801511 1.21991915 1.0735619499999998 2.81168855 0.12277954999999974 6.3644017 0.009999999999999787 6.3829211 0.31134479999999964 5.66349635 0.009999999999999787 8.7109715 2.9217711 8.9467792 4.6598977 
9.0 8.65285115 4.8557898 8.67092105 5.23548245 8.5371049 5.6115791 8.28578945 6.08710515 8.04710495 6.4017102 7.6836842 6.61688585 7.6872802 7.0435962 7.22263205 7.39079 6.808552649999999 7.4233338 6.29863985 7.51552625 6.0437284 7.57701785 5.57000035 7.927762700000001 5.34848675 7.82613075 4.9407453 7.698158100000001 4.62793825 7.969386399999999 4.32416615 7.629429549999999 
9.0 4.505 4.505 4.505 4.505 4.505 4.505 4.505 4.505 7.30066525 9.0 4.505 4.505 4.505 4.505 6.14949575 1.27080255 7.0266051 0.009999999999999787 4.505 4.505 4.505 4.505 4.505 4.505 9.0 4.9983712 4.505 4.505 4.505 4.505 4.505 4.505 
9.0 8.4967398 6.219303099999999 7.4683737 7.62592345 5.8152026 8.4557454 4.2026663 8.55656825 2.7251148499999998 8.12082295 1.6023986999999997 7.0447649 0.7759479999999996 5.7144247 0.9566469999999998 4.13618525 1.6830389999999995 3.1141571 2.40866685 2.0055552499999996 3.7656174499999997 1.6130069000000002 4.9348119 1.7605777499999995 5.8717497 2.3297795999999997 6.44805365 3.1637819 6.6189535500000005 4.07972805 6.3997323999999995 5.0693922 
9.0 9.0 4.73644755 8.971366849999999 4.96002885 8.8265829 5.1682822 8.79830935 3.3140048 7.472868699999999 6.96380995 8.1201487 5.64147085 7.82145595 5.7357309999999995 7.50653625 5.7956943 7.18469425 5.8222148 6.864605299999999 5.81754 6.5539109 5.7849962 6.25908385 5.7288087 5.9852035 5.65360735 5.73577595 5.5643816 5.51309365 5.4659411 5.3179657 5.36278085 
9.0 7.57584915 4.74660625 8.31689485 4.5140799 8.296127949999999 4.51852995 8.294285 4.95004995 7.91279435 4.6893849 8.1860454 4.53129575 8.1341731 4.53525135 8.1289589 3.9455073499999997 8.00817825 4.3460567999999995 7.9376067500000005 4.54585955 7.85984325 4.5489611 8.084458399999999 4.31427715 7.6885388 4.5542652 7.30246325 5.0263301 7.499748800000001 4.5584905 7.40009465 4.56015365 
9.0 6.23651895 5.2046018 6.35896275 4.83731535 5.69433205 5.58941875 5.5544027 5.0996885 5.37950225 5.6418754 5.6069043 6.16657675 4.90725755 5.53691715 4.33009955 6.16657675 4.7323571 5.62438985 5.62438985 4.9422736 4.8548009 5.85174695 4.3928947 5.7852659 4.2342211999999995 5.6852072 3.8403693 5.1696307 4.08521195 5.9042036 3.6479833 5.7992903 
0.01 0.009999999999999787 9.0 4.505 4.505 4.505 4.505 0.009999999999999787 9.0 9.0 9.0 4.505 4.505 4.505 4.505 9.0 0.009999999999999787 0.009999999999999787 9.0 9.0 9.0 4.505 4.505 0.009999999999999787 0.009999999999999787 9.0 0.009999999999999787 9.0 9.0 0.009999999999999787 9.0 4.505 4.505 
9.0 9.0 3.7715958 9.0 4.04790345 8.99995505 3.82189485 9.0 3.63849885 8.73277225 2.92496255 8.80828825 3.1661642499999996 8.71766905 2.9581806 8.7521457 3.2416353 8.55665815 2.55493415 8.37263285 2.3785054 8.23526565 2.202661 8.284396000000001 2.38619185 7.9312688 1.8812685 7.45924885 1.4127096999999997 7.593694299999999 1.60406185 7.4144786499999995 1.4831913 
9.0 8.823391449999999 4.8236056 9.0 4.6981052 9.0 4.92361935 8.55809655 4.2737772 8.51737185 4.620971 8.2470875 4.2289171 8.4396533 4.94690345 7.9456527999999995 4.517586 7.8855097 4.26698975 7.469946950000001 4.14967025 7.3889021 4.23849145 7.00768115 4.15866025 7.11439245 4.40588525 6.7373968 4.4487675499999995 6.8113845 4.50432575 6.84685005 4.4968191 
9.0 6.634191599999999 4.031856299999999 8.270955950000001 4.5839322 8.24281725 4.62254425 7.58052395 4.26842815 7.58052395 4.505 8.0945272 4.7310086 8.02525925 4.7637322 8.29028445 6.634191599999999 9.0 4.74157185 7.7661225 4.84801345 7.66502995 4.87093795 6.39761975 5.4513323499999995 7.445584050000001 4.9081116 6.8708084 3.55866765 7.2087425 4.9335533 7.0859391 4.94186905 
9.0 9.0 4.505 9.0 4.505 7.50168165 5.00443945 9.0 4.00556055 8.50056055 4.00556055 9.0 3.5061210999999997 8.0011211 4.505 8.0011211 4.505 9.0 4.00556055 8.0011211 4.00556055 7.50168165 4.00556055 7.50168165 4.505 8.56609765 4.2644276 9.0 5.00443945 8.50056055 4.00556055 9.0 4.505 
9.0 7.8629448 3.90981705 6.92128725 5.2689702 7.77407865 4.9313956999999995 7.63194675 4.00753835 7.507570100000001 3.4478659 8.45812775 3.6433085 7.81848925 4.6915425 7.33878285 4.4872447499999994 7.3654382 3.9719829 8.06724255 3.3679448 7.48981485 3.2169128000000002 7.5253703000000005 4.034193699999999 7.28502265 3.96375705 7.20555105 3.56334245 6.19282755 4.81591915 7.24996165 4.4428341499999995 
9.0 5.62875 5.25418165 6.602681649999999 5.70368165 5.3606682 5.5822717 4.8540817 5.40125805 4.5530965 5.1757439 4.39860335 4.9629506 4.33935925 4.78894915 4.3357183 4.6604371 4.3598115 4.5738634 4.3937937 4.52104715 4.4274163 4.49272865 4.45568985 4.48077195 4.47708605 4.4786592999999995 4.4917847 4.481626 4.50099945 4.4866604 4.5061237499999995 4.4919195499999995 
9.0 7.568252599999999 4.9711315 7.96781315 4.66039215 7.43506575 4.8712526 7.2464106 4.4827946999999995 8.0565894 5.0377474 7.19089735 4.7269631 7.31298155 4.9378684999999995 8.0233264 3.71698155 7.82352365 4.0166632 6.6914579 4.5494106 7.2464106 4.8712526 7.50168165 3.927842 7.37159635 4.39482755 7.94560785 4.6048789 7.25751325 4.183158 6.8135421 4.29413955 
0.01 9.0 0.009999999999999787 0.009999999999999787 9.0 0.009999999999999787 9.0 9.0 9.0 9.0 9.0 0.009999999999999787 0.009999999999999787 0.009999999999999787 0.009999999999999787 9.0 9.0 9.0 0.009999999999999787 0.009999999999999787 0.009999999999999787 0.009999999999999787 0.009999999999999787 9.0 4.505 9.0 0.009999999999999787 9.0 0.009999999999999787 0.009999999999999787 9.0 0.009999999999999787 9.0 
9.0 9.0 0.34923765000000007 9.0 7.8974664 6.7101121500000005 4.250583 7.3037668 4.505 9.0 4.5025727 6.54047085 4.84423765 7.3037668 4.250583 8.9495661 4.50117925 6.8797085 4.505 6.8797085 4.84423765 8.7837905 4.4999655999999995 9.0 8.06706275 8.649030400000001 4.4992464 8.745583 0.009999999999999787 9.0 6.4556502 6.4556502 3.9961210499999997 
0.01 9.0 9.0 9.0 0.009999999999999787 4.505 4.505 4.505 4.505 0.009999999999999787 0.009999999999999787 4.505 4.505 4.505 4.505 0.009999999999999787 9.0 9.0 9.0 0.009999999999999787 9.0 0.009999999999999787 9.0 9.0 0.009999999999999787 9.0 9.0 0.009999999999999787 9.0 9.0 9.0 4.505 4.505 
9.0 7.154353 1.7663313499999997 8.3450785 6.9906451 8.1516137 4.83246075 7.05020385 5.23431375 5.97850595 5.5915314 6.767378450000001 5.0557274 7.37761965 5.3980666 7.7348373 6.425039249999999 6.94600975 5.13011965 7.4371784000000005 5.75528425 7.6008863 4.83246075 6.836646399999999 5.70305235 6.70813435 5.74953065 6.5824092 5.7894013 6.4596058 5.8231138 6.33990395 5.8508929 
9.0 8.8972443 5.36125255 8.22160085 6.58434205 7.73110645 7.1450034 6.6611616 8.2932961 5.91683455 8.669302850000001 4.96749055 8.72782775 3.9092327 8.2938355 3.065701 8.6234988 2.1610822499999998 8.07964875 1.4360836999999997 6.7303846 1.0255104 6.01248815 0.6673488000000001 5.30731255 0.7600357 4.4439579 0.8026483 3.63652105 1.48035945 2.9918931 1.8105621499999995 2.270985 
9.0 8.8148959 4.96029855 9.0 4.4187859 8.92416935 4.61984725 8.863981299999999 4.0862457999999995 8.95302725 4.3829158 8.909201 4.3658348 9.0 4.26483215 9.0 4.27220395 8.723108 4.57498715 8.893018999999999 4.0876842 8.90511055 4.2659559 8.62093665 3.80040875 8.80568115 4.19057475 8.5944611 4.56374965 9.0 4.0196748499999995 8.6918228 4.1953844 
9.0 8.80037705 4.49803275 8.38962395 3.9096821999999998 8.7744409 4.4842780499999995 8.227264550000001 2.20486355 8.66022295 4.9710415999999995 9.0 3.86459735 8.9669168 4.3907371 8.81359235 3.8074659 8.28138435 7.28016805 9.0 3.77137105 8.4377654 4.12314975 8.35905795 4.4302032 8.2867334 4.42548345 8.21009365 4.42107835 8.1294983 4.41703285 8.04530695 4.41334695 
9.0 8.76180995 4.5034716999999995 8.69465465 4.3599463499999995 8.78320615 4.35077655 8.8015008 4.6149477 8.7358738 4.5843817 8.66714525 4.7157256 8.7282323 4.43932805 8.767923150000001 4.5950798 8.7205908 4.56761535 8.6136997 4.85008115 8.5266765 4.7813526 8.7297606 4.64852535 8.66238055 4.6192629 8.645794 4.6057779 8.66103205 4.5248679 8.67173015 4.47906385 
9.0 9.0 4.836731 9.0 4.658729 9.0 4.25494315 9.0 4.8989418 9.0 5.38831245 9.0 5.4187436 9.0 5.0796857499999994 9.0 4.97971695 9.0 5.72256065 9.0 6.5168721000000005 9.0 6.3816625 9.0 5.40548335 9.0 6.15659785 8.80235485 6.69141295 9.0 5.9655154 9.0 6.604704399999999 
9.0 8.33793145 4.7488987 9.0 4.86770155 9.0 9.0 8.61671135 4.47016375 8.26825895 4.6792262 9.0 5.72552735 9.0 9.0 8.16370525 4.71406245 8.581875100000001 5.0276786 9.0 6.7826165 9.0 0.009999999999999787 8.128869 4.6792262 9.0 7.7240043499999995 8.3030952 4.8186161499999995 9.0 8.42989915 9.0 9.0 
9.0 5.9808883 4.6182739999999995 5.1898582 5.4614461 5.17560905 7.83143485 3.3495152999999998 8.6549638 4.0414756 5.376131 1.7472276 5.6640806999999995 0.27731764999999964 4.26186545 3.9153908499999996 3.8609114499999997 3.14234075 2.49955575 3.99216545 0.6574148499999999 4.6249266 3.4807692999999995 5.7609929 4.2220397499999995 6.02147815 3.9711738 5.74818215 3.99216545 5.1827561 5.1026552 5.05325515 5.4250366 
9.0 7.325387749999999 4.15245715 7.76607755 4.505 7.2372408 4.15245715 7.325387749999999 3.97616325 7.58978365 3.97616325 7.50168165 3.88806125 7.4135347 4.0643101999999995 6.9728449 3.97616325 6.9728449 3.53547345 7.149138799999999 3.6236204 7.50168165 3.44737145 6.5321551 3.3592245 6.86078455 3.3961734 7.06099185 3.09478365 6.44400815 3.53547345 6.620302049999999 3.2710775500000002 
9.0 9.0 4.4774906 9.0 4.0629617 9.0 4.16117745 9.0 4.02830525 9.0 4.00726865 9.0 2.7299694499999996 9.0 3.8030608 8.6459738 3.0718141999999995 8.391961349999999 2.9526966999999997 8.62660035 2.5239636 8.822897000000001 2.3983733 8.1852363 2.6902786 8.22151095 2.60671655 7.911490799999999 2.78651655 8.1211376 2.68115375 7.8472123 2.4804969499999996 
9.0 6.6216954999999995 5.5276574499999995 6.4076436 6.0152301 5.6584619499999995 6.64547405 4.5882474 6.72872145 4.4098858 6.9308616 2.97099135 5.9082041499999995 2.6499135 5.967673 2.1861643499999994 4.8141661 2.2575 3.981782 3.8390657499999996 3.8509775 3.8390657499999996 2.7926297499999997 3.458564 4.51691175 4.6656512999999995 3.07833195 5.21849135 3.52989965 5.6228166 3.41096195 5.706064 4.69527335 
9.0 7.091423000000001 4.36228375 7.8851501 4.26420285 7.2697845999999995 4.4515095 6.9308616 4.65661635 7.2786847 4.95094895 7.16275865 4.39797405 7.3232751 4.5584905 7.688943350000001 4.62092605 7.2162491499999994 4.57633565 6.65437415 4.3801289 7.16275865 4.6744615 6.7524999999999995 4.6833616 7.26003045 4.44939685 7.2786847 3.8985345999999996 7.59976255 4.44256445 7.314375 4.36228375 
9.0 7.8724742 4.61957755 8.9547803 4.9451504 7.91468225 5.08382115 7.84536935 4.0919994 8.813097899999999 4.6165658999999994 8.906548950000001 4.48391845 8.8251445 4.96326525 8.6171159 4.6738322 7.6976187 4.62560085 8.15588395 4.1432424 9.0 4.505 7.7307917999999995 4.45074535 8.203081449999999 4.6197124 7.76095325 4.45676865 8.56888455 5.0024166999999995 7.77902315 4.6286125 
9.0 3.3063183499999997 6.303 3.27773015 5.05154705 3.7058789 4.3052421999999995 4.7833304 4.19578895 4.70552195 4.62074625 4.46521925 4.6275337 4.4337093 4.4975382999999995 4.5008196499999995 4.4653091499999995 4.5261265 4.49812265 4.5112030999999995 4.5156981 4.4998757 4.5095849 4.50189845 4.5027525 4.50585405 4.50306715 4.5061687 4.50522475 4.505 4.50567425 4.5046403999999995 4.5050899 
9.0 9.0 6.82059925 6.54820225 6.00331835 4.77744195 6.1395618 3.0619252 7.789136900000001 2.4617977499999997 6.68440075 1.9169587999999997 4.505 1.9169587999999997 3.96016105 3.00668165 2.32559925 4.09635955 0.6910823999999995 6.68440075 1.9169587999999997 7.0930412 2.5980412 9.0 2.7342397 7.78459695 5.05927845 8.863801500000001 7.0930412 5.5946779 6.1395618 4.91364045 6.00331835 
9.0 7.5705001 3.7267357 8.2058234 5.4897646 6.60160285 5.9821469 5.66448525 7.1257648 9.0 3.8220297 4.552647 6.50630885 4.552647 6.25216155 5.34471095 6.3555016 4.97998665 6.1390673499999995 4.69940875 5.886987749999999 4.50126915 5.6258732 4.3763531 5.37725475 4.3110857 5.15592095 4.29018395 4.97018755 4.29890425 4.8225268 4.32461565 4.7111407 
9.0 4.5937762499999995 4.53668975 4.6888455 4.4669723 4.6001142 4.5557036 4.5557036 4.7015214 4.5176758999999995 4.51133795 4.5937762499999995 4.36552015 4.41622375 4.77762175 4.3211545 4.625466 4.3972099 4.48598615 4.7015214 4.39087195 4.5874383 4.505 4.505 4.44795845 4.5874383 4.4542964 4.5303518 4.43528255 4.42889965 4.3972099 4.53668975 4.505 
0.01 4.505 4.505 4.505 4.505 4.505 4.505 4.505 4.505 4.505 4.505 0.009999999999999787 0.009999999999999787 4.505 4.505 9.0 7.87625 4.505 4.505 4.505 4.505 0.009999999999999787 9.0 4.505 4.505 9.0 0.009999999999999787 0.009999999999999787 0.009999999999999787 9.0 9.0 4.505 4.505 
0.01 9.0 9.0 9.0 0.009999999999999787 9.0 9.0 9.0 9.0 9.0 9.0 9.0 9.0 9.0 9.0 9.0 0.009999999999999787 0.009999999999999787 9.0 0.009999999999999787 9.0 0.009999999999999787 9.0 9.0 0.009999999999999787 9.0 9.0 0.009999999999999787 9.0 0.009999999999999787 0.009999999999999787 0.009999999999999787 9.0 
9.0 9.0 9.0 0.009999999999999787 9.0 0.009999999999999787 0.7986027999999998 6.06247255 5.4513323499999995 6.57508235 4.8204591 5.53017465 4.7613049 6.0822056 6.06247255 7.77767465 4.32758235 5.53017465 6.890496499999999 4.505 4.505 3.1643662499999996 3.7755514 9.0 1.5083183499999997 9.0 0.009999999999999787 9.0 3.40098305 6.0822056 5.41186625 8.23113025 4.85988025 
9.0 4.505 4.505 4.505 4.505 9.0 9.0 0.009999999999999787 0.009999999999999787 4.505 4.505 9.0 4.00556055 4.505 4.505 4.505 4.505 0.009999999999999787 9.0 9.0 9.0 9.0 0.009999999999999787 4.505 4.505 9.0 0.009999999999999787 4.505 4.505 4.505 4.505 9.0 9.0 
9.0 7.9345052 4.1553789 9.0 3.1731314999999998 9.0 0.6509420499999998 8.100999999999999 4.77968945 6.5527422 2.5821289 9.0 3.93948405 9.0 0.75082095 6.71919205 4.5882474 8.2008789 4.2386263 8.91976425 3.6087869 9.0 5.49556315 7.6348685 3.3146790499999996 8.647052599999999 3.40152245 8.051060549999999 4.59656315 8.4377654 3.28663025 9.0 1.9411868499999998 
9.0 4.8795683499999996 3.57520925 0.009999999999999787 9.0 0.009999999999999787 9.0 7.7357812500000005 6.62542635 0.81267215 1.68560115 0.009999999999999787 0.009999999999999787 0.009999999999999787 9.0 4.3812526499999995 7.1638824 2.61202065 2.61202065 1.1504713999999994 0.009999999999999787 0.009999999999999787 2.40129505 0.009999999999999787 5.5752595 9.0 0.009999999999999787 0.009999999999999787 2.7558157 0.009999999999999787 0.009999999999999787 0.009999999999999787 7.2675371 
9.0 9.0 3.65863645 8.68692325 2.8797878 4.0164834 0.29781484999999996 9.0 4.30052245 6.7917863 1.45995215 6.0527184 1.37167035 2.18175925 0.12170074999999958 4.75218005 1.7074468499999997 5.99324955 0.009999999999999787 3.91386255 2.468765 3.6933827999999997 2.8987567 3.5910766 3.3107234500000002 3.5849634 3.67787505 3.649152 3.98389465 3.7576612999999996 4.2223543999999995 3.8874769 4.39500735 
9.0 5.2776005999999995 0.009999999999999787 0.009999999999999787 9.0 4.505 4.505 4.505 4.505 0.009999999999999787 9.0 4.505 4.505 1.7471377000000001 1.4615253999999998 8.124418949999999 6.1297627 6.84145605 5.15115625 4.505 4.505 0.009999999999999787 3.28761915 0.6935995999999998 8.8314375 9.0 9.0 0.009999999999999787 7.5484746000000005 4.505 4.505 4.505 4.505 
0.01 0.009999999999999787 9.0 9.0 0.009999999999999787 4.505 4.505 4.505 4.505 9.0 0.009999999999999787 9.0 9.0 4.505 4.505 9.0 0.009999999999999787 4.505 4.505 4.505 4.505 9.0 9.0 0.009999999999999787 9.0 9.0 0.009999999999999787 0.009999999999999787 9.0 0.009999999999999787 0.009999999999999787 4.505 4.505 
9.0 9.0 5.55660525 8.613609799999999 6.84298435 8.011999 7.7478728 6.647317 8.2907789 5.74737305 8.6282635 4.93054165 8.4717476 3.5169989999999998 8.613609799999999 2.9691484 7.89948915 2.196368 7.405488650000001 1.6045113499999997 6.5103993 1.1741150999999999 5.8158319 1.3208319 4.66641545 1.2806915499999998 3.96816215 1.5849581000000001 3.23817415 2.20126755 2.50450025 2.8224316 2.1083109499999995 
9.0 9.0 6.54820225 9.0 2.4617977499999997 9.0 4.91364045 9.0 4.09635955 9.0 4.505 9.0 3.2790786499999998 9.0 3.6877191 9.0 4.91364045 9.0 4.505 9.0 2.8704381999999997 9.0 4.91364045 9.0 4.09635955 9.0 4.2841157 9.0 6.54820225 9.0 3.2790786499999998 9.0 3.6877191 
9.0 7.71986895 4.47591735 7.50168165 4.31589535 7.34165965 4.2722489 8.0108303 4.86869045 7.5307642999999995 4.94141955 7.4143887500000005 5.2178170999999995 7.2107203 4.417707099999999 6.94888655 4.30133155 6.6143237 4.0540616 7.4143887500000005 5.17417065 6.265197049999999 5.47965085 6.86159365 4.2576851 6.532469750000001 4.506798 5.9160704 4.1995198 6.7161354499999995 4.024934 5.87242395 4.2722489 
9.0 6.63279815 5.38273865 4.78427435 3.6804821499999996 7.3061042 4.5502196999999995 6.5530119 4.3055119 7.0450795500000005 4.58478625 6.51314125 5.74179925 7.7233301 4.3321223 7.00516395 5.0635487 6.366829 5.0236331 6.87687665 4.6327479 6.80567585 4.02623755 6.65940855 4.39860335 6.595804299999999 4.65149205 6.9120725 5.6354026 5.94128735 3.85335985 6.06094425 4.4916948 
9.0 8.26322455 5.09901425 7.74908645 4.77735205 7.464013550000001 4.87875925 5.5787656 5.08759695 6.47547315 5.4188335 6.726339100000001 5.0752357 6.51637765 5.11213965 5.8243724 4.6363439 6.6697021 5.2132322 5.98093325 5.1619892 5.830800249999999 5.1629781 5.6932982 5.1581235 5.56766295 5.1484143 5.69298355 5.23035815 5.34857665 5.1177584 5.25364225 5.0982501 
9.0 6.7466565 4.5867191 6.44310915 4.0730305 6.78167255 4.3181878 6.7583435 4.9369695 6.51314125 4.7735313 7.0151878 3.9679374 6.828375599999999 4.3415618 6.87507865 4.2364687 6.9918587500000005 4.45829695 6.68826645 4.35320385 6.71164045 4.45829695 7.1669839500000005 4.505 6.89701425 4.357564 6.44310915 4.65679615 6.95679775 4.25979775 7.15529695 4.11973355 
9.0 8.2189488 4.8716121999999995 8.0595561 4.1383878 8.5696487 4.42530365 8.6812146 4.5528268 8.107382900000001 4.90348175 8.76091095 4.47313045 8.7449537 4.505 8.6971269 5.41357435 8.77682325 4.47313045 8.61743055 4.53686955 8.1232952 4.8237854 8.60151825 5.2222671499999995 8.52923865 4.87201675 7.995817 4.8078731 8.665257350000001 5.31792075 8.665257350000001 4.505 
9.0 8.288756150000001 6.458527 6.7524999999999995 7.9283920000000006 4.9507242 8.706026999999999 2.8075082 8.4689607 1.2522831499999998 7.25508595 0.2850041000000001 5.37743455 0.6074304499999998 3.35756135 1.6790384499999997 1.5557405999999996 3.37653025 0.6548526999999997 5.23521275 0.6169148999999998 6.81889115 1.4988338999999997 7.87153025 3.2058101499999996 8.00826815 4.86158835 7.38786825 6.43007365 5.91800325 7.31199265 4.4860311 7.62493455 
0.01 9.0 9.0 4.505 4.505 9.0 0.009999999999999787 9.0 0.009999999999999787 9.0 9.0 9.0 9.0 9.0 0.009999999999999787 9.0 9.0 9.0 9.0 9.0 0.009999999999999787 0.009999999999999787 0.009999999999999787 9.0 0.009999999999999787 9.0 0.009999999999999787 9.0 9.0 4.505 4.505 9.0 0.009999999999999787 
9.0 9.0 4.3373365 9.0 4.17313415 8.98206495 4.00879695 8.992718100000001 4.05860155 8.95239795 3.8840607 8.8504963 3.52980975 8.7881956 3.3767999499999997 8.6060582 2.95872 8.57661595 3.0597676 8.55009545 2.94563955 8.4549363 2.81294715 8.38027435 2.5725995 8.2435814 2.5666661 8.16541335 2.5904446500000002 8.00745905 2.34843385 7.88141925 2.2506676 
9.0 8.7149271 6.08305965 7.8876673 7.455518 6.55341645 8.4864912 5.19376885 8.8101312 3.52621375 8.83372995 1.9637517499999997 8.25369515 0.9651425499999995 7.11412275 0.3199752 5.674599 0.29583705000000027 4.2165109 0.5930913999999996 2.6643424499999995 1.57969895 1.4724931999999997 2.85088495 0.6864525499999998 4.2992189 0.40461604999999956 5.7334835 0.6499980999999995 6.96947365 1.37589565 7.8685186 2.51942365 
9.0 8.32633435 4.58631455 8.64988445 4.5704472 8.642467700000001 4.602991 8.674786749999999 4.8650495 8.44248515 5.0160815 8.602686949999999 4.699184 8.583673099999999 4.7305591 8.43088805 4.6327479 8.8141767 4.505 8.50991015 4.82176265 8.4799285 4.85098015 8.26825895 4.99284235 8.41218885 4.9073025 8.44248515 4.8999307 8.3346501 4.9605233 8.2923971 4.9858751 
9.0 6.8667628999999994 4.3526195 8.77142925 4.88595125 6.8667628999999994 3.7431424499999997 5.8763346 4.42880975 6.79057265 3.89552295 7.40009465 5.8001892999999995 8.23814245 2.9050946499999997 6.94295315 4.58119025 7.0191434 4.6573804999999995 7.1715239 5.8763346 8.390522950000001 4.73357075 6.3334760999999995 5.1906673 7.52955065 4.4930433 7.4762849 4.3526195 8.23814245 3.8193327 7.933381450000001 4.04790345 
9.0 6.7734467 3.745345 7.7163179 4.5730093499999995 7.69928185 4.6064970999999995 7.56452175 4.5626259 6.06094425 4.7564503 7.6087975 4.70246535 7.56613995 4.7323571 7.51768385 4.7608554 7.35496485 4.2954431 7.40440985 4.8131772 7.34031115 4.83677595 8.28228335 5.31702175 7.19907825 4.8782648 6.2233486 4.8088619999999995 7.0431467 4.9116177 6.9607084 4.9251027 
9.0 7.2711331 5.35558885 8.01815715 4.585011 7.9879957 4.62398265 7.43021115 4.0416554 7.9903331 4.8646 7.82954695 4.732447 7.755873899999999 4.7646312 7.58924425 4.10391115 7.2780553999999995 5.2380446 7.48217335 4.84540635 7.3763161 4.86644295 7.208922299999999 4.17996655 7.14819485 4.89907665 6.980711149999999 5.6598554 6.90483555 4.91885465 6.779874550000001 4.9240239 
9.0 7.306958249999999 4.3481245 7.16087075 4.52662095 7.22038455 4.16962805 7.34480615 4.54828685 7.31235225 4.16962805 7.5179086 4.829539 7.3339732 4.1263412 7.539529549999999 4.9161127 7.523302599999999 4.505 7.15547675 4.9593546 6.755197000000001 4.64564855 7.46922775 5.13785105 7.222811849999999 4.59575405 6.8147108 4.7051174 7.27989835 4.46171315 7.2636714 4.0938873 
9.0 7.70782235 4.3883547499999995 6.36085065 3.4681383500000003 8.91095405 4.07918865 8.98691955 4.0448918 9.0 4.01275255 7.15547675 9.0 8.2684837 0.009999999999999787 8.2030365 3.70205815 8.135162 3.23484785 3.3401657 8.6732135 6.83938835 4.7502472 7.44891035 3.5883795999999997 8.6909238 2.6482503499999996 7.373304449999999 3.5205500499999998 8.3768132 0.5784376999999998 3.4627893 0.009999999999999787 
9.0 8.9175617 4.5442863 8.91472985 4.3333809 8.89054675 4.24882995 8.81781765 4.19165355 8.955229800000001 4.30241035 8.762349350000001 4.0059651 8.70193655 3.9300895 8.740054149999999 3.98434415 8.0867059 3.64196 8.4729163 3.72345435 8.38225215 3.6626819499999996 8.48249065 3.6199794499999998 8.18249435 3.5549368 8.0356427 3.4323132 7.96214945 3.46687975 7.84581885 3.4306050999999997 
9.0 8.3127145 5.11330835 7.8150281 4.22851255 8.45489135 4.876287 8.5023136 4.0942019499999995 8.04413825 4.8051761 8.1310266 4.48922255 8.0678269 4.4576227 8.3600918 4.2996234499999995 8.4232915 4.34700075 8.1784039 4.0784245 7.696539899999999 4.7025103 8.39169165 3.8256257 8.15255765 4.2882511 8.02040465 4.47340015 7.90982765 4.2048239 8.3600918 4.22851255 
9.0 8.98404275 4.7957366 9.0 4.4494418 8.90160445 4.6172851 8.8252344 4.6089244 8.9673663 4.8559696 8.52006885 4.9700527 8.7398294 4.74184155 8.496964550000001 5.004844 8.3753748 4.89296345 8.17440335 5.0367584999999995 8.2658766 5.1541679 8.16073855 5.1078694 8.0774462 5.1180281 8.0609945 5.19628605 7.9716339000000005 5.2210535 7.69379795 5.04507425 
9.0 7.50168165 4.4435983 8.8833098 4.81205345 6.7340705 6.7586581500000005 7.906950849999999 4.49272865 7.4341218 3.87250855 6.3103718 2.30663035 6.2673996 7.14549785 7.9560812 5.93580345 8.0359124 5.01468805 6.64196795 2.48472225 9.0 4.53570085 7.2314872 4.81816665 7.5910872 5.2731056 8.4411816 4.85502565 6.9919936 5.6103205 5.1313333 6.66651065 
9.0 8.75416845 4.3469558 0.009999999999999787 3.01252515 0.009999999999999787 4.43474315 8.877106699999999 4.5576814 8.70148705 4.41721265 0.009999999999999787 5.2424497 0.009999999999999787 4.48742455 8.78931935 4.3469558 8.6488506 4.3821067 0.04510594999999995 5.03176905 0.3085129499999999 6.0677316999999995 8.806849849999999 4.48742455 8.19274295 5.1234221 8.5610183 4.20648705 0.009999999999999787 3.6621875 0.009999999999999787 2.95984375 
9.0 8.651502650000001 3.6308124 8.839034049999999 3.7105536999999997 8.4167288 3.4890401 8.177504899999999 3.2882035 8.06823145 3.20554045 7.6650749000000005 2.27372695 7.3520431 2.25898335 6.1795672999999995 1.3257314500000001 5.7217965 1.26370045 6.3257446999999996 2.0699685999999997 6.0112295499999995 1.8218895499999994 5.1680125 1.6461350499999998 4.9235744 1.8264744499999996 4.1830681 2.0359864 4.422292 2.0743736999999998 4.16980785 2.3519848999999997 
9.0 7.85148255 4.3975694999999995 7.6862014 4.65373955 7.7523228500000005 5.2651943999999995 8.0662986 4.85205895 8.1654583 6.4798333 7.372225650000001 4.52976745 7.6862014 5.48001045 9.0 4.7776667 7.248253549999999 4.7363576499999995 7.53746185 4.6950486 6.8433889 3.3812499999999996 7.785361099999999 3.79438545 7.279628649999999 4.8252238 5.8931459 4.893368 7.0184242 4.8402370999999995 7.2152153000000006 5.48001045 
9.0 9.0 4.6156219499999995 8.9852564 4.72350195 8.88964775 4.82607785 7.280437750000001 0.009999999999999787 8.597068199999999 5.00605765 8.4813669 6.916118 8.194361149999999 5.14045815 7.96295855 5.18774555 9.0 6.34808485 7.4649575 5.24087645 7.2082031 5.2473942 6.952347700000001 5.2417305 6.70157165 5.22505405 6.45947095 5.1988482 6.2289224 5.16473115 9.0 9.0 
9.0 6.5027577999999995 6.5027577999999995 6.91859025 8.58479685 3.5061210999999997 9.0 3.00668165 8.50056055 0.009999999999999787 6.00331835 0.009999999999999787 4.00556055 0.009999999999999787 3.5061210999999997 1.5083183499999997 1.0088788999999996 7.0022422 0.009999999999999787 3.5061210999999997 1.0088788999999996 8.0011211 3.5061210999999997 6.00331835 4.505 8.645794 6.52860405 7.0875573 8.29666735 5.5038789 9.0 2.0077577999999994 9.0 
9.0 6.54820225 4.91364045 7.3654382 4.91364045 5.73092135 5.3222809 7.3654382 4.505 6.1395618 4.09635955 6.54820225 4.09635955 6.6901094 4.44463215 7.3654382 3.6877191 6.54820225 4.505 6.1395618 4.09635955 5.73092135 5.3222809 6.1395618 4.09635955 6.0531679 4.4255284 5.73092135 4.505 6.1395618 4.505 5.80787575 4.4226516 
9.0 8.7523255 2.28847055 9.0 4.3390446 8.950465099999999 0.5920125999999999 8.55423085 7.5140429 9.0 4.0508252 9.0 3.9434396499999997 9.0 3.82998585 9.0 3.7102390499999998 9.0 3.5839295499999997 9.0 3.4508326 9.0 3.31063355 9.0 3.1631526 9.0 3.0079852 9.0 2.8449515499999998 9.0 2.673737 9.0 2.49398195 
9.0 4.7686767 4.4673319 4.8063448 4.5426681 4.505 4.45479085 4.53012705 4.3292005499999995 4.5803362 4.1659871 4.47987295 4.74354965 4.79380375 4.3543275999999995 4.505 4.93189015 4.216196249999999 4.8440129 4.29153245 4.6180043 4.63054535 4.47987295 4.5426681 4.53012705 4.9695582499999995 4.4673319 4.64313135 4.49245895 4.70588155 4.505 4.71846755 4.3543275999999995 
9.0 9.0 9.0 9.0 9.0 8.5958995 9.0 3.2926985 9.0 0.7673175999999997 9.0 0.009999999999999787 9.0 0.009999999999999787 7.7650437 0.009999999999999787 1.9078339499999997 0.009999999999999787 2.6147625999999997 0.009999999999999787 0.009999999999999787 2.1299319 0.009999999999999787 8.5511293 0.009999999999999787 9.0 0.009999999999999787 9.0 0.009999999999999787 9.0 2.9458642999999998 9.0 6.07128275 
0.01 0.009999999999999787 0.009999999999999787 9.0 0.009999999999999787 0.009999999999999787 9.0 4.505 4.505 9.0 0.009999999999999787 9.0 0.009999999999999787 4.505 4.505 4.505 4.505 4.505 4.505 0.009999999999999787 9.0 9.0 0.009999999999999787 0.009999999999999787 9.0 9.0 9.0 4.505 4.505 9.0 6.7524999999999995 4.505 4.505 
9.0 9.0 4.8816809999999995 9.0 5.28654565 9.0 3.9068053999999997 8.9178314 7.405174000000001 9.0 6.658284800000001 9.0 7.162129350000001 9.0 7.6855721 9.0 8.22582615 9.0 8.779700049999999 9.0 9.0 8.9119879 9.0 8.6234988 9.0 8.27626005 9.0 7.868248899999999 9.0 7.3978921 9.0 6.86393105 9.0 
0.01 9.0 9.0 9.0 0.009999999999999787 9.0 0.009999999999999787 9.0 9.0 4.505 4.505 9.0 0.009999999999999787 4.505 4.505 4.505 4.505 4.505 4.505 0.009999999999999787 9.0 9.0 9.0 4.505 4.505 9.0 9.0 4.505 4.505 0.009999999999999787 0.009999999999999787 4.505 4.505 
9.0 8.4416311 4.67252865 8.54829745 4.52041785 8.5149895 4.5279245 8.38575825 4.505 8.77664345 4.84001235 8.41659395 4.5496802999999995 8.38431985 4.55673745 8.27410245 4.22581555 8.3578443 4.6166558 8.2889809 4.57705485 8.2576957 4.58361755 8.078659850000001 4.3095574 8.19588945 4.59638335 8.1903606 4.8958851999999995 8.135027149999999 4.6087446 8.1049556 4.61472295 
9.0 8.733896 5.04138835 8.3589231 4.5516581 8.3313238 4.5744926999999995 7.9646217 4.4925039 8.301432049999999 4.9956742 8.24884055 4.6410636499999995 8.221466 4.6625947 7.8689681 4.59233785 8.10185405 4.61310475 8.1397469 4.72529995 8.11264205 4.7455723999999995 7.9812532 4.604789 8.0586571 4.78526325 8.36795805 4.92083245 8.00494185 4.8236954999999995 7.97824155 4.8424846 
9.0 4.4212131999999995 4.12476795 4.505 4.505 4.505 4.505 5.0205765 3.2998905 2.45244815 2.7891686 4.505 4.505 2.9921628 6.2401599 2.8358716499999996 5.1800591 7.3695736 5.49906925 4.505 4.505 4.505 4.505 3.8396051499999997 4.4453963 5.43299275 4.4018847 4.505 4.505 5.25094525 5.5876657 4.1360504 6.2160217499999995 
9.0 7.19692065 5.16527055 7.6455666 3.8785768 8.3312339 3.8785768 8.14500605 4.6150376 6.77367145 4.63198375 7.535529 4.301826 8.13655545 3.8870274 6.8159694 3.4045341 8.1704028 3.86163065 7.662512749999999 4.48805385 6.00331835 4.784364249999999 7.02763895 3.0151322499999997 7.2669078 3.74817685 6.87525845 4.4118636 6.92605195 3.0997730999999997 7.535529 3.5145717 
9.0 9.0 7.3614826 9.0 9.0 7.97167885 9.0 3.00668165 9.0 0.009999999999999787 9.0 4.505 9.0 0.009999999999999787 9.0 0.009999999999999787 4.505 0.009999999999999787 1.5083183499999997 0.009999999999999787 0.3455067999999999 0.009999999999999787 3.00668165 3.00668165 0.009999999999999787 5.36961325 0.009999999999999787 9.0 0.009999999999999787 4.505 0.009999999999999787 9.0 1.5083183499999997 
9.0 7.5943685499999996 9.0 8.63918635 1.0848893499999996 8.18069635 4.7004426 7.925110650000001 4.9860549 8.40616555 7.8198827 7.65451165 5.32430365 7.917604 5.1213543999999995 8.7068361 3.3774742 7.6845832000000005 5.34686855 7.42149085 5.6099609 7.21103495 7.98525375 9.0 2.0846222999999995 8.5173269 5.5036092 7.6995965 6.9253777 9.0 4.2118361 7.045663899999999 5.57988935 
9.0 8.53085685 6.20936915 7.530629449999999 7.6262381 6.1194242 8.4918852 4.31652465 8.70085775 2.75756875 8.2994093 1.4810336999999998 7.2954061 0.7885339999999998 5.8695021999999994 0.6325574999999994 4.26384325 1.1982982 2.9643387499999996 2.1775789 1.6981871499999994 3.4519114 1.1852177499999996 4.8156494499999996 1.1851727999999997 6.01221845 1.7047948000000002 6.8610093 2.6132343 7.25670415 3.7254321499999996 7.20528135 4.894267 
9.0 4.96056825 4.99095445 4.505 4.505 4.505 4.505 6.9651135 8.2103184 5.90209095 9.0 4.505 4.505 4.505 4.505 6.1754318999999995 0.009999999999999787 5.9932046 0.009999999999999787 4.505 4.505 4.505 4.505 2.5915684 0.009999999999999787 9.0 0.009999999999999787 6.99545475 3.4419774499999995 4.505 4.505 4.505 4.505 
9.0 8.886141649999999 5.0930359 8.735694 5.4056182 8.49579585 5.9545476 8.50595455 5.97535945 8.3504725 6.53750415 7.7547951 6.8551658 7.6490727 7.148959 7.1367326 7.51184035 6.70166155 7.6693901 6.49381275 7.568747050000001 6.09124055 7.9042089 5.7110984 7.9306395 5.2607443499999995 8.03541795 4.84199015 8.12073305 4.3718581 7.9977049000000004 4.04250945 7.842177899999999 
9.0 7.202 4.65481835 7.35181835 4.80468165 7.6515 4.80468165 7.6515 4.505 7.35181835 4.505 8.100999999999999 4.505 7.801318350000001 4.505 7.6515 4.9544999999999995 7.50168165 4.9544999999999995 7.801318350000001 4.35518165 7.95118165 4.505 7.35181835 5.10431835 7.4686433999999995 4.9620516 7.202 5.10431835 7.202 5.25418165 7.35181835 5.25418165 
9.0 8.41066055 4.1853605499999995 9.0 4.3928947 9.0 4.19533945 8.4506211 4.5149789 8.260842199999999 4.2153422 9.0 4.17744935 9.0 3.606 8.41066055 4.74471835 8.4606 4.3351789 9.0 3.9869063 9.0 3.66591835 8.3007578 4.6648422 9.0 3.8684181 8.2008789 3.84571835 9.0 3.80337545 9.0 2.5172210999999995 
9.0 7.2324760999999995 4.3830956 7.52199905 4.6878566 6.88200095 4.30690535 6.7753346 4.67261855 7.6743346 4.15452485 7.1105716999999995 4.4135717 6.897239 4.85547515 7.3848566 5.0382868 7.06485755 4.39833365 6.897239 4.5354760999999995 7.72004875 4.3526195 6.88200095 4.3526195 7.0789269 4.5387125 7.1410478 4.48976195 7.15628585 4.3830956 6.76009655 4.809761 
9.0 4.505 4.505 0.009999999999999787 0.009999999999999787 0.009999999999999787 9.0 4.505 4.505 0.009999999999999787 9.0 9.0 9.0 9.0 0.009999999999999787 4.505 4.505 4.505 4.505 0.009999999999999787 0.009999999999999787 0.009999999999999787 9.0 9.0 6.4715625 9.0 0.009999999999999787 4.505 4.505 0.009999999999999787 0.009999999999999787 0.009999999999999787 9.0 
9.0 9.0 9.0 6.154665 4.7818021 5.08903535 8.67244935 3.2650093 8.7121402 3.08786135 6.19894075 0.5857195999999996 6.1657227 0.3310778499999998 4.10642835 2.7557257999999996 2.9660918 2.4124876 0.7960856000000001 4.26141595 0.29785979999999945 5.6564391999999994 3.58608715 7.8219504 2.4395474999999998 8.34692145 4.19794655 9.0 9.0 6.2432165 4.5160577 5.3032221 8.0915605 
9.0 6.7524999999999995 4.505 6.2443852 4.97405325 6.7133935000000005 4.7981639 6.61571715 4.32911065 6.1075574 3.93822545 6.5570574 4.71999585 6.77205325 4.62227455 6.1075574 5.3844467499999995 6.4007213 5.16949585 6.4007213 4.38772545 5.9512213 3.9968852 6.63522545 4.4658935 6.38341555 4.8155146 6.2443852 4.68088935 6.08800415 5.16949585 6.51799585 5.28672545 
0.01 4.505 4.505 0.009999999999999787 9.0 9.0 9.0 0.009999999999999787 0.009999999999999787 4.505 4.505 0.009999999999999787 0.009999999999999787 0.009999999999999787 3.1003125 0.009999999999999787 0.009999999999999787 9.0 0.009999999999999787 9.0 0.009999999999999787 4.505 4.505 9.0 0.009999999999999787 0.009999999999999787 0.009999999999999787 4.505 4.505 9.0 0.009999999999999787 4.505 4.505 
9.0 6.60798575 5.0132946 7.1561509999999995 4.53489175 6.9966684 4.8139863 6.6578353 3.87709345 6.88703535 4.5647835 7.3754171 3.7774392999999997 7.55481255 4.3554962999999995 6.95679775 3.8970512499999996 6.88703535 4.2957127999999996 6.6578353 3.6279356 6.7873812000000004 3.8970512499999996 6.36876185 3.59804385 6.9291535 3.99009775 7.1960216500000005 4.3754541 6.91697205 3.9767476 7.03653905 4.30564675 
9.0 9.0 5.23296525 9.0 4.2551679 9.0 4.56671635 9.0 3.9497776 9.0 4.43708055 9.0 4.42719155 9.0 4.2184887 9.0 4.18329285 9.0 4.770205 9.0 4.0506454 9.0 4.38430925 9.0 3.4721389 9.0 4.19830615 9.0 4.87804005 9.0 3.8669797 9.0 4.170616949999999 
9.0 8.5673113 4.4329002 9.0 4.86554395 9.0 4.5770998 8.6875076 4.52904825 8.71155585 4.4329002 9.0 4.505 9.0 4.79344415 9.0 4.72134435 8.6154078 4.6972961 8.85575545 4.60114805 8.9519035 4.4329002 8.83175215 4.7453926 8.863981299999999 4.7051174 8.44715995 4.5530965 9.0 4.91364045 8.90385195 4.79344415 
9.0 7.94938365 5.4537147 7.37887825 6.2181344 6.68098455 6.864875 5.17925 5.50617135 5.12319735 7.18244675 4.15767135 6.50729775 4.505 6.6911882 3.26927955 6.3935293 1.9816867999999999 6.1599691 2.8602345499999995 5.3529368 2.68304165 4.8460806 2.77518915 4.35985645 2.9793070999999998 3.9437543 3.267077 3.6188556999999997 3.6077081 3.3970724 3.9703646999999997 3.2815509 
9.0 8.7843299 4.6063173 8.71937715 4.4478235999999995 8.7089937 4.5595693 8.85188975 4.4270567 8.8622732 4.5283739999999995 8.80514175 4.3672732 8.786937 4.48679525 8.976626 4.38547795 8.989616550000001 4.5855504 8.7116008 4.28155355 8.72198425 4.3984685 8.8674874 4.3049275499999995 8.82986425 4.4309673499999995 8.88308505 4.5907646 8.7947583 4.3517205 8.812918100000001 4.54136455 
0.01 4.505 4.505 9.0 9.0 4.505 4.505 9.0 9.0 4.505 4.505 9.0 0.009999999999999787 4.505 4.505 4.505 4.505 4.505 4.505 4.505 4.505 4.505 4.505 4.505 4.505 9.0 0.009999999999999787 4.505 4.505 0.009999999999999787 9.0 4.505 4.505 
0.01 9.0 9.0 9.0 0.009999999999999787 4.505 4.505 4.505 4.505 9.0 9.0 9.0 9.0 0.009999999999999787 0.009999999999999787 9.0 0.009999999999999787 0.009999999999999787 9.0 4.505 4.505 9.0 0.009999999999999787 9.0 0.009999999999999787 9.0 9.0 0.009999999999999787 0.009999999999999787 4.505 4.505 4.505 4.505 
9.0 6.00331835 3.3812499999999996 6.5027577999999995 5.5038789 6.25306055 5.25418165 6.37793165 5.12931055 6.7524999999999995 4.00556055 6.97324945 4.12548715 7.12706835 6.00331835 7.0022422 4.6298711 5.62875 3.6309921999999997 6.6276288999999995 4.2552578 6.8773710999999995 4.3801289 6.25306055 4.8795683499999996 6.37235785 3.8641927999999997 5.3790078 3.8806894499999998 6.1647338000000005 3.83933545 4.8795683499999996 2.2575 
9.0 0.009999999999999787 0.009999999999999787 4.505 4.505 6.7890893000000005 0.9763350999999996 7.2283407 5.98381005 0.009999999999999787 2.6455083999999998 4.505 4.505 4.505 4.505 9.0 3.3043854999999995 6.1448659 1.6498659 8.8682066 0.009999999999999787 0.009999999999999787 0.009999999999999787 9.0 1.8255754499999997 0.009999999999999787 0.009999999999999787 0.009999999999999787 0.009999999999999787 9.0 0.009999999999999787 4.505 4.505 
0.01 4.505 4.505 0.009999999999999787 0.009999999999999787 9.0 9.0 0.009999999999999787 9.0 0.009999999999999787 9.0 9.0 0.009999999999999787 9.0 9.0 0.009999999999999787 0.009999999999999787 0.009999999999999787 9.0 9.0 0.009999999999999787 0.009999999999999787 9.0 0.009999999999999787 9.0 9.0 0.009999999999999787 0.009999999999999787 9.0 0.009999999999999787 0.009999999999999787 9.0 0.009999999999999787 
9.0 8.86213835 4.5443762 9.0 4.54289285 8.9396771 4.47070315 8.9041666 4.3771622 8.991909 4.3472254999999995 9.0 4.44786855 9.0 4.3889840499999995 9.0 4.45218375 8.93190075 4.5061237499999995 9.0 4.3875906 9.0 4.2917572 8.82105405 4.30151135 8.9635006 4.34888865 8.866049 4.3936139 9.0 4.33171775 8.928979 4.3201656 
9.0 8.27131555 6.4335348 7.7464793499999995 7.12940575 6.555843749999999 8.01626925 5.2453265 8.223803400000001 3.9201105999999997 8.41326765 2.42934385 8.03344015 1.8333967499999995 6.8455465 0.9777735000000001 5.69747855 0.7285706999999997 4.6815636 1.7162570499999998 3.0957725499999995 2.3738306 2.3067202499999997 2.8284548999999997 1.4575698 4.2778227 1.6870395500000002 5.1653155 2.44130055 6.172330349999999 2.74444335 6.67693905 3.41213065 
9.0 9.0 4.40345795 9.0 4.3029947 9.0 4.204644099999999 9.0 4.10948495 9.0 7.02997635 9.0 3.9324269 9.0 3.8522361 9.0 5.96169465 9.0 3.71212695 8.976805800000001 3.65324245 8.802264950000001 3.60235905 9.0 0.35683419999999977 8.428236 3.5254046499999996 8.232254000000001 3.4994685 8.032631049999999 3.48171325 7.8309404 3.47200405 
9.0 7.77407865 4.28025 8.51638295 4.6606169 9.0 7.77407865 7.4880618000000005 4.23939045 6.6707809000000005 3.7490309 8.182314550000001 4.9346770499999995 7.0589691000000006 9.0 6.77295225 5.4857191 7.5084691 4.9544999999999995 9.0 3.1565 8.9386882 0.009999999999999787 7.07942135 5.97607865 7.0663409 5.16455135 6.40517135 4.8727808999999995 6.7042686499999995 5.16320285 9.0 9.0 
9.0 7.8668105 4.542758 8.2498744 4.5795720499999995 8.2195781 4.61598155 8.39564725 4.58056095 7.2246548 4.7693959 8.06023035 4.71765845 7.985972950000001 4.74804465 7.4135347 5.3737936 8.2823283 4.6938799 7.70926075 4.8251339 7.60183025 4.84558615 7.489095649999999 4.88271485 7.3695736 4.8779052 7.26245775 4.58056095 7.12050565 4.89862715 6.9920835 4.90465045 
9.0 7.9232677 4.5540854 8.38575825 4.5165971 8.36265395 4.5222608 8.1004606 4.6085648 8.1686048 5.0474566 8.2401652 4.5384428 8.18258425 4.5433873 8.22582615 4.1915187 7.945068450000001 4.67945095 7.96520605 4.5566026 7.87944145 4.5603784 7.972353099999999 4.4913801499999995 7.6913257 4.56680625 7.47893695 4.54316255 7.485095100000001 4.5717058 7.37672065 4.57354875 
9.0 8.8068948 3.96132975 7.3511441 3.9345844999999997 8.83660675 3.6850221 8.8663187 4.885277 8.64053485 4.4544762 8.26025785 3.39388095 9.0 3.09379475 8.967321349999999 3.5513408 8.940576100000001 3.5602408999999997 9.0 3.2839332499999996 8.6910137 2.7313628999999997 9.0 3.64047665 8.49624535 3.0861532499999997 8.1651886 3.4384264 8.50982025 3.07302785 7.6304184500000005 2.63629365 
9.0 9.0 0.009999999999999787 9.0 9.0 9.0 0.009999999999999787 9.0 0.009999999999999787 9.0 0.009999999999999787 9.0 4.422292 9.0 0.009999999999999787 9.0 9.0 9.0 0.6580441499999998 9.0 9.0 9.0 0.009999999999999787 4.505 4.505 9.0 9.0 9.0 0.94761205 9.0 9.0 9.0 9.0 
9.0 9.0 9.0 9.0 6.8086875 7.314375 0.009999999999999787 9.0 9.0 4.617375 4.64546875 9.0 9.0 4.505 4.505 9.0 0.009999999999999787 9.0 9.0 9.0 9.0 5.9096875 9.0 9.0 9.0 9.0 9.0 9.0 9.0 0.26284375000000004 9.0 4.505 4.505 
9.0 7.6265078 6.25306055 4.505 4.505 3.02448185 7.64435295 4.505 4.505 4.505 4.505 4.505 4.505 5.43254325 3.4169403 5.4503884 5.3790078 6.59198355 8.01896625 4.505 4.505 4.505 4.505 7.80491435 5.73577595 7.929740499999999 7.358965400000001 4.505 4.505 4.505 4.505 4.505 4.505 
9.0 6.7575344 4.3433598 7.2525238000000005 4.5655926 7.151476199999999 4.57570635 7.151476199999999 4.6161164 7.5050529 4.4848174499999995 7.72724075 4.29288095 7.49493915 4.54541005 7.08076985 4.6161164 7.41411905 4.1716508 7.0605873 5.14135715 7.0908836 4.3433598 6.5959391499999995 4.7272327999999995 7.0486306 4.5420388 6.646418 4.3433598 6.95958465 4.9797619 7.2322963 4.1413545 
9.0 9.0 7.104009 9.0 0.009999999999999787 9.0 0.009999999999999787 9.0 0.009999999999999787 9.0 0.009999999999999787 9.0 0.009999999999999787 9.0 0.009999999999999787 9.0 0.009999999999999787 9.0 0.009999999999999787 9.0 1.6823198000000001 9.0 0.009999999999999787 9.0 0.009999999999999787 9.0 0.009999999999999787 9.0 0.009999999999999787 9.0 0.009999999999999787 9.0 0.009999999999999787 
9.0 9.0 2.0682604999999996 9.0 0.009999999999999787 9.0 0.009999999999999787 9.0 6.13295415 9.0 2.65670095 9.0 9.0 9.0 0.009999999999999787 9.0 3.1855377 9.0 0.2977249500000001 9.0 9.0 9.0 9.0 9.0 2.6670844 9.0 1.6846122500000003 9.0 0.009999999999999787 9.0 0.009999999999999787 9.0 0.009999999999999787 
9.0 8.6033612 4.1083612 8.86780205 5.29823265 8.20676735 4.9016388 8.6033612 4.37280205 8.86780205 3.7117673499999997 8.86780205 5.1660347 8.7356041 4.63719795 9.0 4.505 9.0 4.505 7.9423714499999996 5.03383675 8.47116325 4.63719795 8.3389653 4.63719795 8.67020185 4.6218699999999995 8.7356041 3.97616325 8.86780205 4.7693959 8.6033612 4.7693959 
0.01 9.0 0.009999999999999787 9.0 9.0 9.0 0.009999999999999787 9.0 9.0 9.0 0.009999999999999787 9.0 0.009999999999999787 9.0 0.009999999999999787 9.0 9.0 9.0 9.0 9.0 9.0 9.0 0.009999999999999787 9.0 9.0 9.0 9.0 9.0 9.0 9.0 9.0 9.0 0.009999999999999787 
9.0 4.47618705 2.2575 4.505 4.505 4.4185611499999995 9.0 4.505 4.505 4.505 4.505 4.505 4.505 4.505 4.505 4.505 4.505 5.9168795 8.683057550000001 2.9202428 7.84743705 2.94905575 0.8744334499999997 4.505 4.505 1.7388668999999997 2.1998740999999997 4.505 4.505 4.505 4.505 4.505 4.505 
9.0 9.0 5.7656677 9.0 4.61634115 9.0 4.8539918 9.0 4.69904915 8.944351900000001 6.000306699999999 9.0 4.7517305499999996 9.0 4.7020608 8.8089625 3.3993199 8.29747645 4.1153734 9.0 4.6915425 8.99698835 5.7355512 9.0 2.7494327999999997 8.838809300000001 4.4072787 8.40427765 5.555032 8.756281099999999 3.51515605 8.11695725 4.17556145 
9.0 6.80675465 9.0 9.0 6.9237595 7.7044511 8.13844335 6.5557089 6.591893649999999 5.99199095 9.0 5.46014255 9.0 3.7221507999999996 9.0 3.01800905 8.9425539 1.7458790999999998 9.0 2.1373037 7.72787005 0.5269249999999999 6.6578353 0.009999999999999787 6.08611625 0.009999999999999787 4.93512655 0.009999999999999787 3.7537506499999997 0.009999999999999787 2.6069413 0.3739601499999994 1.5582128499999999 
9.0 8.4170884 6.6163913999999995 6.929827749999999 8.19813695 4.971581 8.787611250000001 2.79541665 8.4568242 1.18144195 7.1222587 0.36514995000000017 5.25705845 0.8003558499999999 3.3838571 1.83573415 1.6577771000000001 3.4256605999999996 0.7794990499999996 5.35109385 0.96747995 6.82248715 1.9235214999999997 7.6188663000000005 3.3883071499999997 7.6109101500000005 4.9762558 6.8782701 6.2923019 5.6725313 7.04795635 4.20208195 7.0919624 
9.0 8.6599982 6.1647338000000005 7.7403212 7.580479 5.82216985 8.733806099999999 4.0056954 7.94488865 3.0843552499999998 8.660762349999999 1.5106107999999998 8.0455317 0.3630822499999997 6.4070143 0.26554074999999955 4.93584575 0.009999999999999787 4.64843545 1.5189265500000002 1.5258038999999997 2.4368505 0.9910786999999996 3.8988043 0.5457140999999996 5.39343675 0.6780918499999999 6.7032348 1.3473973499999996 7.6463757 2.4351423999999997 7.9241667 3.9119297 
9.0 6.0644953 5.4223396 6.61490805 5.6058255 6.3396792 5.4223396 6.61490805 6.5231651 5.8810094 7.1653208 5.05541275 6.9818349 4.505 6.798349 4.2298161 6.9818349 3.5876604 6.9818349 3.22073355 6.5231651 3.22073355 5.97275235 1.7529811999999998 5.5140825499999995 2.41127395 5.17453025 1.8446791999999999 5.33059665 2.9455047 4.505 3.31243155 3.4041745 
0.01 4.505 4.505 4.505 4.505 4.505 4.505 4.505 4.505 4.505 4.505 4.505 4.505 4.505 4.505 4.505 4.505 4.505 4.505 4.505 4.505 4.505 4.505 4.505 4.505 9.0 9.0 4.505 4.505 4.505 4.505 4.505 4.505 
9.0 9.0 4.0768962 0.009999999999999787 0.009999999999999787 0.009999999999999787 0.009999999999999787 9.0 5.9319827 8.16163755 7.929740499999999 0.009999999999999787 0.009999999999999787 0.009999999999999787 9.0 6.6340118 9.0 9.0 9.0 7.599313049999999 0.009999999999999787 0.009999999999999787 0.009999999999999787 8.23301815 6.1460346 9.0 9.0 9.0 6.7881903 0.009999999999999787 3.042327 0.009999999999999787 7.77875345 
9.0 4.61004815 4.4783896 4.0589162 3.96789245 4.47070315 3.9735112 5.1660347 4.80333315 4.6751807 4.2217251 4.505 4.505 4.2994886 3.8064769999999997 4.4895821499999995 4.0466898 3.98470375 4.2616407 4.5876181 4.66992155 4.57327905 4.5449155999999995 4.66290935 4.43600175 4.359362 4.91957385 4.15173795 4.5379034 4.505 4.505 4.50324695 5.04489445 
9.0 8.577829600000001 4.43051785 8.9155839 4.4155944499999995 8.80631045 4.3411123 8.3592827 4.5099445 8.5380938 4.35599075 8.50829195 4.4404518 8.577829600000001 4.3013765 8.61257595 4.4652642 8.13574635 3.9238863999999998 8.49336855 4.55961425 8.64736725 4.400716 8.597697499999999 4.41064995 8.512157649999999 4.156188 8.23508585 3.7301519 8.8211889 4.33612285 8.43376485 3.77487715 
9.0 8.46864605 6.45992045 7.18280635 7.99559225 5.3892564 8.75443815 3.42157015 8.6648528 1.6944562999999997 7.70800215 0.6193871499999997 6.0176574 0.3523391999999994 4.2650569 1.0278477999999995 2.49542035 2.3945975 1.2108392499999998 4.04484685 0.8093458500000001 5.6909608 1.0182285000000002 7.0214808 1.9918454999999997 7.74800765 3.40673665 7.762886099999999 4.93647505 7.118258150000001 6.25422925 6.06696755 7.0966372 
9.0 9.0 3.2271614 9.0 3.3656973 8.75830385 2.9275247 9.0 3.1310583 8.6734832 2.2998878499999997 8.5872691 2.5218509499999997 7.90874885 1.8574899499999997 7.6401726 1.8970459499999999 7.18505385 1.91682395 7.58223205 1.3146737499999999 6.95320175 0.5796513499999998 6.7171693 1.2086816499999995 6.1009048 1.0863726999999996 5.6895223999999995 0.9881569499999996 5.2513498 1.2171322499999997 5.1340303 1.3584999999999998 
9.0 6.3929 1.7630499999999998 4.505 4.505 9.0 0.009999999999999787 8.5505 9.0 6.43785 7.3818 4.505 4.505 4.505 4.505 7.51665 3.20145 8.2808 0.009999999999999787 4.505 4.505 4.505 4.505 5.44895 7.5616 9.0 5.4939 4.505 4.505 4.505 4.505 4.505 4.505 
9.0 3.583525 5.7973125 5.53885 4.9544999999999995 5.7748375 5.9321625000000004 5.9546375000000005 6.07825 6.1360107500000005 2.94896585 4.9207875 5.741125 4.077975 5.44895 4.1116874999999995 5.561325 2.96829435 5.9167895999999995 2.3474 4.1453999999999995 5.8493645999999995 5.9962612 1.8979 3.4261999999999997 5.9519405 3.22504875 2.39235 5.336575 3.2866752 3.1013013999999997 6.32300275 4.6420975 
9.0 7.42436765 4.1500748 7.1239668 3.858619 3.91485145 3.5437892 5.8443302 4.70291485 6.2174152 3.32106195 5.80544845 3.06673485 4.66048205 3.65333235 5.41609155 3.18162705 5.1880602 3.1991126 4.93260935 3.0879512499999997 4.7996922 3.3005647499999995 4.6400298 3.3756762 4.5029323 3.4617104999999997 4.3875906 3.55525145 4.29297085 3.6531975 4.5650531999999995 3.2823150500000002 
9.0 9.0 3.42390755 9.0 3.59462765 8.4310229 4.04979135 8.4879296 4.5619067 9.0 5.0170704 8.65860475 4.78948855 8.3172095 4.33432485 7.3499304500000004 2.8549304499999995 8.4310229 4.4480933 8.715511450000001 4.78948855 9.0 5.6429542 7.29302375 2.79802375 8.30943315 4.255977 9.0 4.22051145 6.89476675 4.6188134 8.2603028 4.3911866 
9.0 8.8665884 3.8584392 8.6100138 4.4947514 8.84604625 3.73532115 8.938418500000001 5.32601175 8.63055595 4.5152486 8.71263465 4.12530735 8.6100138 4.4947514 8.4047721 4.1150138 8.8665884 3.55057665 9.0 4.9668163 8.640804549999999 4.26896755 8.6613467 4.81286255 8.732232849999999 4.0891226 8.8665884 3.60190955 8.3431906 4.1150138 8.84604625 3.5197858999999996 
9.0 8.4655445 4.505 8.767024150000001 4.3816572 8.7122301 4.450161 8.561467799999999 4.5872135499999995 8.561467799999999 4.5872135499999995 8.7258949 4.54612925 8.8081534 4.51870975 9.0 4.6283427999999995 8.73960465 4.450161 8.5888873 4.61463305 8.61626185 4.7516856 8.98629025 4.7242660999999995 8.5354867 4.6050587 8.5888873 4.54612925 9.0 4.7516856 8.89036695 4.450161 
9.0 5.97886555 5.0013379 5.2228515 5.8223946 5.135199 7.853100749999999 3.37536155 8.64008535 3.76319015 5.7035468 1.6410556999999995 5.62268175 0.11563249999999936 4.48985185 3.46094635 3.61009045 3.1330361 2.3075742999999997 3.8565513 0.4599045500000001 4.92505775 3.2052258 5.7773996499999996 3.670728 6.28497505 3.9881649 5.89867475 4.7573493 5.46886285 5.428273 5.1062512 5.6926689 
0.01 4.505 4.505 4.505 4.505 9.0 0.009999999999999787 4.505 4.505 0.009999999999999787 0.009999999999999787 4.505 4.505 4.505 4.505 9.0 9.0 0.009999999999999787 0.009999999999999787 4.505 4.505 4.505 4.505 9.0 9.0 9.0 9.0 4.505 4.505 9.0 9.0 4.505 4.505 
9.0 8.450351399999999 4.1385676 8.254908799999999 4.83479815 8.31599585 4.6882162 7.9739713000000005 4.4072787 7.9739713000000005 4.24847035 8.20604815 4.0286199 7.55867825 4.48059215 8.46253285 3.5644662 8.254908799999999 4.65158195 8.38926435 4.2362889 8.87787085 3.2468944499999997 8.3281773 3.6621875 8.26753975 4.04601555 8.3648565 4.35841805 8.03505835 4.0163934999999995 8.0594662 4.48059215 
9.0 2.0696090000000003 5.17300195 2.9881173 7.803206250000001 6.842939400000001 3.8787566 5.93841055 4.19884555 5.43739785 3.8231085 6.634191599999999 4.9085611 7.03779765 3.809174 5.24258455 6.5367849499999995 6.0218827 4.6580997 6.7733568 4.82508895 1.6382238500000001 1.7356305 9.0 7.45529325 6.3635926000000005 2.7017857999999997 3.8231085 5.006012699999999 4.61283505 7.0141089999999995 6.8708084 4.1014389 
9.0 5.70368165 4.0555 6.90231835 4.505 6.00331835 3.90568165 6.15318165 5.02943165 7.05218165 4.57993165 7.72643165 4.8795683499999996 7.6515 4.20531835 6.90231835 5.404 6.37793165 4.43006835 5.92843165 5.404 7.6515 4.505 5.62875 5.10431835 6.5823193 4.74948305 6.303 4.65481835 6.602681649999999 4.65481835 6.37793165 4.28025 
9.0 8.46522985 4.4664778499999995 8.5423191 4.39419825 8.73501975 4.4231011 8.51341625 3.93166275 8.2002496 4.0136066 8.49894235 4.55799605 8.585650900000001 3.88833095 8.4218531 4.230400449999999 8.585650900000001 4.3990079 8.4604202 3.84976385 8.22915245 3.9461366499999997 8.55674805 3.62816035 8.47161275 3.8351101499999998 8.2966224 3.9268530999999998 8.4796588 3.6715371 8.629027650000001 3.74862635 
9.0 8.71542155 4.4964595 7.23620695 6.4470198 8.654514299999999 2.70120145 8.69087885 5.2614186 8.82905515 4.91229195 8.985436199999999 4.8723314 8.6217907 4.73411015 8.3090286 3.3666861999999997 8.43268605 3.8540341 8.31995145 5.67967835 7.87989095 4.34133705 8.30538765 4.38862445 8.42882035 4.4015251 8.934552799999999 4.92685575 8.02534915 4.0467797 8.363552949999999 3.8431112499999998 
9.0 6.0938026999999995 3.8861284 7.62394565 4.3960861499999995 7.57036525 4.3443487 7.009479150000001 4.22995095 7.2845282000000005 4.03450835 7.29635005 4.21161135 7.17327695 4.17735945 6.40508145 3.31791545 7.12167435 4.7293904 6.7406331999999995 4.11074355 6.58353295 4.10094445 6.5281096000000005 4.4796482 6.2646127 4.0987419 6.1046806 4.0417453 5.9538284 4.116766849999999 5.80598785 4.131915 
0.01 9.0 0.009999999999999787 9.0 9.0 0.009999999999999787 0.009999999999999787 9.0 0.009999999999999787 4.505 4.505 4.505 4.505 0.009999999999999787 9.0 9.0 0.009999999999999787 9.0 0.009999999999999787 1.13375 9.0 9.0 0.009999999999999787 9.0 0.009999999999999787 9.0 0.009999999999999787 0.009999999999999787 0.009999999999999787 4.505 4.505 9.0 0.009999999999999787 
9.0 8.2868233 3.6796281 6.4667978 4.63620905 8.704273950000001 4.49299835 8.45821765 5.12508525 8.15138895 4.42458445 8.48572705 6.97684545 8.6275443 1.9210042999999994 7.87625 3.178076 8.4010862 3.6013252 9.0 9.0 6.6001195 3.7727645 8.553466700000001 4.3801289 8.7014421 4.4529479 7.273110900000001 3.0532049 8.30161185 3.3495152999999998 8.69986885 4.44094625 
9.0 4.505 4.505 8.951409049999999 3.4845001499999997 5.35540905 4.26204525 4.505 4.505 8.69627285 4.83300015 9.0 3.606 9.0 4.82086365 9.0 3.99477255 4.505 4.505 9.0 3.55740905 9.0 2.6340911 4.505 4.505 9.0 3.7153184 4.505 4.505 9.0 3.3387272999999995 5.80490905 3.8003638 
0.01 0.009999999999999787 9.0 0.009999999999999787 0.009999999999999787 4.505 4.505 0.009999999999999787 9.0 9.0 0.009999999999999787 0.009999999999999787 0.009999999999999787 0.009999999999999787 9.0 4.505 4.505 0.009999999999999787 0.009999999999999787 0.009999999999999787 9.0 4.505 4.505 9.0 0.009999999999999787 9.0 9.0 9.0 0.009999999999999787 9.0 9.0 4.505 4.505 
9.0 6.794393400000001 0.2798797999999998 9.0 5.7055246 4.346776 0.009999999999999787 9.0 0.009999999999999787 6.4686407500000005 0.009999999999999787 4.505 4.505 0.009999999999999787 2.96478825 2.81123905 4.66785385 9.0 0.009999999999999787 4.505 4.505 4.505 4.505 3.77442765 8.6510082 6.2918524 5.69621995 4.505 4.505 9.0 5.5473006 4.505 4.505 
0.01 9.0 0.009999999999999787 9.0 9.0 9.0 9.0 9.0 9.0 9.0 9.0 9.0 0.009999999999999787 9.0 9.0 9.0 9.0 9.0 0.009999999999999787 9.0 0.009999999999999787 9.0 0.009999999999999787 9.0 0.009999999999999787 9.0 9.0 9.0 0.009999999999999787 9.0 9.0 9.0 9.0 
9.0 8.479479 6.1557438 7.5221788499999995 7.5338209 6.28560435 8.38863505 4.6139588 8.693530899999999 2.9250974 8.26789935 1.7937957999999998 7.149947900000001 0.9693228999999999 6.2480711 0.7613392499999998 4.4761421 1.3891558999999996 3.02331315 2.1449452 2.0811161999999994 3.2744038499999997 1.4427363 4.5412297 1.3686586999999997 5.6749586 1.7775238999999998 6.5083765499999995 2.55493415 6.941694549999999 3.5366871 7.0350557 4.63189385 
9.0 5.3406205 3.7558183499999998 4.505 4.505 4.505 4.505 4.505 4.505 4.505 4.505 5.0236331 3.64775855 4.505 4.505 4.505 4.505 4.505 4.505 4.505 4.505 4.2744964 4.2096335499999995 4.85799235 4.9083813 5.2829946 4.01517985 5.066875 4.93719425 4.6202518 4.2888804 5.2613736499999995 5.38381745 
0.01 0.009999999999999787 0.009999999999999787 4.505 4.505 0.009999999999999787 9.0 9.0 2.819375 4.505 4.505 4.505 4.505 4.505 4.505 9.0 0.009999999999999787 0.009999999999999787 0.009999999999999787 9.0 0.009999999999999787 4.505 4.505 9.0 0.009999999999999787 0.009999999999999787 9.0 0.009999999999999787 0.009999999999999787 4.505 4.505 0.009999999999999787 9.0 
9.0 9.0 4.2271190999999995 9.0 4.6372428999999995 9.0 4.27436155 9.0 4.42827035 9.0 3.9779163 8.30296035 4.2711701 8.7029704 4.2084199 7.6141915000000004 4.17331395 7.459608449999999 3.5895033499999998 8.7712045 3.0864678999999997 8.1392974 3.0821527 8.3226934 2.9390319 7.76517855 3.1936286999999997 7.7905753 2.7710087999999997 6.9483022000000005 3.3235342 7.39110465 2.73005935 
9.0 8.95617375 4.24496425 8.99069535 3.92024545 8.93990185 3.6316214999999996 8.9718613 3.34335715 8.673573099999999 3.1506564999999997 8.66966245 2.79847325 8.5420494 2.5363697999999997 8.3222439 2.1647232 8.43511335 1.9394787500000001 8.0567692 1.81523695 7.863888749999999 1.6005557499999998 7.5742759 1.4268689499999998 7.43785265 1.2158286999999999 7.2473995 1.1178826499999999 6.9661024000000005 0.8965038999999995 6.71631525 0.7631372499999998 
9.0 8.12918365 5.09245155 7.7890919499999995 5.59831885 7.40944425 5.3607581 6.16468885 6.55368615 6.51844535 6.59243305 5.62875 7.0809946 5.6373804 6.17331925 5.18891425 6.83687115 4.0641304 7.089625 4.3493831 6.43268075 4.1069227999999995 6.5018588 3.83331215 6.3032696999999995 3.608697 6.0771712 3.4337516 5.83286795 3.3078016999999997 5.5791252 3.4331223 5.9053723 
9.0 0.009999999999999787 1.8225188499999998 4.505 4.505 0.009999999999999787 7.4049942 0.5899898499999998 9.0 4.505 4.505 4.505 4.505 4.505 4.505 4.505 4.505 4.505 4.505 0.009999999999999787 0.009999999999999787 4.505 4.505 5.84626305 5.55624565 9.0 6.82500435 4.505 4.505 4.505 4.505 4.505 4.505 
9.0 4.505 4.505 0.009999999999999787 1.6836683 9.0 6.8003268 4.8636560499999995 3.4529902 0.009999999999999787 2.8791585 5.0788317 1.8510171499999997 9.0 0.009999999999999787 4.505 4.505 8.23490605 4.14634395 3.3812499999999996 9.0 5.27009395 1.32501225 4.505 4.505 3.6442524499999998 2.40093545 3.5008169999999996 2.3053267999999996 7.8523366 8.5696487 1.46849265 6.56123775 
9.0 0.009999999999999787 5.76831975 5.5038789 5.18073335 1.1025996499999997 1.3142691999999996 3.1241809499999995 7.7073279 0.009999999999999787 9.0 0.8326299499999998 6.03271565 0.9501292499999994 4.3875006999999995 0.09814695000000029 0.7738353499999997 1.8021115499999998 2.0665524 4.29935375 0.7738353499999997 8.7356041 0.2743959 0.009999999999999787 2.5659918499999996 7.84860575 4.9174612 0.009999999999999787 4.74004355 5.32762995 4.6224993 2.6979650499999996 2.3365670499999998 
9.0 4.750427 4.56959315 4.3887593 4.7116801 4.56959315 4.7116801 4.15623295 4.5437468999999995 4.5824938 4.20792545 4.3370668 4.6987345 4.13043165 4.2983199 4.07873915 4.8666677 4.32416615 4.7374814 4.59539445 4.60834005 4.3370668 4.45335245 4.64708695 4.4662531 4.5437468999999995 4.5824938 4.6212406999999995 4.55664755 4.6212406999999995 4.55664755 4.2983199 4.47915375 
9.0 8.3588332 4.50837125 8.187618650000001 4.2498638 7.98956895 4.3170190999999996 8.29504915 4.91121315 8.3822971 5.04210755 8.46289245 4.2297262 8.0264729 4.6627745 8.268169050000001 4.1995198 8.261471499999999 3.8671594999999996 8.46621875 4.55871525 8.573649249999999 4.605688 8.0868857 4.417707099999999 8.208115849999999 4.3396739 8.46621875 4.21628615 7.8284232 4.417707099999999 8.06005055 4.0920893 
9.0 7.8227595 8.25081835 1.0802595 3.4347404999999998 6.00331835 3.8628443 6.5384481 3.8628443 1.48053925 5.0807196 6.00331835 4.505 5.7892664499999995 4.18392215 2.7872807 6.80477685 5.5752595 4.61202595 6.5384481 4.7190519 5.25418165 3.3277595 1.9313877499999998 4.0449817 5.62376055 2.20899895 9.0 4.505 1.5083183499999997 4.2909481 5.6822405 4.61202595 
9.0 8.75866345 5.2915351 8.5930227 5.99477785 8.3300652 6.750702 7.8168261 7.374697899999999 7.16671425 7.8240181 6.693975099999999 8.2634493 5.87413205 8.58039175 5.3122570499999995 8.70463355 4.47349005 8.69024955 3.656344 8.522765849999999 3.0206161499999995 8.2130154 2.4132967 7.9428659 1.8725931499999997 7.486758249999999 1.45159145 6.8677518 1.1193210499999995 6.4148356 0.8546104999999997 5.677835399999999 
