9.0 8.7149271 6.08305965 7.8876673 7.455518 6.55341645 8.4864912 5.19376885 8.8101312 3.52621375 8.83372995 1.9637517499999997 8.25369515 0.9651425499999995 7.11412275 0.3199752 5.674599 0.29583705000000027 4.2165109 0.5930913999999996 2.6643424499999995 1.57969895 1.4724931999999997 2.85088495 0.6864525499999998 4.2992189 0.40461604999999956 5.7334835 0.6499980999999995 6.96947365 1.37589565 7.8685186 2.51942365 
9.0 4.505 4.505 9.0 6.8299938000000004 4.505 4.505 4.99904545 0.009999999999999787 4.505 4.505 4.505 4.505 0.009999999999999787 3.4974907 2.00079055 0.7607998499999997 7.9634529999999994 7.3434576499999995 4.505 4.505 6.9074876 6.1082766 0.4459250999999993 6.5200186 9.0 0.009999999999999787 0.009999999999999787 8.17170635 4.505 4.505 4.505 4.505 
9.0 8.31869285 4.8103903 8.1262619 4.40165995 7.967543450000001 4.35670995 7.504288750000001 4.207431 7.183210900000001 4.1604133 7.5283370000000005 4.24559355 7.393487 4.2156119 6.26699505 4.7086235 7.7078673 4.5676603 7.0208515 4.14364695 6.9066785 4.1250376499999994 6.6193580999999995 3.4791511 6.69222205 4.0946964 6.86995435 4.12126185 6.49525115 4.07253605 6.40292385 4.0641304 
9.0 6.4715625 4.69230665 7.12706835 4.03675585 6.28425585 4.505 6.00331835 4.2240625 6.658869149999999 4.505 5.81605665 4.97324415 6.9398066499999995 4.59863085 6.4715625 3.47488085 6.09699415 3.47488085 6.00331835 4.8795683499999996 5.62875 5.3478125 6.28425585 3.6621875 6.4833394 4.0526232 6.37793165 4.13043165 7.12706835 3.1003125 6.00331835 4.2240625 
9.0 0.009999999999999787 0.009999999999999787 4.505 4.505 6.7890893000000005 0.9763350999999996 7.2283407 5.98381005 0.009999999999999787 2.6455083999999998 4.505 4.505 4.505 4.505 9.0 3.3043854999999995 6.1448659 1.6498659 8.8682066 0.009999999999999787 0.009999999999999787 0.009999999999999787 9.0 1.8255754499999997 0.009999999999999787 0.009999999999999787 0.009999999999999787 0.009999999999999787 9.0 0.009999999999999787 4.505 4.505 
9.0 9.0 1.9327812 8.961792500000001 1.2069735499999998 8.528834100000001 0.12462250000000008 9.0 2.8949809 9.0 3.4608564499999996 7.3319054999999995 0.6212300999999996 9.0 1.9188017499999996 9.0 0.9268451499999997 7.955856450000001 0.5066075999999997 8.847214950000001 0.009999999999999787 7.656894 1.1384248000000001 7.2894727 1.0481652000000001 6.92227615 0.9995292999999998 8.146849 0.009999999999999787 9.0 0.009999999999999787 5.87350275 1.0837655999999996 
9.0 9.0 4.505 9.0 4.505 7.50168165 5.00443945 9.0 4.00556055 8.50056055 4.00556055 9.0 3.5061210999999997 8.0011211 4.505 8.0011211 4.505 9.0 4.00556055 8.0011211 4.00556055 7.50168165 4.00556055 7.50168165 4.505 8.56609765 4.2644276 9.0 5.00443945 8.50056055 4.00556055 9.0 4.505 
9.0 9.0 4.4564090499999995 9.0 4.38350015 9.0 4.2134542999999995 8.78131825 4.4320911 8.951409049999999 4.35922715 8.951409049999999 4.8937725499999996 9.0 4.2134542999999995 8.78131825 4.9180455499999995 8.902818100000001 4.4806820499999995 9.0 4.7965457 9.0 4.6993637999999995 8.902818100000001 4.9180455499999995 8.9350922 4.56123245 9.0 4.35922715 9.0 4.62649985 9.0 4.18913635 
9.0 9.0 4.505 9.0 4.505 6.7524999999999995 6.7524999999999995 7.87625 4.505 8.60448495 5.0486253 8.50856165 5.1437395 8.4121439 5.2344486 7.87625 5.62875 7.87625 6.7524999999999995 7.87625 4.505 9.0 3.3812499999999996 6.7524999999999995 6.7524999999999995 7.8287828 5.6911406 7.87625 5.62875 7.635093250000001 5.8118763 7.53881035 5.86667035 
9.0 7.568252599999999 4.9711315 7.96781315 4.66039215 7.43506575 4.8712526 7.2464106 4.4827946999999995 8.0565894 5.0377474 7.19089735 4.7269631 7.31298155 4.9378684999999995 8.0233264 3.71698155 7.82352365 4.0166632 6.6914579 4.5494106 7.2464106 4.8712526 7.50168165 3.927842 7.37159635 4.39482755 7.94560785 4.6048789 7.25751325 4.183158 6.8135421 4.29413955 
9.0 8.6542446 5.19952245 8.38863505 5.84257715 7.767560899999999 6.1587105 7.6779306 7.0595085 7.087332549999999 7.32421905 6.4499865 7.861686199999999 5.93013975 7.54798015 5.3648036 7.9579691 4.7156357 7.92888645 3.9627232 7.96475655 3.67436895 7.71114865 3.18836955 7.4585746 2.7610298999999996 7.136957349999999 2.4013849499999997 6.75838845 2.1160873 6.3359034 1.97741655 6.08252025 
9.0 9.0 6.9728449 7.325387749999999 9.0 4.5931469499999995 9.0 2.301551 8.647457150000001 0.80323265 7.149138799999999 0.009999999999999787 5.03383675 0.1862938999999999 3.00668165 1.5964652999999998 1.4202163499999996 3.44737145 0.6269387499999999 6.091465299999999 0.009999999999999787 7.8542245 1.24392245 8.647457150000001 3.53547345 8.6796863 5.4883261999999995 7.76607755 7.06099185 5.5626285499999994 8.559310199999999 3.97616325 8.559310199999999 
9.0 8.479479 6.1557438 7.5221788499999995 7.5338209 6.28560435 8.38863505 4.6139588 8.693530899999999 2.9250974 8.26789935 1.7937957999999998 7.149947900000001 0.9693228999999999 6.2480711 0.7613392499999998 4.4761421 1.3891558999999996 3.02331315 2.1449452 2.0811161999999994 3.2744038499999997 1.4427363 4.5412297 1.3686586999999997 5.6749586 1.7775238999999998 6.5083765499999995 2.55493415 6.941694549999999 3.5366871 7.0350557 4.63189385 
0.01 9.0 0.009999999999999787 9.0 9.0 9.0 9.0 9.0 9.0 9.0 9.0 9.0 0.009999999999999787 9.0 0.009999999999999787 9.0 9.0 9.0 0.009999999999999787 9.0 9.0 9.0 9.0 9.0 0.009999999999999787 9.0 9.0 9.0 0.009999999999999787 9.0 9.0 9.0 0.009999999999999787 
9.0 4.505 4.505 8.951409049999999 3.4845001499999997 5.35540905 4.26204525 4.505 4.505 8.69627285 4.83300015 9.0 3.606 9.0 4.82086365 9.0 3.99477255 4.505 4.505 9.0 3.55740905 9.0 2.6340911 4.505 4.505 9.0 3.7153184 4.505 4.505 9.0 3.3387272999999995 5.80490905 3.8003638 
9.0 8.4655445 4.505 8.767024150000001 4.3816572 8.7122301 4.450161 8.561467799999999 4.5872135499999995 8.561467799999999 4.5872135499999995 8.7258949 4.54612925 8.8081534 4.51870975 9.0 4.6283427999999995 8.73960465 4.450161 8.5888873 4.61463305 8.61626185 4.7516856 8.98629025 4.7242660999999995 8.5354867 4.6050587 8.5888873 4.54612925 9.0 4.7516856 8.89036695 4.450161 
9.0 9.0 7.104009 9.0 0.009999999999999787 9.0 0.009999999999999787 9.0 0.009999999999999787 9.0 0.009999999999999787 9.0 0.009999999999999787 9.0 0.009999999999999787 9.0 0.009999999999999787 9.0 0.009999999999999787 9.0 1.6823198000000001 9.0 0.009999999999999787 9.0 0.009999999999999787 9.0 0.009999999999999787 9.0 0.009999999999999787 9.0 0.009999999999999787 9.0 0.009999999999999787 
9.0 8.31599585 4.9813801 9.0 6.2638935 9.0 0.009999999999999787 7.5138631 4.8836588 9.0 5.7203581 9.0 7.2288801 9.0 6.10103965 9.0 4.6251064 7.1311588 2.57102625 9.0 7.3591452 8.5113935 5.699995749999999 8.59693335 3.00668165 9.0 5.2215929 6.19876095 4.41748235 9.0 5.5147568 9.0 6.186534549999999 
9.0 8.31284935 4.3523048499999994 8.3892194 4.1232396499999995 8.18878735 4.505 7.81660135 4.16144715 7.74027625 3.8942194 7.873867649999999 3.9801188499999998 7.98840025 3.6651542 8.017033399999999 3.55066655 7.2917202 4.04691455 8.06472535 3.7987905499999997 8.5228108 4.3523048499999994 8.3224237 3.33113075 7.83646925 3.4571256 7.4825779 3.50292965 7.768864450000001 2.8062496 7.46347415 3.38839705 
9.0 8.651502650000001 3.6308124 8.839034049999999 3.7105536999999997 8.4167288 3.4890401 8.177504899999999 3.2882035 8.06823145 3.20554045 7.6650749000000005 2.27372695 7.3520431 2.25898335 6.1795672999999995 1.3257314500000001 5.7217965 1.26370045 6.3257446999999996 2.0699685999999997 6.0112295499999995 1.8218895499999994 5.1680125 1.6461350499999998 4.9235744 1.8264744499999996 4.1830681 2.0359864 4.422292 2.0743736999999998 4.16980785 2.3519848999999997 
9.0 9.0 6.54820225 9.0 2.4617977499999997 9.0 4.91364045 9.0 4.09635955 9.0 4.505 9.0 3.2790786499999998 9.0 3.6877191 9.0 4.91364045 9.0 4.505 9.0 2.8704381999999997 9.0 4.91364045 9.0 4.09635955 9.0 4.2841157 9.0 6.54820225 9.0 3.2790786499999998 9.0 3.6877191 
9.0 8.553691449999999 4.58469635 9.0 4.42530365 8.553691449999999 4.53686955 8.3146024 4.7600463 9.0 4.6643927 8.904346400000001 4.5528268 8.888434100000001 4.6643927 9.0 4.36156455 8.5377342 4.36156455 8.3783415 4.85565495 9.0 4.919439 8.553691449999999 4.7122195 8.74400975 4.65095265 8.76091095 4.6165658999999994 9.0 4.5528268 8.71308415 4.6006536 
9.0 9.0 4.7328965 9.0 4.99167365 9.0 5.3814351 9.0 5.7839623499999995 9.0 6.0704287 9.0 6.2248319500000004 8.75614625 6.43250095 8.511213699999999 6.77007545 7.9169747 7.1481049500000005 8.1299478 7.2002919 8.0820311 7.3259720999999995 7.50060285 7.3791929 7.17579415 7.62610325 6.7317331 7.7721458000000005 6.61886365 7.72742055 6.00547595 7.887172850000001 
9.0 8.62992665 5.3230001 8.3747455 6.10265785 7.78064135 6.56132765 7.221103749999999 7.64543175 6.7694012 7.8727439 6.127695 8.18168525 5.2090968 8.2609321 4.5228002 8.3351895 3.7682694999999997 8.00449235 2.8869797999999998 7.92987535 2.56823935 7.44405575 2.116357 6.927175699999999 1.7932563999999998 6.3466914 1.60523055 5.7338431 1.5513354999999995 5.11933165 1.6256827999999999 4.7474603 
9.0 7.71986895 4.47591735 7.50168165 4.31589535 7.34165965 4.2722489 8.0108303 4.86869045 7.5307642999999995 4.94141955 7.4143887500000005 5.2178170999999995 7.2107203 4.417707099999999 6.94888655 4.30133155 6.6143237 4.0540616 7.4143887500000005 5.17417065 6.265197049999999 5.47965085 6.86159365 4.2576851 6.532469750000001 4.506798 5.9160704 4.1995198 6.7161354499999995 4.024934 5.87242395 4.2722489 
9.0 6.2709057 6.85952595 0.9618611999999995 5.0148229 3.7575714 1.0718088999999997 7.50168165 4.5584905 8.19732785 6.3243962 1.4830115 5.8862685500000005 2.94087485 1.6431234 6.59198355 5.2006461999999996 6.9665519 4.7725424 2.1752415 6.52599695 2.36308755 2.3656497 5.94982785 7.6621980999999995 6.84109645 6.2512176 7.0735778499999995 6.2709057 2.03764955 3.1603207499999995 5.64857295 1.9951268499999997 
9.0 8.47143295 5.8819983 7.7967784 7.1038292 6.03819955 7.13578865 4.76197915 9.0 4.0897518999999996 8.6457041 1.6999851499999998 7.741220200000001 1.3689733499999996 5.9684821 0.8450810999999994 6.35671525 0.009999999999999787 4.47016375 0.9551636499999998 2.6582292499999998 1.04830005 2.4607639 1.9319720999999999 1.4661552499999995 3.0841304999999997 0.8246737999999998 4.37109395 0.6014970499999999 5.6463704 0.8133913499999998 4.5137203 0.8332142999999999 
9.0 8.82411065 4.892469 8.854362 5.37159105 8.8213687 5.73892245 8.912077799999999 6.0805874 8.67937165 6.5853309499999995 8.38261175 6.86563915 8.227759 7.1477903000000005 7.797227899999999 7.60947175 7.606684850000001 7.792643 6.95356135 7.598459 6.67783805 7.93005515 6.33064425 7.86227055 6.00637495 8.2716302 5.6262328 8.37344195 5.1233322 8.40823325 4.9117076 8.38351075 
9.0 9.0 4.58181955 8.82986425 4.3637671 9.0 4.3505518 9.0 4.27705855 8.9562187 4.1862146 8.96282635 4.1003601 9.0 3.79807135 9.0 3.8641478499999997 8.924034500000001 3.9740056499999996 9.0 3.67257095 9.0 3.6387235999999996 8.95374645 3.5123691499999996 8.8422255 3.59507715 8.757225049999999 3.73532115 8.8397982 3.49088305 8.41614445 3.4578448 
9.0 9.0 2.47501305 9.0 9.0 7.7061592 0.009999999999999787 4.505 4.505 4.505 4.505 4.505 4.505 0.009999999999999787 5.1574942 6.9365253 2.7371165 0.009999999999999787 2.05670835 1.35962375 9.0 4.505 4.505 9.0 8.58174025 6.82500435 9.0 9.0 3.60154995 5.659405899999999 9.0 3.0494291 9.0 
9.0 4.96056825 4.99095445 4.505 4.505 4.505 4.505 6.9651135 8.2103184 5.90209095 9.0 4.505 4.505 4.505 4.505 6.1754318999999995 0.009999999999999787 5.9932046 0.009999999999999787 4.505 4.505 4.505 4.505 2.5915684 0.009999999999999787 9.0 0.009999999999999787 6.99545475 3.4419774499999995 4.505 4.505 4.505 4.505 
9.0 9.0 4.35374325 9.0 4.52680075 9.0 3.9628131 8.50397675 4.5588501 7.7900358999999995 4.7453027 8.34566285 4.54217365 6.958865449999999 4.51844005 8.27068625 3.8917022 7.90029825 4.1211269999999995 7.69137065 3.2687850999999997 6.45515575 3.9628131 7.0908836 2.6971109999999996 7.1563308 3.50958225 6.4423449999999995 3.7244432499999998 7.2215982 3.418109 7.02422275 2.7862019 
9.0 9.0 0.009999999999999787 4.505 4.505 8.00844795 0.0430382499999995 8.140645899999999 6.98385765 2.6210556 0.24135764999999942 4.505 4.505 4.505 4.505 7.74405205 1.0345903 7.81012855 1.7947846999999997 4.505 4.505 5.3312709 0.009999999999999787 0.009999999999999787 0.009999999999999787 0.009999999999999787 0.009999999999999787 9.0 0.009999999999999787 9.0 0.009999999999999787 4.505 4.505 
9.0 8.910189899999999 4.50837125 9.0 4.505 8.9542409 4.50162875 8.76270895 4.6126103 8.896615 4.6007435 8.9050656 4.64313135 8.9626915 4.6100931 8.72710855 4.7617993499999995 8.7101624 4.7422910499999995 8.898323099999999 4.7533038 9.0 4.78553295 8.73726725 4.86940965 8.85206955 4.83111225 8.80675995 4.8685556 8.9186405 4.8702637 8.87625265 4.8922892 
9.0 4.750427 4.56959315 4.3887593 4.7116801 4.56959315 4.7116801 4.15623295 4.5437468999999995 4.5824938 4.20792545 4.3370668 4.6987345 4.13043165 4.2983199 4.07873915 4.8666677 4.32416615 4.7374814 4.59539445 4.60834005 4.3370668 4.45335245 4.64708695 4.4662531 4.5437468999999995 4.5824938 4.6212406999999995 4.55664755 4.6212406999999995 4.55664755 4.2983199 4.47915375 
9.0 4.505 4.505 9.0 0.009999999999999787 4.505 4.505 4.505 4.505 9.0 9.0 9.0 3.3658771 9.0 5.5517956 9.0 0.009999999999999787 4.505 4.505 4.505 4.505 9.0 9.0 4.505 4.505 9.0 0.009999999999999787 4.505 4.505 9.0 0.009999999999999787 4.505 4.505 
9.0 6.00331835 3.3812499999999996 6.5027577999999995 5.5038789 6.25306055 5.25418165 6.37793165 5.12931055 6.7524999999999995 4.00556055 6.97324945 4.12548715 7.12706835 6.00331835 7.0022422 4.6298711 5.62875 3.6309921999999997 6.6276288999999995 4.2552578 6.8773710999999995 4.3801289 6.25306055 4.8795683499999996 6.37235785 3.8641927999999997 5.3790078 3.8806894499999998 6.1647338000000005 3.83933545 4.8795683499999996 2.2575 
9.0 8.46522985 4.4664778499999995 8.5423191 4.39419825 8.73501975 4.4231011 8.51341625 3.93166275 8.2002496 4.0136066 8.49894235 4.55799605 8.585650900000001 3.88833095 8.4218531 4.230400449999999 8.585650900000001 4.3990079 8.4604202 3.84976385 8.22915245 3.9461366499999997 8.55674805 3.62816035 8.47161275 3.8351101499999998 8.2966224 3.9268530999999998 8.4796588 3.6715371 8.629027650000001 3.74862635 
9.0 9.0 5.7656677 9.0 4.61634115 9.0 4.8539918 9.0 4.69904915 8.944351900000001 6.000306699999999 9.0 4.7517305499999996 9.0 4.7020608 8.8089625 3.3993199 8.29747645 4.1153734 9.0 4.6915425 8.99698835 5.7355512 9.0 2.7494327999999997 8.838809300000001 4.4072787 8.40427765 5.555032 8.756281099999999 3.51515605 8.11695725 4.17556145 
9.0 9.0 4.2271190999999995 9.0 4.6372428999999995 9.0 4.27436155 9.0 4.42827035 9.0 3.9779163 8.30296035 4.2711701 8.7029704 4.2084199 7.6141915000000004 4.17331395 7.459608449999999 3.5895033499999998 8.7712045 3.0864678999999997 8.1392974 3.0821527 8.3226934 2.9390319 7.76517855 3.1936286999999997 7.7905753 2.7710087999999997 6.9483022000000005 3.3235342 7.39110465 2.73005935 
9.0 7.1327320499999995 2.9081063 9.0 6.0934431 7.8931512 4.4796482 8.21422905 5.37527695 6.760950599999999 3.2629415999999996 7.47066615 4.79227545 7.63967815 5.1640569 7.7579416000000005 2.58702845 7.926953599999999 4.70776945 7.51291915 5.42598055 8.315591300000001 2.6630838499999996 7.4200075 4.29377995 7.0597782 4.02983355 6.879258999999999 3.9050973 5.2063099 3.9558009 6.5172766499999994 4.04161045 
9.0 9.0 4.91364045 8.79570225 4.09635955 7.97842135 4.505 9.0 4.505 8.79570225 4.505 9.0 4.70929775 8.59135955 4.30070225 9.0 4.505 9.0 4.505 8.3870618 4.91364045 7.97842135 4.91364045 8.59135955 4.70929775 8.61976795 4.63522015 8.79570225 4.91364045 8.3870618 4.09635955 8.3870618 4.70929775 
0.01 0.009999999999999787 9.0 4.505 4.505 4.505 4.505 0.009999999999999787 9.0 9.0 9.0 4.505 4.505 4.505 4.505 9.0 0.009999999999999787 0.009999999999999787 9.0 9.0 9.0 4.505 4.505 0.009999999999999787 0.009999999999999787 9.0 0.009999999999999787 9.0 9.0 0.009999999999999787 9.0 4.505 4.505 
0.01 0.009999999999999787 9.0 0.009999999999999787 0.009999999999999787 4.505 4.505 0.009999999999999787 9.0 9.0 0.009999999999999787 0.009999999999999787 0.009999999999999787 0.009999999999999787 9.0 4.505 4.505 0.009999999999999787 0.009999999999999787 0.009999999999999787 9.0 4.505 4.505 9.0 0.009999999999999787 9.0 9.0 9.0 0.009999999999999787 9.0 9.0 4.505 4.505 
9.0 8.785004149999999 4.8014452499999996 8.7129493 5.0906985 8.5952702 5.3658824 8.32040095 2.2592081 8.55153385 7.261334 8.00826815 6.0480436 7.7528173 6.2125606 7.47821775 6.3409378 8.7964664 7.1957968999999995 6.8989471 6.4867556 6.60744635 6.50576945 6.322778 6.4917450500000005 6.0501113 6.44778395 8.565333500000001 9.0 5.55705475 6.285919 5.3425084 6.17673545 
9.0 8.4416311 4.67252865 8.54829745 4.52041785 8.5149895 4.5279245 8.38575825 4.505 8.77664345 4.84001235 8.41659395 4.5496802999999995 8.38431985 4.55673745 8.27410245 4.22581555 8.3578443 4.6166558 8.2889809 4.57705485 8.2576957 4.58361755 8.078659850000001 4.3095574 8.19588945 4.59638335 8.1903606 4.8958851999999995 8.135027149999999 4.6087446 8.1049556 4.61472295 
9.0 6.7734467 3.745345 7.7163179 4.5730093499999995 7.69928185 4.6064970999999995 7.56452175 4.5626259 6.06094425 4.7564503 7.6087975 4.70246535 7.56613995 4.7323571 7.51768385 4.7608554 7.35496485 4.2954431 7.40440985 4.8131772 7.34031115 4.83677595 8.28228335 5.31702175 7.19907825 4.8782648 6.2233486 4.8088619999999995 7.0431467 4.9116177 6.9607084 4.9251027 
9.0 6.794393400000001 0.2798797999999998 9.0 5.7055246 4.346776 0.009999999999999787 9.0 0.009999999999999787 6.4686407500000005 0.009999999999999787 4.505 4.505 0.009999999999999787 2.96478825 2.81123905 4.66785385 9.0 0.009999999999999787 4.505 4.505 4.505 4.505 3.77442765 8.6510082 6.2918524 5.69621995 4.505 4.505 9.0 5.5473006 4.505 4.505 
9.0 7.2711331 5.35558885 8.01815715 4.585011 7.9879957 4.62398265 7.43021115 4.0416554 7.9903331 4.8646 7.82954695 4.732447 7.755873899999999 4.7646312 7.58924425 4.10391115 7.2780553999999995 5.2380446 7.48217335 4.84540635 7.3763161 4.86644295 7.208922299999999 4.17996655 7.14819485 4.89907665 6.980711149999999 5.6598554 6.90483555 4.91885465 6.779874550000001 4.9240239 
9.0 9.0 5.58726115 8.991684249999999 4.52158655 8.1119678 3.15052165 8.54685905 3.4493042999999997 7.68040285 3.42273885 7.82478225 3.13227195 7.7185654 2.8832939 6.6263703 1.7545544499999997 6.32426135 2.0300979499999996 7.24879295 2.7372064 6.8952612 3.03598905 5.5822717 2.1612171 5.8178996000000005 2.3298695 5.07932615 2.7455221499999998 5.20878215 2.19776145 5.3299673499999995 2.41019515 
0.01 9.0 9.0 9.0 0.009999999999999787 9.0 0.009999999999999787 9.0 9.0 4.505 4.505 9.0 0.009999999999999787 4.505 4.505 4.505 4.505 4.505 4.505 0.009999999999999787 9.0 9.0 9.0 4.505 4.505 9.0 9.0 4.505 4.505 0.009999999999999787 0.009999999999999787 4.505 4.505 
9.0 9.0 4.6156219499999995 8.9852564 4.72350195 8.88964775 4.82607785 7.280437750000001 0.009999999999999787 8.597068199999999 5.00605765 8.4813669 6.916118 8.194361149999999 5.14045815 7.96295855 5.18774555 9.0 6.34808485 7.4649575 5.24087645 7.2082031 5.2473942 6.952347700000001 5.2417305 6.70157165 5.22505405 6.45947095 5.1988482 6.2289224 5.16473115 9.0 9.0 
0.01 9.0 9.0 9.0 0.009999999999999787 9.0 9.0 9.0 9.0 9.0 9.0 9.0 9.0 9.0 9.0 9.0 0.009999999999999787 0.009999999999999787 9.0 0.009999999999999787 9.0 0.009999999999999787 9.0 9.0 0.009999999999999787 9.0 9.0 0.009999999999999787 9.0 0.009999999999999787 0.009999999999999787 0.009999999999999787 9.0 
9.0 8.95617375 4.24496425 8.99069535 3.92024545 8.93990185 3.6316214999999996 8.9718613 3.34335715 8.673573099999999 3.1506564999999997 8.66966245 2.79847325 8.5420494 2.5363697999999997 8.3222439 2.1647232 8.43511335 1.9394787500000001 8.0567692 1.81523695 7.863888749999999 1.6005557499999998 7.5742759 1.4268689499999998 7.43785265 1.2158286999999999 7.2473995 1.1178826499999999 6.9661024000000005 0.8965038999999995 6.71631525 0.7631372499999998 
9.0 7.2324760999999995 4.3830956 7.52199905 4.6878566 6.88200095 4.30690535 6.7753346 4.67261855 7.6743346 4.15452485 7.1105716999999995 4.4135717 6.897239 4.85547515 7.3848566 5.0382868 7.06485755 4.39833365 6.897239 4.5354760999999995 7.72004875 4.3526195 6.88200095 4.3526195 7.0789269 4.5387125 7.1410478 4.48976195 7.15628585 4.3830956 6.76009655 4.809761 
9.0 5.2776005999999995 0.009999999999999787 0.009999999999999787 9.0 4.505 4.505 4.505 4.505 0.009999999999999787 9.0 4.505 4.505 1.7471377000000001 1.4615253999999998 8.124418949999999 6.1297627 6.84145605 5.15115625 4.505 4.505 0.009999999999999787 3.28761915 0.6935995999999998 8.8314375 9.0 9.0 0.009999999999999787 7.5484746000000005 4.505 4.505 4.505 4.505 
9.0 8.450351399999999 4.1385676 8.254908799999999 4.83479815 8.31599585 4.6882162 7.9739713000000005 4.4072787 7.9739713000000005 4.24847035 8.20604815 4.0286199 7.55867825 4.48059215 8.46253285 3.5644662 8.254908799999999 4.65158195 8.38926435 4.2362889 8.87787085 3.2468944499999997 8.3281773 3.6621875 8.26753975 4.04601555 8.3648565 4.35841805 8.03505835 4.0163934999999995 8.0594662 4.48059215 
9.0 9.0 4.0768962 0.009999999999999787 0.009999999999999787 0.009999999999999787 0.009999999999999787 9.0 5.9319827 8.16163755 7.929740499999999 0.009999999999999787 0.009999999999999787 0.009999999999999787 9.0 6.6340118 9.0 9.0 9.0 7.599313049999999 0.009999999999999787 0.009999999999999787 0.009999999999999787 8.23301815 6.1460346 9.0 9.0 9.0 6.7881903 0.009999999999999787 3.042327 0.009999999999999787 7.77875345 
9.0 8.83615725 4.1814499 9.0 3.86073165 9.0 3.54698065 9.0 2.8789787 8.6660215 2.5465734499999995 8.7532245 2.6769733999999996 8.5681204 2.42017405 8.92380975 2.92019785 8.30493815 1.5374009999999996 7.8918026999999995 1.7815244499999996 7.63518315 1.6180862499999997 8.3305147 1.563472 7.0930861499999995 1.3714456 5.64830325 1.6318409499999995 6.5328743 1.2335839499999994 6.25333025 1.204771 
0.01 9.0 9.0 0.009999999999999787 0.009999999999999787 0.009999999999999787 0.009999999999999787 4.505 4.505 4.505 4.505 0.009999999999999787 0.009999999999999787 4.505 4.505 4.505 4.505 4.505 4.505 0.009999999999999787 9.0 9.0 9.0 4.505 4.505 9.0 0.009999999999999787 4.505 4.505 0.009999999999999787 0.009999999999999787 0.009999999999999787 0.009999999999999787 
9.0 6.634191599999999 4.031856299999999 8.270955950000001 4.5839322 8.24281725 4.62254425 7.58052395 4.26842815 7.58052395 4.505 8.0945272 4.7310086 8.02525925 4.7637322 8.29028445 6.634191599999999 9.0 4.74157185 7.7661225 4.84801345 7.66502995 4.87093795 6.39761975 5.4513323499999995 7.445584050000001 4.9081116 6.8708084 3.55866765 7.2087425 4.9335533 7.0859391 4.94186905 
9.0 9.0 4.86518435 8.855036250000001 4.4833340999999995 8.850900849999999 4.4725461 8.459700999999999 4.32866115 9.0 4.56878405 8.8285607 4.4404518 8.81781765 4.42988855 8.93244015 4.5500399 8.6022824 4.1072824 8.775969199999999 4.3987381999999995 8.7588882 4.38853455 8.9174718 4.59503485 8.7200514 4.3686217 9.0 4.24235715 8.6751913 4.3492932 8.6505587 4.33989865 
9.0 4.505 4.505 2.9914435999999998 8.3431906 4.505 4.505 7.60066155 0.009999999999999787 8.868656099999999 5.91575575 3.3341424 1.8434206 3.14566705 7.45214675 8.73726725 5.24177545 4.505 4.505 4.505 4.505 3.6939671499999998 0.009999999999999787 4.505 4.505 9.0 0.009999999999999787 4.505 4.505 4.70489265 7.28655095 4.505 4.505 
9.0 9.0 3.79033995 7.7555143 5.7494857 8.25576285 1.8804594 9.0 3.2370953499999997 9.0 2.26365815 8.0992919 3.94191135 7.958823150000001 5.1629781 9.0 6.27319815 9.0 5.7002205 8.8361123 4.41999955 8.667325049999999 0.3993568999999999 9.0 5.17039485 9.0 3.9843891 9.0 4.00475145 9.0 6.904071399999999 9.0 1.9087779 
9.0 8.2868233 3.6796281 6.4667978 4.63620905 8.704273950000001 4.49299835 8.45821765 5.12508525 8.15138895 4.42458445 8.48572705 6.97684545 8.6275443 1.9210042999999994 7.87625 3.178076 8.4010862 3.6013252 9.0 9.0 6.6001195 3.7727645 8.553466700000001 4.3801289 8.7014421 4.4529479 7.273110900000001 3.0532049 8.30161185 3.3495152999999998 8.69986885 4.44094625 
9.0 6.73069925 4.94141955 5.8360594 4.76683375 6.07604745 4.505 7.0798258999999995 4.39590635 7.123427400000001 4.61409365 6.0106002499999995 4.7231873 6.86159365 4.52680075 6.62156065 4.024934 6.4470198 4.52680075 6.07604745 4.76683375 5.3559934 5.6614736 5.9015066 3.82854745 6.14778765 4.67648425 6.272434 5.2905462 5.6833193 4.505 6.18518605 4.417707099999999 
9.0 8.5557142 5.25148465 8.069490049999999 6.18518605 7.7859005 6.77564925 7.1922908 7.78621515 6.49641985 8.1527824 5.6023194 8.43781035 4.7943881 8.327458100000001 3.93813555 8.4334502 3.21318195 8.08378415 2.40875675 7.4682838 1.9367817499999997 6.92353475 1.4412529499999995 6.30079745 1.2756121999999999 5.66628325 1.2520134499999998 5.0092491 1.2921987499999998 4.25665125 1.46192995 3.6103152 
9.0 7.8227595 8.25081835 1.0802595 3.4347404999999998 6.00331835 3.8628443 6.5384481 3.8628443 1.48053925 5.0807196 6.00331835 4.505 5.7892664499999995 4.18392215 2.7872807 6.80477685 5.5752595 4.61202595 6.5384481 4.7190519 5.25418165 3.3277595 1.9313877499999998 4.0449817 5.62376055 2.20899895 9.0 4.505 1.5083183499999997 4.2909481 5.6822405 4.61202595 
9.0 8.42063945 4.6994537 8.0985727 5.32745015 8.955454549999999 5.8216754 8.52600225 4.13025185 8.487480099999999 4.4138414 8.5705477 3.3037562 8.5239795 5.4023818 8.4895478 4.2963420999999995 8.3011174 4.46045455 8.9047959 2.9756212 8.0539823 3.37671005 8.40041195 4.09177465 8.36921665 4.3742854 8.045891300000001 4.32066005 7.91827825 5.4854494 8.4712981 4.91822535 
9.0 7.46473275 6.46558415 6.51341095 7.8674398 4.7440890499999995 8.3305147 3.06538635 8.19714805 1.43702765 6.8607396000000005 0.7197155499999996 4.82463945 0.7826455499999998 3.21390115 2.3909116 1.2809612499999994 4.29108295 0.6392100999999997 5.5519754 1.0745958 7.05200185 2.1618464 7.844785 3.66690725 7.8653721 5.5708993499999995 6.53606575 7.160241449999999 5.42867755 7.9555418 3.67194165 7.8473022 
9.0 8.691957649999999 5.8212259 8.09726915 7.0112322 7.1998424 7.7232402 5.682824849999999 8.66966245 4.7133882 8.8538226 3.46049685 8.7810935 1.9911263 8.1467591 1.2088614499999997 7.30920575 0.4147747499999994 6.13219 0.3581826999999995 4.776498 0.29687090000000005 3.6132818999999996 0.7655195999999997 2.3965753 1.57583325 1.3784578 2.65202615 0.6516612500000001 3.8941295 0.28181265 4.95481465 0.24270615000000006 
0.01 9.0 9.0 9.0 0.009999999999999787 4.505 4.505 4.505 4.505 0.009999999999999787 0.009999999999999787 4.505 4.505 4.505 4.505 0.009999999999999787 9.0 9.0 9.0 0.009999999999999787 9.0 0.009999999999999787 9.0 9.0 0.009999999999999787 9.0 9.0 0.009999999999999787 9.0 9.0 9.0 4.505 4.505 
9.0 8.80037705 4.49803275 8.38962395 3.9096821999999998 8.7744409 4.4842780499999995 8.227264550000001 2.20486355 8.66022295 4.9710415999999995 9.0 3.86459735 8.9669168 4.3907371 8.81359235 3.8074659 8.28138435 7.28016805 9.0 3.77137105 8.4377654 4.12314975 8.35905795 4.4302032 8.2867334 4.42548345 8.21009365 4.42107835 8.1294983 4.41703285 8.04530695 4.41334695 
9.0 8.288756150000001 6.458527 6.7524999999999995 7.9283920000000006 4.9507242 8.706026999999999 2.8075082 8.4689607 1.2522831499999998 7.25508595 0.2850041000000001 5.37743455 0.6074304499999998 3.35756135 1.6790384499999997 1.5557405999999996 3.37653025 0.6548526999999997 5.23521275 0.6169148999999998 6.81889115 1.4988338999999997 7.87153025 3.2058101499999996 8.00826815 4.86158835 7.38786825 6.43007365 5.91800325 7.31199265 4.4860311 7.62493455 
9.0 4.7928598 3.8185685499999997 4.30573665 4.7706994499999995 4.8814113 4.3942881499999995 4.4385639 5.34641905 4.7928598 4.505 5.05855925 4.0621526 4.7706994499999995 4.505 4.5935515 4.3721277999999995 3.9292803999999997 3.5749845 4.81502015 4.5714361 4.81502015 4.6378722 4.8592959 5.2357072 5.76715105 4.2835763 4.23930055 4.084268 4.70426335 4.74858405 4.83713555 4.0178768499999995 
9.0 8.4699496 3.84697695 8.7036896 4.00798785 8.644895 3.7655724999999998 8.47439965 3.7392317999999998 8.4813669 3.07518545 8.33784155 3.09073815 8.1961142 2.8902162 8.13161095 2.9932415999999997 7.887172850000001 2.3913610999999997 7.67644725 2.3854726499999996 7.4784425 2.25367925 7.26030015 2.3435343 7.0583398 2.0494264499999995 6.76054605 1.8145627000000002 6.62102125 1.9259038499999996 6.40139555 1.8940342999999995 
9.0 8.26322455 5.09901425 7.74908645 4.77735205 7.464013550000001 4.87875925 5.5787656 5.08759695 6.47547315 5.4188335 6.726339100000001 5.0752357 6.51637765 5.11213965 5.8243724 4.6363439 6.6697021 5.2132322 5.98093325 5.1619892 5.830800249999999 5.1629781 5.6932982 5.1581235 5.56766295 5.1484143 5.69298355 5.23035815 5.34857665 5.1177584 5.25364225 5.0982501 
9.0 7.46760955 1.67858895 4.505 4.505 4.505 4.505 7.97842135 9.0 9.0 3.2450514999999998 4.505 4.505 4.505 4.505 7.29733895 3.48342135 8.28489045 0.009999999999999787 9.0 0.009999999999999787 4.505 4.505 4.505 4.505 9.0 0.28244194999999994 3.92608895 0.31646909999999995 4.505 4.505 4.505 4.505 
9.0 6.6598131 3.94892355 6.4281407999999995 3.94892355 7.65612985 2.7440837499999997 7.7951602 4.8293592 5.68669055 3.53187745 6.72935075 5.22325605 6.543976949999999 3.9720728 6.4049466 4.7830607 6.7524999999999995 3.276966 6.96102305 5.33913715 6.4049466 4.87570265 7.67932405 5.3854806 6.9051502 3.9455073499999997 5.2001068 3.32330945 6.63666385 4.6903738 6.543976949999999 2.1880072999999998 
9.0 7.3597745 4.3077594 7.9450235 4.6384115999999995 7.266368399999999 6.1244586 7.4428421 4.4842331 7.390924849999999 4.8787143 8.0760977 2.5533608999999995 7.76463915 6.97567675 7.1833008 5.12787215 7.3597745 5.491203 7.3493910499999995 3.3630902000000003 7.69424745 5.19538705 7.411691749999999 5.543120249999999 7.59643625 5.3007948 7.27675185 4.84756395 7.4859042 5.3968529499999995 7.60893235 6.1556089499999995 
0.01 0.009999999999999787 9.0 9.0 9.0 4.505 4.505 9.0 0.009999999999999787 9.0 0.009999999999999787 9.0 0.009999999999999787 0.009999999999999787 0.009999999999999787 4.505 4.505 0.009999999999999787 0.009999999999999787 4.505 4.505 4.505 4.505 0.009999999999999787 0.009999999999999787 9.0 0.009999999999999787 9.0 9.0 0.009999999999999787 0.009999999999999787 4.505 4.505 
9.0 5.81183135 4.95562375 5.5526946 5.28232035 4.67396705 6.0484032 5.0457485 5.6879042 4.7866567 5.4625698499999995 4.29261125 5.07887665 4.22033165 4.86041965 4.2205563999999995 4.68916015 4.26087655 4.5682896 4.3177383 4.492414 4.3757238 4.4521388 4.42611275 4.43735025 4.4651743 4.4386987499999995 4.492414 4.4488125 4.5093152 4.4623874 4.5180355 4.47591735 
9.0 5.8999783 4.03999225 5.5900031 4.03999225 5.4350154999999996 4.19497985 4.83785475 4.26087655 4.66902255 4.33917945 4.58172965 4.39788415 4.53830795 4.4383840999999995 4.51763095 4.46485965 4.5085061 4.48149115 4.50486515 4.49155995 4.5037414 4.4975382999999995 4.50360655 4.5009545 4.50387625 4.5028424 4.5041909 4.5039212 4.5044606 4.5044606 4.5046403999999995 4.5047303 
9.0 9.0 4.2081501999999995 9.0 7.33401815 9.0 4.93458715 9.0 5.416586 9.0 0.009999999999999787 9.0 2.68187295 9.0 3.7924975499999998 9.0 4.72503025 9.0 1.7388668999999997 9.0 3.3105436499999996 9.0 0.009999999999999787 9.0 1.8960120999999996 9.0 0.8473286 9.0 0.009999999999999787 9.0 0.97395275 9.0 2.3360725999999996 
9.0 4.47618705 2.2575 4.505 4.505 4.4185611499999995 9.0 4.505 4.505 4.505 4.505 4.505 4.505 4.505 4.505 4.505 4.505 5.9168795 8.683057550000001 2.9202428 7.84743705 2.94905575 0.8744334499999997 4.505 4.505 1.7388668999999997 2.1998740999999997 4.505 4.505 4.505 4.505 4.505 4.505 
9.0 8.2023173 4.1646386 8.1217669 4.51538345 8.4387543 4.4504307 8.40760395 4.1672457 7.7787983999999994 3.9775567 8.3088488 4.7310535499999995 8.24128895 4.17241495 7.8671701 4.80638975 8.0256638 4.7907921 8.40499685 4.3984685 8.0490378 4.2347605999999995 7.85157245 4.3984685 7.95342915 4.38224155 7.8333677 4.162031499999999 7.6541071 4.3153109999999995 8.03083305 4.5595693 
9.0 8.8068948 3.96132975 7.3511441 3.9345844999999997 8.83660675 3.6850221 8.8663187 4.885277 8.64053485 4.4544762 8.26025785 3.39388095 9.0 3.09379475 8.967321349999999 3.5513408 8.940576100000001 3.5602408999999997 9.0 3.2839332499999996 8.6910137 2.7313628999999997 9.0 3.64047665 8.49624535 3.0861532499999997 8.1651886 3.4384264 8.50982025 3.07302785 7.6304184500000005 2.63629365 
0.01 0.009999999999999787 0.009999999999999787 4.505 4.505 0.009999999999999787 9.0 9.0 2.819375 4.505 4.505 4.505 4.505 4.505 4.505 9.0 0.009999999999999787 0.009999999999999787 0.009999999999999787 9.0 0.009999999999999787 4.505 4.505 9.0 0.009999999999999787 0.009999999999999787 9.0 0.009999999999999787 0.009999999999999787 4.505 4.505 0.009999999999999787 9.0 
9.0 9.0 3.8418077 9.0 4.7260641 7.084096150000001 4.43132695 7.4525513 4.57867305 8.3368077 4.3576089499999995 7.74728845 4.505 7.5998974 3.76813465 5.3892564 3.8418077 7.451832100000001 3.7329388 7.52622435 4.65239105 9.0 3.1786154 5.905102599999999 2.9575512999999996 6.85970575 3.59139125 5.97877565 4.3576089499999995 5.75771155 2.5154230999999996 6.715641 4.2102628499999994 
9.0 6.6216954999999995 5.5276574499999995 6.4076436 6.0152301 5.6584619499999995 6.64547405 4.5882474 6.72872145 4.4098858 6.9308616 2.97099135 5.9082041499999995 2.6499135 5.967673 2.1861643499999994 4.8141661 2.2575 3.981782 3.8390657499999996 3.8509775 3.8390657499999996 2.7926297499999997 3.458564 4.51691175 4.6656512999999995 3.07833195 5.21849135 3.52989965 5.6228166 3.41096195 5.706064 4.69527335 
9.0 5.70368165 4.0555 6.90231835 4.505 6.00331835 3.90568165 6.15318165 5.02943165 7.05218165 4.57993165 7.72643165 4.8795683499999996 7.6515 4.20531835 6.90231835 5.404 6.37793165 4.43006835 5.92843165 5.404 7.6515 4.505 5.62875 5.10431835 6.5823193 4.74948305 6.303 4.65481835 6.602681649999999 4.65481835 6.37793165 4.28025 
9.0 8.75965235 5.79564935 7.7663022999999995 7.5277975999999995 6.6430018 8.211352250000001 4.56195165 8.51044955 3.38704855 8.30215125 2.3634022 7.02575105 1.09414905 6.38134785 1.51784775 4.8289995999999995 1.5641013 3.62735125 2.14624875 2.5271999999999997 3.1182475499999995 2.02874945 4.31985095 1.5925995999999998 5.22802075 1.9689209999999995 6.1570024 2.6215500499999997 6.575352049999999 3.49205175 6.7694012 4.236199 
9.0 9.0 9.0 9.0 9.0 8.5958995 9.0 3.2926985 9.0 0.7673175999999997 9.0 0.009999999999999787 9.0 0.009999999999999787 7.7650437 0.009999999999999787 1.9078339499999997 0.009999999999999787 2.6147625999999997 0.009999999999999787 0.009999999999999787 2.1299319 0.009999999999999787 8.5511293 0.009999999999999787 9.0 0.009999999999999787 9.0 0.009999999999999787 9.0 2.9458642999999998 9.0 6.07128275 
9.0 9.0 9.0 0.009999999999999787 9.0 0.009999999999999787 0.7986027999999998 6.06247255 5.4513323499999995 6.57508235 4.8204591 5.53017465 4.7613049 6.0822056 6.06247255 7.77767465 4.32758235 5.53017465 6.890496499999999 4.505 4.505 3.1643662499999996 3.7755514 9.0 1.5083183499999997 9.0 0.009999999999999787 9.0 3.40098305 6.0822056 5.41186625 8.23113025 4.85988025 
9.0 8.3588332 4.50837125 8.187618650000001 4.2498638 7.98956895 4.3170190999999996 8.29504915 4.91121315 8.3822971 5.04210755 8.46289245 4.2297262 8.0264729 4.6627745 8.268169050000001 4.1995198 8.261471499999999 3.8671594999999996 8.46621875 4.55871525 8.573649249999999 4.605688 8.0868857 4.417707099999999 8.208115849999999 4.3396739 8.46621875 4.21628615 7.8284232 4.417707099999999 8.06005055 4.0920893 
0.01 4.505 4.505 4.505 4.505 4.505 4.505 4.505 4.505 4.505 4.505 9.0 9.0 9.0 9.0 9.0 0.009999999999999787 4.505 4.505 9.0 9.0 9.0 0.009999999999999787 9.0 9.0 9.0 4.505 9.0 9.0 9.0 0.009999999999999787 4.505 4.505 
9.0 8.33793145 4.7488987 9.0 4.86770155 9.0 9.0 8.61671135 4.47016375 8.26825895 4.6792262 9.0 5.72552735 9.0 9.0 8.16370525 4.71406245 8.581875100000001 5.0276786 9.0 6.7826165 9.0 0.009999999999999787 8.128869 4.6792262 9.0 7.7240043499999995 8.3030952 4.8186161499999995 9.0 8.42989915 9.0 9.0 
9.0 8.98404275 4.7957366 9.0 4.4494418 8.90160445 4.6172851 8.8252344 4.6089244 8.9673663 4.8559696 8.52006885 4.9700527 8.7398294 4.74184155 8.496964550000001 5.004844 8.3753748 4.89296345 8.17440335 5.0367584999999995 8.2658766 5.1541679 8.16073855 5.1078694 8.0774462 5.1180281 8.0609945 5.19628605 7.9716339000000005 5.2210535 7.69379795 5.04507425 
9.0 9.0 3.65863645 8.68692325 2.8797878 4.0164834 0.29781484999999996 9.0 4.30052245 6.7917863 1.45995215 6.0527184 1.37167035 2.18175925 0.12170074999999958 4.75218005 1.7074468499999997 5.99324955 0.009999999999999787 3.91386255 2.468765 3.6933827999999997 2.8987567 3.5910766 3.3107234500000002 3.5849634 3.67787505 3.649152 3.98389465 3.7576612999999996 4.2223543999999995 3.8874769 4.39500735 
9.0 8.76180995 4.5034716999999995 8.69465465 4.3599463499999995 8.78320615 4.35077655 8.8015008 4.6149477 8.7358738 4.5843817 8.66714525 4.7157256 8.7282323 4.43932805 8.767923150000001 4.5950798 8.7205908 4.56761535 8.6136997 4.85008115 8.5266765 4.7813526 8.7297606 4.64852535 8.66238055 4.6192629 8.645794 4.6057779 8.66103205 4.5248679 8.67173015 4.47906385 
9.0 8.8148959 4.96029855 9.0 4.4187859 8.92416935 4.61984725 8.863981299999999 4.0862457999999995 8.95302725 4.3829158 8.909201 4.3658348 9.0 4.26483215 9.0 4.27220395 8.723108 4.57498715 8.893018999999999 4.0876842 8.90511055 4.2659559 8.62093665 3.80040875 8.80568115 4.19057475 8.5944611 4.56374965 9.0 4.0196748499999995 8.6918228 4.1953844 
9.0 1.45132175 0.009999999999999787 0.009999999999999787 9.0 9.0 7.35109915 4.6629992499999995 0.009999999999999787 0.009999999999999787 0.009999999999999787 9.0 9.0 8.49130085 0.009999999999999787 0.009999999999999787 9.0 8.273608 9.0 9.0 0.009999999999999787 0.009999999999999787 0.009999999999999787 3.6574228 9.0 9.0 0.009999999999999787 0.009999999999999787 0.009999999999999787 0.009999999999999787 9.0 9.0 6.01581445 
9.0 9.0 4.9455998999999995 9.0 5.63328995 8.9276305 5.9903278 8.11740675 6.888249 7.87521615 7.21535015 7.06431815 7.7387929 6.9912294500000005 7.834851049999999 5.8288674 8.19957535 5.45510815 8.09097615 4.94141955 8.1981819 4.4270567 8.0951565 3.8242772 7.9030401999999995 3.47838695 7.61495565 3.07950065 7.2446126 2.69391955 6.9557639 2.58046575 6.5068033 
9.0 9.0 0.009999999999999787 9.0 9.0 0.009999999999999787 9.0 9.0 0.009999999999999787 9.0 0.009999999999999787 0.009999999999999787 0.009999999999999787 0.009999999999999787 9.0 9.0 9.0 9.0 9.0 0.009999999999999787 9.0 9.0 0.009999999999999787 9.0 0.009999999999999787 9.0 9.0 9.0 9.0 0.009999999999999787 9.0 0.009999999999999787 9.0 
9.0 8.780329349999999 4.52383405 8.783475849999999 4.38260115 8.7050381 4.418696 8.7568205 4.5771897 8.8431245 4.65248095 8.737986450000001 4.8344835 8.75839375 4.4453963 8.87292635 4.511293 8.7677883 4.7764081 8.6705165 4.8831194 8.6909238 4.95841065 8.753674 4.56617695 8.708813899999999 4.72637875 8.69249705 4.8721516 8.733266700000001 4.50342675 8.617160850000001 4.7168044 
9.0 8.80487205 4.87102785 8.88704065 4.25026835 8.87256675 4.1236442 8.82456015 4.21008305 8.762529149999999 4.56249105 8.7948482 3.75006475 8.7578094 3.6286098499999997 8.983368500000001 3.0545533999999996 8.56591785 2.8912050999999996 8.614688600000001 3.2771457999999996 8.556792999999999 3.16517535 8.99546005 2.67342235 8.426617799999999 2.9503592999999997 8.64305205 3.12867595 8.27859745 2.74920805 8.1983617 2.65427365 
9.0 8.74526835 6.2389013 6.67442185 7.4058033000000005 5.4746614 7.989254300000001 1.99045205 7.42221005 1.19330875 6.3950576 1.0865075499999999 4.505 1.6863652999999998 3.10799895 2.77932455 1.7110428500000001 3.92977485 1.3905493499999997 6.74840955 1.6452809999999998 7.7180709499999995 2.812183 7.824872149999999 4.2584941999999995 7.2064051 5.8707608 6.55116895 7.2250144 4.6282529 6.95383105 3.5353385999999998 6.77304215 
9.0 9.0 4.94420645 9.0 5.05325515 9.0 5.5197012999999995 8.937159900000001 4.92020315 8.7721035 5.36853445 8.6849904 5.5967456 8.51638295 5.77901785 8.34952855 5.70610895 8.2653372 5.99414855 8.25351535 5.9298251 7.86856355 6.28488515 7.92987535 6.0628771 7.5819174 6.426432699999999 7.3262418 6.5740934499999995 7.05775545 6.61913335 6.9436274000000004 6.793089849999999 
9.0 9.0 5.5414571 9.0 0.97602045 9.0 4.037475049999999 9.0 5.1978593 9.0 5.755509 8.915493999999999 4.1965980499999995 9.0 4.8021195 8.8112999 3.6530177 8.2621008 3.8022966499999997 8.88313 4.6725736 8.9830988 4.9204279 9.0 4.44867765 8.830898099999999 4.29836485 8.60286675 4.67963075 9.0 3.8881961 8.84370885 3.97832085 
9.0 7.77407865 4.28025 8.51638295 4.6606169 9.0 7.77407865 7.4880618000000005 4.23939045 6.6707809000000005 3.7490309 8.182314550000001 4.9346770499999995 7.0589691000000006 9.0 6.77295225 5.4857191 7.5084691 4.9544999999999995 9.0 3.1565 8.9386882 0.009999999999999787 7.07942135 5.97607865 7.0663409 5.16455135 6.40517135 4.8727808999999995 6.7042686499999995 5.16320285 9.0 9.0 
9.0 8.46864605 6.45992045 7.18280635 7.99559225 5.3892564 8.75443815 3.42157015 8.6648528 1.6944562999999997 7.70800215 0.6193871499999997 6.0176574 0.3523391999999994 4.2650569 1.0278477999999995 2.49542035 2.3945975 1.2108392499999998 4.04484685 0.8093458500000001 5.6909608 1.0182285000000002 7.0214808 1.9918454999999997 7.74800765 3.40673665 7.762886099999999 4.93647505 7.118258150000001 6.25422925 6.06696755 7.0966372 
9.0 9.0 0.009999999999999787 9.0 9.0 9.0 9.0 9.0 2.2575 9.0 9.0 9.0 9.0 9.0 9.0 4.505 4.505 9.0 9.0 9.0 9.0 9.0 0.009999999999999787 9.0 9.0 9.0 7.314375 9.0 1.13375 1.13375 9.0 9.0 9.0 
9.0 0.009999999999999787 0.009999999999999787 2.2263047 9.0 9.0 0.009999999999999787 9.0 6.92416405 4.505 4.505 5.5819121 0.009999999999999787 9.0 9.0 4.505 4.505 9.0 9.0 9.0 9.0 4.505 4.505 1.2898163999999999 9.0 6.00331835 0.009999999999999787 9.0 0.009999999999999787 7.6421504 0.009999999999999787 6.64322655 9.0 
9.0 9.0 4.4774906 9.0 4.0629617 9.0 4.16117745 9.0 4.02830525 9.0 4.00726865 9.0 2.7299694499999996 9.0 3.8030608 8.6459738 3.0718141999999995 8.391961349999999 2.9526966999999997 8.62660035 2.5239636 8.822897000000001 2.3983733 8.1852363 2.6902786 8.22151095 2.60671655 7.911490799999999 2.78651655 8.1211376 2.68115375 7.8472123 2.4804969499999996 
9.0 7.19692065 5.16527055 7.6455666 3.8785768 8.3312339 3.8785768 8.14500605 4.6150376 6.77367145 4.63198375 7.535529 4.301826 8.13655545 3.8870274 6.8159694 3.4045341 8.1704028 3.86163065 7.662512749999999 4.48805385 6.00331835 4.784364249999999 7.02763895 3.0151322499999997 7.2669078 3.74817685 6.87525845 4.4118636 6.92605195 3.0997730999999997 7.535529 3.5145717 
9.0 4.7686767 4.4673319 4.8063448 4.5426681 4.505 4.45479085 4.53012705 4.3292005499999995 4.5803362 4.1659871 4.47987295 4.74354965 4.79380375 4.3543275999999995 4.505 4.93189015 4.216196249999999 4.8440129 4.29153245 4.6180043 4.63054535 4.47987295 4.5426681 4.53012705 4.9695582499999995 4.4673319 4.64313135 4.49245895 4.70588155 4.505 4.71846755 4.3543275999999995 
9.0 9.0 4.836731 9.0 4.658729 9.0 4.25494315 9.0 4.8989418 9.0 5.38831245 9.0 5.4187436 9.0 5.0796857499999994 9.0 4.97971695 9.0 5.72256065 9.0 6.5168721000000005 9.0 6.3816625 9.0 5.40548335 9.0 6.15659785 8.80235485 6.69141295 9.0 5.9655154 9.0 6.604704399999999 
9.0 9.0 4.80414225 9.0 3.6784594 9.0 3.276966 9.0 2.56734035 9.0 2.64636245 8.8306284 2.1732637 8.58245945 1.8521858500000001 8.515888499999999 1.5169937 7.6459262 1.31368485 7.68049275 1.0744159999999998 7.3404909499999995 0.8845471999999996 7.01622165 0.49869640000000004 6.62713445 0.616825 6.31661985 0.7438087499999999 5.8982702 0.5002696499999999 5.53862525 0.4973478999999994 
9.0 8.57508765 6.35302935 7.4426623 7.86550695 5.84994895 8.815929749999999 3.9052770999999997 8.902009 2.1569917999999997 8.24767185 0.9244178499999998 6.9811157 0.16143654999999946 5.1878804 0.32460504999999973 3.3563476999999997 1.2747581499999998 1.8359139499999997 2.6375072999999998 0.6750352500000001 4.4038625 0.28922939999999997 6.1374941 0.6677084 7.5408331 1.71994295 8.36966615 3.2408711500000003 8.489997299999999 4.94551 7.89850025 6.58622995 
9.0 9.0 4.73644755 8.971366849999999 4.96002885 8.8265829 5.1682822 8.79830935 3.3140048 7.472868699999999 6.96380995 8.1201487 5.64147085 7.82145595 5.7357309999999995 7.50653625 5.7956943 7.18469425 5.8222148 6.864605299999999 5.81754 6.5539109 5.7849962 6.25908385 5.7288087 5.9852035 5.65360735 5.73577595 5.5643816 5.51309365 5.4659411 5.3179657 5.36278085 
0.01 9.0 9.0 9.0 0.009999999999999787 4.505 4.505 4.505 4.505 9.0 9.0 9.0 9.0 0.009999999999999787 0.009999999999999787 9.0 0.009999999999999787 0.009999999999999787 9.0 4.505 4.505 9.0 0.009999999999999787 9.0 0.009999999999999787 9.0 9.0 0.009999999999999787 0.009999999999999787 4.505 4.505 4.505 4.505 
0.01 4.505 4.505 4.505 4.505 4.505 4.505 4.505 4.505 4.505 4.505 4.505 4.505 4.505 4.505 4.505 4.505 4.505 4.505 4.505 4.505 4.505 4.505 4.505 4.505 9.0 4.505 4.505 4.505 4.505 4.505 4.505 4.505 
9.0 1.6153442999999998 0.009999999999999787 9.0 8.22942215 9.0 0.009999999999999787 9.0 3.45348465 9.0 8.82743695 9.0 2.81132895 9.0 0.009999999999999787 9.0 5.12706305 9.0 0.009999999999999787 9.0 4.35248465 0.7163442999999994 9.0 6.9210625 8.3578443 9.0 9.0 9.0 0.009999999999999787 9.0 0.009999999999999787 9.0 0.009999999999999787 
9.0 9.0 4.5244633499999996 9.0 4.45065545 9.0 4.371948 9.0 4.1897207 8.90286305 4.2237928 9.0 4.2108472 8.87688195 4.14913085 8.66561695 3.8907582499999998 8.7385708 3.86100135 8.98152555 3.8645524 8.76693425 3.8952532499999997 8.526631550000001 3.56774755 8.50856165 3.69999045 8.3546978 3.6710876 8.27077615 3.60146005 8.27482165 3.5715683 
9.0 4.505 4.505 4.505 4.505 4.505 4.505 4.505 4.505 4.505 4.505 0.009999999999999787 9.0 9.0 6.984981400000001 4.505 4.505 4.505 4.505 4.505 4.505 4.505 4.505 4.505 4.505 9.0 9.0 4.505 4.505 4.505 4.505 4.505 4.505 
9.0 8.86213835 4.5443762 9.0 4.54289285 8.9396771 4.47070315 8.9041666 4.3771622 8.991909 4.3472254999999995 9.0 4.44786855 9.0 4.3889840499999995 9.0 4.45218375 8.93190075 4.5061237499999995 9.0 4.3875906 9.0 4.2917572 8.82105405 4.30151135 8.9635006 4.34888865 8.866049 4.3936139 9.0 4.33171775 8.928979 4.3201656 
9.0 9.0 7.3614826 9.0 9.0 7.97167885 9.0 3.00668165 9.0 0.009999999999999787 9.0 4.505 9.0 0.009999999999999787 9.0 0.009999999999999787 4.505 0.009999999999999787 1.5083183499999997 0.009999999999999787 0.3455067999999999 0.009999999999999787 3.00668165 3.00668165 0.009999999999999787 5.36961325 0.009999999999999787 9.0 0.009999999999999787 4.505 0.009999999999999787 9.0 1.5083183499999997 
9.0 8.09412265 6.22501175 8.1371398 3.7424682 9.0 4.16099765 8.91688745 4.1724599 7.6612541499999995 5.43380185 8.988537749999999 4.59961975 8.9197193 4.6167906499999996 9.0 3.9173237 8.80505185 4.85187915 9.0 4.51358545 8.5642547 5.889639799999999 9.0 3.85138205 9.0 4.4872897 7.9049281 4.8604646 9.0 3.6621875 9.0 4.246987 
9.0 0.009999999999999787 0.009999999999999787 9.0 9.0 9.0 3.85884375 4.505 4.505 0.009999999999999787 9.0 9.0 9.0 5.31036915 0.009999999999999787 0.009999999999999787 0.009999999999999787 4.8983125 0.009999999999999787 9.0 0.009999999999999787 0.009999999999999787 9.0 0.009999999999999787 0.009999999999999787 9.0 0.009999999999999787 0.009999999999999787 0.009999999999999787 9.0 9.0 4.505 4.505 
9.0 6.0644953 5.4223396 6.61490805 5.6058255 6.3396792 5.4223396 6.61490805 6.5231651 5.8810094 7.1653208 5.05541275 6.9818349 4.505 6.798349 4.2298161 6.9818349 3.5876604 6.9818349 3.22073355 6.5231651 3.22073355 5.97275235 1.7529811999999998 5.5140825499999995 2.41127395 5.17453025 1.8446791999999999 5.33059665 2.9455047 4.505 3.31243155 3.4041745 
9.0 9.0 3.2271614 9.0 3.3656973 8.75830385 2.9275247 9.0 3.1310583 8.6734832 2.2998878499999997 8.5872691 2.5218509499999997 7.90874885 1.8574899499999997 7.6401726 1.8970459499999999 7.18505385 1.91682395 7.58223205 1.3146737499999999 6.95320175 0.5796513499999998 6.7171693 1.2086816499999995 6.1009048 1.0863726999999996 5.6895223999999995 0.9881569499999996 5.2513498 1.2171322499999997 5.1340303 1.3584999999999998 
0.01 9.0 0.009999999999999787 9.0 9.0 9.0 0.009999999999999787 9.0 9.0 9.0 0.009999999999999787 9.0 9.0 9.0 0.009999999999999787 9.0 0.009999999999999787 9.0 9.0 9.0 9.0 9.0 0.009999999999999787 9.0 0.009999999999999787 9.0 0.009999999999999787 9.0 9.0 9.0 0.009999999999999787 9.0 9.0 
0.01 0.009999999999999787 9.0 9.0 0.009999999999999787 4.505 4.505 4.505 4.505 9.0 0.009999999999999787 9.0 9.0 4.505 4.505 9.0 0.009999999999999787 4.505 4.505 4.505 4.505 9.0 9.0 0.009999999999999787 9.0 9.0 0.009999999999999787 0.009999999999999787 9.0 0.009999999999999787 0.009999999999999787 4.505 4.505 
9.0 8.15237785 4.6719443 8.33217785 4.49857215 8.056049999999999 4.5370943 8.08171645 4.3123442999999995 8.44131645 4.505 8.35141645 4.2032057 8.38998355 4.5178557 8.22942215 4.26096645 8.14595 3.97202785 7.959722149999999 4.12611645 8.2936557 4.28025 7.96615 4.19677785 8.1728301 4.11532845 8.21656645 4.0362164499999995 8.16523355 4.28025 8.19732785 3.82432215 
0.01 0.009999999999999787 9.0 9.0 0.009999999999999787 0.009999999999999787 9.0 4.505 4.505 9.0 9.0 0.009999999999999787 3.6621875 9.0 9.0 0.009999999999999787 0.009999999999999787 9.0 0.009999999999999787 0.009999999999999787 0.009999999999999787 9.0 9.0 9.0 0.009999999999999787 9.0 9.0 9.0 9.0 4.505 4.505 0.009999999999999787 0.009999999999999787 
9.0 8.4967398 6.219303099999999 7.4683737 7.62592345 5.8152026 8.4557454 4.2026663 8.55656825 2.7251148499999998 8.12082295 1.6023986999999997 7.0447649 0.7759479999999996 5.7144247 0.9566469999999998 4.13618525 1.6830389999999995 3.1141571 2.40866685 2.0055552499999996 3.7656174499999997 1.6130069000000002 4.9348119 1.7605777499999995 5.8717497 2.3297795999999997 6.44805365 3.1637819 6.6189535500000005 4.07972805 6.3997323999999995 5.0693922 
9.0 4.8958851999999995 4.5358357 5.13245705 4.31985095 4.9781437 4.1347019 5.0707407 4.2272989 5.55417795 4.4535772 5.06044715 4.854711 5.16329275 3.89813005 5.8113369 4.28901525 5.35873535 4.83416885 5.0295665 4.505 5.00902435 4.49470645 5.18387985 4.0421498499999995 4.88559165 4.56671635 5.00902435 4.2067118 4.9370144499999995 4.17583115 5.0295665 4.19641825 
9.0 9.0 9.0 9.0 6.8086875 7.314375 0.009999999999999787 9.0 9.0 4.617375 4.64546875 9.0 9.0 4.505 4.505 9.0 0.009999999999999787 9.0 9.0 9.0 9.0 5.9096875 9.0 9.0 9.0 9.0 9.0 9.0 9.0 0.26284375000000004 9.0 4.505 4.505 
9.0 8.4178076 6.21431365 7.386250049999999 7.6160794 5.9140476500000005 8.39879375 4.32821165 8.583763000000001 2.60932365 8.0716027 1.33328305 6.822621999999999 0.8618474499999995 5.52693825 0.8579368 3.9413719499999997 1.4720437 2.7923150999999997 2.7818867 1.6793980499999996 3.9200656499999997 1.3242480999999997 5.2040624 1.51937605 6.2375528 2.1870184 6.86815635 3.16112985 7.03294305 4.2380869 6.818127 5.25319275 
9.0 9.0 4.40345795 9.0 4.3029947 9.0 4.204644099999999 9.0 4.10948495 9.0 7.02997635 9.0 3.9324269 9.0 3.8522361 9.0 5.96169465 9.0 3.71212695 8.976805800000001 3.65324245 8.802264950000001 3.60235905 9.0 0.35683419999999977 8.428236 3.5254046499999996 8.232254000000001 3.4994685 8.032631049999999 3.48171325 7.8309404 3.47200405 
9.0 6.7524999999999995 4.505 6.2443852 4.97405325 6.7133935000000005 4.7981639 6.61571715 4.32911065 6.1075574 3.93822545 6.5570574 4.71999585 6.77205325 4.62227455 6.1075574 5.3844467499999995 6.4007213 5.16949585 6.4007213 4.38772545 5.9512213 3.9968852 6.63522545 4.4658935 6.38341555 4.8155146 6.2443852 4.68088935 6.08800415 5.16949585 6.51799585 5.28672545 
9.0 8.592393399999999 4.90015545 8.3944336 5.2641156 9.0 5.251080099999999 6.98565565 7.5685223 7.660804649999999 6.1555190500000005 5.2370557 6.4261180499999995 7.095019000000001 6.5765657 6.80046165 6.7353290999999995 5.92717305 5.08786665 6.2051888 6.9530669 5.9107663 7.0143787 5.6222772 7.04588865 5.3422387 7.04939475 5.07294325 7.02673995 4.81636865 6.9799919500000005 5.05055815 7.549868050000001 
9.0 4.8795683499999996 3.57520925 0.009999999999999787 9.0 0.009999999999999787 9.0 7.7357812500000005 6.62542635 0.81267215 1.68560115 0.009999999999999787 0.009999999999999787 0.009999999999999787 9.0 4.3812526499999995 7.1638824 2.61202065 2.61202065 1.1504713999999994 0.009999999999999787 0.009999999999999787 2.40129505 0.009999999999999787 5.5752595 9.0 0.009999999999999787 0.009999999999999787 2.7558157 0.009999999999999787 0.009999999999999787 0.009999999999999787 7.2675371 
9.0 7.94938365 5.4537147 7.37887825 6.2181344 6.68098455 6.864875 5.17925 5.50617135 5.12319735 7.18244675 4.15767135 6.50729775 4.505 6.6911882 3.26927955 6.3935293 1.9816867999999999 6.1599691 2.8602345499999995 5.3529368 2.68304165 4.8460806 2.77518915 4.35985645 2.9793070999999998 3.9437543 3.267077 3.6188556999999997 3.6077081 3.3970724 3.9703646999999997 3.2815509 
9.0 1.55515625 5.20734375 4.7859375 4.505 4.505 4.7859375 7.314375 4.7859375 5.3478125 4.505 4.36453125 4.926406249999999 4.7859375 4.505 5.20734375 3.80265625 6.4715625 2.819375 4.505 4.08359375 4.505 4.505 4.64546875 2.39796875 4.64546875 4.505 1.2742187499999997 4.64546875 4.36453125 4.505 4.505 4.926406249999999 
9.0 6.5027577999999995 6.5027577999999995 6.91859025 8.58479685 3.5061210999999997 9.0 3.00668165 8.50056055 0.009999999999999787 6.00331835 0.009999999999999787 4.00556055 0.009999999999999787 3.5061210999999997 1.5083183499999997 1.0088788999999996 7.0022422 0.009999999999999787 3.5061210999999997 1.0088788999999996 8.0011211 3.5061210999999997 6.00331835 4.505 8.645794 6.52860405 7.0875573 8.29666735 5.5038789 9.0 2.0077577999999994 9.0 
9.0 8.75947255 4.5450954 8.87805065 4.493313 8.9515439 4.5217214 8.81125495 4.5768301 8.7327273 4.6636735 8.874724350000001 4.71711905 8.93819375 4.5885171 8.74275115 4.8257182499999995 8.934867449999999 4.4732652999999996 8.8997615 4.728851 8.8362921 4.8240551 8.6976663 4.86913995 8.78617285 4.7008022 8.88641135 4.5417691 8.903132750000001 4.82239195 9.0 4.493313 
9.0 0.009999999999999787 5.76831975 5.5038789 5.18073335 1.1025996499999997 1.3142691999999996 3.1241809499999995 7.7073279 0.009999999999999787 9.0 0.8326299499999998 6.03271565 0.9501292499999994 4.3875006999999995 0.09814695000000029 0.7738353499999997 1.8021115499999998 2.0665524 4.29935375 0.7738353499999997 8.7356041 0.2743959 0.009999999999999787 2.5659918499999996 7.84860575 4.9174612 0.009999999999999787 4.74004355 5.32762995 4.6224993 2.6979650499999996 2.3365670499999998 
9.0 8.7326374 4.43618155 8.7379415 4.54999495 8.7749803 4.4388336 8.8147161 4.4573529999999995 8.759112949999999 4.3382355 8.87292635 4.42557335 8.86762225 4.33027935 8.79615175 4.3223232 8.7855885 4.29324055 8.74059355 4.40705395 8.67703425 4.30645585 8.64260255 4.3038038 8.67164025 4.24307635 8.565872899999999 4.16881895 8.63999545 4.1793822 8.64260255 4.1714709999999995 
9.0 9.0 4.66362855 9.0 5.32673095 9.0 5.7172116 9.0 5.6318066 9.0 5.7985711 9.0 6.24200285 9.0 5.9287463 9.0 7.45825995 9.0 6.9253777 9.0 7.25895165 9.0 7.177592150000001 8.53220535 7.5762537000000005 8.5281149 7.7132613 8.35321445 7.52334755 7.8487855500000006 8.35321445 7.71861035 7.913873150000001 
9.0 8.2586846 4.8779951 7.81956805 3.8439653 8.29648755 4.25476335 8.570322950000001 4.2972411 8.52312545 5.0951935 8.15480515 4.80719885 8.06984965 4.10364145 9.0 4.41056005 8.84892305 4.8024791 8.442844749999999 4.55691725 7.98956895 4.8024791 8.7922411 4.3161201 8.25738105 4.51052885 9.0 5.08103425 8.400367 4.0234057 8.575042700000001 4.3114003499999995 
9.0 9.0 4.3373365 9.0 4.17313415 8.98206495 4.00879695 8.992718100000001 4.05860155 8.95239795 3.8840607 8.8504963 3.52980975 8.7881956 3.3767999499999997 8.6060582 2.95872 8.57661595 3.0597676 8.55009545 2.94563955 8.4549363 2.81294715 8.38027435 2.5725995 8.2435814 2.5666661 8.16541335 2.5904446500000002 8.00745905 2.34843385 7.88141925 2.2506676 
9.0 8.25504365 6.26348895 6.9340980000000005 8.03712605 5.0590537 8.5236199 3.0117160499999995 8.2618311 1.3546342999999998 7.182401799999999 0.6113410999999997 5.48980955 0.7093321000000001 3.4188282 1.8208556999999996 1.7228646999999997 3.6350377 0.5589743499999997 5.06413305 0.5015732000000002 6.802349550000001 1.2481927000000002 8.06247785 3.2583567 8.2362096 4.8968741 7.498310399999999 6.71110105 6.1925129 7.65199445 4.32596415 8.0760078 
0.01 9.0 0.009999999999999787 0.009999999999999787 9.0 0.009999999999999787 9.0 9.0 9.0 9.0 9.0 0.009999999999999787 0.009999999999999787 0.009999999999999787 0.009999999999999787 9.0 9.0 9.0 0.009999999999999787 0.009999999999999787 0.009999999999999787 0.009999999999999787 0.009999999999999787 9.0 4.505 9.0 0.009999999999999787 9.0 0.009999999999999787 0.009999999999999787 9.0 0.009999999999999787 9.0 
9.0 8.62543165 5.81605665 8.25081835 3.7558183499999998 7.688943350000001 5.62875 8.438125 4.13043165 8.62543165 4.69230665 8.25081835 5.066875 7.688943350000001 4.505 8.438125 4.69230665 9.0 4.8795683499999996 7.50168165 4.13043165 7.87625 5.25418165 8.25081835 3.9431249999999998 8.2716302 4.7523598499999995 9.0 5.44144335 7.688943350000001 4.505 7.688943350000001 4.69230665 
9.0 8.75866345 5.2915351 8.5930227 5.99477785 8.3300652 6.750702 7.8168261 7.374697899999999 7.16671425 7.8240181 6.693975099999999 8.2634493 5.87413205 8.58039175 5.3122570499999995 8.70463355 4.47349005 8.69024955 3.656344 8.522765849999999 3.0206161499999995 8.2130154 2.4132967 7.9428659 1.8725931499999997 7.486758249999999 1.45159145 6.8677518 1.1193210499999995 6.4148356 0.8546104999999997 5.677835399999999 
9.0 9.0 9.0 4.505 4.505 9.0 0.009999999999999787 0.009999999999999787 0.009999999999999787 9.0 9.0 9.0 0.009999999999999787 4.505 4.505 9.0 0.009999999999999787 9.0 9.0 4.505 4.505 9.0 0.009999999999999787 0.009999999999999787 0.009999999999999787 9.0 9.0 0.009999999999999787 9.0 0.009999999999999787 9.0 4.505 4.505 
0.01 0.009999999999999787 0.009999999999999787 9.0 0.009999999999999787 0.009999999999999787 9.0 4.505 4.505 9.0 0.009999999999999787 9.0 0.009999999999999787 4.505 4.505 4.505 4.505 4.505 4.505 0.009999999999999787 9.0 9.0 0.009999999999999787 0.009999999999999787 9.0 9.0 9.0 4.505 4.505 9.0 6.7524999999999995 4.505 4.505 
9.0 8.75416845 4.3469558 0.009999999999999787 3.01252515 0.009999999999999787 4.43474315 8.877106699999999 4.5576814 8.70148705 4.41721265 0.009999999999999787 5.2424497 0.009999999999999787 4.48742455 8.78931935 4.3469558 8.6488506 4.3821067 0.04510594999999995 5.03176905 0.3085129499999999 6.0677316999999995 8.806849849999999 4.48742455 8.19274295 5.1234221 8.5610183 4.20648705 0.009999999999999787 3.6621875 0.009999999999999787 2.95984375 
9.0 7.306958249999999 4.3481245 7.16087075 4.52662095 7.22038455 4.16962805 7.34480615 4.54828685 7.31235225 4.16962805 7.5179086 4.829539 7.3339732 4.1263412 7.539529549999999 4.9161127 7.523302599999999 4.505 7.15547675 4.9593546 6.755197000000001 4.64564855 7.46922775 5.13785105 7.222811849999999 4.59575405 6.8147108 4.7051174 7.27989835 4.46171315 7.2636714 4.0938873 
9.0 8.6599982 6.1647338000000005 7.7403212 7.580479 5.82216985 8.733806099999999 4.0056954 7.94488865 3.0843552499999998 8.660762349999999 1.5106107999999998 8.0455317 0.3630822499999997 6.4070143 0.26554074999999955 4.93584575 0.009999999999999787 4.64843545 1.5189265500000002 1.5258038999999997 2.4368505 0.9910786999999996 3.8988043 0.5457140999999996 5.39343675 0.6780918499999999 6.7032348 1.3473973499999996 7.6463757 2.4351423999999997 7.9241667 3.9119297 
9.0 9.0 5.01675575 7.65235405 3.9591271999999997 8.1726503 4.9399811499999995 7.70350715 4.55619805 7.02970665 4.155289 7.6096965 5.0679538 7.1405983 4.68412575 6.89323845 4.3514508 7.6267775 5.2641156 7.771786199999999 4.82913445 5.9464566 4.7693959 6.90177895 6.185275949999999 6.7115955 5.31189745 5.187341 5.9635376 6.48913795 5.35442015 7.02970665 5.187341 
9.0 0.009999999999999787 1.8225188499999998 4.505 4.505 0.009999999999999787 7.4049942 0.5899898499999998 9.0 4.505 4.505 4.505 4.505 4.505 4.505 4.505 4.505 4.505 4.505 0.009999999999999787 0.009999999999999787 4.505 4.505 5.84626305 5.55624565 9.0 6.82500435 4.505 4.505 4.505 4.505 4.505 4.505 
9.0 9.0 5.591351599999999 9.0 6.6891205 9.0 7.78513635 9.0 9.0 9.0 9.0 9.0 9.0 9.0 7.971903599999999 9.0 9.0 9.0 9.0 7.8523366 9.0 8.534632649999999 9.0 7.4100286 9.0 6.22456225 9.0 4.99131405 9.0 3.7242185 9.0 0.8468341499999994 9.0 
9.0 9.0 9.0 9.0 0.009999999999999787 4.505 4.505 4.505 4.505 9.0 9.0 9.0 0.009999999999999787 9.0 9.0 9.0 0.009999999999999787 4.505 4.505 4.505 4.505 9.0 3.2563788999999996 4.505 4.505 9.0 0.009999999999999787 9.0 9.0 9.0 0.009999999999999787 4.505 4.505 
9.0 6.0938026999999995 3.8861284 7.62394565 4.3960861499999995 7.57036525 4.3443487 7.009479150000001 4.22995095 7.2845282000000005 4.03450835 7.29635005 4.21161135 7.17327695 4.17735945 6.40508145 3.31791545 7.12167435 4.7293904 6.7406331999999995 4.11074355 6.58353295 4.10094445 6.5281096000000005 4.4796482 6.2646127 4.0987419 6.1046806 4.0417453 5.9538284 4.116766849999999 5.80598785 4.131915 
9.0 0.009999999999999787 9.0 0.009999999999999787 5.1902178 5.7795123 9.0 0.009999999999999787 9.0 0.009999999999999787 0.009999999999999787 9.0 9.0 0.009999999999999787 3.4497538 5.77712995 0.009999999999999787 9.0 9.0 3.0934801 0.009999999999999787 0.009999999999999787 0.009999999999999787 9.0 0.009999999999999787 0.009999999999999787 4.3441689 9.0 0.009999999999999787 0.009999999999999787 3.05235085 5.17650805 9.0 
9.0 7.57584915 4.74660625 8.31689485 4.5140799 8.296127949999999 4.51852995 8.294285 4.95004995 7.91279435 4.6893849 8.1860454 4.53129575 8.1341731 4.53525135 8.1289589 3.9455073499999997 8.00817825 4.3460567999999995 7.9376067500000005 4.54585955 7.85984325 4.5489611 8.084458399999999 4.31427715 7.6885388 4.5542652 7.30246325 5.0263301 7.499748800000001 4.5584905 7.40009465 4.56015365 
9.0 8.41066055 4.1853605499999995 9.0 4.3928947 9.0 4.19533945 8.4506211 4.5149789 8.260842199999999 4.2153422 9.0 4.17744935 9.0 3.606 8.41066055 4.74471835 8.4606 4.3351789 9.0 3.9869063 9.0 3.66591835 8.3007578 4.6648422 9.0 3.8684181 8.2008789 3.84571835 9.0 3.80337545 9.0 2.5172210999999995 
9.0 7.194808 6.3179234 8.227264550000001 8.124418949999999 7.92124495 7.68336955 8.2812495 4.0112692 8.87912945 4.86374595 8.812288800000001 0.6515713499999998 8.6386919 8.4805578 8.7955674 4.2709903 8.49085135 5.32016825 8.931855800000001 1.3767497 8.4008165 0.6503127499999994 5.7907498 3.1536681499999997 9.0 5.2725662 7.3349621 6.42333115 8.44967715 8.146264649999999 8.18995605 7.598548900000001 
9.0 6.3929 1.7630499999999998 4.505 4.505 9.0 0.009999999999999787 8.5505 9.0 6.43785 7.3818 4.505 4.505 4.505 4.505 7.51665 3.20145 8.2808 0.009999999999999787 4.505 4.505 4.505 4.505 5.44895 7.5616 9.0 5.4939 4.505 4.505 4.505 4.505 4.505 4.505 
9.0 7.42436765 4.1500748 7.1239668 3.858619 3.91485145 3.5437892 5.8443302 4.70291485 6.2174152 3.32106195 5.80544845 3.06673485 4.66048205 3.65333235 5.41609155 3.18162705 5.1880602 3.1991126 4.93260935 3.0879512499999997 4.7996922 3.3005647499999995 4.6400298 3.3756762 4.5029323 3.4617104999999997 4.3875906 3.55525145 4.29297085 3.6531975 4.5650531999999995 3.2823150500000002 
9.0 8.733896 5.04138835 8.3589231 4.5516581 8.3313238 4.5744926999999995 7.9646217 4.4925039 8.301432049999999 4.9956742 8.24884055 4.6410636499999995 8.221466 4.6625947 7.8689681 4.59233785 8.10185405 4.61310475 8.1397469 4.72529995 8.11264205 4.7455723999999995 7.9812532 4.604789 8.0586571 4.78526325 8.36795805 4.92083245 8.00494185 4.8236954999999995 7.97824155 4.8424846 
9.0 2.0696090000000003 5.17300195 2.9881173 7.803206250000001 6.842939400000001 3.8787566 5.93841055 4.19884555 5.43739785 3.8231085 6.634191599999999 4.9085611 7.03779765 3.809174 5.24258455 6.5367849499999995 6.0218827 4.6580997 6.7733568 4.82508895 1.6382238500000001 1.7356305 9.0 7.45529325 6.3635926000000005 2.7017857999999997 3.8231085 5.006012699999999 4.61283505 7.0141089999999995 6.8708084 4.1014389 
9.0 6.54820225 4.91364045 7.3654382 4.91364045 5.73092135 5.3222809 7.3654382 4.505 6.1395618 4.09635955 6.54820225 4.09635955 6.6901094 4.44463215 7.3654382 3.6877191 6.54820225 4.505 6.1395618 4.09635955 5.73092135 5.3222809 6.1395618 4.09635955 6.0531679 4.4255284 5.73092135 4.505 6.1395618 4.505 5.80787575 4.4226516 
