9.0 8.479479 6.1557438 7.5221788499999995 7.5338209 6.28560435 8.38863505 4.6139588 8.693530899999999 2.9250974 8.26789935 1.7937957999999998 7.149947900000001 0.9693228999999999 6.2480711 0.7613392499999998 4.4761421 1.3891558999999996 3.02331315 2.1449452 2.0811161999999994 3.2744038499999997 1.4427363 4.5412297 1.3686586999999997 5.6749586 1.7775238999999998 6.5083765499999995 2.55493415 6.941694549999999 3.5366871 7.0350557 4.63189385 
9.0 5.70368165 4.0555 6.90231835 4.505 6.00331835 3.90568165 6.15318165 5.02943165 7.05218165 4.57993165 7.72643165 4.8795683499999996 7.6515 4.20531835 6.90231835 5.404 6.37793165 4.43006835 5.92843165 5.404 7.6515 4.505 5.62875 5.10431835 6.5823193 4.74948305 6.303 4.65481835 6.602681649999999 4.65481835 6.37793165 4.28025 
9.0 6.60798575 5.0132946 7.1561509999999995 4.53489175 6.9966684 4.8139863 6.6578353 3.87709345 6.88703535 4.5647835 7.3754171 3.7774392999999997 7.55481255 4.3554962999999995 6.95679775 3.8970512499999996 6.88703535 4.2957127999999996 6.6578353 3.6279356 6.7873812000000004 3.8970512499999996 6.36876185 3.59804385 6.9291535 3.99009775 7.1960216500000005 4.3754541 6.91697205 3.9767476 7.03653905 4.30564675 
9.0 7.3872839 4.56806485 6.0398627 4.39536695 6.87615745 4.6607967 5.3820644 5.05316525 6.45191935 4.71873725 5.49169745 4.7242660999999995 5.8205966 4.505 6.14949575 4.505 5.93022965 4.83389915 5.71096355 5.05316525 5.5702251 4.76629435 5.49169745 4.9435322 5.3727148 4.75856295 5.2875795 4.7524048 5.3820644 4.505 5.27243135 4.83389915 
9.0 9.0 0.34923765000000007 9.0 7.8974664 6.7101121500000005 4.250583 7.3037668 4.505 9.0 4.5025727 6.54047085 4.84423765 7.3037668 4.250583 8.9495661 4.50117925 6.8797085 4.505 6.8797085 4.84423765 8.7837905 4.4999655999999995 9.0 8.06706275 8.649030400000001 4.4992464 8.745583 0.009999999999999787 9.0 6.4556502 6.4556502 3.9961210499999997 
9.0 1.55515625 5.20734375 4.7859375 4.505 4.505 4.7859375 7.314375 4.7859375 5.3478125 4.505 4.36453125 4.926406249999999 4.7859375 4.505 5.20734375 3.80265625 6.4715625 2.819375 4.505 4.08359375 4.505 4.505 4.64546875 2.39796875 4.64546875 4.505 1.2742187499999997 4.64546875 4.36453125 4.505 4.505 4.926406249999999 
9.0 8.40167055 6.1209525 7.7420293000000004 7.50168165 6.17718495 8.238052549999999 4.8936377 8.36589035 3.4208958999999997 8.37613895 2.1782531499999997 7.54258615 1.4163057000000001 6.3715038 1.0429959499999994 4.9499151 1.38560485 3.8913425999999998 2.2805144 2.60779535 3.0424618499999996 1.9123289499999996 4.3771622 1.8100676999999998 5.195432 2.11694135 5.95728955 2.8378943999999997 6.58119555 3.6203390499999997 6.3459722 4.586809 
9.0 9.0 4.13717415 9.0 3.9958963 8.9661077 3.1654001 9.0 3.01827875 8.8499569 2.96406905 8.3611706 2.3804382499999996 8.636084799999999 2.3397585 7.7901258 1.5731811999999996 7.56748845 1.6486972 8.2111275 0.9846957999999999 7.14936355 1.1434142499999997 7.518133349999999 0.1764947999999995 6.696627149999999 0.6541784499999999 6.21044795 0.73400965 5.58905915 0.5113722999999997 5.81848395 0.47653605 
9.0 4.505 4.505 0.009999999999999787 0.009999999999999787 0.009999999999999787 9.0 4.505 4.505 0.009999999999999787 9.0 9.0 9.0 9.0 0.009999999999999787 4.505 4.505 4.505 4.505 0.009999999999999787 0.009999999999999787 0.009999999999999787 9.0 9.0 6.4715625 9.0 0.009999999999999787 4.505 4.505 0.009999999999999787 0.009999999999999787 0.009999999999999787 9.0 
9.0 9.0 6.54820225 9.0 6.95679775 8.1827191 7.3654382 9.0 4.09635955 9.0 4.505 8.1827191 2.4617977499999997 7.3654382 5.73092135 9.0 1.6445617999999995 9.0 3.2790786499999998 8.59135955 2.4617977499999997 9.0 4.8533625 9.0 4.09635955 9.0 4.90357165 9.0 6.1395618 9.0 7.3654382 7.77407865 5.73092135 
9.0 9.0 4.5546697499999995 9.0 4.5546697499999995 9.0 4.609284 8.9751876 4.4404518 8.9751876 4.49506605 8.92551785 4.609284 9.0 4.5447358 8.89072655 4.53974635 8.90564995 4.57948215 8.910594450000001 4.53480185 8.9155839 4.59935005 8.870858649999999 4.47519815 8.91158335 4.57692 8.90564995 4.57453765 8.9354518 4.59935005 8.9403963 4.6291519 
9.0 4.8795683499999996 3.57520925 0.009999999999999787 9.0 0.009999999999999787 9.0 7.7357812500000005 6.62542635 0.81267215 1.68560115 0.009999999999999787 0.009999999999999787 0.009999999999999787 9.0 4.3812526499999995 7.1638824 2.61202065 2.61202065 1.1504713999999994 0.009999999999999787 0.009999999999999787 2.40129505 0.009999999999999787 5.5752595 9.0 0.009999999999999787 0.009999999999999787 2.7558157 0.009999999999999787 0.009999999999999787 0.009999999999999787 7.2675371 
0.01 9.0 9.0 9.0 0.009999999999999787 4.505 4.505 4.505 4.505 9.0 9.0 9.0 9.0 0.009999999999999787 0.009999999999999787 9.0 0.009999999999999787 0.009999999999999787 9.0 4.505 4.505 9.0 0.009999999999999787 9.0 0.009999999999999787 9.0 9.0 0.009999999999999787 0.009999999999999787 4.505 4.505 4.505 4.505 
9.0 8.93055225 4.3820168 8.9127071 4.3205252 9.0 4.16180675 8.942464000000001 4.5704472 8.7877461 4.3879502 8.932575 4.1697629 8.9722209 4.18365245 8.8829502 4.0765366 8.8770168 3.9555312 8.9682653 4.2689226 8.7877461 4.1043157 8.880972400000001 4.13007205 8.84955235 3.9246055999999996 8.706431550000001 3.8345257999999998 8.8710834 3.79681275 8.8551711 3.6599399999999997 
9.0 9.0 3.79033995 7.7555143 5.7494857 8.25576285 1.8804594 9.0 3.2370953499999997 9.0 2.26365815 8.0992919 3.94191135 7.958823150000001 5.1629781 9.0 6.27319815 9.0 5.7002205 8.8361123 4.41999955 8.667325049999999 0.3993568999999999 9.0 5.17039485 9.0 3.9843891 9.0 4.00475145 9.0 6.904071399999999 9.0 1.9087779 
0.01 4.505 4.505 4.505 4.505 4.505 4.505 9.0 9.0 9.0 9.0 4.505 4.505 4.505 4.505 2.819375 0.009999999999999787 0.009999999999999787 0.009999999999999787 4.505 4.505 4.505 4.505 0.009999999999999787 0.009999999999999787 0.009999999999999787 0.009999999999999787 0.009999999999999787 9.0 9.0 4.505 4.505 4.505 
9.0 7.6265078 6.25306055 4.505 4.505 3.02448185 7.64435295 4.505 4.505 4.505 4.505 4.505 4.505 5.43254325 3.4169403 5.4503884 5.3790078 6.59198355 8.01896625 4.505 4.505 4.505 4.505 7.80491435 5.73577595 7.929740499999999 7.358965400000001 4.505 4.505 4.505 4.505 4.505 4.505 
9.0 8.886141649999999 5.0930359 8.735694 5.4056182 8.49579585 5.9545476 8.50595455 5.97535945 8.3504725 6.53750415 7.7547951 6.8551658 7.6490727 7.148959 7.1367326 7.51184035 6.70166155 7.6693901 6.49381275 7.568747050000001 6.09124055 7.9042089 5.7110984 7.9306395 5.2607443499999995 8.03541795 4.84199015 8.12073305 4.3718581 7.9977049000000004 4.04250945 7.842177899999999 
9.0 6.7466565 4.5867191 6.44310915 4.0730305 6.78167255 4.3181878 6.7583435 4.9369695 6.51314125 4.7735313 7.0151878 3.9679374 6.828375599999999 4.3415618 6.87507865 4.2364687 6.9918587500000005 4.45829695 6.68826645 4.35320385 6.71164045 4.45829695 7.1669839500000005 4.505 6.89701425 4.357564 6.44310915 4.65679615 6.95679775 4.25979775 7.15529695 4.11973355 
9.0 7.71986895 4.47591735 7.50168165 4.31589535 7.34165965 4.2722489 8.0108303 4.86869045 7.5307642999999995 4.94141955 7.4143887500000005 5.2178170999999995 7.2107203 4.417707099999999 6.94888655 4.30133155 6.6143237 4.0540616 7.4143887500000005 5.17417065 6.265197049999999 5.47965085 6.86159365 4.2576851 6.532469750000001 4.506798 5.9160704 4.1995198 6.7161354499999995 4.024934 5.87242395 4.2722489 
9.0 8.52824975 4.3625983999999995 8.43924875 4.75424775 8.52824975 4.5673007 8.67955145 4.6296014 8.60835065 4.4604995 8.73295205 4.4337992 8.63505095 4.6563017 8.71515185 4.505 8.74185215 4.5673007 8.57275025 4.5406004 8.49264935 4.4248991 8.51934965 4.6118011999999995 8.5056399 4.57741445 8.46594905 4.5139001 8.430348649999999 4.6919021 8.403648350000001 4.6118011999999995 
9.0 9.0 5.03383675 9.0 5.5626285499999994 9.0 6.3558612 9.0 4.7693959 9.0 5.5626285499999994 9.0 5.03383675 9.0 6.620302049999999 9.0 4.2406041 9.0 3.97616325 9.0 6.091465299999999 9.0 6.3558612 9.0 3.97616325 9.0 5.41411375 9.0 4.7693959 9.0 6.091465299999999 9.0 5.5626285499999994 
9.0 5.8999783 4.03999225 5.5900031 4.03999225 5.4350154999999996 4.19497985 4.83785475 4.26087655 4.66902255 4.33917945 4.58172965 4.39788415 4.53830795 4.4383840999999995 4.51763095 4.46485965 4.5085061 4.48149115 4.50486515 4.49155995 4.5037414 4.4975382999999995 4.50360655 4.5009545 4.50387625 4.5028424 4.5041909 4.5039212 4.5044606 4.5044606 4.5046403999999995 4.5047303 
9.0 9.0 5.7656677 9.0 4.61634115 9.0 4.8539918 9.0 4.69904915 8.944351900000001 6.000306699999999 9.0 4.7517305499999996 9.0 4.7020608 8.8089625 3.3993199 8.29747645 4.1153734 9.0 4.6915425 8.99698835 5.7355512 9.0 2.7494327999999997 8.838809300000001 4.4072787 8.40427765 5.555032 8.756281099999999 3.51515605 8.11695725 4.17556145 
0.01 4.505 4.505 4.505 4.505 4.505 4.505 4.505 4.505 4.505 4.505 9.0 9.0 9.0 9.0 9.0 0.009999999999999787 4.505 4.505 9.0 9.0 9.0 0.009999999999999787 9.0 9.0 9.0 4.505 9.0 9.0 9.0 0.009999999999999787 4.505 4.505 
9.0 8.5673113 4.4329002 9.0 4.86554395 9.0 4.5770998 8.6875076 4.52904825 8.71155585 4.4329002 9.0 4.505 9.0 4.79344415 9.0 4.72134435 8.6154078 4.6972961 8.85575545 4.60114805 8.9519035 4.4329002 8.83175215 4.7453926 8.863981299999999 4.7051174 8.44715995 4.5530965 9.0 4.91364045 8.90385195 4.79344415 
9.0 7.2711331 5.35558885 8.01815715 4.585011 7.9879957 4.62398265 7.43021115 4.0416554 7.9903331 4.8646 7.82954695 4.732447 7.755873899999999 4.7646312 7.58924425 4.10391115 7.2780553999999995 5.2380446 7.48217335 4.84540635 7.3763161 4.86644295 7.208922299999999 4.17996655 7.14819485 4.89907665 6.980711149999999 5.6598554 6.90483555 4.91885465 6.779874550000001 4.9240239 
9.0 7.8724742 4.61957755 8.9547803 4.9451504 7.91468225 5.08382115 7.84536935 4.0919994 8.813097899999999 4.6165658999999994 8.906548950000001 4.48391845 8.8251445 4.96326525 8.6171159 4.6738322 7.6976187 4.62560085 8.15588395 4.1432424 9.0 4.505 7.7307917999999995 4.45074535 8.203081449999999 4.6197124 7.76095325 4.45676865 8.56888455 5.0024166999999995 7.77902315 4.6286125 
9.0 4.7686767 4.4673319 4.8063448 4.5426681 4.505 4.45479085 4.53012705 4.3292005499999995 4.5803362 4.1659871 4.47987295 4.74354965 4.79380375 4.3543275999999995 4.505 4.93189015 4.216196249999999 4.8440129 4.29153245 4.6180043 4.63054535 4.47987295 4.5426681 4.53012705 4.9695582499999995 4.4673319 4.64313135 4.49245895 4.70588155 4.505 4.71846755 4.3543275999999995 
9.0 8.3588332 4.50837125 8.187618650000001 4.2498638 7.98956895 4.3170190999999996 8.29504915 4.91121315 8.3822971 5.04210755 8.46289245 4.2297262 8.0264729 4.6627745 8.268169050000001 4.1995198 8.261471499999999 3.8671594999999996 8.46621875 4.55871525 8.573649249999999 4.605688 8.0868857 4.417707099999999 8.208115849999999 4.3396739 8.46621875 4.21628615 7.8284232 4.417707099999999 8.06005055 4.0920893 
9.0 9.0 9.0 9.0 6.8086875 7.314375 0.009999999999999787 9.0 9.0 4.617375 4.64546875 9.0 9.0 4.505 4.505 9.0 0.009999999999999787 9.0 9.0 9.0 9.0 5.9096875 9.0 9.0 9.0 9.0 9.0 9.0 9.0 0.26284375000000004 9.0 4.505 4.505 
9.0 5.3406205 3.7558183499999998 4.505 4.505 4.505 4.505 4.505 4.505 4.505 4.505 5.0236331 3.64775855 4.505 4.505 4.505 4.505 4.505 4.505 4.505 4.505 4.2744964 4.2096335499999995 4.85799235 4.9083813 5.2829946 4.01517985 5.066875 4.93719425 4.6202518 4.2888804 5.2613736499999995 5.38381745 
9.0 8.25234665 5.9189472 7.4510679500000006 7.097311449999999 6.0765419 7.6819311500000005 5.28232035 8.05366765 3.6520288 8.0958757 2.6292814499999997 7.49601795 1.4294760499999999 6.6510928 1.1461112500000001 5.3811654 1.2605089999999999 4.28532935 1.7167515 3.23763475 2.29503325 2.1018381499999994 3.31036385 1.5376707 4.4362265 1.3717153 5.5257246 1.6089614 6.4423449999999995 2.2032903 7.4115569 3.1531287499999996 
9.0 8.2023173 4.1646386 8.1217669 4.51538345 8.4387543 4.4504307 8.40760395 4.1672457 7.7787983999999994 3.9775567 8.3088488 4.7310535499999995 8.24128895 4.17241495 7.8671701 4.80638975 8.0256638 4.7907921 8.40499685 4.3984685 8.0490378 4.2347605999999995 7.85157245 4.3984685 7.95342915 4.38224155 7.8333677 4.162031499999999 7.6541071 4.3153109999999995 8.03083305 4.5595693 
9.0 7.9232677 4.5540854 8.38575825 4.5165971 8.36265395 4.5222608 8.1004606 4.6085648 8.1686048 5.0474566 8.2401652 4.5384428 8.18258425 4.5433873 8.22582615 4.1915187 7.945068450000001 4.67945095 7.96520605 4.5566026 7.87944145 4.5603784 7.972353099999999 4.4913801499999995 7.6913257 4.56680625 7.47893695 4.54316255 7.485095100000001 4.5717058 7.37672065 4.57354875 
0.01 9.0 9.0 0.009999999999999787 0.009999999999999787 0.009999999999999787 0.009999999999999787 4.505 4.505 4.505 4.505 0.009999999999999787 0.009999999999999787 4.505 4.505 4.505 4.505 4.505 4.505 0.009999999999999787 9.0 9.0 9.0 4.505 4.505 9.0 0.009999999999999787 4.505 4.505 0.009999999999999787 0.009999999999999787 0.009999999999999787 0.009999999999999787 
9.0 6.7524999999999995 4.505 6.2443852 4.97405325 6.7133935000000005 4.7981639 6.61571715 4.32911065 6.1075574 3.93822545 6.5570574 4.71999585 6.77205325 4.62227455 6.1075574 5.3844467499999995 6.4007213 5.16949585 6.4007213 4.38772545 5.9512213 3.9968852 6.63522545 4.4658935 6.38341555 4.8155146 6.2443852 4.68088935 6.08800415 5.16949585 6.51799585 5.28672545 
9.0 7.8695974 4.37864555 7.4573160000000005 4.2722489 8.12891395 4.63135445 8.36831765 4.61804925 7.3576169 4.8973236 7.7233301 4.8574079999999995 7.78981115 4.7377511 8.0358225 3.2548955499999996 7.4706212 4.43851895 8.0424751 4.81753735 6.06094425 3.66717695 7.44405575 4.63135445 7.24735455 4.2066668499999995 6.9120725 3.5541277 7.1581288 3.8733176499999997 7.03842695 4.63800705 
9.0 7.8350758 4.7285813 8.0593763 4.61930785 8.03694625 4.67549535 7.4820385 4.9521626 7.55265495 5.9052824 7.918233300000001 4.8352926 7.86254025 4.8844679 7.68211095 4.15200765 7.36440435 4.505 7.65244395 5.01540725 7.56982585 5.05271575 7.5173692 5.19925275 7.3889021 5.116679599999999 7.45852965 5.293378049999999 7.19116705 5.16563015 7.08760225 5.1843743 
9.0 9.0 4.505 9.0 4.505 6.7524999999999995 6.7524999999999995 7.87625 4.505 8.60448495 5.0486253 8.50856165 5.1437395 8.4121439 5.2344486 7.87625 5.62875 7.87625 6.7524999999999995 7.87625 4.505 9.0 3.3812499999999996 6.7524999999999995 6.7524999999999995 7.8287828 5.6911406 7.87625 5.62875 7.635093250000001 5.8118763 7.53881035 5.86667035 
9.0 4.505 4.505 4.505 4.505 4.505 4.505 0.68425 0.009999999999999787 4.505 4.505 9.0 0.009999999999999787 4.505 4.505 0.009999999999999787 0.009999999999999787 0.009999999999999787 0.009999999999999787 9.0 0.009999999999999787 1.8079999999999998 0.009999999999999787 9.0 9.0 0.009999999999999787 3.606 9.0 0.009999999999999787 4.505 9.0 4.505 4.505 
9.0 9.0 5.591351599999999 9.0 6.6891205 9.0 7.78513635 9.0 9.0 9.0 9.0 9.0 9.0 9.0 7.971903599999999 9.0 9.0 9.0 9.0 7.8523366 9.0 8.534632649999999 9.0 7.4100286 9.0 6.22456225 9.0 4.99131405 9.0 3.7242185 9.0 0.8468341499999994 9.0 
9.0 8.53085685 6.20936915 7.530629449999999 7.6262381 6.1194242 8.4918852 4.31652465 8.70085775 2.75756875 8.2994093 1.4810336999999998 7.2954061 0.7885339999999998 5.8695021999999994 0.6325574999999994 4.26384325 1.1982982 2.9643387499999996 2.1775789 1.6981871499999994 3.4519114 1.1852177499999996 4.8156494499999996 1.1851727999999997 6.01221845 1.7047948000000002 6.8610093 2.6132343 7.25670415 3.7254321499999996 7.20528135 4.894267 
9.0 6.3898434 5.0660659 6.07825 5.066875 5.5470309 5.76157725 4.3415618 6.4970941 4.70803915 6.1319203 3.64685955 6.0169382 3.9049175 5.7331239 4.62757865 6.32345225 2.94195365 5.07707865 3.6047414 4.7332561 3.6673118 6.1395618 3.87556515 4.2891501 4.05680355 4.1852257 0.009999999999999787 0.009999999999999787 4.3739258 4.1694932 4.4813563 4.2211856999999995 
9.0 7.94938365 5.4537147 7.37887825 6.2181344 6.68098455 6.864875 5.17925 5.50617135 5.12319735 7.18244675 4.15767135 6.50729775 4.505 6.6911882 3.26927955 6.3935293 1.9816867999999999 6.1599691 2.8602345499999995 5.3529368 2.68304165 4.8460806 2.77518915 4.35985645 2.9793070999999998 3.9437543 3.267077 3.6188556999999997 3.6077081 3.3970724 3.9703646999999997 3.2815509 
9.0 4.750427 4.56959315 4.3887593 4.7116801 4.56959315 4.7116801 4.15623295 4.5437468999999995 4.5824938 4.20792545 4.3370668 4.6987345 4.13043165 4.2983199 4.07873915 4.8666677 4.32416615 4.7374814 4.59539445 4.60834005 4.3370668 4.45335245 4.64708695 4.4662531 4.5437468999999995 4.5824938 4.6212406999999995 4.55664755 4.6212406999999995 4.55664755 4.2983199 4.47915375 
9.0 9.0 0.009999999999999787 9.0 9.0 9.0 9.0 9.0 2.2575 9.0 9.0 9.0 9.0 9.0 9.0 4.505 4.505 9.0 9.0 9.0 9.0 9.0 0.009999999999999787 9.0 9.0 9.0 7.314375 9.0 1.13375 1.13375 9.0 9.0 9.0 
9.0 8.62543165 5.81605665 8.25081835 3.7558183499999998 7.688943350000001 5.62875 8.438125 4.13043165 8.62543165 4.69230665 8.25081835 5.066875 7.688943350000001 4.505 8.438125 4.69230665 9.0 4.8795683499999996 7.50168165 4.13043165 7.87625 5.25418165 8.25081835 3.9431249999999998 8.2716302 4.7523598499999995 9.0 5.44144335 7.688943350000001 4.505 7.688943350000001 4.69230665 
9.0 8.7326374 4.43618155 8.7379415 4.54999495 8.7749803 4.4388336 8.8147161 4.4573529999999995 8.759112949999999 4.3382355 8.87292635 4.42557335 8.86762225 4.33027935 8.79615175 4.3223232 8.7855885 4.29324055 8.74059355 4.40705395 8.67703425 4.30645585 8.64260255 4.3038038 8.67164025 4.24307635 8.565872899999999 4.16881895 8.63999545 4.1793822 8.64260255 4.1714709999999995 
9.0 8.577829600000001 4.43051785 8.9155839 4.4155944499999995 8.80631045 4.3411123 8.3592827 4.5099445 8.5380938 4.35599075 8.50829195 4.4404518 8.577829600000001 4.3013765 8.61257595 4.4652642 8.13574635 3.9238863999999998 8.49336855 4.55961425 8.64736725 4.400716 8.597697499999999 4.41064995 8.512157649999999 4.156188 8.23508585 3.7301519 8.8211889 4.33612285 8.43376485 3.77487715 
9.0 9.0 4.7328965 9.0 4.99167365 9.0 5.3814351 9.0 5.7839623499999995 9.0 6.0704287 9.0 6.2248319500000004 8.75614625 6.43250095 8.511213699999999 6.77007545 7.9169747 7.1481049500000005 8.1299478 7.2002919 8.0820311 7.3259720999999995 7.50060285 7.3791929 7.17579415 7.62610325 6.7317331 7.7721458000000005 6.61886365 7.72742055 6.00547595 7.887172850000001 
9.0 4.6781474 4.6204316 4.5242386 4.505 4.59476515 4.41523485 4.601193 4.28056465 4.2869925 4.4472841999999995 4.56914365 4.4024241 4.505 4.35751905 4.2933753999999995 4.37675765 4.4280456 4.6652917 4.601193 4.5242386 4.7358632 4.4024241 4.7358632 4.5883373 4.6845303 4.57552655 4.59476515 4.53704935 4.3895684 4.4216627 4.44085635 4.59476515 
9.0 4.505 4.505 9.0 5.0843605499999995 8.4805578 4.4151 4.505 4.505 9.0 2.5971422 9.0 5.3840422 9.0 4.2652816499999995 9.0 0.8390578 4.505 4.505 9.0 4.3252 9.0 3.66591835 4.505 4.505 9.0 0.009999999999999787 4.505 4.505 9.0 5.034421099999999 8.58048165 4.0754578 
9.0 7.568252599999999 4.9711315 7.96781315 4.66039215 7.43506575 4.8712526 7.2464106 4.4827946999999995 8.0565894 5.0377474 7.19089735 4.7269631 7.31298155 4.9378684999999995 8.0233264 3.71698155 7.82352365 4.0166632 6.6914579 4.5494106 7.2464106 4.8712526 7.50168165 3.927842 7.37159635 4.39482755 7.94560785 4.6048789 7.25751325 4.183158 6.8135421 4.29413955 
9.0 8.31869285 4.8103903 8.1262619 4.40165995 7.967543450000001 4.35670995 7.504288750000001 4.207431 7.183210900000001 4.1604133 7.5283370000000005 4.24559355 7.393487 4.2156119 6.26699505 4.7086235 7.7078673 4.5676603 7.0208515 4.14364695 6.9066785 4.1250376499999994 6.6193580999999995 3.4791511 6.69222205 4.0946964 6.86995435 4.12126185 6.49525115 4.07253605 6.40292385 4.0641304 
9.0 5.3799966999999995 4.76233875 4.6937001 5.63733545 4.03046285 6.7015267000000005 3.68147105 3.68147105 2.61777425 4.77950965 2.463371 4.916742 3.7672806 3.1324967 4.04179025 2.7207097499999997 5.3456548999999995 3.71581285 6.0338394 3.9677126499999997 5.7917387 3.78440655 5.47794275 5.6149054 4.68088935 5.9025853999999995 4.33342585 5.6888032 3.7501097 5.2598903 3.1496226499999995 2.9952194 
9.0 8.80037705 4.49803275 8.38962395 3.9096821999999998 8.7744409 4.4842780499999995 8.227264550000001 2.20486355 8.66022295 4.9710415999999995 9.0 3.86459735 8.9669168 4.3907371 8.81359235 3.8074659 8.28138435 7.28016805 9.0 3.77137105 8.4377654 4.12314975 8.35905795 4.4302032 8.2867334 4.42548345 8.21009365 4.42107835 8.1294983 4.41703285 8.04530695 4.41334695 
9.0 8.2189488 4.8716121999999995 8.0595561 4.1383878 8.5696487 4.42530365 8.6812146 4.5528268 8.107382900000001 4.90348175 8.76091095 4.47313045 8.7449537 4.505 8.6971269 5.41357435 8.77682325 4.47313045 8.61743055 4.53686955 8.1232952 4.8237854 8.60151825 5.2222671499999995 8.52923865 4.87201675 7.995817 4.8078731 8.665257350000001 5.31792075 8.665257350000001 4.505 
9.0 7.8668105 4.542758 8.2498744 4.5795720499999995 8.2195781 4.61598155 8.39564725 4.58056095 7.2246548 4.7693959 8.06023035 4.71765845 7.985972950000001 4.74804465 7.4135347 5.3737936 8.2823283 4.6938799 7.70926075 4.8251339 7.60183025 4.84558615 7.489095649999999 4.88271485 7.3695736 4.8779052 7.26245775 4.58056095 7.12050565 4.89862715 6.9920835 4.90465045 
9.0 9.0 2.0682604999999996 9.0 0.009999999999999787 9.0 0.009999999999999787 9.0 6.13295415 9.0 2.65670095 9.0 9.0 9.0 0.009999999999999787 9.0 3.1855377 9.0 0.2977249500000001 9.0 9.0 9.0 9.0 9.0 2.6670844 9.0 1.6846122500000003 9.0 0.009999999999999787 9.0 0.009999999999999787 9.0 0.009999999999999787 
9.0 1.6153442999999998 0.009999999999999787 9.0 8.22942215 9.0 0.009999999999999787 9.0 3.45348465 9.0 8.82743695 9.0 2.81132895 9.0 0.009999999999999787 9.0 5.12706305 9.0 0.009999999999999787 9.0 4.35248465 0.7163442999999994 9.0 6.9210625 8.3578443 9.0 9.0 9.0 0.009999999999999787 9.0 0.009999999999999787 9.0 0.009999999999999787 
9.0 7.46473275 6.46558415 6.51341095 7.8674398 4.7440890499999995 8.3305147 3.06538635 8.19714805 1.43702765 6.8607396000000005 0.7197155499999996 4.82463945 0.7826455499999998 3.21390115 2.3909116 1.2809612499999994 4.29108295 0.6392100999999997 5.5519754 1.0745958 7.05200185 2.1618464 7.844785 3.66690725 7.8653721 5.5708993499999995 6.53606575 7.160241449999999 5.42867755 7.9555418 3.67194165 7.8473022 
9.0 8.4416311 4.67252865 8.54829745 4.52041785 8.5149895 4.5279245 8.38575825 4.505 8.77664345 4.84001235 8.41659395 4.5496802999999995 8.38431985 4.55673745 8.27410245 4.22581555 8.3578443 4.6166558 8.2889809 4.57705485 8.2576957 4.58361755 8.078659850000001 4.3095574 8.19588945 4.59638335 8.1903606 4.8958851999999995 8.135027149999999 4.6087446 8.1049556 4.61472295 
9.0 8.4170884 6.6163913999999995 6.929827749999999 8.19813695 4.971581 8.787611250000001 2.79541665 8.4568242 1.18144195 7.1222587 0.36514995000000017 5.25705845 0.8003558499999999 3.3838571 1.83573415 1.6577771000000001 3.4256605999999996 0.7794990499999996 5.35109385 0.96747995 6.82248715 1.9235214999999997 7.6188663000000005 3.3883071499999997 7.6109101500000005 4.9762558 6.8782701 6.2923019 5.6725313 7.04795635 4.20208195 7.0919624 
0.01 9.0 9.0 9.0 0.009999999999999787 9.0 9.0 0.009999999999999787 9.0 4.505 4.505 9.0 9.0 4.505 4.505 4.505 4.505 0.009999999999999787 9.0 0.009999999999999787 9.0 9.0 9.0 9.0 0.009999999999999787 9.0 9.0 9.0 9.0 9.0 0.009999999999999787 0.009999999999999787 9.0 
9.0 4.505 4.505 4.505 4.505 4.505 4.505 0.009999999999999787 9.0 4.505 4.505 9.0 6.18311835 3.9656 3.9656 4.505 4.505 0.009999999999999787 0.009999999999999787 4.505 4.505 9.0 0.009999999999999787 4.505 4.505 9.0 5.52388165 4.505 4.505 4.505 4.505 4.505 4.505 
9.0 9.0 4.836731 9.0 4.658729 9.0 4.25494315 9.0 4.8989418 9.0 5.38831245 9.0 5.4187436 9.0 5.0796857499999994 9.0 4.97971695 9.0 5.72256065 9.0 6.5168721000000005 9.0 6.3816625 9.0 5.40548335 9.0 6.15659785 8.80235485 6.69141295 9.0 5.9655154 9.0 6.604704399999999 
9.0 5.6429542 6.12090755 4.505 4.505 3.1735809999999995 0.009999999999999787 4.505 4.505 4.84639525 4.1749770999999996 4.505 4.505 4.505 4.505 4.505 4.505 4.505 4.505 4.53911705 7.56613995 3.606 6.01851145 4.038419 6.1095352 4.7553715 0.009999999999999787 4.505 4.505 4.78948855 0.009999999999999787 4.505 4.505 
9.0 9.0 5.01675575 7.65235405 3.9591271999999997 8.1726503 4.9399811499999995 7.70350715 4.55619805 7.02970665 4.155289 7.6096965 5.0679538 7.1405983 4.68412575 6.89323845 4.3514508 7.6267775 5.2641156 7.771786199999999 4.82913445 5.9464566 4.7693959 6.90177895 6.185275949999999 6.7115955 5.31189745 5.187341 5.9635376 6.48913795 5.35442015 7.02970665 5.187341 
9.0 9.0 4.6156219499999995 8.9852564 4.72350195 8.88964775 4.82607785 7.280437750000001 0.009999999999999787 8.597068199999999 5.00605765 8.4813669 6.916118 8.194361149999999 5.14045815 7.96295855 5.18774555 9.0 6.34808485 7.4649575 5.24087645 7.2082031 5.2473942 6.952347700000001 5.2417305 6.70157165 5.22505405 6.45947095 5.1988482 6.2289224 5.16473115 9.0 9.0 
9.0 8.46442075 6.0886784 7.57908555 7.4325036 6.069979200000001 8.0912908 4.7671484 8.588347899999999 3.1662092 8.392725500000001 1.68955675 7.6330705 1.0390853 6.27193955 0.64815515 4.8829396 0.8352370499999999 3.42543585 1.60217395 2.2565111 2.7175183 1.4332518499999995 4.00394235 1.10979165 5.27099295 1.2908951999999996 6.33334125 1.9136774500000002 7.050338699999999 2.8524132499999997 7.3262867499999995 3.90694025 
9.0 4.505 4.505 9.0 0.009999999999999787 4.505 4.505 4.505 4.505 9.0 9.0 9.0 3.3658771 9.0 5.5517956 9.0 0.009999999999999787 4.505 4.505 4.505 4.505 9.0 9.0 4.505 4.505 9.0 0.009999999999999787 4.505 4.505 9.0 0.009999999999999787 4.505 4.505 
9.0 8.75866345 5.2915351 8.5930227 5.99477785 8.3300652 6.750702 7.8168261 7.374697899999999 7.16671425 7.8240181 6.693975099999999 8.2634493 5.87413205 8.58039175 5.3122570499999995 8.70463355 4.47349005 8.69024955 3.656344 8.522765849999999 3.0206161499999995 8.2130154 2.4132967 7.9428659 1.8725931499999997 7.486758249999999 1.45159145 6.8677518 1.1193210499999995 6.4148356 0.8546104999999997 5.677835399999999 
9.0 8.62992665 5.3230001 8.3747455 6.10265785 7.78064135 6.56132765 7.221103749999999 7.64543175 6.7694012 7.8727439 6.127695 8.18168525 5.2090968 8.2609321 4.5228002 8.3351895 3.7682694999999997 8.00449235 2.8869797999999998 7.92987535 2.56823935 7.44405575 2.116357 6.927175699999999 1.7932563999999998 6.3466914 1.60523055 5.7338431 1.5513354999999995 5.11933165 1.6256827999999999 4.7474603 
9.0 8.98404275 4.7957366 9.0 4.4494418 8.90160445 4.6172851 8.8252344 4.6089244 8.9673663 4.8559696 8.52006885 4.9700527 8.7398294 4.74184155 8.496964550000001 5.004844 8.3753748 4.89296345 8.17440335 5.0367584999999995 8.2658766 5.1541679 8.16073855 5.1078694 8.0774462 5.1180281 8.0609945 5.19628605 7.9716339000000005 5.2210535 7.69379795 5.04507425 
9.0 4.505 4.505 9.0 6.8299938000000004 4.505 4.505 4.99904545 0.009999999999999787 4.505 4.505 4.505 4.505 0.009999999999999787 3.4974907 2.00079055 0.7607998499999997 7.9634529999999994 7.3434576499999995 4.505 4.505 6.9074876 6.1082766 0.4459250999999993 6.5200186 9.0 0.009999999999999787 0.009999999999999787 8.17170635 4.505 4.505 4.505 4.505 
9.0 8.651502650000001 3.6308124 8.839034049999999 3.7105536999999997 8.4167288 3.4890401 8.177504899999999 3.2882035 8.06823145 3.20554045 7.6650749000000005 2.27372695 7.3520431 2.25898335 6.1795672999999995 1.3257314500000001 5.7217965 1.26370045 6.3257446999999996 2.0699685999999997 6.0112295499999995 1.8218895499999994 5.1680125 1.6461350499999998 4.9235744 1.8264744499999996 4.1830681 2.0359864 4.422292 2.0743736999999998 4.16980785 2.3519848999999997 
9.0 8.7571801 4.38430925 0.009999999999999787 5.67958845 2.86913465 6.10697305 7.6181471 1.6539563499999996 9.0 4.35428265 3.200551 4.4802775 2.0394026 5.199567399999999 8.636848950000001 2.4251635 9.0 2.2384411999999996 3.1684117499999997 3.0911427 1.1848131999999998 6.18437695 8.2750464 2.4043067 6.8517496 1.8920564999999998 9.0 1.74538465 4.0719517 5.42544115 4.23004085 6.38898935 
9.0 9.0 0.009999999999999787 9.0 9.0 9.0 0.009999999999999787 9.0 0.009999999999999787 9.0 0.009999999999999787 9.0 4.422292 9.0 0.009999999999999787 9.0 9.0 9.0 0.6580441499999998 9.0 9.0 9.0 0.009999999999999787 4.505 4.505 9.0 9.0 9.0 0.94761205 9.0 9.0 9.0 9.0 
9.0 9.0 0.6077900500000002 9.0 5.506486 8.3478654 2.7116748 9.0 3.9615545 9.0 6.08485765 9.0 4.8543514 9.0 3.84122335 9.0 0.009999999999999787 9.0 0.009999999999999787 7.2843034499999995 5.21534485 9.0 7.30758755 9.0 3.7403106 9.0 6.1197838 9.0 1.5160947 9.0 8.4798386 9.0 3.6587712999999997 
9.0 8.42063945 4.6994537 8.0985727 5.32745015 8.955454549999999 5.8216754 8.52600225 4.13025185 8.487480099999999 4.4138414 8.5705477 3.3037562 8.5239795 5.4023818 8.4895478 4.2963420999999995 8.3011174 4.46045455 8.9047959 2.9756212 8.0539823 3.37671005 8.40041195 4.09177465 8.36921665 4.3742854 8.045891300000001 4.32066005 7.91827825 5.4854494 8.4712981 4.91822535 
9.0 5.81183135 4.95562375 5.5526946 5.28232035 4.67396705 6.0484032 5.0457485 5.6879042 4.7866567 5.4625698499999995 4.29261125 5.07887665 4.22033165 4.86041965 4.2205563999999995 4.68916015 4.26087655 4.5682896 4.3177383 4.492414 4.3757238 4.4521388 4.42611275 4.43735025 4.4651743 4.4386987499999995 4.492414 4.4488125 4.5093152 4.4623874 4.5180355 4.47591735 
0.01 0.009999999999999787 9.0 0.009999999999999787 0.009999999999999787 4.505 4.505 0.009999999999999787 9.0 9.0 0.009999999999999787 0.009999999999999787 0.009999999999999787 0.009999999999999787 9.0 4.505 4.505 0.009999999999999787 0.009999999999999787 0.009999999999999787 9.0 4.505 4.505 9.0 0.009999999999999787 9.0 9.0 9.0 0.009999999999999787 9.0 9.0 4.505 4.505 
9.0 9.0 4.2271190999999995 9.0 4.6372428999999995 9.0 4.27436155 9.0 4.42827035 9.0 3.9779163 8.30296035 4.2711701 8.7029704 4.2084199 7.6141915000000004 4.17331395 7.459608449999999 3.5895033499999998 8.7712045 3.0864678999999997 8.1392974 3.0821527 8.3226934 2.9390319 7.76517855 3.1936286999999997 7.7905753 2.7710087999999997 6.9483022000000005 3.3235342 7.39110465 2.73005935 
0.01 9.0 0.009999999999999787 9.0 9.0 9.0 9.0 9.0 9.0 9.0 9.0 9.0 0.009999999999999787 9.0 9.0 9.0 9.0 9.0 0.009999999999999787 9.0 0.009999999999999787 9.0 0.009999999999999787 9.0 0.009999999999999787 9.0 9.0 9.0 0.009999999999999787 9.0 9.0 9.0 9.0 
9.0 9.0 4.40345795 9.0 4.3029947 9.0 4.204644099999999 9.0 4.10948495 9.0 7.02997635 9.0 3.9324269 9.0 3.8522361 9.0 5.96169465 9.0 3.71212695 8.976805800000001 3.65324245 8.802264950000001 3.60235905 9.0 0.35683419999999977 8.428236 3.5254046499999996 8.232254000000001 3.4994685 8.032631049999999 3.48171325 7.8309404 3.47200405 
9.0 7.3597745 4.3077594 7.9450235 4.6384115999999995 7.266368399999999 6.1244586 7.4428421 4.4842331 7.390924849999999 4.8787143 8.0760977 2.5533608999999995 7.76463915 6.97567675 7.1833008 5.12787215 7.3597745 5.491203 7.3493910499999995 3.3630902000000003 7.69424745 5.19538705 7.411691749999999 5.543120249999999 7.59643625 5.3007948 7.27675185 4.84756395 7.4859042 5.3968529499999995 7.60893235 6.1556089499999995 
9.0 8.2868233 3.6796281 6.4667978 4.63620905 8.704273950000001 4.49299835 8.45821765 5.12508525 8.15138895 4.42458445 8.48572705 6.97684545 8.6275443 1.9210042999999994 7.87625 3.178076 8.4010862 3.6013252 9.0 9.0 6.6001195 3.7727645 8.553466700000001 4.3801289 8.7014421 4.4529479 7.273110900000001 3.0532049 8.30161185 3.3495152999999998 8.69986885 4.44094625 
9.0 9.0 9.0 9.0 0.009999999999999787 9.0 0.009999999999999787 9.0 9.0 9.0 9.0 9.0 9.0 9.0 0.009999999999999787 9.0 9.0 9.0 9.0 9.0 9.0 9.0 9.0 9.0 9.0 9.0 6.7524999999999995 4.505 4.505 9.0 0.009999999999999787 9.0 0.009999999999999787 
9.0 8.905829749999999 5.2156595 8.555534399999999 6.08890315 8.19265305 6.68781695 7.730612000000001 7.421715600000001 7.14927365 7.819747850000001 6.31868755 8.2428622 5.635043 8.3169398 4.716265 8.34710125 3.95692465 8.08971755 3.328209 8.1348923 2.80431675 7.726836199999999 2.2110217 7.126663799999999 1.91646435 6.574498 1.7226399499999996 5.8892802 1.5493576999999998 5.32960775 1.6221766999999998 4.6384115999999995 
9.0 0.009999999999999787 9.0 0.009999999999999787 5.1902178 5.7795123 9.0 0.009999999999999787 9.0 0.009999999999999787 0.009999999999999787 9.0 9.0 0.009999999999999787 3.4497538 5.77712995 0.009999999999999787 9.0 9.0 3.0934801 0.009999999999999787 0.009999999999999787 0.009999999999999787 9.0 0.009999999999999787 0.009999999999999787 4.3441689 9.0 0.009999999999999787 0.009999999999999787 3.05235085 5.17650805 9.0 
9.0 8.65285115 4.8557898 8.67092105 5.23548245 8.5371049 5.6115791 8.28578945 6.08710515 8.04710495 6.4017102 7.6836842 6.61688585 7.6872802 7.0435962 7.22263205 7.39079 6.808552649999999 7.4233338 6.29863985 7.51552625 6.0437284 7.57701785 5.57000035 7.927762700000001 5.34848675 7.82613075 4.9407453 7.698158100000001 4.62793825 7.969386399999999 4.32416615 7.629429549999999 
9.0 8.7843299 4.6063173 8.71937715 4.4478235999999995 8.7089937 4.5595693 8.85188975 4.4270567 8.8622732 4.5283739999999995 8.80514175 4.3672732 8.786937 4.48679525 8.976626 4.38547795 8.989616550000001 4.5855504 8.7116008 4.28155355 8.72198425 4.3984685 8.8674874 4.3049275499999995 8.82986425 4.4309673499999995 8.88308505 4.5907646 8.7947583 4.3517205 8.812918100000001 4.54136455 
9.0 9.0 1.9327812 8.961792500000001 1.2069735499999998 8.528834100000001 0.12462250000000008 9.0 2.8949809 9.0 3.4608564499999996 7.3319054999999995 0.6212300999999996 9.0 1.9188017499999996 9.0 0.9268451499999997 7.955856450000001 0.5066075999999997 8.847214950000001 0.009999999999999787 7.656894 1.1384248000000001 7.2894727 1.0481652000000001 6.92227615 0.9995292999999998 8.146849 0.009999999999999787 9.0 0.009999999999999787 5.87350275 1.0837655999999996 
9.0 9.0 4.4564090499999995 9.0 4.38350015 9.0 4.2134542999999995 8.78131825 4.4320911 8.951409049999999 4.35922715 8.951409049999999 4.8937725499999996 9.0 4.2134542999999995 8.78131825 4.9180455499999995 8.902818100000001 4.4806820499999995 9.0 4.7965457 9.0 4.6993637999999995 8.902818100000001 4.9180455499999995 8.9350922 4.56123245 9.0 4.35922715 9.0 4.62649985 9.0 4.18913635 
9.0 6.2757603 3.4153221 7.321342250000001 4.5620864999999995 6.54820225 4.91364045 7.3654382 4.91364045 5.4584794 3.5515206 7.0930412 5.1860824 6.2757603 4.505 7.0292122 4.71001695 6.82059925 4.6411985 8.046520600000001 5.3222809 5.86711985 3.8239175999999997 6.6862437 4.77150855 6.5889719 4.7810828999999995 6.00331835 4.3688015 6.3864272 4.7931295 6.2757603 5.5946779 
9.0 4.505 4.505 8.951409049999999 3.4845001499999997 5.35540905 4.26204525 4.505 4.505 8.69627285 4.83300015 9.0 3.606 9.0 4.82086365 9.0 3.99477255 4.505 4.505 9.0 3.55740905 9.0 2.6340911 4.505 4.505 9.0 3.7153184 4.505 4.505 9.0 3.3387272999999995 5.80490905 3.8003638 
9.0 8.33793145 4.7488987 9.0 4.86770155 9.0 9.0 8.61671135 4.47016375 8.26825895 4.6792262 9.0 5.72552735 9.0 9.0 8.16370525 4.71406245 8.581875100000001 5.0276786 9.0 6.7826165 9.0 0.009999999999999787 8.128869 4.6792262 9.0 7.7240043499999995 8.3030952 4.8186161499999995 9.0 8.42989915 9.0 9.0 
9.0 6.63279815 5.38273865 4.78427435 3.6804821499999996 7.3061042 4.5502196999999995 6.5530119 4.3055119 7.0450795500000005 4.58478625 6.51314125 5.74179925 7.7233301 4.3321223 7.00516395 5.0635487 6.366829 5.0236331 6.87687665 4.6327479 6.80567585 4.02623755 6.65940855 4.39860335 6.595804299999999 4.65149205 6.9120725 5.6354026 5.94128735 3.85335985 6.06094425 4.4916948 
9.0 8.25738105 5.80823535 7.6180572 6.6492049 6.7180683000000005 7.57872595 5.49349545 8.40490695 4.1410848 8.32624445 2.9066678999999995 7.9967609500000005 2.13456175 7.13120375 1.3427675 5.91153045 1.0968460499999995 4.68205805 1.3034362499999994 3.8165008499999997 1.8837407499999999 2.7443983999999997 2.8329049499999996 2.1247176999999997 3.7430974999999997 1.7692081499999999 4.88370375 1.7411143999999998 5.6361218 2.3263634 6.32956545 2.91651195 
9.0 8.27131555 6.4335348 7.7464793499999995 7.12940575 6.555843749999999 8.01626925 5.2453265 8.223803400000001 3.9201105999999997 8.41326765 2.42934385 8.03344015 1.8333967499999995 6.8455465 0.9777735000000001 5.69747855 0.7285706999999997 4.6815636 1.7162570499999998 3.0957725499999995 2.3738306 2.3067202499999997 2.8284548999999997 1.4575698 4.2778227 1.6870395500000002 5.1653155 2.44130055 6.172330349999999 2.74444335 6.67693905 3.41213065 
9.0 6.6216954999999995 5.5276574499999995 6.4076436 6.0152301 5.6584619499999995 6.64547405 4.5882474 6.72872145 4.4098858 6.9308616 2.97099135 5.9082041499999995 2.6499135 5.967673 2.1861643499999994 4.8141661 2.2575 3.981782 3.8390657499999996 3.8509775 3.8390657499999996 2.7926297499999997 3.458564 4.51691175 4.6656512999999995 3.07833195 5.21849135 3.52989965 5.6228166 3.41096195 5.706064 4.69527335 
9.0 8.6542446 5.19952245 8.38863505 5.84257715 7.767560899999999 6.1587105 7.6779306 7.0595085 7.087332549999999 7.32421905 6.4499865 7.861686199999999 5.93013975 7.54798015 5.3648036 7.9579691 4.7156357 7.92888645 3.9627232 7.96475655 3.67436895 7.71114865 3.18836955 7.4585746 2.7610298999999996 7.136957349999999 2.4013849499999997 6.75838845 2.1160873 6.3359034 1.97741655 6.08252025 
9.0 8.8665884 3.8584392 8.6100138 4.4947514 8.84604625 3.73532115 8.938418500000001 5.32601175 8.63055595 4.5152486 8.71263465 4.12530735 8.6100138 4.4947514 8.4047721 4.1150138 8.8665884 3.55057665 9.0 4.9668163 8.640804549999999 4.26896755 8.6613467 4.81286255 8.732232849999999 4.0891226 8.8665884 3.60190955 8.3431906 4.1150138 8.84604625 3.5197858999999996 
9.0 6.0938026999999995 3.8861284 7.62394565 4.3960861499999995 7.57036525 4.3443487 7.009479150000001 4.22995095 7.2845282000000005 4.03450835 7.29635005 4.21161135 7.17327695 4.17735945 6.40508145 3.31791545 7.12167435 4.7293904 6.7406331999999995 4.11074355 6.58353295 4.10094445 6.5281096000000005 4.4796482 6.2646127 4.0987419 6.1046806 4.0417453 5.9538284 4.116766849999999 5.80598785 4.131915 
9.0 8.57508765 6.35302935 7.4426623 7.86550695 5.84994895 8.815929749999999 3.9052770999999997 8.902009 2.1569917999999997 8.24767185 0.9244178499999998 6.9811157 0.16143654999999946 5.1878804 0.32460504999999973 3.3563476999999997 1.2747581499999998 1.8359139499999997 2.6375072999999998 0.6750352500000001 4.4038625 0.28922939999999997 6.1374941 0.6677084 7.5408331 1.71994295 8.36966615 3.2408711500000003 8.489997299999999 4.94551 7.89850025 6.58622995 
9.0 8.335144549999999 6.2693774 6.25297065 7.9406184 4.9031671 8.95068985 2.5890062499999997 8.494042799999999 1.07850645 6.751601 0.3205146000000001 4.9890216 0.6437949999999999 3.1095721999999997 1.5369514999999998 2.0209731 3.6392629999999997 0.6364681499999998 5.7835578000000005 0.8867048 7.41097255 2.9214114999999996 8.0027393 3.4565862 7.7278251 5.46436785 6.2054585 7.126034499999999 5.38903165 7.48585925 4.00088575 7.42373835 
0.01 9.0 9.0 9.0 0.009999999999999787 9.0 9.0 9.0 9.0 9.0 9.0 9.0 0.009999999999999787 9.0 9.0 9.0 0.009999999999999787 9.0 0.009999999999999787 9.0 9.0 9.0 9.0 9.0 0.009999999999999787 9.0 9.0 9.0 9.0 9.0 9.0 9.0 9.0 
9.0 8.4699496 3.84697695 8.7036896 4.00798785 8.644895 3.7655724999999998 8.47439965 3.7392317999999998 8.4813669 3.07518545 8.33784155 3.09073815 8.1961142 2.8902162 8.13161095 2.9932415999999997 7.887172850000001 2.3913610999999997 7.67644725 2.3854726499999996 7.4784425 2.25367925 7.26030015 2.3435343 7.0583398 2.0494264499999995 6.76054605 1.8145627000000002 6.62102125 1.9259038499999996 6.40139555 1.8940342999999995 
9.0 9.0 5.58726115 8.991684249999999 4.52158655 8.1119678 3.15052165 8.54685905 3.4493042999999997 7.68040285 3.42273885 7.82478225 3.13227195 7.7185654 2.8832939 6.6263703 1.7545544499999997 6.32426135 2.0300979499999996 7.24879295 2.7372064 6.8952612 3.03598905 5.5822717 2.1612171 5.8178996000000005 2.3298695 5.07932615 2.7455221499999998 5.20878215 2.19776145 5.3299673499999995 2.41019515 
9.0 7.202 4.65481835 7.35181835 4.80468165 7.6515 4.80468165 7.6515 4.505 7.35181835 4.505 8.100999999999999 4.505 7.801318350000001 4.505 7.6515 4.9544999999999995 7.50168165 4.9544999999999995 7.801318350000001 4.35518165 7.95118165 4.505 7.35181835 5.10431835 7.4686433999999995 4.9620516 7.202 5.10431835 7.202 5.25418165 7.35181835 5.25418165 
9.0 9.0 4.5244633499999996 9.0 4.45065545 9.0 4.371948 9.0 4.1897207 8.90286305 4.2237928 9.0 4.2108472 8.87688195 4.14913085 8.66561695 3.8907582499999998 8.7385708 3.86100135 8.98152555 3.8645524 8.76693425 3.8952532499999997 8.526631550000001 3.56774755 8.50856165 3.69999045 8.3546978 3.6710876 8.27077615 3.60146005 8.27482165 3.5715683 
9.0 4.47618705 2.2575 4.505 4.505 4.4185611499999995 9.0 4.505 4.505 4.505 4.505 4.505 4.505 4.505 4.505 4.505 4.505 5.9168795 8.683057550000001 2.9202428 7.84743705 2.94905575 0.8744334499999997 4.505 4.505 1.7388668999999997 2.1998740999999997 4.505 4.505 4.505 4.505 4.505 4.505 
9.0 8.4967398 6.219303099999999 7.4683737 7.62592345 5.8152026 8.4557454 4.2026663 8.55656825 2.7251148499999998 8.12082295 1.6023986999999997 7.0447649 0.7759479999999996 5.7144247 0.9566469999999998 4.13618525 1.6830389999999995 3.1141571 2.40866685 2.0055552499999996 3.7656174499999997 1.6130069000000002 4.9348119 1.7605777499999995 5.8717497 2.3297795999999997 6.44805365 3.1637819 6.6189535500000005 4.07972805 6.3997323999999995 5.0693922 
9.0 6.73069925 4.94141955 5.8360594 4.76683375 6.07604745 4.505 7.0798258999999995 4.39590635 7.123427400000001 4.61409365 6.0106002499999995 4.7231873 6.86159365 4.52680075 6.62156065 4.024934 6.4470198 4.52680075 6.07604745 4.76683375 5.3559934 5.6614736 5.9015066 3.82854745 6.14778765 4.67648425 6.272434 5.2905462 5.6833193 4.505 6.18518605 4.417707099999999 
9.0 7.47893695 0.009999999999999787 9.0 9.0 9.0 1.4789210499999998 8.14114035 2.6869522999999997 9.0 0.009999999999999787 9.0 0.4875937499999994 9.0 7.80401535 5.29562555 7.6956409 9.0 8.0127182 9.0 8.3377966 9.0 0.009999999999999787 9.0 8.34179715 9.0 4.11973355 8.8193909 2.8755625 9.0 7.4387966 9.0 6.0662034 
9.0 8.61131735 8.1722907 1.22486365 9.0 2.7310033 7.01028825 4.74795475 5.8413635 3.66897495 4.04466705 4.3630479 4.1017985 4.56797495 4.35203515 4.5548046 4.48086185 4.5203729 4.50936015 4.5071576 4.50837125 4.50486515 4.50585405 4.50486515 4.5050899 4.5049550499999995 4.505 4.505 4.505 4.505 4.505 4.505 4.505 
9.0 8.76180995 4.5034716999999995 8.69465465 4.3599463499999995 8.78320615 4.35077655 8.8015008 4.6149477 8.7358738 4.5843817 8.66714525 4.7157256 8.7282323 4.43932805 8.767923150000001 4.5950798 8.7205908 4.56761535 8.6136997 4.85008115 8.5266765 4.7813526 8.7297606 4.64852535 8.66238055 4.6192629 8.645794 4.6057779 8.66103205 4.5248679 8.67173015 4.47906385 
9.0 8.25504365 6.26348895 6.9340980000000005 8.03712605 5.0590537 8.5236199 3.0117160499999995 8.2618311 1.3546342999999998 7.182401799999999 0.6113410999999997 5.48980955 0.7093321000000001 3.4188282 1.8208556999999996 1.7228646999999997 3.6350377 0.5589743499999997 5.06413305 0.5015732000000002 6.802349550000001 1.2481927000000002 8.06247785 3.2583567 8.2362096 4.8968741 7.498310399999999 6.71110105 6.1925129 7.65199445 4.32596415 8.0760078 
9.0 9.0 3.7715958 9.0 4.04790345 8.99995505 3.82189485 9.0 3.63849885 8.73277225 2.92496255 8.80828825 3.1661642499999996 8.71766905 2.9581806 8.7521457 3.2416353 8.55665815 2.55493415 8.37263285 2.3785054 8.23526565 2.202661 8.284396000000001 2.38619185 7.9312688 1.8812685 7.45924885 1.4127096999999997 7.593694299999999 1.60406185 7.4144786499999995 1.4831913 
9.0 8.15237785 4.6719443 8.33217785 4.49857215 8.056049999999999 4.5370943 8.08171645 4.3123442999999995 8.44131645 4.505 8.35141645 4.2032057 8.38998355 4.5178557 8.22942215 4.26096645 8.14595 3.97202785 7.959722149999999 4.12611645 8.2936557 4.28025 7.96615 4.19677785 8.1728301 4.11532845 8.21656645 4.0362164499999995 8.16523355 4.28025 8.19732785 3.82432215 
9.0 9.0 4.73644755 8.971366849999999 4.96002885 8.8265829 5.1682822 8.79830935 3.3140048 7.472868699999999 6.96380995 8.1201487 5.64147085 7.82145595 5.7357309999999995 7.50653625 5.7956943 7.18469425 5.8222148 6.864605299999999 5.81754 6.5539109 5.7849962 6.25908385 5.7288087 5.9852035 5.65360735 5.73577595 5.5643816 5.51309365 5.4659411 5.3179657 5.36278085 
0.01 9.0 0.009999999999999787 9.0 0.009999999999999787 9.0 0.009999999999999787 9.0 0.009999999999999787 9.0 9.0 9.0 9.0 9.0 0.009999999999999787 9.0 9.0 9.0 9.0 9.0 9.0 9.0 0.009999999999999787 9.0 0.009999999999999787 9.0 0.009999999999999787 9.0 7.45484375 4.505 4.505 9.0 0.009999999999999787 
9.0 8.785004149999999 4.8014452499999996 8.7129493 5.0906985 8.5952702 5.3658824 8.32040095 2.2592081 8.55153385 7.261334 8.00826815 6.0480436 7.7528173 6.2125606 7.47821775 6.3409378 8.7964664 7.1957968999999995 6.8989471 6.4867556 6.60744635 6.50576945 6.322778 6.4917450500000005 6.0501113 6.44778395 8.565333500000001 9.0 5.55705475 6.285919 5.3425084 6.17673545 
9.0 6.3929 1.7630499999999998 4.505 4.505 9.0 0.009999999999999787 8.5505 9.0 6.43785 7.3818 4.505 4.505 4.505 4.505 7.51665 3.20145 8.2808 0.009999999999999787 4.505 4.505 4.505 4.505 5.44895 7.5616 9.0 5.4939 4.505 4.505 4.505 4.505 4.505 4.505 
9.0 5.46823355 4.0768962 6.00331835 4.82607785 5.3612076 5.3612076 5.5752595 4.9331038 6.3243962 4.61202595 5.8962924 4.2909481 5.8962924 4.2909481 5.7892664499999995 3.9698702499999996 6.00331835 4.7190519 5.8962924 4.505 5.46823355 3.9698702499999996 6.1103442999999995 4.2909481 5.49879955 4.4020645 5.3612076 4.505 5.2690151499999995 4.4135717 5.1654953 4.42062885 
9.0 7.42436765 4.1500748 7.1239668 3.858619 3.91485145 3.5437892 5.8443302 4.70291485 6.2174152 3.32106195 5.80544845 3.06673485 4.66048205 3.65333235 5.41609155 3.18162705 5.1880602 3.1991126 4.93260935 3.0879512499999997 4.7996922 3.3005647499999995 4.6400298 3.3756762 4.5029323 3.4617104999999997 4.3875906 3.55525145 4.29297085 3.6531975 4.5650531999999995 3.2823150500000002 
9.0 8.82411065 4.892469 8.854362 5.37159105 8.8213687 5.73892245 8.912077799999999 6.0805874 8.67937165 6.5853309499999995 8.38261175 6.86563915 8.227759 7.1477903000000005 7.797227899999999 7.60947175 7.606684850000001 7.792643 6.95356135 7.598459 6.67783805 7.93005515 6.33064425 7.86227055 6.00637495 8.2716302 5.6262328 8.37344195 5.1233322 8.40823325 4.9117076 8.38351075 
9.0 4.505 4.505 2.9914435999999998 8.3431906 4.505 4.505 7.60066155 0.009999999999999787 8.868656099999999 5.91575575 3.3341424 1.8434206 3.14566705 7.45214675 8.73726725 5.24177545 4.505 4.505 4.505 4.505 3.6939671499999998 0.009999999999999787 4.505 4.505 9.0 0.009999999999999787 4.505 4.505 4.70489265 7.28655095 4.505 4.505 
9.0 9.0 5.1471557 9.0 7.7157335499999995 9.0 7.7157335499999995 9.0 3.8628443 8.3578443 3.8628443 9.0 4.6189032999999995 9.0 4.505 6.4314221499999995 3.8628443 9.0 4.66758415 9.0 3.22073355 9.0 4.505 5.7892664499999995 3.22073355 9.0 4.72485045 9.0 4.7379309 9.0 7.0735778499999995 9.0 4.505 
9.0 7.7600093 4.4562742 8.0876948 4.5537258 8.100999999999999 4.5138551499999995 8.05672425 4.5537258 8.0301588 4.46072425 8.2515825 4.6511324499999995 8.33127885 4.58029125 8.10545005 4.4695794 8.06112935 4.3721277999999995 7.91944695 4.6555824999999995 7.8662711000000005 4.752989149999999 7.768864450000001 4.4385639 8.01294295 4.5325093999999995 7.83530055 4.27912625 8.2338722 4.6378722 8.05672425 4.5404206 
9.0 8.75965235 5.79564935 7.7663022999999995 7.5277975999999995 6.6430018 8.211352250000001 4.56195165 8.51044955 3.38704855 8.30215125 2.3634022 7.02575105 1.09414905 6.38134785 1.51784775 4.8289995999999995 1.5641013 3.62735125 2.14624875 2.5271999999999997 3.1182475499999995 2.02874945 4.31985095 1.5925995999999998 5.22802075 1.9689209999999995 6.1570024 2.6215500499999997 6.575352049999999 3.49205175 6.7694012 4.236199 
9.0 9.0 4.4774906 9.0 4.0629617 9.0 4.16117745 9.0 4.02830525 9.0 4.00726865 9.0 2.7299694499999996 9.0 3.8030608 8.6459738 3.0718141999999995 8.391961349999999 2.9526966999999997 8.62660035 2.5239636 8.822897000000001 2.3983733 8.1852363 2.6902786 8.22151095 2.60671655 7.911490799999999 2.78651655 8.1211376 2.68115375 7.8472123 2.4804969499999996 
9.0 9.0 4.6883061 9.0 5.0435909 9.0 5.23134705 9.0 5.76004895 8.94169985 5.89346055 8.673887749999999 6.19687305 8.6007541 6.2917175499999995 8.18815805 6.575352049999999 8.03892405 6.617380300000001 8.07403 7.034875899999999 7.66637845 7.11789855 7.52011115 7.1895488499999995 7.15268985 7.2465005 6.930142399999999 7.243893399999999 6.5417743999999995 7.3654382 6.3228679 7.3214771 
0.01 4.505 4.505 4.505 4.505 9.0 0.009999999999999787 4.505 4.505 0.009999999999999787 0.009999999999999787 4.505 4.505 4.505 4.505 9.0 9.0 0.009999999999999787 0.009999999999999787 4.505 4.505 4.505 4.505 9.0 9.0 9.0 9.0 4.505 4.505 9.0 9.0 4.505 4.505 
9.0 5.8176299 5.1155109 6.5426284500000005 5.2605196 6.8326458500000005 4.48212045 6.8708084 5.443690849999999 6.8631668999999995 3.7571219 6.634191599999999 4.2913077 7.000534099999999 4.68052975 8.1757968 3.4976255499999995 6.41290275 4.3142322 6.07712625 4.80261395 5.77182585 3.56630915 6.83030845 4.3622388 6.76908655 4.35437255 6.06184325 4.94762265 7.687370100000001 4.4210334 6.28317705 4.3599913 
9.0 8.12918365 5.09245155 7.7890919499999995 5.59831885 7.40944425 5.3607581 6.16468885 6.55368615 6.51844535 6.59243305 5.62875 7.0809946 5.6373804 6.17331925 5.18891425 6.83687115 4.0641304 7.089625 4.3493831 6.43268075 4.1069227999999995 6.5018588 3.83331215 6.3032696999999995 3.608697 6.0771712 3.4337516 5.83286795 3.3078016999999997 5.5791252 3.4331223 5.9053723 
9.0 7.28547215 4.9927075 7.682695300000001 4.19327175 7.6675921 4.5804260999999995 7.8435713499999995 4.5150688 7.69775355 5.2139514 7.7228806 4.4949312 8.0899423 4.80167 8.26592155 3.7608527499999997 7.592166 4.097753 7.3156336 4.4446771 7.2452419 5.03293775 7.70782235 4.0776154 7.64453275 4.4297986499999995 7.350829449999999 4.7212095 8.04971205 4.27373225 7.43632435 4.2938249 
9.0 9.0 5.55660525 8.613609799999999 6.84298435 8.011999 7.7478728 6.647317 8.2907789 5.74737305 8.6282635 4.93054165 8.4717476 3.5169989999999998 8.613609799999999 2.9691484 7.89948915 2.196368 7.405488650000001 1.6045113499999997 6.5103993 1.1741150999999999 5.8158319 1.3208319 4.66641545 1.2806915499999998 3.96816215 1.5849581000000001 3.23817415 2.20126755 2.50450025 2.8224316 2.1083109499999995 
9.0 6.2709057 6.85952595 0.9618611999999995 5.0148229 3.7575714 1.0718088999999997 7.50168165 4.5584905 8.19732785 6.3243962 1.4830115 5.8862685500000005 2.94087485 1.6431234 6.59198355 5.2006461999999996 6.9665519 4.7725424 2.1752415 6.52599695 2.36308755 2.3656497 5.94982785 7.6621980999999995 6.84109645 6.2512176 7.0735778499999995 6.2709057 2.03764955 3.1603207499999995 5.64857295 1.9951268499999997 
9.0 7.5705001 3.7267357 8.2058234 5.4897646 6.60160285 5.9821469 5.66448525 7.1257648 9.0 3.8220297 4.552647 6.50630885 4.552647 6.25216155 5.34471095 6.3555016 4.97998665 6.1390673499999995 4.69940875 5.886987749999999 4.50126915 5.6258732 4.3763531 5.37725475 4.3110857 5.15592095 4.29018395 4.97018755 4.29890425 4.8225268 4.32461565 4.7111407 
9.0 8.5557142 5.25148465 8.069490049999999 6.18518605 7.7859005 6.77564925 7.1922908 7.78621515 6.49641985 8.1527824 5.6023194 8.43781035 4.7943881 8.327458100000001 3.93813555 8.4334502 3.21318195 8.08378415 2.40875675 7.4682838 1.9367817499999997 6.92353475 1.4412529499999995 6.30079745 1.2756121999999999 5.66628325 1.2520134499999998 5.0092491 1.2921987499999998 4.25665125 1.46192995 3.6103152 
9.0 8.46522985 4.4664778499999995 8.5423191 4.39419825 8.73501975 4.4231011 8.51341625 3.93166275 8.2002496 4.0136066 8.49894235 4.55799605 8.585650900000001 3.88833095 8.4218531 4.230400449999999 8.585650900000001 4.3990079 8.4604202 3.84976385 8.22915245 3.9461366499999997 8.55674805 3.62816035 8.47161275 3.8351101499999998 8.2966224 3.9268530999999998 8.4796588 3.6715371 8.629027650000001 3.74862635 
9.0 8.450351399999999 4.1385676 8.254908799999999 4.83479815 8.31599585 4.6882162 7.9739713000000005 4.4072787 7.9739713000000005 4.24847035 8.20604815 4.0286199 7.55867825 4.48059215 8.46253285 3.5644662 8.254908799999999 4.65158195 8.38926435 4.2362889 8.87787085 3.2468944499999997 8.3281773 3.6621875 8.26753975 4.04601555 8.3648565 4.35841805 8.03505835 4.0163934999999995 8.0594662 4.48059215 
9.0 9.0 3.65863645 8.68692325 2.8797878 4.0164834 0.29781484999999996 9.0 4.30052245 6.7917863 1.45995215 6.0527184 1.37167035 2.18175925 0.12170074999999958 4.75218005 1.7074468499999997 5.99324955 0.009999999999999787 3.91386255 2.468765 3.6933827999999997 2.8987567 3.5910766 3.3107234500000002 3.5849634 3.67787505 3.649152 3.98389465 3.7576612999999996 4.2223543999999995 3.8874769 4.39500735 
9.0 9.0 2.8041818999999997 7.42068175 5.8413635 7.42068175 3.4116362 8.3925457 5.35540905 9.0 3.29013635 6.813227449999999 4.505 7.2991819 4.26204525 5.9628184 3.5330911 7.733893350000001 3.7109132999999996 7.2991819 4.74795475 7.9066361999999994 5.1124543 6.08431825 3.1686365 7.24834345 3.5087731499999997 7.1335861 3.46993635 7.78513635 1.8323179500000002 6.813227449999999 3.4116362 
9.0 4.61004815 4.4783896 4.0589162 3.96789245 4.47070315 3.9735112 5.1660347 4.80333315 4.6751807 4.2217251 4.505 4.505 4.2994886 3.8064769999999997 4.4895821499999995 4.0466898 3.98470375 4.2616407 4.5876181 4.66992155 4.57327905 4.5449155999999995 4.66290935 4.43600175 4.359362 4.91957385 4.15173795 4.5379034 4.505 4.505 4.50324695 5.04489445 
9.0 7.306958249999999 4.3481245 7.16087075 4.52662095 7.22038455 4.16962805 7.34480615 4.54828685 7.31235225 4.16962805 7.5179086 4.829539 7.3339732 4.1263412 7.539529549999999 4.9161127 7.523302599999999 4.505 7.15547675 4.9593546 6.755197000000001 4.64564855 7.46922775 5.13785105 7.222811849999999 4.59575405 6.8147108 4.7051174 7.27989835 4.46171315 7.2636714 4.0938873 
9.0 8.98655995 5.47938115 8.6388717 6.6189985 7.9617449 7.31055425 6.9013744 8.016494 6.1579913 8.47368045 4.95930965 8.2498744 4.19812635 8.5178663 3.23430845 7.7446813500000005 2.54037035 7.2778756 1.9981834499999995 6.667994 1.5832499999999996 6.1022533 1.5986228999999996 5.2200646 1.5090375499999995 4.6073511499999995 1.5890035999999998 3.8998831 2.05005575 3.47344245 2.3833150499999998 2.9303115999999996 
9.0 7.19692065 5.16527055 7.6455666 3.8785768 8.3312339 3.8785768 8.14500605 4.6150376 6.77367145 4.63198375 7.535529 4.301826 8.13655545 3.8870274 6.8159694 3.4045341 8.1704028 3.86163065 7.662512749999999 4.48805385 6.00331835 4.784364249999999 7.02763895 3.0151322499999997 7.2669078 3.74817685 6.87525845 4.4118636 6.92605195 3.0997730999999997 7.535529 3.5145717 
9.0 7.09623265 4.43447345 6.3206204 4.505 6.23247345 5.08669795 6.303 4.2406041 7.04337145 5.1396041 6.602681649999999 4.87516325 6.867077549999999 4.2582245 7.1138530499999995 4.57552655 6.7613102 4.505 6.5673959 4.80468165 7.1138530499999995 4.87516325 6.7436898 4.5226204 6.689614949999999 4.95625305 6.58506125 4.87516325 6.5321551 5.5626285499999994 6.44400815 5.28061225 
9.0 8.30583715 4.119329 3.07806225 0.8841426499999998 4.10220305 1.9682467499999996 8.1301276 4.7106912 8.5286543 4.47070315 3.6736947 7.3802717 3.60514595 1.4454782499999999 8.35725995 3.9950872 8.010156049999999 3.79798145 4.19219295 6.7889095 2.9709464 8.1429833 8.0529934 4.3378759 7.6911459 3.3683044 8.0058858 3.87080045 3.5451376999999997 0.9912584999999998 3.6736947 1.8139783499999997 
9.0 8.49894235 4.57831345 8.64071465 4.56365975 8.660267900000001 4.56608705 8.51359605 4.04547615 8.55512985 4.1261614 8.687148 4.45856665 8.6895753 4.1041359 8.37182375 4.2776878499999995 8.52582245 4.3241211999999996 8.479389099999999 3.9599363 8.501369650000001 3.96969045 8.234950999999999 3.8694968999999997 8.39106235 3.9742303999999997 8.3498432 3.91835755 8.2594038 3.9452825999999996 8.406030699999999 3.9550367499999997 
9.0 7.77407865 4.28025 8.51638295 4.6606169 9.0 7.77407865 7.4880618000000005 4.23939045 6.6707809000000005 3.7490309 8.182314550000001 4.9346770499999995 7.0589691000000006 9.0 6.77295225 5.4857191 7.5084691 4.9544999999999995 9.0 3.1565 8.9386882 0.009999999999999787 7.07942135 5.97607865 7.0663409 5.16455135 6.40517135 4.8727808999999995 6.7042686499999995 5.16320285 9.0 9.0 
0.01 9.0 0.009999999999999787 4.505 4.505 4.505 4.505 9.0 9.0 9.0 0.009999999999999787 1.2742187499999997 9.0 4.505 4.505 0.009999999999999787 9.0 9.0 9.0 0.009999999999999787 9.0 9.0 7.0334375 0.009999999999999787 9.0 9.0 9.0 9.0 0.009999999999999787 9.0 9.0 9.0 9.0 
9.0 8.4655445 4.505 8.767024150000001 4.3816572 8.7122301 4.450161 8.561467799999999 4.5872135499999995 8.561467799999999 4.5872135499999995 8.7258949 4.54612925 8.8081534 4.51870975 9.0 4.6283427999999995 8.73960465 4.450161 8.5888873 4.61463305 8.61626185 4.7516856 8.98629025 4.7242660999999995 8.5354867 4.6050587 8.5888873 4.54612925 9.0 4.7516856 8.89036695 4.450161 
9.0 7.5943685499999996 9.0 8.63918635 1.0848893499999996 8.18069635 4.7004426 7.925110650000001 4.9860549 8.40616555 7.8198827 7.65451165 5.32430365 7.917604 5.1213543999999995 8.7068361 3.3774742 7.6845832000000005 5.34686855 7.42149085 5.6099609 7.21103495 7.98525375 9.0 2.0846222999999995 8.5173269 5.5036092 7.6995965 6.9253777 9.0 4.2118361 7.045663899999999 5.57988935 
9.0 8.691957649999999 5.8212259 8.09726915 7.0112322 7.1998424 7.7232402 5.682824849999999 8.66966245 4.7133882 8.8538226 3.46049685 8.7810935 1.9911263 8.1467591 1.2088614499999997 7.30920575 0.4147747499999994 6.13219 0.3581826999999995 4.776498 0.29687090000000005 3.6132818999999996 0.7655195999999997 2.3965753 1.57583325 1.3784578 2.65202615 0.6516612500000001 3.8941295 0.28181265 4.95481465 0.24270615000000006 
0.01 0.009999999999999787 0.009999999999999787 4.505 4.505 4.505 4.505 4.505 4.505 4.505 4.505 4.505 4.505 9.0 0.009999999999999787 4.505 4.505 0.009999999999999787 0.009999999999999787 4.505 4.505 9.0 9.0 9.0 0.009999999999999787 9.0 0.009999999999999787 4.505 4.505 4.505 4.505 4.505 4.505 
0.01 4.505 4.505 4.505 4.505 4.505 4.505 4.505 4.505 4.505 4.505 4.505 4.505 4.505 4.505 4.505 4.505 4.505 4.505 4.505 4.505 4.505 4.505 4.505 4.505 9.0 0.009999999999999787 4.505 4.505 4.505 4.505 4.505 4.505 
0.01 9.0 9.0 4.505 4.505 9.0 0.009999999999999787 9.0 0.009999999999999787 9.0 9.0 9.0 9.0 9.0 0.009999999999999787 9.0 9.0 9.0 9.0 9.0 0.009999999999999787 0.009999999999999787 0.009999999999999787 9.0 0.009999999999999787 9.0 0.009999999999999787 9.0 9.0 4.505 4.505 9.0 0.009999999999999787 
0.01 9.0 0.009999999999999787 9.0 9.0 9.0 9.0 9.0 9.0 9.0 9.0 9.0 0.009999999999999787 9.0 0.009999999999999787 9.0 9.0 9.0 0.009999999999999787 9.0 9.0 9.0 9.0 9.0 0.009999999999999787 9.0 9.0 9.0 0.009999999999999787 9.0 9.0 9.0 0.009999999999999787 
9.0 6.26609605 4.21988215 8.8860068 4.6995436 9.0 9.0 6.11515395 5.1926900499999995 6.9537861 5.092047 7.27243665 0.8150545 7.1047282 7.5575545 7.507255450000001 4.0353623999999995 6.6015578999999995 3.98506335 7.4525513 5.1699003999999995 8.245244549999999 6.5512139000000005 6.618324250000001 5.2429891 6.7214395499999995 5.1626185 5.96421185 4.3875906 6.2633541 5.1127689499999995 6.05177445 5.07833725 
0.01 9.0 0.009999999999999787 0.009999999999999787 9.0 0.009999999999999787 9.0 9.0 9.0 9.0 9.0 0.009999999999999787 0.009999999999999787 0.009999999999999787 0.009999999999999787 9.0 9.0 9.0 0.009999999999999787 0.009999999999999787 0.009999999999999787 0.009999999999999787 0.009999999999999787 9.0 4.505 9.0 0.009999999999999787 9.0 0.009999999999999787 0.009999999999999787 9.0 0.009999999999999787 9.0 
0.01 0.009999999999999787 0.009999999999999787 9.0 9.0 9.0 0.009999999999999787 0.009999999999999787 9.0 9.0 0.009999999999999787 0.009999999999999787 0.009999999999999787 4.505 4.505 9.0 9.0 0.009999999999999787 0.009999999999999787 9.0 0.009999999999999787 9.0 0.009999999999999787 9.0 9.0 9.0 0.009999999999999787 9.0 0.009999999999999787 0.009999999999999787 9.0 9.0 0.009999999999999787 
9.0 9.0 4.8816809999999995 9.0 5.28654565 9.0 3.9068053999999997 8.9178314 7.405174000000001 9.0 6.658284800000001 9.0 7.162129350000001 9.0 7.6855721 9.0 8.22582615 9.0 8.779700049999999 9.0 9.0 8.9119879 9.0 8.6234988 9.0 8.27626005 9.0 7.868248899999999 9.0 7.3978921 9.0 6.86393105 9.0 
9.0 9.0 9.0 4.505 4.505 4.505 4.505 4.505 4.505 6.6510928 0.5000448999999998 2.1898951999999996 6.54973055 0.2127694499999997 5.7892664499999995 7.4115569 9.0 4.505 4.505 4.505 4.505 7.2932485 5.41752995 0.009999999999999787 0.009999999999999787 9.0 0.009999999999999787 9.0 9.0 4.505 4.505 4.505 4.505 
9.0 0.009999999999999787 5.76831975 5.5038789 5.18073335 1.1025996499999997 1.3142691999999996 3.1241809499999995 7.7073279 0.009999999999999787 9.0 0.8326299499999998 6.03271565 0.9501292499999994 4.3875006999999995 0.09814695000000029 0.7738353499999997 1.8021115499999998 2.0665524 4.29935375 0.7738353499999997 8.7356041 0.2743959 0.009999999999999787 2.5659918499999996 7.84860575 4.9174612 0.009999999999999787 4.74004355 5.32762995 4.6224993 2.6979650499999996 2.3365670499999998 
9.0 6.4715625 4.69230665 7.12706835 4.03675585 6.28425585 4.505 6.00331835 4.2240625 6.658869149999999 4.505 5.81605665 4.97324415 6.9398066499999995 4.59863085 6.4715625 3.47488085 6.09699415 3.47488085 6.00331835 4.8795683499999996 5.62875 5.3478125 6.28425585 3.6621875 6.4833394 4.0526232 6.37793165 4.13043165 7.12706835 3.1003125 6.00331835 4.2240625 
9.0 8.97927805 4.24028945 8.33667285 4.6086547 8.2537401 2.8100254 9.0 4.674012 8.33667285 3.70691275 7.19098725 2.48472225 7.2260932 2.78687615 8.2968022 2.7725371 7.1216294 3.0579696 7.0658464500000004 3.1711536999999996 6.1657227 2.37630285 7.058654450000001 2.20486355 6.3514561 2.4297484 5.4609067 2.9726545 6.40490165 2.05580935 5.34291295 2.468765 
9.0 8.31599585 4.9813801 9.0 6.2638935 9.0 0.009999999999999787 7.5138631 4.8836588 9.0 5.7203581 9.0 7.2288801 9.0 6.10103965 9.0 4.6251064 7.1311588 2.57102625 9.0 7.3591452 8.5113935 5.699995749999999 8.59693335 3.00668165 9.0 5.2215929 6.19876095 4.41748235 9.0 5.5147568 9.0 6.186534549999999 
9.0 7.9345052 4.1553789 9.0 3.1731314999999998 9.0 0.6509420499999998 8.100999999999999 4.77968945 6.5527422 2.5821289 9.0 3.93948405 9.0 0.75082095 6.71919205 4.5882474 8.2008789 4.2386263 8.91976425 3.6087869 9.0 5.49556315 7.6348685 3.3146790499999996 8.647052599999999 3.40152245 8.051060549999999 4.59656315 8.4377654 3.28663025 9.0 1.9411868499999998 
9.0 4.505 4.505 4.505 4.505 4.505 4.505 4.505 4.505 7.30066525 9.0 4.505 4.505 4.505 4.505 6.14949575 1.27080255 7.0266051 0.009999999999999787 4.505 4.505 4.505 4.505 4.505 4.505 9.0 4.9983712 4.505 4.505 4.505 4.505 4.505 4.505 
9.0 4.505 4.505 4.505 4.505 4.505 4.505 4.505 4.505 9.0 3.00668165 5.25418165 5.6755879 4.505 4.505 4.505 4.505 4.505 4.505 3.6153496 3.52171875 3.7558183499999998 8.57859375 0.009999999999999787 6.7524999999999995 4.69230665 7.87625 3.47488085 0.009999999999999787 3.9431249999999998 3.28761915 3.6153496 0.29093750000000007 
0.01 4.505 4.505 4.505 4.505 4.505 4.505 4.505 4.505 4.505 4.505 4.505 4.505 4.505 4.505 4.505 4.505 4.505 4.505 4.505 4.505 4.505 4.505 4.505 4.505 9.0 0.009999999999999787 4.505 4.505 4.505 4.505 4.505 4.505 
