0.01 9.0 9.0 9.0 0.009999999999999787 9.0 0.009999999999999787 9.0 9.0 4.505 4.505 9.0 0.009999999999999787 4.505 4.505 4.505 4.505 4.505 4.505 0.009999999999999787 9.0 9.0 9.0 4.505 4.505 9.0 9.0 4.505 4.505 0.009999999999999787 0.009999999999999787 4.505 4.505 
9.0 8.47430975 3.5162798 9.0 6.13996635 8.209014849999999 5.3683097 8.3296157 4.77024995 8.5755821 4.3120746 8.33442535 5.62875 8.00647015 5.6432239 7.6158097 7.109403 7.6977985 6.2605672000000006 7.794261199999999 5.74449625 9.0 6.07245145 7.056362 6.84415305 7.643004449999999 6.89791325 8.14149995 7.1383507999999996 6.4390187 7.69298885 6.85862695 6.94061575 
9.0 7.71986895 4.47591735 7.50168165 4.31589535 7.34165965 4.2722489 8.0108303 4.86869045 7.5307642999999995 4.94141955 7.4143887500000005 5.2178170999999995 7.2107203 4.417707099999999 6.94888655 4.30133155 6.6143237 4.0540616 7.4143887500000005 5.17417065 6.265197049999999 5.47965085 6.86159365 4.2576851 6.532469750000001 4.506798 5.9160704 4.1995198 6.7161354499999995 4.024934 5.87242395 4.2722489 
9.0 9.0 7.5518908 8.159839550000001 8.191843949999999 6.43870405 9.0 5.43182405 8.12531795 2.5329536 9.0 0.9478817499999996 7.9702854 0.009999999999999787 6.3150466 2.7498823 1.8694017 0.10408034999999938 2.5801511 1.21991915 1.0735619499999998 2.81168855 0.12277954999999974 6.3644017 0.009999999999999787 6.3829211 0.31134479999999964 5.66349635 0.009999999999999787 8.7109715 2.9217711 8.9467792 4.6598977 
9.0 8.61131735 8.1722907 1.22486365 9.0 2.7310033 7.01028825 4.74795475 5.8413635 3.66897495 4.04466705 4.3630479 4.1017985 4.56797495 4.35203515 4.5548046 4.48086185 4.5203729 4.50936015 4.5071576 4.50837125 4.50486515 4.50585405 4.50486515 4.5050899 4.5049550499999995 4.505 4.505 4.505 4.505 4.505 4.505 4.505 
9.0 4.750427 4.56959315 4.3887593 4.7116801 4.56959315 4.7116801 4.15623295 4.5437468999999995 4.5824938 4.20792545 4.3370668 4.6987345 4.13043165 4.2983199 4.07873915 4.8666677 4.32416615 4.7374814 4.59539445 4.60834005 4.3370668 4.45335245 4.64708695 4.4662531 4.5437468999999995 4.5824938 4.6212406999999995 4.55664755 4.6212406999999995 4.55664755 4.2983199 4.47915375 
0.01 4.505 4.505 0.009999999999999787 9.0 9.0 9.0 0.009999999999999787 0.009999999999999787 4.505 4.505 0.009999999999999787 0.009999999999999787 0.009999999999999787 3.1003125 0.009999999999999787 0.009999999999999787 9.0 0.009999999999999787 9.0 0.009999999999999787 4.505 4.505 9.0 0.009999999999999787 0.009999999999999787 0.009999999999999787 4.505 4.505 9.0 0.009999999999999787 4.505 4.505 
9.0 8.26322455 5.09901425 7.74908645 4.77735205 7.464013550000001 4.87875925 5.5787656 5.08759695 6.47547315 5.4188335 6.726339100000001 5.0752357 6.51637765 5.11213965 5.8243724 4.6363439 6.6697021 5.2132322 5.98093325 5.1619892 5.830800249999999 5.1629781 5.6932982 5.1581235 5.56766295 5.1484143 5.69298355 5.23035815 5.34857665 5.1177584 5.25364225 5.0982501 
0.01 0.009999999999999787 0.009999999999999787 9.0 9.0 9.0 0.009999999999999787 0.009999999999999787 9.0 9.0 0.009999999999999787 0.009999999999999787 0.009999999999999787 4.505 4.505 9.0 9.0 0.009999999999999787 0.009999999999999787 9.0 0.009999999999999787 9.0 0.009999999999999787 9.0 9.0 9.0 0.009999999999999787 9.0 0.009999999999999787 0.009999999999999787 9.0 9.0 0.009999999999999787 
9.0 9.0 5.591351599999999 9.0 6.6891205 9.0 7.78513635 9.0 9.0 9.0 9.0 9.0 9.0 9.0 7.971903599999999 9.0 9.0 9.0 9.0 7.8523366 9.0 8.534632649999999 9.0 7.4100286 9.0 6.22456225 9.0 4.99131405 9.0 3.7242185 9.0 0.8468341499999994 9.0 
9.0 7.325387749999999 4.15245715 7.76607755 4.505 7.2372408 4.15245715 7.325387749999999 3.97616325 7.58978365 3.97616325 7.50168165 3.88806125 7.4135347 4.0643101999999995 6.9728449 3.97616325 6.9728449 3.53547345 7.149138799999999 3.6236204 7.50168165 3.44737145 6.5321551 3.3592245 6.86078455 3.3961734 7.06099185 3.09478365 6.44400815 3.53547345 6.620302049999999 3.2710775500000002 
9.0 8.6599982 6.1647338000000005 7.7403212 7.580479 5.82216985 8.733806099999999 4.0056954 7.94488865 3.0843552499999998 8.660762349999999 1.5106107999999998 8.0455317 0.3630822499999997 6.4070143 0.26554074999999955 4.93584575 0.009999999999999787 4.64843545 1.5189265500000002 1.5258038999999997 2.4368505 0.9910786999999996 3.8988043 0.5457140999999996 5.39343675 0.6780918499999999 6.7032348 1.3473973499999996 7.6463757 2.4351423999999997 7.9241667 3.9119297 
9.0 8.975232550000001 4.5286437 8.2844859 3.9964806499999996 8.471253149999999 3.76642655 8.95779195 4.22374785 8.841955800000001 4.1680548 8.33568395 4.6383217 8.42288695 3.5678824 8.72495095 3.92168385 8.9234951 4.10337175 8.544926199999999 4.50837125 8.4532282 4.2406041 8.7018916 3.6117535999999997 8.44167605 3.7046202999999998 8.7435153 3.7596840499999997 8.11237235 3.3479420499999994 7.947540699999999 3.2556597 
9.0 9.0 4.0768962 0.009999999999999787 0.009999999999999787 0.009999999999999787 0.009999999999999787 9.0 5.9319827 8.16163755 7.929740499999999 0.009999999999999787 0.009999999999999787 0.009999999999999787 9.0 6.6340118 9.0 9.0 9.0 7.599313049999999 0.009999999999999787 0.009999999999999787 0.009999999999999787 8.23301815 6.1460346 9.0 9.0 9.0 6.7881903 0.009999999999999787 3.042327 0.009999999999999787 7.77875345 
9.0 9.0 3.8418077 9.0 4.7260641 7.084096150000001 4.43132695 7.4525513 4.57867305 8.3368077 4.3576089499999995 7.74728845 4.505 7.5998974 3.76813465 5.3892564 3.8418077 7.451832100000001 3.7329388 7.52622435 4.65239105 9.0 3.1786154 5.905102599999999 2.9575512999999996 6.85970575 3.59139125 5.97877565 4.3576089499999995 5.75771155 2.5154230999999996 6.715641 4.2102628499999994 
9.0 8.09412265 6.22501175 8.1371398 3.7424682 9.0 4.16099765 8.91688745 4.1724599 7.6612541499999995 5.43380185 8.988537749999999 4.59961975 8.9197193 4.6167906499999996 9.0 3.9173237 8.80505185 4.85187915 9.0 4.51358545 8.5642547 5.889639799999999 9.0 3.85138205 9.0 4.4872897 7.9049281 4.8604646 9.0 3.6621875 9.0 4.246987 
9.0 8.4416311 4.67252865 8.54829745 4.52041785 8.5149895 4.5279245 8.38575825 4.505 8.77664345 4.84001235 8.41659395 4.5496802999999995 8.38431985 4.55673745 8.27410245 4.22581555 8.3578443 4.6166558 8.2889809 4.57705485 8.2576957 4.58361755 8.078659850000001 4.3095574 8.19588945 4.59638335 8.1903606 4.8958851999999995 8.135027149999999 4.6087446 8.1049556 4.61472295 
9.0 0.009999999999999787 0.009999999999999787 4.505 4.505 6.7890893000000005 0.9763350999999996 7.2283407 5.98381005 0.009999999999999787 2.6455083999999998 4.505 4.505 4.505 4.505 9.0 3.3043854999999995 6.1448659 1.6498659 8.8682066 0.009999999999999787 0.009999999999999787 0.009999999999999787 9.0 1.8255754499999997 0.009999999999999787 0.009999999999999787 0.009999999999999787 0.009999999999999787 9.0 0.009999999999999787 4.505 4.505 
9.0 6.4247246 2.2575 4.505 4.505 4.505 4.505 6.5932870999999995 6.799337899999999 7.1551621 4.59863085 4.505 4.505 4.505 4.505 5.2447871 2.4635058499999998 7.16455665 3.6809316499999998 4.505 4.505 4.505 4.505 8.9438125 2.6695566499999996 0.009999999999999787 0.009999999999999787 3.2501308499999997 1.10565625 4.505 4.505 4.505 4.505 
9.0 9.0 4.6883061 9.0 5.0435909 9.0 5.23134705 9.0 5.76004895 8.94169985 5.89346055 8.673887749999999 6.19687305 8.6007541 6.2917175499999995 8.18815805 6.575352049999999 8.03892405 6.617380300000001 8.07403 7.034875899999999 7.66637845 7.11789855 7.52011115 7.1895488499999995 7.15268985 7.2465005 6.930142399999999 7.243893399999999 6.5417743999999995 7.3654382 6.3228679 7.3214771 
9.0 7.202 4.65481835 7.35181835 4.80468165 7.6515 4.80468165 7.6515 4.505 7.35181835 4.505 8.100999999999999 4.505 7.801318350000001 4.505 7.6515 4.9544999999999995 7.50168165 4.9544999999999995 7.801318350000001 4.35518165 7.95118165 4.505 7.35181835 5.10431835 7.4686433999999995 4.9620516 7.202 5.10431835 7.202 5.25418165 7.35181835 5.25418165 
9.0 9.0 4.5244633499999996 9.0 4.45065545 9.0 4.371948 9.0 4.1897207 8.90286305 4.2237928 9.0 4.2108472 8.87688195 4.14913085 8.66561695 3.8907582499999998 8.7385708 3.86100135 8.98152555 3.8645524 8.76693425 3.8952532499999997 8.526631550000001 3.56774755 8.50856165 3.69999045 8.3546978 3.6710876 8.27077615 3.60146005 8.27482165 3.5715683 
9.0 7.8724742 4.61957755 8.9547803 4.9451504 7.91468225 5.08382115 7.84536935 4.0919994 8.813097899999999 4.6165658999999994 8.906548950000001 4.48391845 8.8251445 4.96326525 8.6171159 4.6738322 7.6976187 4.62560085 8.15588395 4.1432424 9.0 4.505 7.7307917999999995 4.45074535 8.203081449999999 4.6197124 7.76095325 4.45676865 8.56888455 5.0024166999999995 7.77902315 4.6286125 
9.0 8.780329349999999 4.52383405 8.783475849999999 4.38260115 8.7050381 4.418696 8.7568205 4.5771897 8.8431245 4.65248095 8.737986450000001 4.8344835 8.75839375 4.4453963 8.87292635 4.511293 8.7677883 4.7764081 8.6705165 4.8831194 8.6909238 4.95841065 8.753674 4.56617695 8.708813899999999 4.72637875 8.69249705 4.8721516 8.733266700000001 4.50342675 8.617160850000001 4.7168044 
9.0 7.154353 1.7663313499999997 8.3450785 6.9906451 8.1516137 4.83246075 7.05020385 5.23431375 5.97850595 5.5915314 6.767378450000001 5.0557274 7.37761965 5.3980666 7.7348373 6.425039249999999 6.94600975 5.13011965 7.4371784000000005 5.75528425 7.6008863 4.83246075 6.836646399999999 5.70305235 6.70813435 5.74953065 6.5824092 5.7894013 6.4596058 5.8231138 6.33990395 5.8508929 
9.0 9.0 2.8041818999999997 7.42068175 5.8413635 7.42068175 3.4116362 8.3925457 5.35540905 9.0 3.29013635 6.813227449999999 4.505 7.2991819 4.26204525 5.9628184 3.5330911 7.733893350000001 3.7109132999999996 7.2991819 4.74795475 7.9066361999999994 5.1124543 6.08431825 3.1686365 7.24834345 3.5087731499999997 7.1335861 3.46993635 7.78513635 1.8323179500000002 6.813227449999999 3.4116362 
9.0 4.505 4.505 0.009999999999999787 1.6836683 9.0 6.8003268 4.8636560499999995 3.4529902 0.009999999999999787 2.8791585 5.0788317 1.8510171499999997 9.0 0.009999999999999787 4.505 4.505 8.23490605 4.14634395 3.3812499999999996 9.0 5.27009395 1.32501225 4.505 4.505 3.6442524499999998 2.40093545 3.5008169999999996 2.3053267999999996 7.8523366 8.5696487 1.46849265 6.56123775 
9.0 5.2776005999999995 0.009999999999999787 0.009999999999999787 9.0 4.505 4.505 4.505 4.505 0.009999999999999787 9.0 4.505 4.505 1.7471377000000001 1.4615253999999998 8.124418949999999 6.1297627 6.84145605 5.15115625 4.505 4.505 0.009999999999999787 3.28761915 0.6935995999999998 8.8314375 9.0 9.0 0.009999999999999787 7.5484746000000005 4.505 4.505 4.505 4.505 
9.0 9.0 4.5546697499999995 9.0 4.5546697499999995 9.0 4.609284 8.9751876 4.4404518 8.9751876 4.49506605 8.92551785 4.609284 9.0 4.5447358 8.89072655 4.53974635 8.90564995 4.57948215 8.910594450000001 4.53480185 8.9155839 4.59935005 8.870858649999999 4.47519815 8.91158335 4.57692 8.90564995 4.57453765 8.9354518 4.59935005 8.9403963 4.6291519 
9.0 9.0 4.39707505 8.736593 4.79856845 8.645164699999999 3.4596877499999996 7.972982399999999 3.76786495 6.8782701 3.5936387499999998 7.04058455 4.4729956 6.05105525 3.2708078499999997 6.884653 3.525989 6.53255965 3.70430565 4.7738909 2.90590375 4.60878955 2.12808895 4.6527057 1.5761478999999996 5.1023855 2.1133903 4.61427345 1.7092448499999997 4.24847035 1.82719365 4.2978704 1.5519198499999995 
9.0 6.0644953 5.4223396 6.61490805 5.6058255 6.3396792 5.4223396 6.61490805 6.5231651 5.8810094 7.1653208 5.05541275 6.9818349 4.505 6.798349 4.2298161 6.9818349 3.5876604 6.9818349 3.22073355 6.5231651 3.22073355 5.97275235 1.7529811999999998 5.5140825499999995 2.41127395 5.17453025 1.8446791999999999 5.33059665 2.9455047 4.505 3.31243155 3.4041745 
9.0 9.0 4.798883099999999 9.0 5.4375327 9.0 5.68633095 8.687642449999998 5.95297435 8.40544635 6.25980305 7.8975563 6.7561859 8.08099725 6.85682895 7.469632300000001 7.2359822000000005 7.094974049999999 7.336805050000001 6.65392465 7.5227182500000005 6.32785735 7.5993580000000005 6.0505607999999995 7.745085899999999 5.7506544 7.7587507 5.372355199999999 7.6821559 5.0161714 7.7723256 4.8192005 7.7164078 
9.0 8.886141649999999 5.0930359 8.735694 5.4056182 8.49579585 5.9545476 8.50595455 5.97535945 8.3504725 6.53750415 7.7547951 6.8551658 7.6490727 7.148959 7.1367326 7.51184035 6.70166155 7.6693901 6.49381275 7.568747050000001 6.09124055 7.9042089 5.7110984 7.9306395 5.2607443499999995 8.03541795 4.84199015 8.12073305 4.3718581 7.9977049000000004 4.04250945 7.842177899999999 
9.0 5.3799966999999995 4.76233875 4.6937001 5.63733545 4.03046285 6.7015267000000005 3.68147105 3.68147105 2.61777425 4.77950965 2.463371 4.916742 3.7672806 3.1324967 4.04179025 2.7207097499999997 5.3456548999999995 3.71581285 6.0338394 3.9677126499999997 5.7917387 3.78440655 5.47794275 5.6149054 4.68088935 5.9025853999999995 4.33342585 5.6888032 3.7501097 5.2598903 3.1496226499999995 2.9952194 
9.0 3.583525 5.7973125 5.53885 4.9544999999999995 5.7748375 5.9321625000000004 5.9546375000000005 6.07825 6.1360107500000005 2.94896585 4.9207875 5.741125 4.077975 5.44895 4.1116874999999995 5.561325 2.96829435 5.9167895999999995 2.3474 4.1453999999999995 5.8493645999999995 5.9962612 1.8979 3.4261999999999997 5.9519405 3.22504875 2.39235 5.336575 3.2866752 3.1013013999999997 6.32300275 4.6420975 
9.0 7.50168165 4.4435983 8.8833098 4.81205345 6.7340705 6.7586581500000005 7.906950849999999 4.49272865 7.4341218 3.87250855 6.3103718 2.30663035 6.2673996 7.14549785 7.9560812 5.93580345 8.0359124 5.01468805 6.64196795 2.48472225 9.0 4.53570085 7.2314872 4.81816665 7.5910872 5.2731056 8.4411816 4.85502565 6.9919936 5.6103205 5.1313333 6.66651065 
0.01 9.0 9.0 9.0 0.009999999999999787 4.505 4.505 4.505 4.505 0.009999999999999787 0.009999999999999787 4.505 4.505 4.505 4.505 0.009999999999999787 9.0 9.0 9.0 0.009999999999999787 9.0 0.009999999999999787 9.0 9.0 0.009999999999999787 9.0 9.0 0.009999999999999787 9.0 9.0 9.0 4.505 4.505 
9.0 7.46473275 6.46558415 6.51341095 7.8674398 4.7440890499999995 8.3305147 3.06538635 8.19714805 1.43702765 6.8607396000000005 0.7197155499999996 4.82463945 0.7826455499999998 3.21390115 2.3909116 1.2809612499999994 4.29108295 0.6392100999999997 5.5519754 1.0745958 7.05200185 2.1618464 7.844785 3.66690725 7.8653721 5.5708993499999995 6.53606575 7.160241449999999 5.42867755 7.9555418 3.67194165 7.8473022 
9.0 6.54820225 4.91364045 7.3654382 4.91364045 5.73092135 5.3222809 7.3654382 4.505 6.1395618 4.09635955 6.54820225 4.09635955 6.6901094 4.44463215 7.3654382 3.6877191 6.54820225 4.505 6.1395618 4.09635955 5.73092135 5.3222809 6.1395618 4.09635955 6.0531679 4.4255284 5.73092135 4.505 6.1395618 4.505 5.80787575 4.4226516 
9.0 7.19692065 5.16527055 7.6455666 3.8785768 8.3312339 3.8785768 8.14500605 4.6150376 6.77367145 4.63198375 7.535529 4.301826 8.13655545 3.8870274 6.8159694 3.4045341 8.1704028 3.86163065 7.662512749999999 4.48805385 6.00331835 4.784364249999999 7.02763895 3.0151322499999997 7.2669078 3.74817685 6.87525845 4.4118636 6.92605195 3.0997730999999997 7.535529 3.5145717 
0.01 0.009999999999999787 9.0 9.0 0.009999999999999787 4.505 4.505 4.505 4.505 9.0 0.009999999999999787 9.0 9.0 4.505 4.505 9.0 0.009999999999999787 4.505 4.505 4.505 4.505 9.0 9.0 0.009999999999999787 9.0 9.0 0.009999999999999787 0.009999999999999787 9.0 0.009999999999999787 0.009999999999999787 4.505 4.505 
0.01 9.0 0.009999999999999787 9.0 9.0 0.009999999999999787 0.009999999999999787 9.0 0.009999999999999787 4.505 4.505 4.505 4.505 0.009999999999999787 9.0 9.0 0.009999999999999787 9.0 0.009999999999999787 1.13375 9.0 9.0 0.009999999999999787 9.0 0.009999999999999787 9.0 0.009999999999999787 0.009999999999999787 0.009999999999999787 4.505 4.505 9.0 0.009999999999999787 
0.01 0.009999999999999787 9.0 9.0 0.009999999999999787 0.009999999999999787 9.0 4.505 4.505 9.0 9.0 0.009999999999999787 3.6621875 9.0 9.0 0.009999999999999787 0.009999999999999787 9.0 0.009999999999999787 0.009999999999999787 0.009999999999999787 9.0 9.0 9.0 0.009999999999999787 9.0 9.0 9.0 9.0 4.505 4.505 0.009999999999999787 0.009999999999999787 
9.0 5.81183135 4.95562375 5.5526946 5.28232035 4.67396705 6.0484032 5.0457485 5.6879042 4.7866567 5.4625698499999995 4.29261125 5.07887665 4.22033165 4.86041965 4.2205563999999995 4.68916015 4.26087655 4.5682896 4.3177383 4.492414 4.3757238 4.4521388 4.42611275 4.43735025 4.4651743 4.4386987499999995 4.492414 4.4488125 4.5093152 4.4623874 4.5180355 4.47591735 
9.0 8.25738105 5.80823535 7.6180572 6.6492049 6.7180683000000005 7.57872595 5.49349545 8.40490695 4.1410848 8.32624445 2.9066678999999995 7.9967609500000005 2.13456175 7.13120375 1.3427675 5.91153045 1.0968460499999995 4.68205805 1.3034362499999994 3.8165008499999997 1.8837407499999999 2.7443983999999997 2.8329049499999996 2.1247176999999997 3.7430974999999997 1.7692081499999999 4.88370375 1.7411143999999998 5.6361218 2.3263634 6.32956545 2.91651195 
9.0 9.0 5.7656677 9.0 4.61634115 9.0 4.8539918 9.0 4.69904915 8.944351900000001 6.000306699999999 9.0 4.7517305499999996 9.0 4.7020608 8.8089625 3.3993199 8.29747645 4.1153734 9.0 4.6915425 8.99698835 5.7355512 9.0 2.7494327999999997 8.838809300000001 4.4072787 8.40427765 5.555032 8.756281099999999 3.51515605 8.11695725 4.17556145 
9.0 9.0 0.34923765000000007 9.0 7.8974664 6.7101121500000005 4.250583 7.3037668 4.505 9.0 4.5025727 6.54047085 4.84423765 7.3037668 4.250583 8.9495661 4.50117925 6.8797085 4.505 6.8797085 4.84423765 8.7837905 4.4999655999999995 9.0 8.06706275 8.649030400000001 4.4992464 8.745583 0.009999999999999787 9.0 6.4556502 6.4556502 3.9961210499999997 
9.0 9.0 3.65863645 8.68692325 2.8797878 4.0164834 0.29781484999999996 9.0 4.30052245 6.7917863 1.45995215 6.0527184 1.37167035 2.18175925 0.12170074999999958 4.75218005 1.7074468499999997 5.99324955 0.009999999999999787 3.91386255 2.468765 3.6933827999999997 2.8987567 3.5910766 3.3107234500000002 3.5849634 3.67787505 3.649152 3.98389465 3.7576612999999996 4.2223543999999995 3.8874769 4.39500735 
9.0 9.0 9.0 6.154665 4.7818021 5.08903535 8.67244935 3.2650093 8.7121402 3.08786135 6.19894075 0.5857195999999996 6.1657227 0.3310778499999998 4.10642835 2.7557257999999996 2.9660918 2.4124876 0.7960856000000001 4.26141595 0.29785979999999945 5.6564391999999994 3.58608715 7.8219504 2.4395474999999998 8.34692145 4.19794655 9.0 9.0 6.2432165 4.5160577 5.3032221 8.0915605 
9.0 9.0 4.80414225 9.0 3.6784594 9.0 3.276966 9.0 2.56734035 9.0 2.64636245 8.8306284 2.1732637 8.58245945 1.8521858500000001 8.515888499999999 1.5169937 7.6459262 1.31368485 7.68049275 1.0744159999999998 7.3404909499999995 0.8845471999999996 7.01622165 0.49869640000000004 6.62713445 0.616825 6.31661985 0.7438087499999999 5.8982702 0.5002696499999999 5.53862525 0.4973478999999994 
9.0 7.29733895 1.6445617999999995 4.505 4.505 4.505 4.505 6.0544265 5.7990206 6.4289948500000005 6.2757603 4.1644588 6.8376353 6.1395618 5.91818305 2.0872293999999996 5.98632725 5.04983895 3.84095365 4.5901353 2.10426545 1.9169587999999997 5.30524485 5.81605665 3.2790786499999998 5.6628221 1.9169587999999997 6.4460309 5.5946779 5.3222809 4.40282865 5.27117275 2.63206835 
9.0 8.905829749999999 5.2156595 8.555534399999999 6.08890315 8.19265305 6.68781695 7.730612000000001 7.421715600000001 7.14927365 7.819747850000001 6.31868755 8.2428622 5.635043 8.3169398 4.716265 8.34710125 3.95692465 8.08971755 3.328209 8.1348923 2.80431675 7.726836199999999 2.2110217 7.126663799999999 1.91646435 6.574498 1.7226399499999996 5.8892802 1.5493576999999998 5.32960775 1.6221766999999998 4.6384115999999995 
9.0 6.23651895 5.2046018 6.35896275 4.83731535 5.69433205 5.58941875 5.5544027 5.0996885 5.37950225 5.6418754 5.6069043 6.16657675 4.90725755 5.53691715 4.33009955 6.16657675 4.7323571 5.62438985 5.62438985 4.9422736 4.8548009 5.85174695 4.3928947 5.7852659 4.2342211999999995 5.6852072 3.8403693 5.1696307 4.08521195 5.9042036 3.6479833 5.7992903 
9.0 9.0 5.1471557 9.0 7.7157335499999995 9.0 7.7157335499999995 9.0 3.8628443 8.3578443 3.8628443 9.0 4.6189032999999995 9.0 4.505 6.4314221499999995 3.8628443 9.0 4.66758415 9.0 3.22073355 9.0 4.505 5.7892664499999995 3.22073355 9.0 4.72485045 9.0 4.7379309 9.0 7.0735778499999995 9.0 4.505 
9.0 9.0 6.9728449 7.325387749999999 9.0 4.5931469499999995 9.0 2.301551 8.647457150000001 0.80323265 7.149138799999999 0.009999999999999787 5.03383675 0.1862938999999999 3.00668165 1.5964652999999998 1.4202163499999996 3.44737145 0.6269387499999999 6.091465299999999 0.009999999999999787 7.8542245 1.24392245 8.647457150000001 3.53547345 8.6796863 5.4883261999999995 7.76607755 7.06099185 5.5626285499999994 8.559310199999999 3.97616325 8.559310199999999 
9.0 5.97886555 5.0013379 5.2228515 5.8223946 5.135199 7.853100749999999 3.37536155 8.64008535 3.76319015 5.7035468 1.6410556999999995 5.62268175 0.11563249999999936 4.48985185 3.46094635 3.61009045 3.1330361 2.3075742999999997 3.8565513 0.4599045500000001 4.92505775 3.2052258 5.7773996499999996 3.670728 6.28497505 3.9881649 5.89867475 4.7573493 5.46886285 5.428273 5.1062512 5.6926689 
9.0 6.7575344 4.3433598 7.2525238000000005 4.5655926 7.151476199999999 4.57570635 7.151476199999999 4.6161164 7.5050529 4.4848174499999995 7.72724075 4.29288095 7.49493915 4.54541005 7.08076985 4.6161164 7.41411905 4.1716508 7.0605873 5.14135715 7.0908836 4.3433598 6.5959391499999995 4.7272327999999995 7.0486306 4.5420388 6.646418 4.3433598 6.95958465 4.9797619 7.2322963 4.1413545 
9.0 8.80487205 4.87102785 8.88704065 4.25026835 8.87256675 4.1236442 8.82456015 4.21008305 8.762529149999999 4.56249105 8.7948482 3.75006475 8.7578094 3.6286098499999997 8.983368500000001 3.0545533999999996 8.56591785 2.8912050999999996 8.614688600000001 3.2771457999999996 8.556792999999999 3.16517535 8.99546005 2.67342235 8.426617799999999 2.9503592999999997 8.64305205 3.12867595 8.27859745 2.74920805 8.1983617 2.65427365 
9.0 9.0 6.54820225 9.0 2.4617977499999997 9.0 4.91364045 9.0 4.09635955 9.0 4.505 9.0 3.2790786499999998 9.0 3.6877191 9.0 4.91364045 9.0 4.505 9.0 2.8704381999999997 9.0 4.91364045 9.0 4.09635955 9.0 4.2841157 9.0 6.54820225 9.0 3.2790786499999998 9.0 3.6877191 
9.0 8.891580600000001 4.0284401 8.757314950000001 3.5700399999999997 8.6766297 3.2306675 8.3705202 3.2759771 8.0904817 2.35059145 8.02121375 2.2231582 7.859528600000001 1.7434517999999999 7.10962775 1.4445343 6.2064474 1.1948370499999998 6.1377638 1.0635381000000002 5.938815099999999 0.92010265 5.5295004 0.8355516999999999 5.11897205 0.7961754999999999 4.7120397 0.8013447500000002 4.3134231 0.8497558999999999 3.8832516 0.8651737499999999 
9.0 9.0 4.81259285 9.0 5.14378445 9.0 5.4987546 9.0 3.9431249999999998 9.0 6.28030025 9.0 6.70669595 9.0 7.1564207 2.819375 9.0 9.0 4.505 9.0 8.64044495 9.0 9.0 9.0 9.0 9.0 9.0 9.0 5.62875 9.0 9.0 9.0 9.0 
9.0 9.0 0.6077900500000002 9.0 5.506486 8.3478654 2.7116748 9.0 3.9615545 9.0 6.08485765 9.0 4.8543514 9.0 3.84122335 9.0 0.009999999999999787 9.0 0.009999999999999787 7.2843034499999995 5.21534485 9.0 7.30758755 9.0 3.7403106 9.0 6.1197838 9.0 1.5160947 9.0 8.4798386 9.0 3.6587712999999997 
9.0 7.85148255 4.3975694999999995 7.6862014 4.65373955 7.7523228500000005 5.2651943999999995 8.0662986 4.85205895 8.1654583 6.4798333 7.372225650000001 4.52976745 7.6862014 5.48001045 9.0 4.7776667 7.248253549999999 4.7363576499999995 7.53746185 4.6950486 6.8433889 3.3812499999999996 7.785361099999999 3.79438545 7.279628649999999 4.8252238 5.8931459 4.893368 7.0184242 4.8402370999999995 7.2152153000000006 5.48001045 
9.0 4.505 4.505 4.505 4.505 4.505 4.505 4.505 4.505 7.30066525 9.0 4.505 4.505 4.505 4.505 6.14949575 1.27080255 7.0266051 0.009999999999999787 4.505 4.505 4.505 4.505 4.505 4.505 9.0 4.9983712 4.505 4.505 4.505 4.505 4.505 4.505 
0.01 4.505 4.505 9.0 9.0 4.505 4.505 9.0 9.0 4.505 4.505 9.0 0.009999999999999787 4.505 4.505 4.505 4.505 4.505 4.505 4.505 4.505 4.505 4.505 4.505 4.505 9.0 0.009999999999999787 4.505 4.505 0.009999999999999787 9.0 4.505 4.505 
9.0 8.679506499999999 5.9957218 7.9287516 7.30758755 6.72125975 8.2927567 5.4755604 8.78392535 3.8776778 8.82770665 2.3832701 8.2623705 1.3249223499999996 7.4487755 0.5730436999999999 6.1569125 0.37796070000000004 4.7564952499999995 0.4674111999999999 3.3285236499999997 1.1800934500000002 2.07459845 2.22347285 1.14566175 3.50158115 0.6338160999999998 4.8560595 0.58720295 6.12414395 0.9963378499999997 7.1753446499999995 1.7958634999999998 
9.0 9.0 6.7524999999999995 9.0 5.62875 5.62875 9.0 5.26245245 8.603541 3.9055467999999998 8.1214073 2.97189035 7.237645349999999 2.535291 6.2066272 2.5423481499999996 5.256069549999999 2.8564138 4.5354760999999995 3.31485885 4.09932625 3.7777988999999996 3.9222682 4.1551991 3.9321572 4.41109945 4.0446221 4.55143335 4.1887318 4.6049688 4.3188170999999995 4.60609255 4.41433585 
9.0 4.505 4.505 4.505 4.505 4.505 4.505 4.505 4.505 4.505 4.505 0.009999999999999787 9.0 9.0 6.984981400000001 4.505 4.505 4.505 4.505 4.505 4.505 4.505 4.505 4.505 4.505 9.0 9.0 4.505 4.505 4.505 4.505 4.505 4.505 
9.0 9.0 4.66362855 9.0 5.32673095 9.0 5.7172116 9.0 5.6318066 9.0 5.7985711 9.0 6.24200285 9.0 5.9287463 9.0 7.45825995 9.0 6.9253777 9.0 7.25895165 9.0 7.177592150000001 8.53220535 7.5762537000000005 8.5281149 7.7132613 8.35321445 7.52334755 7.8487855500000006 8.35321445 7.71861035 7.913873150000001 
9.0 7.77407865 4.28025 8.51638295 4.6606169 9.0 7.77407865 7.4880618000000005 4.23939045 6.6707809000000005 3.7490309 8.182314550000001 4.9346770499999995 7.0589691000000006 9.0 6.77295225 5.4857191 7.5084691 4.9544999999999995 9.0 3.1565 8.9386882 0.009999999999999787 7.07942135 5.97607865 7.0663409 5.16455135 6.40517135 4.8727808999999995 6.7042686499999995 5.16320285 9.0 9.0 
9.0 6.80675465 9.0 9.0 6.9237595 7.7044511 8.13844335 6.5557089 6.591893649999999 5.99199095 9.0 5.46014255 9.0 3.7221507999999996 9.0 3.01800905 8.9425539 1.7458790999999998 9.0 2.1373037 7.72787005 0.5269249999999999 6.6578353 0.009999999999999787 6.08611625 0.009999999999999787 4.93512655 0.009999999999999787 3.7537506499999997 0.009999999999999787 2.6069413 0.3739601499999994 1.5582128499999999 
9.0 6.8667628999999994 4.3526195 8.77142925 4.88595125 6.8667628999999994 3.7431424499999997 5.8763346 4.42880975 6.79057265 3.89552295 7.40009465 5.8001892999999995 8.23814245 2.9050946499999997 6.94295315 4.58119025 7.0191434 4.6573804999999995 7.1715239 5.8763346 8.390522950000001 4.73357075 6.3334760999999995 5.1906673 7.52955065 4.4930433 7.4762849 4.3526195 8.23814245 3.8193327 7.933381450000001 4.04790345 
9.0 7.9016018 6.7362281 8.2605725 6.94582995 6.9734742 7.74423185 6.08836375 7.6871004 5.1104315499999995 8.76396755 4.0636809 8.7203211 2.8147002 8.20092385 2.1342470999999996 7.70368695 1.4323079 7.56110555 1.3511731499999997 5.6267722 0.94734235 4.63962525 0.05548939999999991 3.1969999499999995 1.3426775999999996 3.0309996 1.6591255999999999 3.64263425 2.9708115499999996 1.7875926999999998 3.6235754499999997 1.6751277999999998 
9.0 5.8999783 4.03999225 5.5900031 4.03999225 5.4350154999999996 4.19497985 4.83785475 4.26087655 4.66902255 4.33917945 4.58172965 4.39788415 4.53830795 4.4383840999999995 4.51763095 4.46485965 4.5085061 4.48149115 4.50486515 4.49155995 4.5037414 4.4975382999999995 4.50360655 4.5009545 4.50387625 4.5028424 4.5041909 4.5039212 4.5044606 4.5044606 4.5046403999999995 4.5047303 
9.0 6.2757603 3.4153221 7.321342250000001 4.5620864999999995 6.54820225 4.91364045 7.3654382 4.91364045 5.4584794 3.5515206 7.0930412 5.1860824 6.2757603 4.505 7.0292122 4.71001695 6.82059925 4.6411985 8.046520600000001 5.3222809 5.86711985 3.8239175999999997 6.6862437 4.77150855 6.5889719 4.7810828999999995 6.00331835 4.3688015 6.3864272 4.7931295 6.2757603 5.5946779 
9.0 6.1625762 0.009999999999999787 0.009999999999999787 0.009999999999999787 4.16063805 9.0 9.0 8.77709295 7.858135150000001 2.7649855 0.009999999999999787 0.9398806499999997 4.07001885 9.0 6.6933457999999995 6.5952649 5.93238725 3.27062805 3.8602821499999997 3.5975494 3.9666788 4.81493025 4.64079395 4.80342305 4.65976285 4.4516893 4.48688515 4.4298436 4.47079305 4.5098546 4.50567425 4.51960875 
0.01 9.0 9.0 9.0 0.009999999999999787 9.0 9.0 9.0 9.0 9.0 9.0 9.0 0.009999999999999787 9.0 9.0 9.0 0.009999999999999787 9.0 0.009999999999999787 9.0 9.0 9.0 9.0 9.0 0.009999999999999787 9.0 9.0 9.0 9.0 9.0 9.0 9.0 9.0 
9.0 8.479479 6.1557438 7.5221788499999995 7.5338209 6.28560435 8.38863505 4.6139588 8.693530899999999 2.9250974 8.26789935 1.7937957999999998 7.149947900000001 0.9693228999999999 6.2480711 0.7613392499999998 4.4761421 1.3891558999999996 3.02331315 2.1449452 2.0811161999999994 3.2744038499999997 1.4427363 4.5412297 1.3686586999999997 5.6749586 1.7775238999999998 6.5083765499999995 2.55493415 6.941694549999999 3.5366871 7.0350557 4.63189385 
9.0 9.0 3.8650918 9.0 3.7742927999999996 9.0 3.4416627999999996 9.0 4.1672457 9.0 3.3808005 9.0 3.32906305 9.0 3.51722375 9.0 2.7696603 9.0 2.4300181 9.0 2.90842095 9.0 1.82323805 9.0 2.36344715 8.946959 2.27156935 9.0 1.0968909999999998 9.0 1.0995430499999999 9.0 0.7095568499999998 
9.0 8.5239795 5.10845375 8.415694949999999 5.92285785 8.051375199999999 6.4552906 7.354290600000001 7.20087625 6.93243485 7.697169199999999 6.28947005 7.92843695 5.5957567 8.07955885 4.9155733 8.0829301 4.09330295 7.93293195 3.5969650499999997 7.5133237 3.14467815 7.3193195 2.6821876 6.77448055 2.42763575 6.33684735 2.2433856999999997 5.7299774 2.1306061499999998 5.3667814 2.3110804 4.7734414 
9.0 8.947048899999999 4.60330565 8.6899349 6.037795 8.2764848 6.0882289 7.8630347 6.7033247 7.8126008 6.836961049999999 6.9806662 7.210046050000001 6.4436935 7.48235315 5.93441 7.671412849999999 5.78063605 7.60084135 4.84279925 7.8176352 4.7898931 7.7092158 3.7638194499999997 7.638644299999999 3.7608078 7.2249245 3.77640545 7.01343475 2.94447085 6.49156525 2.99993915 6.18905175 
9.0 8.46442075 6.0886784 7.57908555 7.4325036 6.069979200000001 8.0912908 4.7671484 8.588347899999999 3.1662092 8.392725500000001 1.68955675 7.6330705 1.0390853 6.27193955 0.64815515 4.8829396 0.8352370499999999 3.42543585 1.60217395 2.2565111 2.7175183 1.4332518499999995 4.00394235 1.10979165 5.27099295 1.2908951999999996 6.33334125 1.9136774500000002 7.050338699999999 2.8524132499999997 7.3262867499999995 3.90694025 
9.0 8.4170884 6.6163913999999995 6.929827749999999 8.19813695 4.971581 8.787611250000001 2.79541665 8.4568242 1.18144195 7.1222587 0.36514995000000017 5.25705845 0.8003558499999999 3.3838571 1.83573415 1.6577771000000001 3.4256605999999996 0.7794990499999996 5.35109385 0.96747995 6.82248715 1.9235214999999997 7.6188663000000005 3.3883071499999997 7.6109101500000005 4.9762558 6.8782701 6.2923019 5.6725313 7.04795635 4.20208195 7.0919624 
9.0 8.4699496 3.84697695 8.7036896 4.00798785 8.644895 3.7655724999999998 8.47439965 3.7392317999999998 8.4813669 3.07518545 8.33784155 3.09073815 8.1961142 2.8902162 8.13161095 2.9932415999999997 7.887172850000001 2.3913610999999997 7.67644725 2.3854726499999996 7.4784425 2.25367925 7.26030015 2.3435343 7.0583398 2.0494264499999995 6.76054605 1.8145627000000002 6.62102125 1.9259038499999996 6.40139555 1.8940342999999995 
9.0 9.0 4.4774906 9.0 4.0629617 9.0 4.16117745 9.0 4.02830525 9.0 4.00726865 9.0 2.7299694499999996 9.0 3.8030608 8.6459738 3.0718141999999995 8.391961349999999 2.9526966999999997 8.62660035 2.5239636 8.822897000000001 2.3983733 8.1852363 2.6902786 8.22151095 2.60671655 7.911490799999999 2.78651655 8.1211376 2.68115375 7.8472123 2.4804969499999996 
9.0 4.8795683499999996 3.57520925 0.009999999999999787 9.0 0.009999999999999787 9.0 7.7357812500000005 6.62542635 0.81267215 1.68560115 0.009999999999999787 0.009999999999999787 0.009999999999999787 9.0 4.3812526499999995 7.1638824 2.61202065 2.61202065 1.1504713999999994 0.009999999999999787 0.009999999999999787 2.40129505 0.009999999999999787 5.5752595 9.0 0.009999999999999787 0.009999999999999787 2.7558157 0.009999999999999787 0.009999999999999787 0.009999999999999787 7.2675371 
9.0 6.634191599999999 4.031856299999999 8.270955950000001 4.5839322 8.24281725 4.62254425 7.58052395 4.26842815 7.58052395 4.505 8.0945272 4.7310086 8.02525925 4.7637322 8.29028445 6.634191599999999 9.0 4.74157185 7.7661225 4.84801345 7.66502995 4.87093795 6.39761975 5.4513323499999995 7.445584050000001 4.9081116 6.8708084 3.55866765 7.2087425 4.9335533 7.0859391 4.94186905 
9.0 9.0 9.0 4.505 4.505 9.0 0.009999999999999787 0.009999999999999787 0.009999999999999787 9.0 9.0 9.0 0.009999999999999787 4.505 4.505 9.0 0.009999999999999787 9.0 9.0 4.505 4.505 9.0 0.009999999999999787 0.009999999999999787 0.009999999999999787 9.0 9.0 0.009999999999999787 9.0 0.009999999999999787 9.0 4.505 4.505 
9.0 8.8148959 4.96029855 9.0 4.4187859 8.92416935 4.61984725 8.863981299999999 4.0862457999999995 8.95302725 4.3829158 8.909201 4.3658348 9.0 4.26483215 9.0 4.27220395 8.723108 4.57498715 8.893018999999999 4.0876842 8.90511055 4.2659559 8.62093665 3.80040875 8.80568115 4.19057475 8.5944611 4.56374965 9.0 4.0196748499999995 8.6918228 4.1953844 
9.0 8.4178076 6.21431365 7.386250049999999 7.6160794 5.9140476500000005 8.39879375 4.32821165 8.583763000000001 2.60932365 8.0716027 1.33328305 6.822621999999999 0.8618474499999995 5.52693825 0.8579368 3.9413719499999997 1.4720437 2.7923150999999997 2.7818867 1.6793980499999996 3.9200656499999997 1.3242480999999997 5.2040624 1.51937605 6.2375528 2.1870184 6.86815635 3.16112985 7.03294305 4.2380869 6.818127 5.25319275 
9.0 8.691957649999999 5.8212259 8.09726915 7.0112322 7.1998424 7.7232402 5.682824849999999 8.66966245 4.7133882 8.8538226 3.46049685 8.7810935 1.9911263 8.1467591 1.2088614499999997 7.30920575 0.4147747499999994 6.13219 0.3581826999999995 4.776498 0.29687090000000005 3.6132818999999996 0.7655195999999997 2.3965753 1.57583325 1.3784578 2.65202615 0.6516612500000001 3.8941295 0.28181265 4.95481465 0.24270615000000006 
9.0 7.091423000000001 4.36228375 7.8851501 4.26420285 7.2697845999999995 4.4515095 6.9308616 4.65661635 7.2786847 4.95094895 7.16275865 4.39797405 7.3232751 4.5584905 7.688943350000001 4.62092605 7.2162491499999994 4.57633565 6.65437415 4.3801289 7.16275865 4.6744615 6.7524999999999995 4.6833616 7.26003045 4.44939685 7.2786847 3.8985345999999996 7.59976255 4.44256445 7.314375 4.36228375 
9.0 8.2586846 4.8779951 7.81956805 3.8439653 8.29648755 4.25476335 8.570322950000001 4.2972411 8.52312545 5.0951935 8.15480515 4.80719885 8.06984965 4.10364145 9.0 4.41056005 8.84892305 4.8024791 8.442844749999999 4.55691725 7.98956895 4.8024791 8.7922411 4.3161201 8.25738105 4.51052885 9.0 5.08103425 8.400367 4.0234057 8.575042700000001 4.3114003499999995 
9.0 8.557107649999999 6.3832807 7.387688450000001 7.908838749999999 5.873278 8.781902599999999 3.58581745 8.8442033 2.0110391499999998 8.154535450000001 0.8255278499999998 6.79515755 0.14547929999999987 4.97000775 0.39405279999999987 3.0930305999999996 1.3511731499999997 1.5625280499999996 3.0506877 0.5044949499999998 4.76863175 0.2719686000000001 6.50451085 0.8121776999999994 7.83601975 2.02236655 8.52420425 3.66331125 8.455790350000001 5.42013705 7.67644725 6.9705974 
9.0 7.6906064999999995 3.3910041499999997 7.3974426 4.7004426 6.53750415 6.2248319500000004 7.43650415 5.3258319499999995 6.7524999999999995 5.71671715 7.1042787 3.46921715 6.77205325 6.2052787 6.2443852 2.5897254499999995 6.1271106500000005 3.3323893499999997 5.71671715 5.03266805 6.8984077 4.3321672499999995 5.9121147999999994 3.9577787 6.7493535 4.3133332 6.6782426 4.3050624 7.3974426 3.3714958499999996 6.77205325 5.16949585 
9.0 7.5705001 3.7267357 8.2058234 5.4897646 6.60160285 5.9821469 5.66448525 7.1257648 9.0 3.8220297 4.552647 6.50630885 4.552647 6.25216155 5.34471095 6.3555016 4.97998665 6.1390673499999995 4.69940875 5.886987749999999 4.50126915 5.6258732 4.3763531 5.37725475 4.3110857 5.15592095 4.29018395 4.97018755 4.29890425 4.8225268 4.32461565 4.7111407 
9.0 8.4655445 4.505 8.767024150000001 4.3816572 8.7122301 4.450161 8.561467799999999 4.5872135499999995 8.561467799999999 4.5872135499999995 8.7258949 4.54612925 8.8081534 4.51870975 9.0 4.6283427999999995 8.73960465 4.450161 8.5888873 4.61463305 8.61626185 4.7516856 8.98629025 4.7242660999999995 8.5354867 4.6050587 8.5888873 4.54612925 9.0 4.7516856 8.89036695 4.450161 
9.0 9.0 4.9455998999999995 9.0 5.63328995 8.9276305 5.9903278 8.11740675 6.888249 7.87521615 7.21535015 7.06431815 7.7387929 6.9912294500000005 7.834851049999999 5.8288674 8.19957535 5.45510815 8.09097615 4.94141955 8.1981819 4.4270567 8.0951565 3.8242772 7.9030401999999995 3.47838695 7.61495565 3.07950065 7.2446126 2.69391955 6.9557639 2.58046575 6.5068033 
9.0 9.0 5.03383675 9.0 5.5626285499999994 9.0 6.3558612 9.0 4.7693959 9.0 5.5626285499999994 9.0 5.03383675 9.0 6.620302049999999 9.0 4.2406041 9.0 3.97616325 9.0 6.091465299999999 9.0 6.3558612 9.0 3.97616325 9.0 5.41411375 9.0 4.7693959 9.0 6.091465299999999 9.0 5.5626285499999994 
9.0 4.4212131999999995 4.12476795 4.505 4.505 4.505 4.505 5.0205765 3.2998905 2.45244815 2.7891686 4.505 4.505 2.9921628 6.2401599 2.8358716499999996 5.1800591 7.3695736 5.49906925 4.505 4.505 4.505 4.505 3.8396051499999997 4.4453963 5.43299275 4.4018847 4.505 4.505 5.25094525 5.5876657 4.1360504 6.2160217499999995 
9.0 9.0 4.94420645 9.0 5.05325515 9.0 5.5197012999999995 8.937159900000001 4.92020315 8.7721035 5.36853445 8.6849904 5.5967456 8.51638295 5.77901785 8.34952855 5.70610895 8.2653372 5.99414855 8.25351535 5.9298251 7.86856355 6.28488515 7.92987535 6.0628771 7.5819174 6.426432699999999 7.3262418 6.5740934499999995 7.05775545 6.61913335 6.9436274000000004 6.793089849999999 
9.0 8.592393399999999 4.90015545 8.3944336 5.2641156 9.0 5.251080099999999 6.98565565 7.5685223 7.660804649999999 6.1555190500000005 5.2370557 6.4261180499999995 7.095019000000001 6.5765657 6.80046165 6.7353290999999995 5.92717305 5.08786665 6.2051888 6.9530669 5.9107663 7.0143787 5.6222772 7.04588865 5.3422387 7.04939475 5.07294325 7.02673995 4.81636865 6.9799919500000005 5.05055815 7.549868050000001 
9.0 9.0 4.505 9.0 4.505 6.7524999999999995 6.7524999999999995 7.87625 4.505 8.60448495 5.0486253 8.50856165 5.1437395 8.4121439 5.2344486 7.87625 5.62875 7.87625 6.7524999999999995 7.87625 4.505 9.0 3.3812499999999996 6.7524999999999995 6.7524999999999995 7.8287828 5.6911406 7.87625 5.62875 7.635093250000001 5.8118763 7.53881035 5.86667035 
9.0 8.42063945 4.6994537 8.0985727 5.32745015 8.955454549999999 5.8216754 8.52600225 4.13025185 8.487480099999999 4.4138414 8.5705477 3.3037562 8.5239795 5.4023818 8.4895478 4.2963420999999995 8.3011174 4.46045455 8.9047959 2.9756212 8.0539823 3.37671005 8.40041195 4.09177465 8.36921665 4.3742854 8.045891300000001 4.32066005 7.91827825 5.4854494 8.4712981 4.91822535 
0.01 4.505 4.505 4.505 4.505 4.505 4.505 4.505 4.505 4.505 4.505 4.505 4.505 4.505 4.505 4.505 4.505 4.505 4.505 4.505 4.505 4.505 4.505 4.505 4.505 9.0 9.0 4.505 4.505 4.505 4.505 4.505 4.505 
9.0 4.5937762499999995 4.53668975 4.6888455 4.4669723 4.6001142 4.5557036 4.5557036 4.7015214 4.5176758999999995 4.51133795 4.5937762499999995 4.36552015 4.41622375 4.77762175 4.3211545 4.625466 4.3972099 4.48598615 4.7015214 4.39087195 4.5874383 4.505 4.505 4.44795845 4.5874383 4.4542964 4.5303518 4.43528255 4.42889965 4.3972099 4.53668975 4.505 
9.0 9.0 6.82059925 6.54820225 6.00331835 4.77744195 6.1395618 3.0619252 7.789136900000001 2.4617977499999997 6.68440075 1.9169587999999997 4.505 1.9169587999999997 3.96016105 3.00668165 2.32559925 4.09635955 0.6910823999999995 6.68440075 1.9169587999999997 7.0930412 2.5980412 9.0 2.7342397 7.78459695 5.05927845 8.863801500000001 7.0930412 5.5946779 6.1395618 4.91364045 6.00331835 
9.0 8.60628295 4.70039765 8.73888545 4.607486 8.76198975 4.7452577499999995 8.7115109 4.56437895 8.636399449999999 4.7903426 8.6748317 5.04741165 8.6425576 4.78418445 8.50101005 5.0768539 8.269292799999999 5.15403305 8.14518585 5.0376125499999995 7.96799295 5.1442789 7.91018725 5.01289005 7.8110725 5.1020259 7.489095649999999 5.192735 7.69307875 4.9883923 7.4383471 5.01954265 
9.0 7.3597745 4.3077594 7.9450235 4.6384115999999995 7.266368399999999 6.1244586 7.4428421 4.4842331 7.390924849999999 4.8787143 8.0760977 2.5533608999999995 7.76463915 6.97567675 7.1833008 5.12787215 7.3597745 5.491203 7.3493910499999995 3.3630902000000003 7.69424745 5.19538705 7.411691749999999 5.543120249999999 7.59643625 5.3007948 7.27675185 4.84756395 7.4859042 5.3968529499999995 7.60893235 6.1556089499999995 
0.01 9.0 9.0 9.0 0.009999999999999787 9.0 9.0 9.0 9.0 9.0 9.0 9.0 9.0 9.0 9.0 9.0 0.009999999999999787 0.009999999999999787 9.0 0.009999999999999787 9.0 0.009999999999999787 9.0 9.0 0.009999999999999787 9.0 9.0 0.009999999999999787 9.0 0.009999999999999787 0.009999999999999787 0.009999999999999787 9.0 
9.0 7.194808 6.3179234 8.227264550000001 8.124418949999999 7.92124495 7.68336955 8.2812495 4.0112692 8.87912945 4.86374595 8.812288800000001 0.6515713499999998 8.6386919 8.4805578 8.7955674 4.2709903 8.49085135 5.32016825 8.931855800000001 1.3767497 8.4008165 0.6503127499999994 5.7907498 3.1536681499999997 9.0 5.2725662 7.3349621 6.42333115 8.44967715 8.146264649999999 8.18995605 7.598548900000001 
9.0 7.5943685499999996 9.0 8.63918635 1.0848893499999996 8.18069635 4.7004426 7.925110650000001 4.9860549 8.40616555 7.8198827 7.65451165 5.32430365 7.917604 5.1213543999999995 8.7068361 3.3774742 7.6845832000000005 5.34686855 7.42149085 5.6099609 7.21103495 7.98525375 9.0 2.0846222999999995 8.5173269 5.5036092 7.6995965 6.9253777 9.0 4.2118361 7.045663899999999 5.57988935 
0.01 9.0 0.009999999999999787 9.0 9.0 9.0 0.009999999999999787 9.0 9.0 9.0 0.009999999999999787 9.0 0.009999999999999787 9.0 0.009999999999999787 9.0 9.0 9.0 9.0 9.0 9.0 9.0 0.009999999999999787 9.0 9.0 9.0 9.0 9.0 9.0 9.0 9.0 9.0 0.009999999999999787 
9.0 1.45132175 0.009999999999999787 0.009999999999999787 9.0 9.0 7.35109915 4.6629992499999995 0.009999999999999787 0.009999999999999787 0.009999999999999787 9.0 9.0 8.49130085 0.009999999999999787 0.009999999999999787 9.0 8.273608 9.0 9.0 0.009999999999999787 0.009999999999999787 0.009999999999999787 3.6574228 9.0 9.0 0.009999999999999787 0.009999999999999787 0.009999999999999787 0.009999999999999787 9.0 9.0 6.01581445 
9.0 8.46864605 6.45992045 7.18280635 7.99559225 5.3892564 8.75443815 3.42157015 8.6648528 1.6944562999999997 7.70800215 0.6193871499999997 6.0176574 0.3523391999999994 4.2650569 1.0278477999999995 2.49542035 2.3945975 1.2108392499999998 4.04484685 0.8093458500000001 5.6909608 1.0182285000000002 7.0214808 1.9918454999999997 7.74800765 3.40673665 7.762886099999999 4.93647505 7.118258150000001 6.25422925 6.06696755 7.0966372 
0.01 4.505 4.505 4.505 4.505 4.505 4.505 9.0 9.0 9.0 9.0 4.505 4.505 4.505 4.505 2.819375 0.009999999999999787 0.009999999999999787 0.009999999999999787 4.505 4.505 4.505 4.505 0.009999999999999787 0.009999999999999787 0.009999999999999787 0.009999999999999787 0.009999999999999787 9.0 9.0 4.505 4.505 4.505 
9.0 9.0 4.2271190999999995 9.0 4.6372428999999995 9.0 4.27436155 9.0 4.42827035 9.0 3.9779163 8.30296035 4.2711701 8.7029704 4.2084199 7.6141915000000004 4.17331395 7.459608449999999 3.5895033499999998 8.7712045 3.0864678999999997 8.1392974 3.0821527 8.3226934 2.9390319 7.76517855 3.1936286999999997 7.7905753 2.7710087999999997 6.9483022000000005 3.3235342 7.39110465 2.73005935 
9.0 9.0 4.73644755 8.971366849999999 4.96002885 8.8265829 5.1682822 8.79830935 3.3140048 7.472868699999999 6.96380995 8.1201487 5.64147085 7.82145595 5.7357309999999995 7.50653625 5.7956943 7.18469425 5.8222148 6.864605299999999 5.81754 6.5539109 5.7849962 6.25908385 5.7288087 5.9852035 5.65360735 5.73577595 5.5643816 5.51309365 5.4659411 5.3179657 5.36278085 
9.0 6.794393400000001 0.2798797999999998 9.0 5.7055246 4.346776 0.009999999999999787 9.0 0.009999999999999787 6.4686407500000005 0.009999999999999787 4.505 4.505 0.009999999999999787 2.96478825 2.81123905 4.66785385 9.0 0.009999999999999787 4.505 4.505 4.505 4.505 3.77442765 8.6510082 6.2918524 5.69621995 4.505 4.505 9.0 5.5473006 4.505 4.505 
9.0 9.0 4.4564090499999995 9.0 4.38350015 9.0 4.2134542999999995 8.78131825 4.4320911 8.951409049999999 4.35922715 8.951409049999999 4.8937725499999996 9.0 4.2134542999999995 8.78131825 4.9180455499999995 8.902818100000001 4.4806820499999995 9.0 4.7965457 9.0 4.6993637999999995 8.902818100000001 4.9180455499999995 8.9350922 4.56123245 9.0 4.35922715 9.0 4.62649985 9.0 4.18913635 
9.0 7.8227595 8.25081835 1.0802595 3.4347404999999998 6.00331835 3.8628443 6.5384481 3.8628443 1.48053925 5.0807196 6.00331835 4.505 5.7892664499999995 4.18392215 2.7872807 6.80477685 5.5752595 4.61202595 6.5384481 4.7190519 5.25418165 3.3277595 1.9313877499999998 4.0449817 5.62376055 2.20899895 9.0 4.505 1.5083183499999997 4.2909481 5.6822405 4.61202595 
0.01 4.505 4.505 4.505 4.505 4.505 4.505 4.505 4.505 4.505 4.505 4.505 4.505 4.505 4.505 4.505 4.505 4.505 4.505 4.505 4.505 4.505 4.505 4.505 4.505 9.0 0.009999999999999787 4.505 4.505 4.505 4.505 4.505 4.505 
9.0 8.80037705 4.49803275 8.38962395 3.9096821999999998 8.7744409 4.4842780499999995 8.227264550000001 2.20486355 8.66022295 4.9710415999999995 9.0 3.86459735 8.9669168 4.3907371 8.81359235 3.8074659 8.28138435 7.28016805 9.0 3.77137105 8.4377654 4.12314975 8.35905795 4.4302032 8.2867334 4.42548345 8.21009365 4.42107835 8.1294983 4.41703285 8.04530695 4.41334695 
9.0 8.93055225 4.3820168 8.9127071 4.3205252 9.0 4.16180675 8.942464000000001 4.5704472 8.7877461 4.3879502 8.932575 4.1697629 8.9722209 4.18365245 8.8829502 4.0765366 8.8770168 3.9555312 8.9682653 4.2689226 8.7877461 4.1043157 8.880972400000001 4.13007205 8.84955235 3.9246055999999996 8.706431550000001 3.8345257999999998 8.8710834 3.79681275 8.8551711 3.6599399999999997 
9.0 7.28547215 4.9927075 7.682695300000001 4.19327175 7.6675921 4.5804260999999995 7.8435713499999995 4.5150688 7.69775355 5.2139514 7.7228806 4.4949312 8.0899423 4.80167 8.26592155 3.7608527499999997 7.592166 4.097753 7.3156336 4.4446771 7.2452419 5.03293775 7.70782235 4.0776154 7.64453275 4.4297986499999995 7.350829449999999 4.7212095 8.04971205 4.27373225 7.43632435 4.2938249 
9.0 9.0 4.836731 9.0 4.658729 9.0 4.25494315 9.0 4.8989418 9.0 5.38831245 9.0 5.4187436 9.0 5.0796857499999994 9.0 4.97971695 9.0 5.72256065 9.0 6.5168721000000005 9.0 6.3816625 9.0 5.40548335 9.0 6.15659785 8.80235485 6.69141295 9.0 5.9655154 9.0 6.604704399999999 
9.0 9.0 3.2271614 9.0 3.3656973 8.75830385 2.9275247 9.0 3.1310583 8.6734832 2.2998878499999997 8.5872691 2.5218509499999997 7.90874885 1.8574899499999997 7.6401726 1.8970459499999999 7.18505385 1.91682395 7.58223205 1.3146737499999999 6.95320175 0.5796513499999998 6.7171693 1.2086816499999995 6.1009048 1.0863726999999996 5.6895223999999995 0.9881569499999996 5.2513498 1.2171322499999997 5.1340303 1.3584999999999998 
9.0 6.7466565 4.5867191 6.44310915 4.0730305 6.78167255 4.3181878 6.7583435 4.9369695 6.51314125 4.7735313 7.0151878 3.9679374 6.828375599999999 4.3415618 6.87507865 4.2364687 6.9918587500000005 4.45829695 6.68826645 4.35320385 6.71164045 4.45829695 7.1669839500000005 4.505 6.89701425 4.357564 6.44310915 4.65679615 6.95679775 4.25979775 7.15529695 4.11973355 
9.0 4.47618705 2.2575 4.505 4.505 4.4185611499999995 9.0 4.505 4.505 4.505 4.505 4.505 4.505 4.505 4.505 4.505 4.505 5.9168795 8.683057550000001 2.9202428 7.84743705 2.94905575 0.8744334499999997 4.505 4.505 1.7388668999999997 2.1998740999999997 4.505 4.505 4.505 4.505 4.505 4.505 
9.0 9.0 3.42390755 9.0 3.59462765 8.4310229 4.04979135 8.4879296 4.5619067 9.0 5.0170704 8.65860475 4.78948855 8.3172095 4.33432485 7.3499304500000004 2.8549304499999995 8.4310229 4.4480933 8.715511450000001 4.78948855 9.0 5.6429542 7.29302375 2.79802375 8.30943315 4.255977 9.0 4.22051145 6.89476675 4.6188134 8.2603028 4.3911866 
0.01 9.0 0.009999999999999787 0.009999999999999787 9.0 0.009999999999999787 9.0 9.0 9.0 9.0 9.0 0.009999999999999787 0.009999999999999787 0.009999999999999787 0.009999999999999787 9.0 9.0 9.0 0.009999999999999787 0.009999999999999787 0.009999999999999787 0.009999999999999787 0.009999999999999787 9.0 4.505 9.0 0.009999999999999787 9.0 0.009999999999999787 0.009999999999999787 9.0 0.009999999999999787 9.0 
9.0 0.009999999999999787 1.8225188499999998 4.505 4.505 0.009999999999999787 7.4049942 0.5899898499999998 9.0 4.505 4.505 4.505 4.505 4.505 4.505 4.505 4.505 4.505 4.505 0.009999999999999787 0.009999999999999787 4.505 4.505 5.84626305 5.55624565 9.0 6.82500435 4.505 4.505 4.505 4.505 4.505 4.505 
9.0 9.0 0.009999999999999787 9.0 9.0 0.009999999999999787 9.0 9.0 0.009999999999999787 9.0 0.009999999999999787 0.009999999999999787 0.009999999999999787 0.009999999999999787 9.0 9.0 9.0 9.0 9.0 0.009999999999999787 9.0 9.0 0.009999999999999787 9.0 0.009999999999999787 9.0 9.0 9.0 9.0 0.009999999999999787 9.0 0.009999999999999787 9.0 
9.0 4.8958851999999995 4.5358357 5.13245705 4.31985095 4.9781437 4.1347019 5.0707407 4.2272989 5.55417795 4.4535772 5.06044715 4.854711 5.16329275 3.89813005 5.8113369 4.28901525 5.35873535 4.83416885 5.0295665 4.505 5.00902435 4.49470645 5.18387985 4.0421498499999995 4.88559165 4.56671635 5.00902435 4.2067118 4.9370144499999995 4.17583115 5.0295665 4.19641825 
9.0 8.76180995 4.5034716999999995 8.69465465 4.3599463499999995 8.78320615 4.35077655 8.8015008 4.6149477 8.7358738 4.5843817 8.66714525 4.7157256 8.7282323 4.43932805 8.767923150000001 4.5950798 8.7205908 4.56761535 8.6136997 4.85008115 8.5266765 4.7813526 8.7297606 4.64852535 8.66238055 4.6192629 8.645794 4.6057779 8.66103205 4.5248679 8.67173015 4.47906385 
9.0 6.4664382 3.93292135 7.1202809 3.85120225 5.3222809 1.4810786499999997 6.05779775 4.3415618 5.81264045 4.25979775 5.81264045 5.81264045 6.1395618 2.6252809 5.404 4.4232809 6.1395618 4.75020225 5.07707865 6.71164045 7.2837191 5.2405618 5.97607865 5.2405618 6.3523551000000005 4.18913635 6.05779775 4.25979775 5.07707865 2.8704381999999997 5.81264045 3.19735955 
9.0 8.8068948 3.96132975 7.3511441 3.9345844999999997 8.83660675 3.6850221 8.8663187 4.885277 8.64053485 4.4544762 8.26025785 3.39388095 9.0 3.09379475 8.967321349999999 3.5513408 8.940576100000001 3.5602408999999997 9.0 3.2839332499999996 8.6910137 2.7313628999999997 9.0 3.64047665 8.49624535 3.0861532499999997 8.1651886 3.4384264 8.50982025 3.07302785 7.6304184500000005 2.63629365 
9.0 7.306958249999999 4.3481245 7.16087075 4.52662095 7.22038455 4.16962805 7.34480615 4.54828685 7.31235225 4.16962805 7.5179086 4.829539 7.3339732 4.1263412 7.539529549999999 4.9161127 7.523302599999999 4.505 7.15547675 4.9593546 6.755197000000001 4.64564855 7.46922775 5.13785105 7.222811849999999 4.59575405 6.8147108 4.7051174 7.27989835 4.46171315 7.2636714 4.0938873 
9.0 9.0 9.0 9.0 6.8086875 7.314375 0.009999999999999787 9.0 9.0 4.617375 4.64546875 9.0 9.0 4.505 4.505 9.0 0.009999999999999787 9.0 9.0 9.0 9.0 5.9096875 9.0 9.0 9.0 9.0 9.0 9.0 9.0 0.26284375000000004 9.0 4.505 4.505 
9.0 9.0 9.0 4.505 4.505 4.505 4.505 4.505 4.505 6.6510928 0.5000448999999998 2.1898951999999996 6.54973055 0.2127694499999997 5.7892664499999995 7.4115569 9.0 4.505 4.505 4.505 4.505 7.2932485 5.41752995 0.009999999999999787 0.009999999999999787 9.0 0.009999999999999787 9.0 9.0 4.505 4.505 4.505 4.505 
9.0 6.60798575 5.0132946 7.1561509999999995 4.53489175 6.9966684 4.8139863 6.6578353 3.87709345 6.88703535 4.5647835 7.3754171 3.7774392999999997 7.55481255 4.3554962999999995 6.95679775 3.8970512499999996 6.88703535 4.2957127999999996 6.6578353 3.6279356 6.7873812000000004 3.8970512499999996 6.36876185 3.59804385 6.9291535 3.99009775 7.1960216500000005 4.3754541 6.91697205 3.9767476 7.03653905 4.30564675 
0.01 0.009999999999999787 9.0 9.0 9.0 4.505 4.505 9.0 0.009999999999999787 9.0 0.009999999999999787 9.0 0.009999999999999787 0.009999999999999787 0.009999999999999787 4.505 4.505 0.009999999999999787 0.009999999999999787 4.505 4.505 4.505 4.505 0.009999999999999787 0.009999999999999787 9.0 0.009999999999999787 9.0 9.0 0.009999999999999787 0.009999999999999787 4.505 4.505 
9.0 5.78198455 3.0747808999999995 4.505 4.505 7.5697809 0.009999999999999787 5.8841559 8.81269335 7.399510299999999 4.79443305 6.0714176 0.6910823999999995 4.505 4.505 7.1611404499999995 2.88747425 6.5311661999999995 0.8783441000000001 4.505 4.505 4.505 4.505 5.5946779 5.30524485 9.0 3.4323132 4.77744195 2.32559925 5.2371456 1.3550837999999996 4.505 4.505 
9.0 7.09623265 4.43447345 6.3206204 4.505 6.23247345 5.08669795 6.303 4.2406041 7.04337145 5.1396041 6.602681649999999 4.87516325 6.867077549999999 4.2582245 7.1138530499999995 4.57552655 6.7613102 4.505 6.5673959 4.80468165 7.1138530499999995 4.87516325 6.7436898 4.5226204 6.689614949999999 4.95625305 6.58506125 4.87516325 6.5321551 5.5626285499999994 6.44400815 5.28061225 
9.0 9.0 5.55660525 8.613609799999999 6.84298435 8.011999 7.7478728 6.647317 8.2907789 5.74737305 8.6282635 4.93054165 8.4717476 3.5169989999999998 8.613609799999999 2.9691484 7.89948915 2.196368 7.405488650000001 1.6045113499999997 6.5103993 1.1741150999999999 5.8158319 1.3208319 4.66641545 1.2806915499999998 3.96816215 1.5849581000000001 3.23817415 2.20126755 2.50450025 2.8224316 2.1083109499999995 
9.0 1.55515625 5.20734375 4.7859375 4.505 4.505 4.7859375 7.314375 4.7859375 5.3478125 4.505 4.36453125 4.926406249999999 4.7859375 4.505 5.20734375 3.80265625 6.4715625 2.819375 4.505 4.08359375 4.505 4.505 4.64546875 2.39796875 4.64546875 4.505 1.2742187499999997 4.64546875 4.36453125 4.505 4.505 4.926406249999999 
0.01 4.505 4.505 0.009999999999999787 0.009999999999999787 9.0 9.0 0.009999999999999787 9.0 0.009999999999999787 9.0 9.0 0.009999999999999787 9.0 9.0 0.009999999999999787 0.009999999999999787 0.009999999999999787 9.0 9.0 0.009999999999999787 0.009999999999999787 9.0 0.009999999999999787 9.0 9.0 0.009999999999999787 0.009999999999999787 9.0 0.009999999999999787 0.009999999999999787 9.0 0.009999999999999787 
9.0 9.0 2.64150785 9.0 7.92708845 8.418347 5.34075535 9.0 4.05887125 8.723287800000001 6.6621505 7.4470674 3.782204 9.0 4.54451105 8.892704349999999 2.2518362999999995 8.10212375 3.40385985 8.46352175 3.6466797499999997 9.0 3.9515756 8.71200535 4.9849761 8.680405499999999 4.17915745 9.0 3.27395435 6.4814515 5.39721255 6.8146208999999995 4.2621801 
9.0 8.75965235 5.79564935 7.7663022999999995 7.5277975999999995 6.6430018 8.211352250000001 4.56195165 8.51044955 3.38704855 8.30215125 2.3634022 7.02575105 1.09414905 6.38134785 1.51784775 4.8289995999999995 1.5641013 3.62735125 2.14624875 2.5271999999999997 3.1182475499999995 2.02874945 4.31985095 1.5925995999999998 5.22802075 1.9689209999999995 6.1570024 2.6215500499999997 6.575352049999999 3.49205175 6.7694012 4.236199 
0.01 4.505 4.505 4.505 4.505 9.0 0.009999999999999787 4.505 4.505 0.009999999999999787 0.009999999999999787 4.505 4.505 4.505 4.505 9.0 9.0 0.009999999999999787 0.009999999999999787 4.505 4.505 4.505 4.505 9.0 9.0 9.0 9.0 4.505 4.505 9.0 9.0 4.505 4.505 
0.01 0.009999999999999787 9.0 4.505 4.505 4.505 4.505 0.009999999999999787 9.0 9.0 9.0 4.505 4.505 4.505 4.505 9.0 0.009999999999999787 0.009999999999999787 9.0 9.0 9.0 4.505 4.505 0.009999999999999787 0.009999999999999787 9.0 0.009999999999999787 9.0 9.0 0.009999999999999787 9.0 4.505 4.505 
9.0 7.80985885 2.7837296499999997 8.10778745 4.9669961 8.0482287 5.1912066999999995 7.003321 4.7410774 9.0 5.45906375 7.73901765 5.8064823 7.597470100000001 5.98497875 6.7377564 5.2820506499999995 7.39676835 4.3771172499999995 7.08508505 6.4166336 6.892744 6.5219964 8.7541235 7.09182755 6.4906213 6.67159 5.06566135 9.0 6.0813965 6.73995895 5.8799306 6.74490345 
9.0 8.62992665 5.3230001 8.3747455 6.10265785 7.78064135 6.56132765 7.221103749999999 7.64543175 6.7694012 7.8727439 6.127695 8.18168525 5.2090968 8.2609321 4.5228002 8.3351895 3.7682694999999997 8.00449235 2.8869797999999998 7.92987535 2.56823935 7.44405575 2.116357 6.927175699999999 1.7932563999999998 6.3466914 1.60523055 5.7338431 1.5513354999999995 5.11933165 1.6256827999999999 4.7474603 
9.0 6.6216954999999995 5.5276574499999995 6.4076436 6.0152301 5.6584619499999995 6.64547405 4.5882474 6.72872145 4.4098858 6.9308616 2.97099135 5.9082041499999995 2.6499135 5.967673 2.1861643499999994 4.8141661 2.2575 3.981782 3.8390657499999996 3.8509775 3.8390657499999996 2.7926297499999997 3.458564 4.51691175 4.6656512999999995 3.07833195 5.21849135 3.52989965 5.6228166 3.41096195 5.706064 4.69527335 
9.0 6.6598131 3.94892355 6.4281407999999995 3.94892355 7.65612985 2.7440837499999997 7.7951602 4.8293592 5.68669055 3.53187745 6.72935075 5.22325605 6.543976949999999 3.9720728 6.4049466 4.7830607 6.7524999999999995 3.276966 6.96102305 5.33913715 6.4049466 4.87570265 7.67932405 5.3854806 6.9051502 3.9455073499999997 5.2001068 3.32330945 6.63666385 4.6903738 6.543976949999999 2.1880072999999998 
9.0 5.9808883 4.6182739999999995 5.1898582 5.4614461 5.17560905 7.83143485 3.3495152999999998 8.6549638 4.0414756 5.376131 1.7472276 5.6640806999999995 0.27731764999999964 4.26186545 3.9153908499999996 3.8609114499999997 3.14234075 2.49955575 3.99216545 0.6574148499999999 4.6249266 3.4807692999999995 5.7609929 4.2220397499999995 6.02147815 3.9711738 5.74818215 3.99216545 5.1827561 5.1026552 5.05325515 5.4250366 
0.01 4.505 4.505 4.505 4.505 4.505 4.505 4.505 4.505 4.505 4.505 0.009999999999999787 0.009999999999999787 4.505 4.505 9.0 7.87625 4.505 4.505 4.505 4.505 0.009999999999999787 9.0 4.505 4.505 9.0 0.009999999999999787 0.009999999999999787 0.009999999999999787 9.0 9.0 4.505 4.505 
9.0 9.0 1.9327812 8.961792500000001 1.2069735499999998 8.528834100000001 0.12462250000000008 9.0 2.8949809 9.0 3.4608564499999996 7.3319054999999995 0.6212300999999996 9.0 1.9188017499999996 9.0 0.9268451499999997 7.955856450000001 0.5066075999999997 8.847214950000001 0.009999999999999787 7.656894 1.1384248000000001 7.2894727 1.0481652000000001 6.92227615 0.9995292999999998 8.146849 0.009999999999999787 9.0 0.009999999999999787 5.87350275 1.0837655999999996 
9.0 9.0 4.58181955 8.82986425 4.3637671 9.0 4.3505518 9.0 4.27705855 8.9562187 4.1862146 8.96282635 4.1003601 9.0 3.79807135 9.0 3.8641478499999997 8.924034500000001 3.9740056499999996 9.0 3.67257095 9.0 3.6387235999999996 8.95374645 3.5123691499999996 8.8422255 3.59507715 8.757225049999999 3.73532115 8.8397982 3.49088305 8.41614445 3.4578448 
9.0 8.9182809 4.505 8.48878365 4.64573845 8.38189255 4.7105114 8.100999999999999 4.505 7.61064045 4.70929775 8.07146785 4.8841982 7.9714541 4.93557605 7.324578649999999 5.64920225 7.5697809 5.07707865 7.6817963 5.0717296 7.5887498 5.11151035 7.85579775 5.526578649999999 7.40791595 5.1832056 7.52892135 4.62757865 7.23413925 5.24510175 7.149858 5.2726111499999995 
9.0 0.009999999999999787 0.009999999999999787 2.2263047 9.0 9.0 0.009999999999999787 9.0 6.92416405 4.505 4.505 5.5819121 0.009999999999999787 9.0 9.0 4.505 4.505 9.0 9.0 9.0 9.0 4.505 4.505 1.2898163999999999 9.0 6.00331835 0.009999999999999787 9.0 0.009999999999999787 7.6421504 0.009999999999999787 6.64322655 9.0 
0.01 4.505 4.505 9.0 9.0 9.0 9.0 4.505 4.505 4.505 4.505 0.009999999999999787 0.009999999999999787 4.505 4.505 0.009999999999999787 0.009999999999999787 4.505 4.505 4.505 4.505 9.0 9.0 4.505 4.505 9.0 9.0 4.505 4.505 0.009999999999999787 9.0 4.505 4.505 
9.0 9.0 4.35374325 9.0 4.52680075 9.0 3.9628131 8.50397675 4.5588501 7.7900358999999995 4.7453027 8.34566285 4.54217365 6.958865449999999 4.51844005 8.27068625 3.8917022 7.90029825 4.1211269999999995 7.69137065 3.2687850999999997 6.45515575 3.9628131 7.0908836 2.6971109999999996 7.1563308 3.50958225 6.4423449999999995 3.7244432499999998 7.2215982 3.418109 7.02422275 2.7862019 
9.0 6.63279815 5.38273865 4.78427435 3.6804821499999996 7.3061042 4.5502196999999995 6.5530119 4.3055119 7.0450795500000005 4.58478625 6.51314125 5.74179925 7.7233301 4.3321223 7.00516395 5.0635487 6.366829 5.0236331 6.87687665 4.6327479 6.80567585 4.02623755 6.65940855 4.39860335 6.595804299999999 4.65149205 6.9120725 5.6354026 5.94128735 3.85335985 6.06094425 4.4916948 
9.0 9.0 4.1133057 9.0 3.72902815 8.39924325 0.8290339499999999 8.767024150000001 7.2493323499999995 8.79651135 2.6448791 8.4824457 3.0784668 8.45776815 3.45168665 8.14824245 1.710009 5.05541275 0.009999999999999787 8.5632658 5.00183235 7.30794715 0.9743123499999999 6.99473555 0.7800834000000001 6.6687132 0.6130941499999998 6.3322175 0.47415369999999957 5.9876308 0.3638463999999999 3.9053220499999997 0.009999999999999787 
9.0 9.0 4.505 9.0 4.505 7.50168165 5.00443945 9.0 4.00556055 8.50056055 4.00556055 9.0 3.5061210999999997 8.0011211 4.505 8.0011211 4.505 9.0 4.00556055 8.0011211 4.00556055 7.50168165 4.00556055 7.50168165 4.505 8.56609765 4.2644276 9.0 5.00443945 8.50056055 4.00556055 9.0 4.505 
9.0 8.3588332 4.50837125 8.187618650000001 4.2498638 7.98956895 4.3170190999999996 8.29504915 4.91121315 8.3822971 5.04210755 8.46289245 4.2297262 8.0264729 4.6627745 8.268169050000001 4.1995198 8.261471499999999 3.8671594999999996 8.46621875 4.55871525 8.573649249999999 4.605688 8.0868857 4.417707099999999 8.208115849999999 4.3396739 8.46621875 4.21628615 7.8284232 4.417707099999999 8.06005055 4.0920893 
9.0 8.46522985 4.4664778499999995 8.5423191 4.39419825 8.73501975 4.4231011 8.51341625 3.93166275 8.2002496 4.0136066 8.49894235 4.55799605 8.585650900000001 3.88833095 8.4218531 4.230400449999999 8.585650900000001 4.3990079 8.4604202 3.84976385 8.22915245 3.9461366499999997 8.55674805 3.62816035 8.47161275 3.8351101499999998 8.2966224 3.9268530999999998 8.4796588 3.6715371 8.629027650000001 3.74862635 
9.0 4.96056825 4.99095445 4.505 4.505 4.505 4.505 6.9651135 8.2103184 5.90209095 9.0 4.505 4.505 4.505 4.505 6.1754318999999995 0.009999999999999787 5.9932046 0.009999999999999787 4.505 4.505 4.505 4.505 2.5915684 0.009999999999999787 9.0 0.009999999999999787 6.99545475 3.4419774499999995 4.505 4.505 4.505 4.505 
9.0 8.073041100000001 5.8306654 7.384676799999999 6.8564244 6.36228905 7.568702099999999 5.14225615 8.2604826 3.7484465499999997 8.0458014 2.57615055 7.7561436 1.93543325 6.36912145 1.1141517999999997 5.25813725 1.3595338499999996 4.0619727999999995 1.9116097500000002 3.44854015 2.6783668499999997 2.78399935 3.7212068499999997 2.1433269999999998 4.57345885 2.3156203499999997 5.3603985 2.79424795 5.8988096 3.46220495 6.0590114 4.1437818 
9.0 7.3735292 9.0 5.44144335 0.009999999999999787 9.0 9.0 8.447969050000001 5.89489895 1.4984742999999998 9.0 4.23885105 7.1468014 4.5838423 4.7317278 2.18850175 0.009999999999999787 5.1457173 4.35715945 5.97374125 2.533493 0.009999999999999787 9.0 8.14239895 0.009999999999999787 9.0 4.229007 9.0 9.0 5.4315993 0.009999999999999787 9.0 9.0 
9.0 0.009999999999999787 5.76831975 5.5038789 5.18073335 1.1025996499999997 1.3142691999999996 3.1241809499999995 7.7073279 0.009999999999999787 9.0 0.8326299499999998 6.03271565 0.9501292499999994 4.3875006999999995 0.09814695000000029 0.7738353499999997 1.8021115499999998 2.0665524 4.29935375 0.7738353499999997 8.7356041 0.2743959 0.009999999999999787 2.5659918499999996 7.84860575 4.9174612 0.009999999999999787 4.74004355 5.32762995 4.6224993 2.6979650499999996 2.3365670499999998 
9.0 8.31869285 4.8103903 8.1262619 4.40165995 7.967543450000001 4.35670995 7.504288750000001 4.207431 7.183210900000001 4.1604133 7.5283370000000005 4.24559355 7.393487 4.2156119 6.26699505 4.7086235 7.7078673 4.5676603 7.0208515 4.14364695 6.9066785 4.1250376499999994 6.6193580999999995 3.4791511 6.69222205 4.0946964 6.86995435 4.12126185 6.49525115 4.07253605 6.40292385 4.0641304 
9.0 7.9345052 4.1553789 9.0 3.1731314999999998 9.0 0.6509420499999998 8.100999999999999 4.77968945 6.5527422 2.5821289 9.0 3.93948405 9.0 0.75082095 6.71919205 4.5882474 8.2008789 4.2386263 8.91976425 3.6087869 9.0 5.49556315 7.6348685 3.3146790499999996 8.647052599999999 3.40152245 8.051060549999999 4.59656315 8.4377654 3.28663025 9.0 1.9411868499999998 
9.0 9.0 0.009999999999999787 9.0 9.0 9.0 9.0 9.0 2.2575 9.0 9.0 9.0 9.0 9.0 9.0 4.505 4.505 9.0 9.0 9.0 9.0 9.0 0.009999999999999787 9.0 9.0 9.0 7.314375 9.0 1.13375 1.13375 9.0 9.0 9.0 
