9.0 8.9182809 4.505 8.48878365 4.64573845 8.38189255 4.7105114 8.100999999999999 4.505 7.61064045 4.70929775 8.07146785 4.8841982 7.9714541 4.93557605 7.324578649999999 5.64920225 7.5697809 5.07707865 7.6817963 5.0717296 7.5887498 5.11151035 7.85579775 5.526578649999999 7.40791595 5.1832056 7.52892135 4.62757865 7.23413925 5.24510175 7.149858 5.2726111499999995 
9.0 8.46864605 6.45992045 7.18280635 7.99559225 5.3892564 8.75443815 3.42157015 8.6648528 1.6944562999999997 7.70800215 0.6193871499999997 6.0176574 0.3523391999999994 4.2650569 1.0278477999999995 2.49542035 2.3945975 1.2108392499999998 4.04484685 0.8093458500000001 5.6909608 1.0182285000000002 7.0214808 1.9918454999999997 7.74800765 3.40673665 7.762886099999999 4.93647505 7.118258150000001 6.25422925 6.06696755 7.0966372 
9.0 9.0 6.54820225 9.0 6.95679775 8.1827191 7.3654382 9.0 4.09635955 9.0 4.505 8.1827191 2.4617977499999997 7.3654382 5.73092135 9.0 1.6445617999999995 9.0 3.2790786499999998 8.59135955 2.4617977499999997 9.0 4.8533625 9.0 4.09635955 9.0 4.90357165 9.0 6.1395618 9.0 7.3654382 7.77407865 5.73092135 
0.01 4.505 4.505 4.505 4.505 4.505 4.505 4.505 4.505 4.505 4.505 9.0 9.0 9.0 9.0 9.0 0.009999999999999787 4.505 4.505 9.0 9.0 9.0 0.009999999999999787 9.0 9.0 9.0 4.505 9.0 9.0 9.0 0.009999999999999787 4.505 4.505 
9.0 8.891580600000001 4.0284401 8.757314950000001 3.5700399999999997 8.6766297 3.2306675 8.3705202 3.2759771 8.0904817 2.35059145 8.02121375 2.2231582 7.859528600000001 1.7434517999999999 7.10962775 1.4445343 6.2064474 1.1948370499999998 6.1377638 1.0635381000000002 5.938815099999999 0.92010265 5.5295004 0.8355516999999999 5.11897205 0.7961754999999999 4.7120397 0.8013447500000002 4.3134231 0.8497558999999999 3.8832516 0.8651737499999999 
9.0 8.2023173 4.1646386 8.1217669 4.51538345 8.4387543 4.4504307 8.40760395 4.1672457 7.7787983999999994 3.9775567 8.3088488 4.7310535499999995 8.24128895 4.17241495 7.8671701 4.80638975 8.0256638 4.7907921 8.40499685 4.3984685 8.0490378 4.2347605999999995 7.85157245 4.3984685 7.95342915 4.38224155 7.8333677 4.162031499999999 7.6541071 4.3153109999999995 8.03083305 4.5595693 
9.0 8.88820935 4.5369145 8.93612605 4.5928322999999995 9.0 4.5928322999999995 8.9680855 4.57687505 8.80837815 4.60878955 8.8722521 4.6646624 9.0 4.6726635 8.90421155 4.60078845 8.93612605 4.7604958 8.8722521 4.7205802 8.7525053 4.7524947 8.92812495 4.6646624 8.889423 4.7961411499999995 8.76846255 4.87228645 8.9600844 4.78445415 8.9520833 4.95211765 
9.0 4.4212131999999995 4.12476795 4.505 4.505 4.505 4.505 5.0205765 3.2998905 2.45244815 2.7891686 4.505 4.505 2.9921628 6.2401599 2.8358716499999996 5.1800591 7.3695736 5.49906925 4.505 4.505 4.505 4.505 3.8396051499999997 4.4453963 5.43299275 4.4018847 4.505 4.505 5.25094525 5.5876657 4.1360504 6.2160217499999995 
9.0 4.6781474 4.6204316 4.5242386 4.505 4.59476515 4.41523485 4.601193 4.28056465 4.2869925 4.4472841999999995 4.56914365 4.4024241 4.505 4.35751905 4.2933753999999995 4.37675765 4.4280456 4.6652917 4.601193 4.5242386 4.7358632 4.4024241 4.7358632 4.5883373 4.6845303 4.57552655 4.59476515 4.53704935 4.3895684 4.4216627 4.44085635 4.59476515 
9.0 8.2586846 4.8779951 7.81956805 3.8439653 8.29648755 4.25476335 8.570322950000001 4.2972411 8.52312545 5.0951935 8.15480515 4.80719885 8.06984965 4.10364145 9.0 4.41056005 8.84892305 4.8024791 8.442844749999999 4.55691725 7.98956895 4.8024791 8.7922411 4.3161201 8.25738105 4.51052885 9.0 5.08103425 8.400367 4.0234057 8.575042700000001 4.3114003499999995 
9.0 8.53085685 6.20936915 7.530629449999999 7.6262381 6.1194242 8.4918852 4.31652465 8.70085775 2.75756875 8.2994093 1.4810336999999998 7.2954061 0.7885339999999998 5.8695021999999994 0.6325574999999994 4.26384325 1.1982982 2.9643387499999996 2.1775789 1.6981871499999994 3.4519114 1.1852177499999996 4.8156494499999996 1.1851727999999997 6.01221845 1.7047948000000002 6.8610093 2.6132343 7.25670415 3.7254321499999996 7.20528135 4.894267 
9.0 7.8724742 4.61957755 8.9547803 4.9451504 7.91468225 5.08382115 7.84536935 4.0919994 8.813097899999999 4.6165658999999994 8.906548950000001 4.48391845 8.8251445 4.96326525 8.6171159 4.6738322 7.6976187 4.62560085 8.15588395 4.1432424 9.0 4.505 7.7307917999999995 4.45074535 8.203081449999999 4.6197124 7.76095325 4.45676865 8.56888455 5.0024166999999995 7.77902315 4.6286125 
9.0 0.009999999999999787 0.009999999999999787 4.505 4.505 6.7890893000000005 0.9763350999999996 7.2283407 5.98381005 0.009999999999999787 2.6455083999999998 4.505 4.505 4.505 4.505 9.0 3.3043854999999995 6.1448659 1.6498659 8.8682066 0.009999999999999787 0.009999999999999787 0.009999999999999787 9.0 1.8255754499999997 0.009999999999999787 0.009999999999999787 0.009999999999999787 0.009999999999999787 9.0 0.009999999999999787 4.505 4.505 
9.0 7.154353 1.7663313499999997 8.3450785 6.9906451 8.1516137 4.83246075 7.05020385 5.23431375 5.97850595 5.5915314 6.767378450000001 5.0557274 7.37761965 5.3980666 7.7348373 6.425039249999999 6.94600975 5.13011965 7.4371784000000005 5.75528425 7.6008863 4.83246075 6.836646399999999 5.70305235 6.70813435 5.74953065 6.5824092 5.7894013 6.4596058 5.8231138 6.33990395 5.8508929 
9.0 8.6033612 4.1083612 8.86780205 5.29823265 8.20676735 4.9016388 8.6033612 4.37280205 8.86780205 3.7117673499999997 8.86780205 5.1660347 8.7356041 4.63719795 9.0 4.505 9.0 4.505 7.9423714499999996 5.03383675 8.47116325 4.63719795 8.3389653 4.63719795 8.67020185 4.6218699999999995 8.7356041 3.97616325 8.86780205 4.7693959 8.6033612 4.7693959 
0.01 4.505 4.505 4.505 4.505 4.505 4.505 4.505 4.505 4.505 4.505 4.505 4.505 4.505 4.505 4.505 4.505 4.505 4.505 4.505 4.505 4.505 4.505 4.505 4.505 9.0 4.505 4.505 4.505 4.505 4.505 4.505 4.505 
9.0 8.61131735 8.1722907 1.22486365 9.0 2.7310033 7.01028825 4.74795475 5.8413635 3.66897495 4.04466705 4.3630479 4.1017985 4.56797495 4.35203515 4.5548046 4.48086185 4.5203729 4.50936015 4.5071576 4.50837125 4.50486515 4.50585405 4.50486515 4.5050899 4.5049550499999995 4.505 4.505 4.505 4.505 4.505 4.505 4.505 
9.0 0.009999999999999787 5.76831975 5.5038789 5.18073335 1.1025996499999997 1.3142691999999996 3.1241809499999995 7.7073279 0.009999999999999787 9.0 0.8326299499999998 6.03271565 0.9501292499999994 4.3875006999999995 0.09814695000000029 0.7738353499999997 1.8021115499999998 2.0665524 4.29935375 0.7738353499999997 8.7356041 0.2743959 0.009999999999999787 2.5659918499999996 7.84860575 4.9174612 0.009999999999999787 4.74004355 5.32762995 4.6224993 2.6979650499999996 2.3365670499999998 
9.0 8.4699496 3.84697695 8.7036896 4.00798785 8.644895 3.7655724999999998 8.47439965 3.7392317999999998 8.4813669 3.07518545 8.33784155 3.09073815 8.1961142 2.8902162 8.13161095 2.9932415999999997 7.887172850000001 2.3913610999999997 7.67644725 2.3854726499999996 7.4784425 2.25367925 7.26030015 2.3435343 7.0583398 2.0494264499999995 6.76054605 1.8145627000000002 6.62102125 1.9259038499999996 6.40139555 1.8940342999999995 
0.01 0.009999999999999787 0.009999999999999787 9.0 9.0 9.0 0.009999999999999787 0.009999999999999787 9.0 9.0 0.009999999999999787 0.009999999999999787 0.009999999999999787 4.505 4.505 9.0 9.0 0.009999999999999787 0.009999999999999787 9.0 0.009999999999999787 9.0 0.009999999999999787 9.0 9.0 9.0 0.009999999999999787 9.0 0.009999999999999787 0.009999999999999787 9.0 9.0 0.009999999999999787 
9.0 9.0 4.40345795 9.0 4.3029947 9.0 4.204644099999999 9.0 4.10948495 9.0 7.02997635 9.0 3.9324269 9.0 3.8522361 9.0 5.96169465 9.0 3.71212695 8.976805800000001 3.65324245 8.802264950000001 3.60235905 9.0 0.35683419999999977 8.428236 3.5254046499999996 8.232254000000001 3.4994685 8.032631049999999 3.48171325 7.8309404 3.47200405 
0.01 9.0 9.0 4.505 4.505 4.505 4.505 0.009999999999999787 0.009999999999999787 4.505 4.505 4.505 4.505 0.009999999999999787 0.009999999999999787 0.009999999999999787 0.009999999999999787 0.009999999999999787 9.0 0.009999999999999787 9.0 4.505 4.505 4.505 4.505 9.0 0.009999999999999787 0.009999999999999787 9.0 0.009999999999999787 9.0 0.009999999999999787 9.0 
9.0 8.27131555 6.4335348 7.7464793499999995 7.12940575 6.555843749999999 8.01626925 5.2453265 8.223803400000001 3.9201105999999997 8.41326765 2.42934385 8.03344015 1.8333967499999995 6.8455465 0.9777735000000001 5.69747855 0.7285706999999997 4.6815636 1.7162570499999998 3.0957725499999995 2.3738306 2.3067202499999997 2.8284548999999997 1.4575698 4.2778227 1.6870395500000002 5.1653155 2.44130055 6.172330349999999 2.74444335 6.67693905 3.41213065 
9.0 9.0 9.0 6.154665 4.7818021 5.08903535 8.67244935 3.2650093 8.7121402 3.08786135 6.19894075 0.5857195999999996 6.1657227 0.3310778499999998 4.10642835 2.7557257999999996 2.9660918 2.4124876 0.7960856000000001 4.26141595 0.29785979999999945 5.6564391999999994 3.58608715 7.8219504 2.4395474999999998 8.34692145 4.19794655 9.0 9.0 6.2432165 4.5160577 5.3032221 8.0915605 
9.0 9.0 7.3614826 9.0 9.0 7.97167885 9.0 3.00668165 9.0 0.009999999999999787 9.0 4.505 9.0 0.009999999999999787 9.0 0.009999999999999787 4.505 0.009999999999999787 1.5083183499999997 0.009999999999999787 0.3455067999999999 0.009999999999999787 3.00668165 3.00668165 0.009999999999999787 5.36961325 0.009999999999999787 9.0 0.009999999999999787 4.505 0.009999999999999787 9.0 1.5083183499999997 
9.0 6.0938026999999995 3.8861284 7.62394565 4.3960861499999995 7.57036525 4.3443487 7.009479150000001 4.22995095 7.2845282000000005 4.03450835 7.29635005 4.21161135 7.17327695 4.17735945 6.40508145 3.31791545 7.12167435 4.7293904 6.7406331999999995 4.11074355 6.58353295 4.10094445 6.5281096000000005 4.4796482 6.2646127 4.0987419 6.1046806 4.0417453 5.9538284 4.116766849999999 5.80598785 4.131915 
9.0 7.8629448 3.90981705 6.92128725 5.2689702 7.77407865 4.9313956999999995 7.63194675 4.00753835 7.507570100000001 3.4478659 8.45812775 3.6433085 7.81848925 4.6915425 7.33878285 4.4872447499999994 7.3654382 3.9719829 8.06724255 3.3679448 7.48981485 3.2169128000000002 7.5253703000000005 4.034193699999999 7.28502265 3.96375705 7.20555105 3.56334245 6.19282755 4.81591915 7.24996165 4.4428341499999995 
9.0 6.4247246 2.2575 4.505 4.505 4.505 4.505 6.5932870999999995 6.799337899999999 7.1551621 4.59863085 4.505 4.505 4.505 4.505 5.2447871 2.4635058499999998 7.16455665 3.6809316499999998 4.505 4.505 4.505 4.505 8.9438125 2.6695566499999996 0.009999999999999787 0.009999999999999787 3.2501308499999997 1.10565625 4.505 4.505 4.505 4.505 
9.0 8.577829600000001 4.43051785 8.9155839 4.4155944499999995 8.80631045 4.3411123 8.3592827 4.5099445 8.5380938 4.35599075 8.50829195 4.4404518 8.577829600000001 4.3013765 8.61257595 4.4652642 8.13574635 3.9238863999999998 8.49336855 4.55961425 8.64736725 4.400716 8.597697499999999 4.41064995 8.512157649999999 4.156188 8.23508585 3.7301519 8.8211889 4.33612285 8.43376485 3.77487715 
9.0 8.30583715 4.119329 3.07806225 0.8841426499999998 4.10220305 1.9682467499999996 8.1301276 4.7106912 8.5286543 4.47070315 3.6736947 7.3802717 3.60514595 1.4454782499999999 8.35725995 3.9950872 8.010156049999999 3.79798145 4.19219295 6.7889095 2.9709464 8.1429833 8.0529934 4.3378759 7.6911459 3.3683044 8.0058858 3.87080045 3.5451376999999997 0.9912584999999998 3.6736947 1.8139783499999997 
0.01 9.0 9.0 9.0 0.009999999999999787 9.0 9.0 0.009999999999999787 9.0 4.505 4.505 9.0 9.0 4.505 4.505 4.505 4.505 0.009999999999999787 9.0 0.009999999999999787 9.0 9.0 9.0 9.0 0.009999999999999787 9.0 9.0 9.0 9.0 9.0 0.009999999999999787 0.009999999999999787 9.0 
9.0 8.76180995 4.5034716999999995 8.69465465 4.3599463499999995 8.78320615 4.35077655 8.8015008 4.6149477 8.7358738 4.5843817 8.66714525 4.7157256 8.7282323 4.43932805 8.767923150000001 4.5950798 8.7205908 4.56761535 8.6136997 4.85008115 8.5266765 4.7813526 8.7297606 4.64852535 8.66238055 4.6192629 8.645794 4.6057779 8.66103205 4.5248679 8.67173015 4.47906385 
9.0 7.8227595 8.25081835 1.0802595 3.4347404999999998 6.00331835 3.8628443 6.5384481 3.8628443 1.48053925 5.0807196 6.00331835 4.505 5.7892664499999995 4.18392215 2.7872807 6.80477685 5.5752595 4.61202595 6.5384481 4.7190519 5.25418165 3.3277595 1.9313877499999998 4.0449817 5.62376055 2.20899895 9.0 4.505 1.5083183499999997 4.2909481 5.6822405 4.61202595 
9.0 6.23651895 5.2046018 6.35896275 4.83731535 5.69433205 5.58941875 5.5544027 5.0996885 5.37950225 5.6418754 5.6069043 6.16657675 4.90725755 5.53691715 4.33009955 6.16657675 4.7323571 5.62438985 5.62438985 4.9422736 4.8548009 5.85174695 4.3928947 5.7852659 4.2342211999999995 5.6852072 3.8403693 5.1696307 4.08521195 5.9042036 3.6479833 5.7992903 
9.0 7.51957175 4.6186336 7.4998387 4.73114345 7.07600515 5.34830695 4.8994812 6.03694095 7.36476395 5.05028845 7.29635005 5.1471107499999995 8.03973315 4.9983712 7.12886635 5.32088745 5.15205525 6.3580188 6.9272656 5.4636037 6.816329 5.52199375 6.7002681 5.5713938 6.58020665 5.6115791 6.45731335 5.6425047 6.33280185 5.6643504 9.0 5.9899682 
9.0 9.0 4.13717415 9.0 3.9958963 8.9661077 3.1654001 9.0 3.01827875 8.8499569 2.96406905 8.3611706 2.3804382499999996 8.636084799999999 2.3397585 7.7901258 1.5731811999999996 7.56748845 1.6486972 8.2111275 0.9846957999999999 7.14936355 1.1434142499999997 7.518133349999999 0.1764947999999995 6.696627149999999 0.6541784499999999 6.21044795 0.73400965 5.58905915 0.5113722999999997 5.81848395 0.47653605 
9.0 7.29733895 1.6445617999999995 4.505 4.505 4.505 4.505 6.0544265 5.7990206 6.4289948500000005 6.2757603 4.1644588 6.8376353 6.1395618 5.91818305 2.0872293999999996 5.98632725 5.04983895 3.84095365 4.5901353 2.10426545 1.9169587999999997 5.30524485 5.81605665 3.2790786499999998 5.6628221 1.9169587999999997 6.4460309 5.5946779 5.3222809 4.40282865 5.27117275 2.63206835 
9.0 8.74526835 6.2389013 6.67442185 7.4058033000000005 5.4746614 7.989254300000001 1.99045205 7.42221005 1.19330875 6.3950576 1.0865075499999999 4.505 1.6863652999999998 3.10799895 2.77932455 1.7110428500000001 3.92977485 1.3905493499999997 6.74840955 1.6452809999999998 7.7180709499999995 2.812183 7.824872149999999 4.2584941999999995 7.2064051 5.8707608 6.55116895 7.2250144 4.6282529 6.95383105 3.5353385999999998 6.77304215 
9.0 5.46823355 4.0768962 6.00331835 4.82607785 5.3612076 5.3612076 5.5752595 4.9331038 6.3243962 4.61202595 5.8962924 4.2909481 5.8962924 4.2909481 5.7892664499999995 3.9698702499999996 6.00331835 4.7190519 5.8962924 4.505 5.46823355 3.9698702499999996 6.1103442999999995 4.2909481 5.49879955 4.4020645 5.3612076 4.505 5.2690151499999995 4.4135717 5.1654953 4.42062885 
9.0 9.0 4.94420645 9.0 5.05325515 9.0 5.5197012999999995 8.937159900000001 4.92020315 8.7721035 5.36853445 8.6849904 5.5967456 8.51638295 5.77901785 8.34952855 5.70610895 8.2653372 5.99414855 8.25351535 5.9298251 7.86856355 6.28488515 7.92987535 6.0628771 7.5819174 6.426432699999999 7.3262418 6.5740934499999995 7.05775545 6.61913335 6.9436274000000004 6.793089849999999 
9.0 6.6598131 3.94892355 6.4281407999999995 3.94892355 7.65612985 2.7440837499999997 7.7951602 4.8293592 5.68669055 3.53187745 6.72935075 5.22325605 6.543976949999999 3.9720728 6.4049466 4.7830607 6.7524999999999995 3.276966 6.96102305 5.33913715 6.4049466 4.87570265 7.67932405 5.3854806 6.9051502 3.9455073499999997 5.2001068 3.32330945 6.63666385 4.6903738 6.543976949999999 2.1880072999999998 
0.01 9.0 0.009999999999999787 4.505 4.505 4.505 4.505 9.0 9.0 9.0 0.009999999999999787 1.2742187499999997 9.0 4.505 4.505 0.009999999999999787 9.0 9.0 9.0 0.009999999999999787 9.0 9.0 7.0334375 0.009999999999999787 9.0 9.0 9.0 9.0 0.009999999999999787 9.0 9.0 9.0 9.0 
9.0 9.0 4.5244633499999996 9.0 4.45065545 9.0 4.371948 9.0 4.1897207 8.90286305 4.2237928 9.0 4.2108472 8.87688195 4.14913085 8.66561695 3.8907582499999998 8.7385708 3.86100135 8.98152555 3.8645524 8.76693425 3.8952532499999997 8.526631550000001 3.56774755 8.50856165 3.69999045 8.3546978 3.6710876 8.27077615 3.60146005 8.27482165 3.5715683 
9.0 0.009999999999999787 0.009999999999999787 2.2263047 9.0 9.0 0.009999999999999787 9.0 6.92416405 4.505 4.505 5.5819121 0.009999999999999787 9.0 9.0 4.505 4.505 9.0 9.0 9.0 9.0 4.505 4.505 1.2898163999999999 9.0 6.00331835 0.009999999999999787 9.0 0.009999999999999787 7.6421504 0.009999999999999787 6.64322655 9.0 
9.0 9.0 6.82059925 6.54820225 6.00331835 4.77744195 6.1395618 3.0619252 7.789136900000001 2.4617977499999997 6.68440075 1.9169587999999997 4.505 1.9169587999999997 3.96016105 3.00668165 2.32559925 4.09635955 0.6910823999999995 6.68440075 1.9169587999999997 7.0930412 2.5980412 9.0 2.7342397 7.78459695 5.05927845 8.863801500000001 7.0930412 5.5946779 6.1395618 4.91364045 6.00331835 
9.0 8.679506499999999 5.9957218 7.9287516 7.30758755 6.72125975 8.2927567 5.4755604 8.78392535 3.8776778 8.82770665 2.3832701 8.2623705 1.3249223499999996 7.4487755 0.5730436999999999 6.1569125 0.37796070000000004 4.7564952499999995 0.4674111999999999 3.3285236499999997 1.1800934500000002 2.07459845 2.22347285 1.14566175 3.50158115 0.6338160999999998 4.8560595 0.58720295 6.12414395 0.9963378499999997 7.1753446499999995 1.7958634999999998 
9.0 9.0 5.55660525 8.613609799999999 6.84298435 8.011999 7.7478728 6.647317 8.2907789 5.74737305 8.6282635 4.93054165 8.4717476 3.5169989999999998 8.613609799999999 2.9691484 7.89948915 2.196368 7.405488650000001 1.6045113499999997 6.5103993 1.1741150999999999 5.8158319 1.3208319 4.66641545 1.2806915499999998 3.96816215 1.5849581000000001 3.23817415 2.20126755 2.50450025 2.8224316 2.1083109499999995 
9.0 9.0 4.0768962 0.009999999999999787 0.009999999999999787 0.009999999999999787 0.009999999999999787 9.0 5.9319827 8.16163755 7.929740499999999 0.009999999999999787 0.009999999999999787 0.009999999999999787 9.0 6.6340118 9.0 9.0 9.0 7.599313049999999 0.009999999999999787 0.009999999999999787 0.009999999999999787 8.23301815 6.1460346 9.0 9.0 9.0 6.7881903 0.009999999999999787 3.042327 0.009999999999999787 7.77875345 
9.0 7.3872839 4.56806485 6.0398627 4.39536695 6.87615745 4.6607967 5.3820644 5.05316525 6.45191935 4.71873725 5.49169745 4.7242660999999995 5.8205966 4.505 6.14949575 4.505 5.93022965 4.83389915 5.71096355 5.05316525 5.5702251 4.76629435 5.49169745 4.9435322 5.3727148 4.75856295 5.2875795 4.7524048 5.3820644 4.505 5.27243135 4.83389915 
9.0 8.62543165 5.81605665 8.25081835 3.7558183499999998 7.688943350000001 5.62875 8.438125 4.13043165 8.62543165 4.69230665 8.25081835 5.066875 7.688943350000001 4.505 8.438125 4.69230665 9.0 4.8795683499999996 7.50168165 4.13043165 7.87625 5.25418165 8.25081835 3.9431249999999998 8.2716302 4.7523598499999995 9.0 5.44144335 7.688943350000001 4.505 7.688943350000001 4.69230665 
9.0 9.0 6.7524999999999995 9.0 5.62875 5.62875 9.0 5.26245245 8.603541 3.9055467999999998 8.1214073 2.97189035 7.237645349999999 2.535291 6.2066272 2.5423481499999996 5.256069549999999 2.8564138 4.5354760999999995 3.31485885 4.09932625 3.7777988999999996 3.9222682 4.1551991 3.9321572 4.41109945 4.0446221 4.55143335 4.1887318 4.6049688 4.3188170999999995 4.60609255 4.41433585 
9.0 7.6265078 6.25306055 4.505 4.505 3.02448185 7.64435295 4.505 4.505 4.505 4.505 4.505 4.505 5.43254325 3.4169403 5.4503884 5.3790078 6.59198355 8.01896625 4.505 4.505 4.505 4.505 7.80491435 5.73577595 7.929740499999999 7.358965400000001 4.505 4.505 4.505 4.505 4.505 4.505 
9.0 9.0 0.009999999999999787 4.505 4.505 8.00844795 0.0430382499999995 8.140645899999999 6.98385765 2.6210556 0.24135764999999942 4.505 4.505 4.505 4.505 7.74405205 1.0345903 7.81012855 1.7947846999999997 4.505 4.505 5.3312709 0.009999999999999787 0.009999999999999787 0.009999999999999787 0.009999999999999787 0.009999999999999787 9.0 0.009999999999999787 9.0 0.009999999999999787 4.505 4.505 
9.0 6.60798575 5.0132946 7.1561509999999995 4.53489175 6.9966684 4.8139863 6.6578353 3.87709345 6.88703535 4.5647835 7.3754171 3.7774392999999997 7.55481255 4.3554962999999995 6.95679775 3.8970512499999996 6.88703535 4.2957127999999996 6.6578353 3.6279356 6.7873812000000004 3.8970512499999996 6.36876185 3.59804385 6.9291535 3.99009775 7.1960216500000005 4.3754541 6.91697205 3.9767476 7.03653905 4.30564675 
9.0 8.823391449999999 4.8236056 9.0 4.6981052 9.0 4.92361935 8.55809655 4.2737772 8.51737185 4.620971 8.2470875 4.2289171 8.4396533 4.94690345 7.9456527999999995 4.517586 7.8855097 4.26698975 7.469946950000001 4.14967025 7.3889021 4.23849145 7.00768115 4.15866025 7.11439245 4.40588525 6.7373968 4.4487675499999995 6.8113845 4.50432575 6.84685005 4.4968191 
9.0 7.568252599999999 4.9711315 7.96781315 4.66039215 7.43506575 4.8712526 7.2464106 4.4827946999999995 8.0565894 5.0377474 7.19089735 4.7269631 7.31298155 4.9378684999999995 8.0233264 3.71698155 7.82352365 4.0166632 6.6914579 4.5494106 7.2464106 4.8712526 7.50168165 3.927842 7.37159635 4.39482755 7.94560785 4.6048789 7.25751325 4.183158 6.8135421 4.29413955 
9.0 9.0 6.9728449 7.325387749999999 9.0 4.5931469499999995 9.0 2.301551 8.647457150000001 0.80323265 7.149138799999999 0.009999999999999787 5.03383675 0.1862938999999999 3.00668165 1.5964652999999998 1.4202163499999996 3.44737145 0.6269387499999999 6.091465299999999 0.009999999999999787 7.8542245 1.24392245 8.647457150000001 3.53547345 8.6796863 5.4883261999999995 7.76607755 7.06099185 5.5626285499999994 8.559310199999999 3.97616325 8.559310199999999 
9.0 8.80487205 4.87102785 8.88704065 4.25026835 8.87256675 4.1236442 8.82456015 4.21008305 8.762529149999999 4.56249105 8.7948482 3.75006475 8.7578094 3.6286098499999997 8.983368500000001 3.0545533999999996 8.56591785 2.8912050999999996 8.614688600000001 3.2771457999999996 8.556792999999999 3.16517535 8.99546005 2.67342235 8.426617799999999 2.9503592999999997 8.64305205 3.12867595 8.27859745 2.74920805 8.1983617 2.65427365 
9.0 8.83615725 4.1814499 9.0 3.86073165 9.0 3.54698065 9.0 2.8789787 8.6660215 2.5465734499999995 8.7532245 2.6769733999999996 8.5681204 2.42017405 8.92380975 2.92019785 8.30493815 1.5374009999999996 7.8918026999999995 1.7815244499999996 7.63518315 1.6180862499999997 8.3305147 1.563472 7.0930861499999995 1.3714456 5.64830325 1.6318409499999995 6.5328743 1.2335839499999994 6.25333025 1.204771 
9.0 5.8999783 4.03999225 5.5900031 4.03999225 5.4350154999999996 4.19497985 4.83785475 4.26087655 4.66902255 4.33917945 4.58172965 4.39788415 4.53830795 4.4383840999999995 4.51763095 4.46485965 4.5085061 4.48149115 4.50486515 4.49155995 4.5037414 4.4975382999999995 4.50360655 4.5009545 4.50387625 4.5028424 4.5041909 4.5039212 4.5044606 4.5044606 4.5046403999999995 4.5047303 
9.0 8.47143295 5.8819983 7.7967784 7.1038292 6.03819955 7.13578865 4.76197915 9.0 4.0897518999999996 8.6457041 1.6999851499999998 7.741220200000001 1.3689733499999996 5.9684821 0.8450810999999994 6.35671525 0.009999999999999787 4.47016375 0.9551636499999998 2.6582292499999998 1.04830005 2.4607639 1.9319720999999999 1.4661552499999995 3.0841304999999997 0.8246737999999998 4.37109395 0.6014970499999999 5.6463704 0.8133913499999998 4.5137203 0.8332142999999999 
0.01 4.505 4.505 0.009999999999999787 9.0 9.0 9.0 0.009999999999999787 0.009999999999999787 4.505 4.505 0.009999999999999787 0.009999999999999787 0.009999999999999787 3.1003125 0.009999999999999787 0.009999999999999787 9.0 0.009999999999999787 9.0 0.009999999999999787 4.505 4.505 9.0 0.009999999999999787 0.009999999999999787 0.009999999999999787 4.505 4.505 9.0 0.009999999999999787 4.505 4.505 
9.0 8.7326374 4.43618155 8.7379415 4.54999495 8.7749803 4.4388336 8.8147161 4.4573529999999995 8.759112949999999 4.3382355 8.87292635 4.42557335 8.86762225 4.33027935 8.79615175 4.3223232 8.7855885 4.29324055 8.74059355 4.40705395 8.67703425 4.30645585 8.64260255 4.3038038 8.67164025 4.24307635 8.565872899999999 4.16881895 8.63999545 4.1793822 8.64260255 4.1714709999999995 
0.01 0.009999999999999787 0.009999999999999787 4.505 4.505 0.009999999999999787 9.0 9.0 2.819375 4.505 4.505 4.505 4.505 4.505 4.505 9.0 0.009999999999999787 0.009999999999999787 0.009999999999999787 9.0 0.009999999999999787 4.505 4.505 9.0 0.009999999999999787 0.009999999999999787 9.0 0.009999999999999787 0.009999999999999787 4.505 4.505 0.009999999999999787 9.0 
9.0 8.5239795 5.10845375 8.415694949999999 5.92285785 8.051375199999999 6.4552906 7.354290600000001 7.20087625 6.93243485 7.697169199999999 6.28947005 7.92843695 5.5957567 8.07955885 4.9155733 8.0829301 4.09330295 7.93293195 3.5969650499999997 7.5133237 3.14467815 7.3193195 2.6821876 6.77448055 2.42763575 6.33684735 2.2433856999999997 5.7299774 2.1306061499999998 5.3667814 2.3110804 4.7734414 
9.0 6.1625762 0.009999999999999787 0.009999999999999787 0.009999999999999787 4.16063805 9.0 9.0 8.77709295 7.858135150000001 2.7649855 0.009999999999999787 0.9398806499999997 4.07001885 9.0 6.6933457999999995 6.5952649 5.93238725 3.27062805 3.8602821499999997 3.5975494 3.9666788 4.81493025 4.64079395 4.80342305 4.65976285 4.4516893 4.48688515 4.4298436 4.47079305 4.5098546 4.50567425 4.51960875 
9.0 6.2757603 3.4153221 7.321342250000001 4.5620864999999995 6.54820225 4.91364045 7.3654382 4.91364045 5.4584794 3.5515206 7.0930412 5.1860824 6.2757603 4.505 7.0292122 4.71001695 6.82059925 4.6411985 8.046520600000001 5.3222809 5.86711985 3.8239175999999997 6.6862437 4.77150855 6.5889719 4.7810828999999995 6.00331835 4.3688015 6.3864272 4.7931295 6.2757603 5.5946779 
9.0 8.42063945 4.6994537 8.0985727 5.32745015 8.955454549999999 5.8216754 8.52600225 4.13025185 8.487480099999999 4.4138414 8.5705477 3.3037562 8.5239795 5.4023818 8.4895478 4.2963420999999995 8.3011174 4.46045455 8.9047959 2.9756212 8.0539823 3.37671005 8.40041195 4.09177465 8.36921665 4.3742854 8.045891300000001 4.32066005 7.91827825 5.4854494 8.4712981 4.91822535 
9.0 9.0 9.0 9.0 6.8086875 7.314375 0.009999999999999787 9.0 9.0 4.617375 4.64546875 9.0 9.0 4.505 4.505 9.0 0.009999999999999787 9.0 9.0 9.0 9.0 5.9096875 9.0 9.0 9.0 9.0 9.0 9.0 9.0 0.26284375000000004 9.0 4.505 4.505 
9.0 8.75965235 5.79564935 7.7663022999999995 7.5277975999999995 6.6430018 8.211352250000001 4.56195165 8.51044955 3.38704855 8.30215125 2.3634022 7.02575105 1.09414905 6.38134785 1.51784775 4.8289995999999995 1.5641013 3.62735125 2.14624875 2.5271999999999997 3.1182475499999995 2.02874945 4.31985095 1.5925995999999998 5.22802075 1.9689209999999995 6.1570024 2.6215500499999997 6.575352049999999 3.49205175 6.7694012 4.236199 
9.0 8.65285115 4.8557898 8.67092105 5.23548245 8.5371049 5.6115791 8.28578945 6.08710515 8.04710495 6.4017102 7.6836842 6.61688585 7.6872802 7.0435962 7.22263205 7.39079 6.808552649999999 7.4233338 6.29863985 7.51552625 6.0437284 7.57701785 5.57000035 7.927762700000001 5.34848675 7.82613075 4.9407453 7.698158100000001 4.62793825 7.969386399999999 4.32416615 7.629429549999999 
9.0 6.5027577999999995 6.5027577999999995 6.91859025 8.58479685 3.5061210999999997 9.0 3.00668165 8.50056055 0.009999999999999787 6.00331835 0.009999999999999787 4.00556055 0.009999999999999787 3.5061210999999997 1.5083183499999997 1.0088788999999996 7.0022422 0.009999999999999787 3.5061210999999997 1.0088788999999996 8.0011211 3.5061210999999997 6.00331835 4.505 8.645794 6.52860405 7.0875573 8.29666735 5.5038789 9.0 2.0077577999999994 9.0 
0.01 0.009999999999999787 9.0 9.0 0.009999999999999787 0.009999999999999787 9.0 4.505 4.505 9.0 9.0 0.009999999999999787 3.6621875 9.0 9.0 0.009999999999999787 0.009999999999999787 9.0 0.009999999999999787 0.009999999999999787 0.009999999999999787 9.0 9.0 9.0 0.009999999999999787 9.0 9.0 9.0 9.0 4.505 4.505 0.009999999999999787 0.009999999999999787 
9.0 8.780329349999999 4.52383405 8.783475849999999 4.38260115 8.7050381 4.418696 8.7568205 4.5771897 8.8431245 4.65248095 8.737986450000001 4.8344835 8.75839375 4.4453963 8.87292635 4.511293 8.7677883 4.7764081 8.6705165 4.8831194 8.6909238 4.95841065 8.753674 4.56617695 8.708813899999999 4.72637875 8.69249705 4.8721516 8.733266700000001 4.50342675 8.617160850000001 4.7168044 
9.0 7.09623265 4.43447345 6.3206204 4.505 6.23247345 5.08669795 6.303 4.2406041 7.04337145 5.1396041 6.602681649999999 4.87516325 6.867077549999999 4.2582245 7.1138530499999995 4.57552655 6.7613102 4.505 6.5673959 4.80468165 7.1138530499999995 4.87516325 6.7436898 4.5226204 6.689614949999999 4.95625305 6.58506125 4.87516325 6.5321551 5.5626285499999994 6.44400815 5.28061225 
9.0 7.8668105 4.542758 8.2498744 4.5795720499999995 8.2195781 4.61598155 8.39564725 4.58056095 7.2246548 4.7693959 8.06023035 4.71765845 7.985972950000001 4.74804465 7.4135347 5.3737936 8.2823283 4.6938799 7.70926075 4.8251339 7.60183025 4.84558615 7.489095649999999 4.88271485 7.3695736 4.8779052 7.26245775 4.58056095 7.12050565 4.89862715 6.9920835 4.90465045 
9.0 9.0 5.01675575 7.65235405 3.9591271999999997 8.1726503 4.9399811499999995 7.70350715 4.55619805 7.02970665 4.155289 7.6096965 5.0679538 7.1405983 4.68412575 6.89323845 4.3514508 7.6267775 5.2641156 7.771786199999999 4.82913445 5.9464566 4.7693959 6.90177895 6.185275949999999 6.7115955 5.31189745 5.187341 5.9635376 6.48913795 5.35442015 7.02970665 5.187341 
9.0 8.2189488 4.8716121999999995 8.0595561 4.1383878 8.5696487 4.42530365 8.6812146 4.5528268 8.107382900000001 4.90348175 8.76091095 4.47313045 8.7449537 4.505 8.6971269 5.41357435 8.77682325 4.47313045 8.61743055 4.53686955 8.1232952 4.8237854 8.60151825 5.2222671499999995 8.52923865 4.87201675 7.995817 4.8078731 8.665257350000001 5.31792075 8.665257350000001 4.505 
9.0 8.46522985 4.4664778499999995 8.5423191 4.39419825 8.73501975 4.4231011 8.51341625 3.93166275 8.2002496 4.0136066 8.49894235 4.55799605 8.585650900000001 3.88833095 8.4218531 4.230400449999999 8.585650900000001 4.3990079 8.4604202 3.84976385 8.22915245 3.9461366499999997 8.55674805 3.62816035 8.47161275 3.8351101499999998 8.2966224 3.9268530999999998 8.4796588 3.6715371 8.629027650000001 3.74862635 
9.0 7.6906064999999995 3.3910041499999997 7.3974426 4.7004426 6.53750415 6.2248319500000004 7.43650415 5.3258319499999995 6.7524999999999995 5.71671715 7.1042787 3.46921715 6.77205325 6.2052787 6.2443852 2.5897254499999995 6.1271106500000005 3.3323893499999997 5.71671715 5.03266805 6.8984077 4.3321672499999995 5.9121147999999994 3.9577787 6.7493535 4.3133332 6.6782426 4.3050624 7.3974426 3.3714958499999996 6.77205325 5.16949585 
9.0 7.94938365 5.4537147 7.37887825 6.2181344 6.68098455 6.864875 5.17925 5.50617135 5.12319735 7.18244675 4.15767135 6.50729775 4.505 6.6911882 3.26927955 6.3935293 1.9816867999999999 6.1599691 2.8602345499999995 5.3529368 2.68304165 4.8460806 2.77518915 4.35985645 2.9793070999999998 3.9437543 3.267077 3.6188556999999997 3.6077081 3.3970724 3.9703646999999997 3.2815509 
0.01 4.505 4.505 9.0 9.0 4.505 4.505 9.0 9.0 4.505 4.505 9.0 0.009999999999999787 4.505 4.505 4.505 4.505 4.505 4.505 4.505 4.505 4.505 4.505 4.505 4.505 9.0 0.009999999999999787 4.505 4.505 0.009999999999999787 9.0 4.505 4.505 
9.0 8.7571801 4.38430925 0.009999999999999787 5.67958845 2.86913465 6.10697305 7.6181471 1.6539563499999996 9.0 4.35428265 3.200551 4.4802775 2.0394026 5.199567399999999 8.636848950000001 2.4251635 9.0 2.2384411999999996 3.1684117499999997 3.0911427 1.1848131999999998 6.18437695 8.2750464 2.4043067 6.8517496 1.8920564999999998 9.0 1.74538465 4.0719517 5.42544115 4.23004085 6.38898935 
0.01 9.0 0.009999999999999787 0.009999999999999787 9.0 0.009999999999999787 9.0 9.0 9.0 9.0 9.0 0.009999999999999787 0.009999999999999787 0.009999999999999787 0.009999999999999787 9.0 9.0 9.0 0.009999999999999787 0.009999999999999787 0.009999999999999787 0.009999999999999787 0.009999999999999787 9.0 4.505 9.0 0.009999999999999787 9.0 0.009999999999999787 0.009999999999999787 9.0 0.009999999999999787 9.0 
9.0 8.60628295 4.70039765 8.73888545 4.607486 8.76198975 4.7452577499999995 8.7115109 4.56437895 8.636399449999999 4.7903426 8.6748317 5.04741165 8.6425576 4.78418445 8.50101005 5.0768539 8.269292799999999 5.15403305 8.14518585 5.0376125499999995 7.96799295 5.1442789 7.91018725 5.01289005 7.8110725 5.1020259 7.489095649999999 5.192735 7.69307875 4.9883923 7.4383471 5.01954265 
9.0 8.335144549999999 6.2693774 6.25297065 7.9406184 4.9031671 8.95068985 2.5890062499999997 8.494042799999999 1.07850645 6.751601 0.3205146000000001 4.9890216 0.6437949999999999 3.1095721999999997 1.5369514999999998 2.0209731 3.6392629999999997 0.6364681499999998 5.7835578000000005 0.8867048 7.41097255 2.9214114999999996 8.0027393 3.4565862 7.7278251 5.46436785 6.2054585 7.126034499999999 5.38903165 7.48585925 4.00088575 7.42373835 
9.0 7.46473275 6.46558415 6.51341095 7.8674398 4.7440890499999995 8.3305147 3.06538635 8.19714805 1.43702765 6.8607396000000005 0.7197155499999996 4.82463945 0.7826455499999998 3.21390115 2.3909116 1.2809612499999994 4.29108295 0.6392100999999997 5.5519754 1.0745958 7.05200185 2.1618464 7.844785 3.66690725 7.8653721 5.5708993499999995 6.53606575 7.160241449999999 5.42867755 7.9555418 3.67194165 7.8473022 
9.0 7.9345052 4.1553789 9.0 3.1731314999999998 9.0 0.6509420499999998 8.100999999999999 4.77968945 6.5527422 2.5821289 9.0 3.93948405 9.0 0.75082095 6.71919205 4.5882474 8.2008789 4.2386263 8.91976425 3.6087869 9.0 5.49556315 7.6348685 3.3146790499999996 8.647052599999999 3.40152245 8.051060549999999 4.59656315 8.4377654 3.28663025 9.0 1.9411868499999998 
9.0 7.7600093 4.4562742 8.0876948 4.5537258 8.100999999999999 4.5138551499999995 8.05672425 4.5537258 8.0301588 4.46072425 8.2515825 4.6511324499999995 8.33127885 4.58029125 8.10545005 4.4695794 8.06112935 4.3721277999999995 7.91944695 4.6555824999999995 7.8662711000000005 4.752989149999999 7.768864450000001 4.4385639 8.01294295 4.5325093999999995 7.83530055 4.27912625 8.2338722 4.6378722 8.05672425 4.5404206 
9.0 8.25504365 6.26348895 6.9340980000000005 8.03712605 5.0590537 8.5236199 3.0117160499999995 8.2618311 1.3546342999999998 7.182401799999999 0.6113410999999997 5.48980955 0.7093321000000001 3.4188282 1.8208556999999996 1.7228646999999997 3.6350377 0.5589743499999997 5.06413305 0.5015732000000002 6.802349550000001 1.2481927000000002 8.06247785 3.2583567 8.2362096 4.8968741 7.498310399999999 6.71110105 6.1925129 7.65199445 4.32596415 8.0760078 
9.0 8.733896 5.04138835 8.3589231 4.5516581 8.3313238 4.5744926999999995 7.9646217 4.4925039 8.301432049999999 4.9956742 8.24884055 4.6410636499999995 8.221466 4.6625947 7.8689681 4.59233785 8.10185405 4.61310475 8.1397469 4.72529995 8.11264205 4.7455723999999995 7.9812532 4.604789 8.0586571 4.78526325 8.36795805 4.92083245 8.00494185 4.8236954999999995 7.97824155 4.8424846 
9.0 8.5673113 4.4329002 9.0 4.86554395 9.0 4.5770998 8.6875076 4.52904825 8.71155585 4.4329002 9.0 4.505 9.0 4.79344415 9.0 4.72134435 8.6154078 4.6972961 8.85575545 4.60114805 8.9519035 4.4329002 8.83175215 4.7453926 8.863981299999999 4.7051174 8.44715995 4.5530965 9.0 4.91364045 8.90385195 4.79344415 
9.0 8.905829749999999 5.2156595 8.555534399999999 6.08890315 8.19265305 6.68781695 7.730612000000001 7.421715600000001 7.14927365 7.819747850000001 6.31868755 8.2428622 5.635043 8.3169398 4.716265 8.34710125 3.95692465 8.08971755 3.328209 8.1348923 2.80431675 7.726836199999999 2.2110217 7.126663799999999 1.91646435 6.574498 1.7226399499999996 5.8892802 1.5493576999999998 5.32960775 1.6221766999999998 4.6384115999999995 
9.0 9.0 0.009999999999999787 9.0 9.0 0.009999999999999787 9.0 9.0 0.009999999999999787 9.0 0.009999999999999787 0.009999999999999787 0.009999999999999787 0.009999999999999787 9.0 9.0 9.0 9.0 9.0 0.009999999999999787 9.0 9.0 0.009999999999999787 9.0 0.009999999999999787 9.0 9.0 9.0 9.0 0.009999999999999787 9.0 0.009999999999999787 9.0 
9.0 4.505 4.505 9.0 6.8299938000000004 4.505 4.505 4.99904545 0.009999999999999787 4.505 4.505 4.505 4.505 0.009999999999999787 3.4974907 2.00079055 0.7607998499999997 7.9634529999999994 7.3434576499999995 4.505 4.505 6.9074876 6.1082766 0.4459250999999993 6.5200186 9.0 0.009999999999999787 0.009999999999999787 8.17170635 4.505 4.505 4.505 4.505 
9.0 8.4416311 4.67252865 8.54829745 4.52041785 8.5149895 4.5279245 8.38575825 4.505 8.77664345 4.84001235 8.41659395 4.5496802999999995 8.38431985 4.55673745 8.27410245 4.22581555 8.3578443 4.6166558 8.2889809 4.57705485 8.2576957 4.58361755 8.078659850000001 4.3095574 8.19588945 4.59638335 8.1903606 4.8958851999999995 8.135027149999999 4.6087446 8.1049556 4.61472295 
0.01 0.009999999999999787 0.009999999999999787 9.0 0.009999999999999787 0.009999999999999787 9.0 4.505 4.505 9.0 0.009999999999999787 9.0 0.009999999999999787 4.505 4.505 4.505 4.505 4.505 4.505 0.009999999999999787 9.0 9.0 0.009999999999999787 0.009999999999999787 9.0 9.0 9.0 4.505 4.505 9.0 6.7524999999999995 4.505 4.505 
9.0 7.80985885 2.7837296499999997 8.10778745 4.9669961 8.0482287 5.1912066999999995 7.003321 4.7410774 9.0 5.45906375 7.73901765 5.8064823 7.597470100000001 5.98497875 6.7377564 5.2820506499999995 7.39676835 4.3771172499999995 7.08508505 6.4166336 6.892744 6.5219964 8.7541235 7.09182755 6.4906213 6.67159 5.06566135 9.0 6.0813965 6.73995895 5.8799306 6.74490345 
9.0 9.0 9.0 4.505 4.505 4.505 4.505 4.505 4.505 6.6510928 0.5000448999999998 2.1898951999999996 6.54973055 0.2127694499999997 5.7892664499999995 7.4115569 9.0 4.505 4.505 4.505 4.505 7.2932485 5.41752995 0.009999999999999787 0.009999999999999787 9.0 0.009999999999999787 9.0 9.0 4.505 4.505 4.505 4.505 
9.0 9.0 4.73644755 8.971366849999999 4.96002885 8.8265829 5.1682822 8.79830935 3.3140048 7.472868699999999 6.96380995 8.1201487 5.64147085 7.82145595 5.7357309999999995 7.50653625 5.7956943 7.18469425 5.8222148 6.864605299999999 5.81754 6.5539109 5.7849962 6.25908385 5.7288087 5.9852035 5.65360735 5.73577595 5.5643816 5.51309365 5.4659411 5.3179657 5.36278085 
9.0 1.55515625 5.20734375 4.7859375 4.505 4.505 4.7859375 7.314375 4.7859375 5.3478125 4.505 4.36453125 4.926406249999999 4.7859375 4.505 5.20734375 3.80265625 6.4715625 2.819375 4.505 4.08359375 4.505 4.505 4.64546875 2.39796875 4.64546875 4.505 1.2742187499999997 4.64546875 4.36453125 4.505 4.505 4.926406249999999 
9.0 3.3063183499999997 6.303 3.27773015 5.05154705 3.7058789 4.3052421999999995 4.7833304 4.19578895 4.70552195 4.62074625 4.46521925 4.6275337 4.4337093 4.4975382999999995 4.5008196499999995 4.4653091499999995 4.5261265 4.49812265 4.5112030999999995 4.5156981 4.4998757 4.5095849 4.50189845 4.5027525 4.50585405 4.50306715 4.5061687 4.50522475 4.505 4.50567425 4.5046403999999995 4.5050899 
9.0 7.325387749999999 4.15245715 7.76607755 4.505 7.2372408 4.15245715 7.325387749999999 3.97616325 7.58978365 3.97616325 7.50168165 3.88806125 7.4135347 4.0643101999999995 6.9728449 3.97616325 6.9728449 3.53547345 7.149138799999999 3.6236204 7.50168165 3.44737145 6.5321551 3.3592245 6.86078455 3.3961734 7.06099185 3.09478365 6.44400815 3.53547345 6.620302049999999 3.2710775500000002 
9.0 8.75866345 5.2915351 8.5930227 5.99477785 8.3300652 6.750702 7.8168261 7.374697899999999 7.16671425 7.8240181 6.693975099999999 8.2634493 5.87413205 8.58039175 5.3122570499999995 8.70463355 4.47349005 8.69024955 3.656344 8.522765849999999 3.0206161499999995 8.2130154 2.4132967 7.9428659 1.8725931499999997 7.486758249999999 1.45159145 6.8677518 1.1193210499999995 6.4148356 0.8546104999999997 5.677835399999999 
9.0 7.5943685499999996 9.0 8.63918635 1.0848893499999996 8.18069635 4.7004426 7.925110650000001 4.9860549 8.40616555 7.8198827 7.65451165 5.32430365 7.917604 5.1213543999999995 8.7068361 3.3774742 7.6845832000000005 5.34686855 7.42149085 5.6099609 7.21103495 7.98525375 9.0 2.0846222999999995 8.5173269 5.5036092 7.6995965 6.9253777 9.0 4.2118361 7.045663899999999 5.57988935 
9.0 8.479479 6.1557438 7.5221788499999995 7.5338209 6.28560435 8.38863505 4.6139588 8.693530899999999 2.9250974 8.26789935 1.7937957999999998 7.149947900000001 0.9693228999999999 6.2480711 0.7613392499999998 4.4761421 1.3891558999999996 3.02331315 2.1449452 2.0811161999999994 3.2744038499999997 1.4427363 4.5412297 1.3686586999999997 5.6749586 1.7775238999999998 6.5083765499999995 2.55493415 6.941694549999999 3.5366871 7.0350557 4.63189385 
0.01 9.0 0.009999999999999787 9.0 0.009999999999999787 9.0 0.009999999999999787 9.0 0.009999999999999787 9.0 9.0 9.0 9.0 9.0 0.009999999999999787 9.0 9.0 9.0 9.0 9.0 9.0 9.0 0.009999999999999787 9.0 0.009999999999999787 9.0 0.009999999999999787 9.0 7.45484375 4.505 4.505 9.0 0.009999999999999787 
9.0 8.947048899999999 4.60330565 8.6899349 6.037795 8.2764848 6.0882289 7.8630347 6.7033247 7.8126008 6.836961049999999 6.9806662 7.210046050000001 6.4436935 7.48235315 5.93441 7.671412849999999 5.78063605 7.60084135 4.84279925 7.8176352 4.7898931 7.7092158 3.7638194499999997 7.638644299999999 3.7608078 7.2249245 3.77640545 7.01343475 2.94447085 6.49156525 2.99993915 6.18905175 
9.0 9.0 4.86518435 8.855036250000001 4.4833340999999995 8.850900849999999 4.4725461 8.459700999999999 4.32866115 9.0 4.56878405 8.8285607 4.4404518 8.81781765 4.42988855 8.93244015 4.5500399 8.6022824 4.1072824 8.775969199999999 4.3987381999999995 8.7588882 4.38853455 8.9174718 4.59503485 8.7200514 4.3686217 9.0 4.24235715 8.6751913 4.3492932 8.6505587 4.33989865 
9.0 8.8068948 3.96132975 7.3511441 3.9345844999999997 8.83660675 3.6850221 8.8663187 4.885277 8.64053485 4.4544762 8.26025785 3.39388095 9.0 3.09379475 8.967321349999999 3.5513408 8.940576100000001 3.5602408999999997 9.0 3.2839332499999996 8.6910137 2.7313628999999997 9.0 3.64047665 8.49624535 3.0861532499999997 8.1651886 3.4384264 8.50982025 3.07302785 7.6304184500000005 2.63629365 
9.0 9.0 4.9455998999999995 9.0 5.63328995 8.9276305 5.9903278 8.11740675 6.888249 7.87521615 7.21535015 7.06431815 7.7387929 6.9912294500000005 7.834851049999999 5.8288674 8.19957535 5.45510815 8.09097615 4.94141955 8.1981819 4.4270567 8.0951565 3.8242772 7.9030401999999995 3.47838695 7.61495565 3.07950065 7.2446126 2.69391955 6.9557639 2.58046575 6.5068033 
9.0 8.886141649999999 5.0930359 8.735694 5.4056182 8.49579585 5.9545476 8.50595455 5.97535945 8.3504725 6.53750415 7.7547951 6.8551658 7.6490727 7.148959 7.1367326 7.51184035 6.70166155 7.6693901 6.49381275 7.568747050000001 6.09124055 7.9042089 5.7110984 7.9306395 5.2607443499999995 8.03541795 4.84199015 8.12073305 4.3718581 7.9977049000000004 4.04250945 7.842177899999999 
9.0 9.0 7.5518908 8.159839550000001 8.191843949999999 6.43870405 9.0 5.43182405 8.12531795 2.5329536 9.0 0.9478817499999996 7.9702854 0.009999999999999787 6.3150466 2.7498823 1.8694017 0.10408034999999938 2.5801511 1.21991915 1.0735619499999998 2.81168855 0.12277954999999974 6.3644017 0.009999999999999787 6.3829211 0.31134479999999964 5.66349635 0.009999999999999787 8.7109715 2.9217711 8.9467792 4.6598977 
9.0 9.0 5.26020495 8.970872400000001 5.2392133 8.7579892 6.00394765 8.62956705 5.5213195 8.6137896 6.17295965 8.2920375 6.6131100499999995 8.14644445 6.71766375 8.03236135 6.67657945 7.43084045 7.06611615 7.047057349999999 7.115291449999999 7.0035907 7.4141639999999995 6.67657945 6.9878582 6.4520991500000004 7.61234855 6.1089958 7.92780765 6.02974895 7.5096378 5.49843995 8.04189075 
9.0 8.47430975 3.5162798 9.0 6.13996635 8.209014849999999 5.3683097 8.3296157 4.77024995 8.5755821 4.3120746 8.33442535 5.62875 8.00647015 5.6432239 7.6158097 7.109403 7.6977985 6.2605672000000006 7.794261199999999 5.74449625 9.0 6.07245145 7.056362 6.84415305 7.643004449999999 6.89791325 8.14149995 7.1383507999999996 6.4390187 7.69298885 6.85862695 6.94061575 
9.0 9.0 4.7328965 9.0 4.99167365 9.0 5.3814351 9.0 5.7839623499999995 9.0 6.0704287 9.0 6.2248319500000004 8.75614625 6.43250095 8.511213699999999 6.77007545 7.9169747 7.1481049500000005 8.1299478 7.2002919 8.0820311 7.3259720999999995 7.50060285 7.3791929 7.17579415 7.62610325 6.7317331 7.7721458000000005 6.61886365 7.72742055 6.00547595 7.887172850000001 
9.0 4.505 4.505 9.0 0.009999999999999787 4.505 4.505 4.505 4.505 9.0 9.0 9.0 3.3658771 9.0 5.5517956 9.0 0.009999999999999787 4.505 4.505 4.505 4.505 9.0 9.0 4.505 4.505 9.0 0.009999999999999787 4.505 4.505 9.0 0.009999999999999787 4.505 4.505 
0.01 4.505 4.505 4.505 4.505 4.505 4.505 4.505 4.505 4.505 4.505 4.505 4.505 4.505 4.505 4.505 4.505 4.505 4.505 4.505 4.505 4.505 4.505 4.505 4.505 9.0 0.009999999999999787 4.505 4.505 4.505 4.505 4.505 4.505 
9.0 4.505 4.505 0.009999999999999787 1.6836683 9.0 6.8003268 4.8636560499999995 3.4529902 0.009999999999999787 2.8791585 5.0788317 1.8510171499999997 9.0 0.009999999999999787 4.505 4.505 8.23490605 4.14634395 3.3812499999999996 9.0 5.27009395 1.32501225 4.505 4.505 3.6442524499999998 2.40093545 3.5008169999999996 2.3053267999999996 7.8523366 8.5696487 1.46849265 6.56123775 
9.0 7.194808 6.3179234 8.227264550000001 8.124418949999999 7.92124495 7.68336955 8.2812495 4.0112692 8.87912945 4.86374595 8.812288800000001 0.6515713499999998 8.6386919 8.4805578 8.7955674 4.2709903 8.49085135 5.32016825 8.931855800000001 1.3767497 8.4008165 0.6503127499999994 5.7907498 3.1536681499999997 9.0 5.2725662 7.3349621 6.42333115 8.44967715 8.146264649999999 8.18995605 7.598548900000001 
9.0 9.0 4.35374325 9.0 4.52680075 9.0 3.9628131 8.50397675 4.5588501 7.7900358999999995 4.7453027 8.34566285 4.54217365 6.958865449999999 4.51844005 8.27068625 3.8917022 7.90029825 4.1211269999999995 7.69137065 3.2687850999999997 6.45515575 3.9628131 7.0908836 2.6971109999999996 7.1563308 3.50958225 6.4423449999999995 3.7244432499999998 7.2215982 3.418109 7.02422275 2.7862019 
9.0 4.505 4.505 2.9914435999999998 8.3431906 4.505 4.505 7.60066155 0.009999999999999787 8.868656099999999 5.91575575 3.3341424 1.8434206 3.14566705 7.45214675 8.73726725 5.24177545 4.505 4.505 4.505 4.505 3.6939671499999998 0.009999999999999787 4.505 4.505 9.0 0.009999999999999787 4.505 4.505 4.70489265 7.28655095 4.505 4.505 
9.0 9.0 3.79033995 7.7555143 5.7494857 8.25576285 1.8804594 9.0 3.2370953499999997 9.0 2.26365815 8.0992919 3.94191135 7.958823150000001 5.1629781 9.0 6.27319815 9.0 5.7002205 8.8361123 4.41999955 8.667325049999999 0.3993568999999999 9.0 5.17039485 9.0 3.9843891 9.0 4.00475145 9.0 6.904071399999999 9.0 1.9087779 
9.0 6.4715625 4.69230665 7.12706835 4.03675585 6.28425585 4.505 6.00331835 4.2240625 6.658869149999999 4.505 5.81605665 4.97324415 6.9398066499999995 4.59863085 6.4715625 3.47488085 6.09699415 3.47488085 6.00331835 4.8795683499999996 5.62875 5.3478125 6.28425585 3.6621875 6.4833394 4.0526232 6.37793165 4.13043165 7.12706835 3.1003125 6.00331835 4.2240625 
0.01 9.0 9.0 9.0 0.009999999999999787 4.505 4.505 4.505 4.505 9.0 9.0 9.0 9.0 0.009999999999999787 0.009999999999999787 9.0 0.009999999999999787 0.009999999999999787 9.0 4.505 4.505 9.0 0.009999999999999787 9.0 0.009999999999999787 9.0 9.0 0.009999999999999787 0.009999999999999787 4.505 4.505 4.505 4.505 
9.0 4.505 4.505 4.505 4.505 4.505 4.505 0.009999999999999787 9.0 4.505 4.505 9.0 6.18311835 3.9656 3.9656 4.505 4.505 0.009999999999999787 0.009999999999999787 4.505 4.505 9.0 0.009999999999999787 4.505 4.505 9.0 5.52388165 4.505 4.505 4.505 4.505 4.505 4.505 
9.0 8.975232550000001 4.5286437 8.2844859 3.9964806499999996 8.471253149999999 3.76642655 8.95779195 4.22374785 8.841955800000001 4.1680548 8.33568395 4.6383217 8.42288695 3.5678824 8.72495095 3.92168385 8.9234951 4.10337175 8.544926199999999 4.50837125 8.4532282 4.2406041 8.7018916 3.6117535999999997 8.44167605 3.7046202999999998 8.7435153 3.7596840499999997 8.11237235 3.3479420499999994 7.947540699999999 3.2556597 
9.0 8.15237785 4.6719443 8.33217785 4.49857215 8.056049999999999 4.5370943 8.08171645 4.3123442999999995 8.44131645 4.505 8.35141645 4.2032057 8.38998355 4.5178557 8.22942215 4.26096645 8.14595 3.97202785 7.959722149999999 4.12611645 8.2936557 4.28025 7.96615 4.19677785 8.1728301 4.11532845 8.21656645 4.0362164499999995 8.16523355 4.28025 8.19732785 3.82432215 
9.0 4.505 4.505 4.505 4.505 4.505 4.505 4.505 4.505 7.30066525 9.0 4.505 4.505 4.505 4.505 6.14949575 1.27080255 7.0266051 0.009999999999999787 4.505 4.505 4.505 4.505 4.505 4.505 9.0 4.9983712 4.505 4.505 4.505 4.505 4.505 4.505 
9.0 8.33793145 4.7488987 9.0 4.86770155 9.0 9.0 8.61671135 4.47016375 8.26825895 4.6792262 9.0 5.72552735 9.0 9.0 8.16370525 4.71406245 8.581875100000001 5.0276786 9.0 6.7826165 9.0 0.009999999999999787 8.128869 4.6792262 9.0 7.7240043499999995 8.3030952 4.8186161499999995 9.0 8.42989915 9.0 9.0 
9.0 6.80675465 9.0 9.0 6.9237595 7.7044511 8.13844335 6.5557089 6.591893649999999 5.99199095 9.0 5.46014255 9.0 3.7221507999999996 9.0 3.01800905 8.9425539 1.7458790999999998 9.0 2.1373037 7.72787005 0.5269249999999999 6.6578353 0.009999999999999787 6.08611625 0.009999999999999787 4.93512655 0.009999999999999787 3.7537506499999997 0.009999999999999787 2.6069413 0.3739601499999994 1.5582128499999999 
0.01 0.009999999999999787 9.0 0.009999999999999787 0.009999999999999787 4.505 4.505 0.009999999999999787 9.0 9.0 0.009999999999999787 0.009999999999999787 0.009999999999999787 0.009999999999999787 9.0 4.505 4.505 0.009999999999999787 0.009999999999999787 0.009999999999999787 9.0 4.505 4.505 9.0 0.009999999999999787 9.0 9.0 9.0 0.009999999999999787 9.0 9.0 4.505 4.505 
9.0 8.75416845 4.3469558 0.009999999999999787 3.01252515 0.009999999999999787 4.43474315 8.877106699999999 4.5576814 8.70148705 4.41721265 0.009999999999999787 5.2424497 0.009999999999999787 4.48742455 8.78931935 4.3469558 8.6488506 4.3821067 0.04510594999999995 5.03176905 0.3085129499999999 6.0677316999999995 8.806849849999999 4.48742455 8.19274295 5.1234221 8.5610183 4.20648705 0.009999999999999787 3.6621875 0.009999999999999787 2.95984375 
0.01 9.0 0.009999999999999787 9.0 9.0 9.0 9.0 9.0 9.0 9.0 9.0 9.0 0.009999999999999787 9.0 0.009999999999999787 9.0 9.0 9.0 0.009999999999999787 9.0 9.0 9.0 9.0 9.0 0.009999999999999787 9.0 9.0 9.0 0.009999999999999787 9.0 9.0 9.0 0.009999999999999787 
9.0 8.80037705 4.49803275 8.38962395 3.9096821999999998 8.7744409 4.4842780499999995 8.227264550000001 2.20486355 8.66022295 4.9710415999999995 9.0 3.86459735 8.9669168 4.3907371 8.81359235 3.8074659 8.28138435 7.28016805 9.0 3.77137105 8.4377654 4.12314975 8.35905795 4.4302032 8.2867334 4.42548345 8.21009365 4.42107835 8.1294983 4.41703285 8.04530695 4.41334695 
0.01 0.009999999999999787 9.0 9.0 9.0 4.505 4.505 9.0 0.009999999999999787 9.0 0.009999999999999787 9.0 0.009999999999999787 0.009999999999999787 0.009999999999999787 4.505 4.505 0.009999999999999787 0.009999999999999787 4.505 4.505 4.505 4.505 0.009999999999999787 0.009999999999999787 9.0 0.009999999999999787 9.0 9.0 0.009999999999999787 0.009999999999999787 4.505 4.505 
9.0 9.0 4.2271190999999995 9.0 4.6372428999999995 9.0 4.27436155 9.0 4.42827035 9.0 3.9779163 8.30296035 4.2711701 8.7029704 4.2084199 7.6141915000000004 4.17331395 7.459608449999999 3.5895033499999998 8.7712045 3.0864678999999997 8.1392974 3.0821527 8.3226934 2.9390319 7.76517855 3.1936286999999997 7.7905753 2.7710087999999997 6.9483022000000005 3.3235342 7.39110465 2.73005935 
9.0 7.8523366 4.9831781 8.4923347 4.5491409 8.4849629 4.57112145 8.4261683 4.4412609 7.7885975 4.9831781 8.44518215 4.6358944 8.42621325 4.6570209 8.808737749999999 4.85565495 8.77682325 4.69626225 8.35258515 4.71819785 8.322648449999999 4.7377511 8.4261683 5.0150926 8.25513355 4.7753293 7.8523366 4.3456073 8.1778645 4.81066 8.135791300000001 4.82742635 
9.0 8.06310715 5.26245245 4.505 4.505 7.04651795 4.8139863 6.279086599999999 9.0 6.22923705 8.98008715 4.39536695 6.89701425 5.5714387499999996 5.083057 4.3853880499999995 8.7807339 2.2126399 8.3222439 4.04651 6.24919485 2.5913886 5.5714387499999996 0.38874869999999984 8.1329145 2.9701373 8.4717476 0.009999999999999787 7.6245749499999995 0.009999999999999787 5.083057 4.505 4.505 
9.0 5.97886555 5.0013379 5.2228515 5.8223946 5.135199 7.853100749999999 3.37536155 8.64008535 3.76319015 5.7035468 1.6410556999999995 5.62268175 0.11563249999999936 4.48985185 3.46094635 3.61009045 3.1330361 2.3075742999999997 3.8565513 0.4599045500000001 4.92505775 3.2052258 5.7773996499999996 3.670728 6.28497505 3.9881649 5.89867475 4.7573493 5.46886285 5.428273 5.1062512 5.6926689 
9.0 8.4658142 5.74000125 7.74701875 6.43250095 7.27207705 7.3666069 6.25018375 8.5730649 4.94690345 8.8259536 3.6016398499999998 8.51454 2.8986218499999996 7.988625 1.5781256999999997 7.3013395 0.9643783999999997 6.55179825 0.8255728000000002 5.36332025 0.7317621499999998 4.14184895 0.9838866999999998 3.3202977999999996 1.4683128499999998 2.45928055 2.0447965999999997 1.7694329 3.1334855999999998 1.5068349999999997 3.6369255999999996 1.10691485 
9.0 8.288756150000001 6.458527 6.7524999999999995 7.9283920000000006 4.9507242 8.706026999999999 2.8075082 8.4689607 1.2522831499999998 7.25508595 0.2850041000000001 5.37743455 0.6074304499999998 3.35756135 1.6790384499999997 1.5557405999999996 3.37653025 0.6548526999999997 5.23521275 0.6169148999999998 6.81889115 1.4988338999999997 7.87153025 3.2058101499999996 8.00826815 4.86158835 7.38786825 6.43007365 5.91800325 7.31199265 4.4860311 7.62493455 
9.0 5.81183135 4.95562375 5.5526946 5.28232035 4.67396705 6.0484032 5.0457485 5.6879042 4.7866567 5.4625698499999995 4.29261125 5.07887665 4.22033165 4.86041965 4.2205563999999995 4.68916015 4.26087655 4.5682896 4.3177383 4.492414 4.3757238 4.4521388 4.42611275 4.43735025 4.4651743 4.4386987499999995 4.492414 4.4488125 4.5093152 4.4623874 4.5180355 4.47591735 
9.0 8.25738105 5.80823535 7.6180572 6.6492049 6.7180683000000005 7.57872595 5.49349545 8.40490695 4.1410848 8.32624445 2.9066678999999995 7.9967609500000005 2.13456175 7.13120375 1.3427675 5.91153045 1.0968460499999995 4.68205805 1.3034362499999994 3.8165008499999997 1.8837407499999999 2.7443983999999997 2.8329049499999996 2.1247176999999997 3.7430974999999997 1.7692081499999999 4.88370375 1.7411143999999998 5.6361218 2.3263634 6.32956545 2.91651195 
9.0 8.32633435 4.58631455 8.64988445 4.5704472 8.642467700000001 4.602991 8.674786749999999 4.8650495 8.44248515 5.0160815 8.602686949999999 4.699184 8.583673099999999 4.7305591 8.43088805 4.6327479 8.8141767 4.505 8.50991015 4.82176265 8.4799285 4.85098015 8.26825895 4.99284235 8.41218885 4.9073025 8.44248515 4.8999307 8.3346501 4.9605233 8.2923971 4.9858751 
9.0 8.86213835 4.5443762 9.0 4.54289285 8.9396771 4.47070315 8.9041666 4.3771622 8.991909 4.3472254999999995 9.0 4.44786855 9.0 4.3889840499999995 9.0 4.45218375 8.93190075 4.5061237499999995 9.0 4.3875906 9.0 4.2917572 8.82105405 4.30151135 8.9635006 4.34888865 8.866049 4.3936139 9.0 4.33171775 8.928979 4.3201656 
0.01 9.0 0.009999999999999787 9.0 9.0 0.009999999999999787 0.009999999999999787 9.0 0.009999999999999787 4.505 4.505 4.505 4.505 0.009999999999999787 9.0 9.0 0.009999999999999787 9.0 0.009999999999999787 1.13375 9.0 9.0 0.009999999999999787 9.0 0.009999999999999787 9.0 0.009999999999999787 0.009999999999999787 0.009999999999999787 4.505 4.505 9.0 0.009999999999999787 
9.0 9.0 4.4564090499999995 9.0 4.38350015 9.0 4.2134542999999995 8.78131825 4.4320911 8.951409049999999 4.35922715 8.951409049999999 4.8937725499999996 9.0 4.2134542999999995 8.78131825 4.9180455499999995 8.902818100000001 4.4806820499999995 9.0 4.7965457 9.0 4.6993637999999995 8.902818100000001 4.9180455499999995 8.9350922 4.56123245 9.0 4.35922715 9.0 4.62649985 9.0 4.18913635 
9.0 8.31284935 4.3523048499999994 8.3892194 4.1232396499999995 8.18878735 4.505 7.81660135 4.16144715 7.74027625 3.8942194 7.873867649999999 3.9801188499999998 7.98840025 3.6651542 8.017033399999999 3.55066655 7.2917202 4.04691455 8.06472535 3.7987905499999997 8.5228108 4.3523048499999994 8.3224237 3.33113075 7.83646925 3.4571256 7.4825779 3.50292965 7.768864450000001 2.8062496 7.46347415 3.38839705 
9.0 8.7843299 4.6063173 8.71937715 4.4478235999999995 8.7089937 4.5595693 8.85188975 4.4270567 8.8622732 4.5283739999999995 8.80514175 4.3672732 8.786937 4.48679525 8.976626 4.38547795 8.989616550000001 4.5855504 8.7116008 4.28155355 8.72198425 4.3984685 8.8674874 4.3049275499999995 8.82986425 4.4309673499999995 8.88308505 4.5907646 8.7947583 4.3517205 8.812918100000001 4.54136455 
9.0 1.6153442999999998 0.009999999999999787 9.0 8.22942215 9.0 0.009999999999999787 9.0 3.45348465 9.0 8.82743695 9.0 2.81132895 9.0 0.009999999999999787 9.0 5.12706305 9.0 0.009999999999999787 9.0 4.35248465 0.7163442999999994 9.0 6.9210625 8.3578443 9.0 9.0 9.0 0.009999999999999787 9.0 0.009999999999999787 9.0 0.009999999999999787 
9.0 7.9016018 6.7362281 8.2605725 6.94582995 6.9734742 7.74423185 6.08836375 7.6871004 5.1104315499999995 8.76396755 4.0636809 8.7203211 2.8147002 8.20092385 2.1342470999999996 7.70368695 1.4323079 7.56110555 1.3511731499999997 5.6267722 0.94734235 4.63962525 0.05548939999999991 3.1969999499999995 1.3426775999999996 3.0309996 1.6591255999999999 3.64263425 2.9708115499999996 1.7875926999999998 3.6235754499999997 1.6751277999999998 
9.0 7.46760955 1.67858895 4.505 4.505 4.505 4.505 7.97842135 9.0 9.0 3.2450514999999998 4.505 4.505 4.505 4.505 7.29733895 3.48342135 8.28489045 0.009999999999999787 9.0 0.009999999999999787 4.505 4.505 4.505 4.505 9.0 0.28244194999999994 3.92608895 0.31646909999999995 4.505 4.505 4.505 4.505 
9.0 6.3898434 5.0660659 6.07825 5.066875 5.5470309 5.76157725 4.3415618 6.4970941 4.70803915 6.1319203 3.64685955 6.0169382 3.9049175 5.7331239 4.62757865 6.32345225 2.94195365 5.07707865 3.6047414 4.7332561 3.6673118 6.1395618 3.87556515 4.2891501 4.05680355 4.1852257 0.009999999999999787 0.009999999999999787 4.3739258 4.1694932 4.4813563 4.2211856999999995 
9.0 9.0 2.8041818999999997 7.42068175 5.8413635 7.42068175 3.4116362 8.3925457 5.35540905 9.0 3.29013635 6.813227449999999 4.505 7.2991819 4.26204525 5.9628184 3.5330911 7.733893350000001 3.7109132999999996 7.2991819 4.74795475 7.9066361999999994 5.1124543 6.08431825 3.1686365 7.24834345 3.5087731499999997 7.1335861 3.46993635 7.78513635 1.8323179500000002 6.813227449999999 3.4116362 
9.0 5.6429542 6.12090755 4.505 4.505 3.1735809999999995 0.009999999999999787 4.505 4.505 4.84639525 4.1749770999999996 4.505 4.505 4.505 4.505 4.505 4.505 4.505 4.505 4.53911705 7.56613995 3.606 6.01851145 4.038419 6.1095352 4.7553715 0.009999999999999787 4.505 4.505 4.78948855 0.009999999999999787 4.505 4.505 
9.0 9.0 5.1471557 9.0 7.7157335499999995 9.0 7.7157335499999995 9.0 3.8628443 8.3578443 3.8628443 9.0 4.6189032999999995 9.0 4.505 6.4314221499999995 3.8628443 9.0 4.66758415 9.0 3.22073355 9.0 4.505 5.7892664499999995 3.22073355 9.0 4.72485045 9.0 4.7379309 9.0 7.0735778499999995 9.0 4.505 
9.0 8.52824975 4.3625983999999995 8.43924875 4.75424775 8.52824975 4.5673007 8.67955145 4.6296014 8.60835065 4.4604995 8.73295205 4.4337992 8.63505095 4.6563017 8.71515185 4.505 8.74185215 4.5673007 8.57275025 4.5406004 8.49264935 4.4248991 8.51934965 4.6118011999999995 8.5056399 4.57741445 8.46594905 4.5139001 8.430348649999999 4.6919021 8.403648350000001 4.6118011999999995 
9.0 4.61004815 4.4783896 4.0589162 3.96789245 4.47070315 3.9735112 5.1660347 4.80333315 4.6751807 4.2217251 4.505 4.505 4.2994886 3.8064769999999997 4.4895821499999995 4.0466898 3.98470375 4.2616407 4.5876181 4.66992155 4.57327905 4.5449155999999995 4.66290935 4.43600175 4.359362 4.91957385 4.15173795 4.5379034 4.505 4.505 4.50324695 5.04489445 
0.01 4.505 4.505 4.505 4.505 4.505 4.505 4.505 4.505 4.505 4.505 4.505 4.505 4.505 4.505 4.505 4.505 4.505 4.505 4.505 4.505 4.505 4.505 4.505 4.505 9.0 9.0 4.505 4.505 4.505 4.505 4.505 4.505 
9.0 8.98655995 5.47938115 8.6388717 6.6189985 7.9617449 7.31055425 6.9013744 8.016494 6.1579913 8.47368045 4.95930965 8.2498744 4.19812635 8.5178663 3.23430845 7.7446813500000005 2.54037035 7.2778756 1.9981834499999995 6.667994 1.5832499999999996 6.1022533 1.5986228999999996 5.2200646 1.5090375499999995 4.6073511499999995 1.5890035999999998 3.8998831 2.05005575 3.47344245 2.3833150499999998 2.9303115999999996 
9.0 4.505 4.505 9.0 5.0843605499999995 8.4805578 4.4151 4.505 4.505 9.0 2.5971422 9.0 5.3840422 9.0 4.2652816499999995 9.0 0.8390578 4.505 4.505 9.0 4.3252 9.0 3.66591835 4.505 4.505 9.0 0.009999999999999787 4.505 4.505 9.0 5.034421099999999 8.58048165 4.0754578 
9.0 8.7523255 2.28847055 9.0 4.3390446 8.950465099999999 0.5920125999999999 8.55423085 7.5140429 9.0 4.0508252 9.0 3.9434396499999997 9.0 3.82998585 9.0 3.7102390499999998 9.0 3.5839295499999997 9.0 3.4508326 9.0 3.31063355 9.0 3.1631526 9.0 3.0079852 9.0 2.8449515499999998 9.0 2.673737 9.0 2.49398195 
9.0 8.553691449999999 4.58469635 9.0 4.42530365 8.553691449999999 4.53686955 8.3146024 4.7600463 9.0 4.6643927 8.904346400000001 4.5528268 8.888434100000001 4.6643927 9.0 4.36156455 8.5377342 4.36156455 8.3783415 4.85565495 9.0 4.919439 8.553691449999999 4.7122195 8.74400975 4.65095265 8.76091095 4.6165658999999994 9.0 4.5528268 8.71308415 4.6006536 
0.01 9.0 0.009999999999999787 9.0 9.0 9.0 0.009999999999999787 9.0 9.0 9.0 0.009999999999999787 9.0 0.009999999999999787 9.0 0.009999999999999787 9.0 9.0 9.0 9.0 9.0 9.0 9.0 0.009999999999999787 9.0 9.0 9.0 9.0 9.0 9.0 9.0 9.0 9.0 0.009999999999999787 
0.01 9.0 9.0 9.0 0.009999999999999787 9.0 9.0 9.0 9.0 9.0 9.0 9.0 0.009999999999999787 9.0 9.0 9.0 0.009999999999999787 9.0 0.009999999999999787 9.0 9.0 9.0 9.0 9.0 0.009999999999999787 9.0 9.0 9.0 9.0 9.0 9.0 9.0 9.0 
9.0 8.70948815 5.11834275 8.7175342 5.6448870499999995 8.35743975 6.24811605 8.05780305 6.62335865 7.7572224 7.199392899999999 7.438437 7.87625 6.7898084999999995 7.812690699999999 6.37622355 8.2242529 5.65297805 8.368542399999999 5.1213543999999995 8.353394250000001 4.5272053 8.499661549999999 4.1741230499999995 8.091111 3.56127475 8.0112798 3.01405345 7.716857299999999 2.7729866 7.39811685 2.37351595 7.01478325 
9.0 7.9232677 4.5540854 8.38575825 4.5165971 8.36265395 4.5222608 8.1004606 4.6085648 8.1686048 5.0474566 8.2401652 4.5384428 8.18258425 4.5433873 8.22582615 4.1915187 7.945068450000001 4.67945095 7.96520605 4.5566026 7.87944145 4.5603784 7.972353099999999 4.4913801499999995 7.6913257 4.56680625 7.47893695 4.54316255 7.485095100000001 4.5717058 7.37672065 4.57354875 
9.0 9.0 4.7662493999999995 8.753898750000001 4.8384390999999995 8.9978424 5.0997334500000004 9.0 4.41910055 8.7683277 4.82113335 8.807299350000001 5.1632478 8.7690469 5.0095188 8.5907752 5.40934905 8.853507950000001 5.23611175 8.98629025 5.1458971 8.5857408 5.2426295 8.62543165 5.51327345 8.47961385 5.56451645 8.4861316 5.51686945 8.0256638 5.8344412000000005 8.2616513 5.9059117 
9.0 8.57508765 6.35302935 7.4426623 7.86550695 5.84994895 8.815929749999999 3.9052770999999997 8.902009 2.1569917999999997 8.24767185 0.9244178499999998 6.9811157 0.16143654999999946 5.1878804 0.32460504999999973 3.3563476999999997 1.2747581499999998 1.8359139499999997 2.6375072999999998 0.6750352500000001 4.4038625 0.28922939999999997 6.1374941 0.6677084 7.5408331 1.71994295 8.36966615 3.2408711500000003 8.489997299999999 4.94551 7.89850025 6.58622995 
9.0 7.57584915 4.74660625 8.31689485 4.5140799 8.296127949999999 4.51852995 8.294285 4.95004995 7.91279435 4.6893849 8.1860454 4.53129575 8.1341731 4.53525135 8.1289589 3.9455073499999997 8.00817825 4.3460567999999995 7.9376067500000005 4.54585955 7.85984325 4.5489611 8.084458399999999 4.31427715 7.6885388 4.5542652 7.30246325 5.0263301 7.499748800000001 4.5584905 7.40009465 4.56015365 
0.01 9.0 9.0 9.0 0.009999999999999787 9.0 9.0 9.0 9.0 9.0 9.0 9.0 9.0 9.0 9.0 9.0 0.009999999999999787 0.009999999999999787 9.0 0.009999999999999787 9.0 0.009999999999999787 9.0 9.0 0.009999999999999787 9.0 9.0 0.009999999999999787 9.0 0.009999999999999787 0.009999999999999787 0.009999999999999787 9.0 
9.0 6.794393400000001 0.2798797999999998 9.0 5.7055246 4.346776 0.009999999999999787 9.0 0.009999999999999787 6.4686407500000005 0.009999999999999787 4.505 4.505 0.009999999999999787 2.96478825 2.81123905 4.66785385 9.0 0.009999999999999787 4.505 4.505 4.505 4.505 3.77442765 8.6510082 6.2918524 5.69621995 4.505 4.505 9.0 5.5473006 4.505 4.505 
9.0 9.0 4.3373365 9.0 4.17313415 8.98206495 4.00879695 8.992718100000001 4.05860155 8.95239795 3.8840607 8.8504963 3.52980975 8.7881956 3.3767999499999997 8.6060582 2.95872 8.57661595 3.0597676 8.55009545 2.94563955 8.4549363 2.81294715 8.38027435 2.5725995 8.2435814 2.5666661 8.16541335 2.5904446500000002 8.00745905 2.34843385 7.88141925 2.2506676 
9.0 8.97927805 4.24028945 8.33667285 4.6086547 8.2537401 2.8100254 9.0 4.674012 8.33667285 3.70691275 7.19098725 2.48472225 7.2260932 2.78687615 8.2968022 2.7725371 7.1216294 3.0579696 7.0658464500000004 3.1711536999999996 6.1657227 2.37630285 7.058654450000001 2.20486355 6.3514561 2.4297484 5.4609067 2.9726545 6.40490165 2.05580935 5.34291295 2.468765 
