9.0 7.3872839 4.56806485 6.0398627 4.39536695 6.87615745 4.6607967 5.3820644 5.05316525 6.45191935 4.71873725 5.49169745 4.7242660999999995 5.8205966 4.505 6.14949575 4.505 5.93022965 4.83389915 5.71096355 5.05316525 5.5702251 4.76629435 5.49169745 4.9435322 5.3727148 4.75856295 5.2875795 4.7524048 5.3820644 4.505 5.27243135 4.83389915 
9.0 8.886141649999999 5.0930359 8.735694 5.4056182 8.49579585 5.9545476 8.50595455 5.97535945 8.3504725 6.53750415 7.7547951 6.8551658 7.6490727 7.148959 7.1367326 7.51184035 6.70166155 7.6693901 6.49381275 7.568747050000001 6.09124055 7.9042089 5.7110984 7.9306395 5.2607443499999995 8.03541795 4.84199015 8.12073305 4.3718581 7.9977049000000004 4.04250945 7.842177899999999 
9.0 4.5937762499999995 4.53668975 4.6888455 4.4669723 4.6001142 4.5557036 4.5557036 4.7015214 4.5176758999999995 4.51133795 4.5937762499999995 4.36552015 4.41622375 4.77762175 4.3211545 4.625466 4.3972099 4.48598615 4.7015214 4.39087195 4.5874383 4.505 4.505 4.44795845 4.5874383 4.4542964 4.5303518 4.43528255 4.42889965 4.3972099 4.53668975 4.505 
9.0 8.3127145 5.11330835 7.8150281 4.22851255 8.45489135 4.876287 8.5023136 4.0942019499999995 8.04413825 4.8051761 8.1310266 4.48922255 8.0678269 4.4576227 8.3600918 4.2996234499999995 8.4232915 4.34700075 8.1784039 4.0784245 7.696539899999999 4.7025103 8.39169165 3.8256257 8.15255765 4.2882511 8.02040465 4.47340015 7.90982765 4.2048239 8.3600918 4.22851255 
0.01 4.505 4.505 9.0 9.0 4.505 4.505 9.0 9.0 4.505 4.505 9.0 0.009999999999999787 4.505 4.505 4.505 4.505 4.505 4.505 4.505 4.505 4.505 4.505 4.505 4.505 9.0 0.009999999999999787 4.505 4.505 0.009999999999999787 9.0 4.505 4.505 
9.0 8.745178450000001 5.40215705 8.8261334 6.33909485 8.124104299999999 7.04777655 7.05308065 7.6888085 6.3855281999999995 8.2461885 5.17650805 8.52753055 4.73725665 8.716005899999999 3.3928471 8.27805805 2.58064555 7.9011523 2.24621755 7.31720685 1.5601007499999997 6.7717386 1.41014755 5.8944944 1.0394898499999998 5.20707405 1.1155003 4.3072649499999995 1.1248049499999997 3.69945105 1.4964065999999998 2.96020335 
9.0 9.0 5.01675575 7.65235405 3.9591271999999997 8.1726503 4.9399811499999995 7.70350715 4.55619805 7.02970665 4.155289 7.6096965 5.0679538 7.1405983 4.68412575 6.89323845 4.3514508 7.6267775 5.2641156 7.771786199999999 4.82913445 5.9464566 4.7693959 6.90177895 6.185275949999999 6.7115955 5.31189745 5.187341 5.9635376 6.48913795 5.35442015 7.02970665 5.187341 
9.0 8.46442075 6.0886784 7.57908555 7.4325036 6.069979200000001 8.0912908 4.7671484 8.588347899999999 3.1662092 8.392725500000001 1.68955675 7.6330705 1.0390853 6.27193955 0.64815515 4.8829396 0.8352370499999999 3.42543585 1.60217395 2.2565111 2.7175183 1.4332518499999995 4.00394235 1.10979165 5.27099295 1.2908951999999996 6.33334125 1.9136774500000002 7.050338699999999 2.8524132499999997 7.3262867499999995 3.90694025 
9.0 6.4247246 2.2575 4.505 4.505 4.505 4.505 6.5932870999999995 6.799337899999999 7.1551621 4.59863085 4.505 4.505 4.505 4.505 5.2447871 2.4635058499999998 7.16455665 3.6809316499999998 4.505 4.505 4.505 4.505 8.9438125 2.6695566499999996 0.009999999999999787 0.009999999999999787 3.2501308499999997 1.10565625 4.505 4.505 4.505 4.505 
9.0 6.7575344 4.3433598 7.2525238000000005 4.5655926 7.151476199999999 4.57570635 7.151476199999999 4.6161164 7.5050529 4.4848174499999995 7.72724075 4.29288095 7.49493915 4.54541005 7.08076985 4.6161164 7.41411905 4.1716508 7.0605873 5.14135715 7.0908836 4.3433598 6.5959391499999995 4.7272327999999995 7.0486306 4.5420388 6.646418 4.3433598 6.95958465 4.9797619 7.2322963 4.1413545 
9.0 8.780329349999999 4.52383405 8.783475849999999 4.38260115 8.7050381 4.418696 8.7568205 4.5771897 8.8431245 4.65248095 8.737986450000001 4.8344835 8.75839375 4.4453963 8.87292635 4.511293 8.7677883 4.7764081 8.6705165 4.8831194 8.6909238 4.95841065 8.753674 4.56617695 8.708813899999999 4.72637875 8.69249705 4.8721516 8.733266700000001 4.50342675 8.617160850000001 4.7168044 
9.0 9.0 0.6077900500000002 9.0 5.506486 8.3478654 2.7116748 9.0 3.9615545 9.0 6.08485765 9.0 4.8543514 9.0 3.84122335 9.0 0.009999999999999787 9.0 0.009999999999999787 7.2843034499999995 5.21534485 9.0 7.30758755 9.0 3.7403106 9.0 6.1197838 9.0 1.5160947 9.0 8.4798386 9.0 3.6587712999999997 
9.0 9.0 6.54820225 9.0 6.95679775 8.1827191 7.3654382 9.0 4.09635955 9.0 4.505 8.1827191 2.4617977499999997 7.3654382 5.73092135 9.0 1.6445617999999995 9.0 3.2790786499999998 8.59135955 2.4617977499999997 9.0 4.8533625 9.0 4.09635955 9.0 4.90357165 9.0 6.1395618 9.0 7.3654382 7.77407865 5.73092135 
9.0 6.00331835 3.3812499999999996 6.5027577999999995 5.5038789 6.25306055 5.25418165 6.37793165 5.12931055 6.7524999999999995 4.00556055 6.97324945 4.12548715 7.12706835 6.00331835 7.0022422 4.6298711 5.62875 3.6309921999999997 6.6276288999999995 4.2552578 6.8773710999999995 4.3801289 6.25306055 4.8795683499999996 6.37235785 3.8641927999999997 5.3790078 3.8806894499999998 6.1647338000000005 3.83933545 4.8795683499999996 2.2575 
9.0 9.0 4.91364045 8.79570225 4.09635955 7.97842135 4.505 9.0 4.505 8.79570225 4.505 9.0 4.70929775 8.59135955 4.30070225 9.0 4.505 9.0 4.505 8.3870618 4.91364045 7.97842135 4.91364045 8.59135955 4.70929775 8.61976795 4.63522015 8.79570225 4.91364045 8.3870618 4.09635955 8.3870618 4.70929775 
9.0 8.74526835 6.2389013 6.67442185 7.4058033000000005 5.4746614 7.989254300000001 1.99045205 7.42221005 1.19330875 6.3950576 1.0865075499999999 4.505 1.6863652999999998 3.10799895 2.77932455 1.7110428500000001 3.92977485 1.3905493499999997 6.74840955 1.6452809999999998 7.7180709499999995 2.812183 7.824872149999999 4.2584941999999995 7.2064051 5.8707608 6.55116895 7.2250144 4.6282529 6.95383105 3.5353385999999998 6.77304215 
9.0 8.479479 6.1557438 7.5221788499999995 7.5338209 6.28560435 8.38863505 4.6139588 8.693530899999999 2.9250974 8.26789935 1.7937957999999998 7.149947900000001 0.9693228999999999 6.2480711 0.7613392499999998 4.4761421 1.3891558999999996 3.02331315 2.1449452 2.0811161999999994 3.2744038499999997 1.4427363 4.5412297 1.3686586999999997 5.6749586 1.7775238999999998 6.5083765499999995 2.55493415 6.941694549999999 3.5366871 7.0350557 4.63189385 
0.01 4.505 4.505 4.505 4.505 4.505 4.505 4.505 4.505 4.505 4.505 4.505 4.505 4.505 4.505 4.505 4.505 4.505 4.505 4.505 4.505 4.505 4.505 4.505 4.505 9.0 0.009999999999999787 4.505 4.505 4.505 4.505 4.505 4.505 
9.0 7.71986895 4.47591735 7.50168165 4.31589535 7.34165965 4.2722489 8.0108303 4.86869045 7.5307642999999995 4.94141955 7.4143887500000005 5.2178170999999995 7.2107203 4.417707099999999 6.94888655 4.30133155 6.6143237 4.0540616 7.4143887500000005 5.17417065 6.265197049999999 5.47965085 6.86159365 4.2576851 6.532469750000001 4.506798 5.9160704 4.1995198 6.7161354499999995 4.024934 5.87242395 4.2722489 
9.0 9.0 4.80414225 9.0 3.6784594 9.0 3.276966 9.0 2.56734035 9.0 2.64636245 8.8306284 2.1732637 8.58245945 1.8521858500000001 8.515888499999999 1.5169937 7.6459262 1.31368485 7.68049275 1.0744159999999998 7.3404909499999995 0.8845471999999996 7.01622165 0.49869640000000004 6.62713445 0.616825 6.31661985 0.7438087499999999 5.8982702 0.5002696499999999 5.53862525 0.4973478999999994 
9.0 4.505 4.505 4.505 4.505 4.505 4.505 4.505 4.505 4.505 4.505 0.009999999999999787 9.0 9.0 6.984981400000001 4.505 4.505 4.505 4.505 4.505 4.505 4.505 4.505 4.505 4.505 9.0 9.0 4.505 4.505 4.505 4.505 4.505 4.505 
9.0 8.30583715 4.119329 3.07806225 0.8841426499999998 4.10220305 1.9682467499999996 8.1301276 4.7106912 8.5286543 4.47070315 3.6736947 7.3802717 3.60514595 1.4454782499999999 8.35725995 3.9950872 8.010156049999999 3.79798145 4.19219295 6.7889095 2.9709464 8.1429833 8.0529934 4.3378759 7.6911459 3.3683044 8.0058858 3.87080045 3.5451376999999997 0.9912584999999998 3.6736947 1.8139783499999997 
9.0 8.47143295 5.8819983 7.7967784 7.1038292 6.03819955 7.13578865 4.76197915 9.0 4.0897518999999996 8.6457041 1.6999851499999998 7.741220200000001 1.3689733499999996 5.9684821 0.8450810999999994 6.35671525 0.009999999999999787 4.47016375 0.9551636499999998 2.6582292499999998 1.04830005 2.4607639 1.9319720999999999 1.4661552499999995 3.0841304999999997 0.8246737999999998 4.37109395 0.6014970499999999 5.6463704 0.8133913499999998 4.5137203 0.8332142999999999 
9.0 9.0 5.03383675 9.0 5.5626285499999994 9.0 6.3558612 9.0 4.7693959 9.0 5.5626285499999994 9.0 5.03383675 9.0 6.620302049999999 9.0 4.2406041 9.0 3.97616325 9.0 6.091465299999999 9.0 6.3558612 9.0 3.97616325 9.0 5.41411375 9.0 4.7693959 9.0 6.091465299999999 9.0 5.5626285499999994 
0.01 9.0 0.009999999999999787 9.0 9.0 9.0 0.009999999999999787 9.0 9.0 9.0 0.009999999999999787 9.0 0.009999999999999787 9.0 0.009999999999999787 9.0 9.0 9.0 9.0 9.0 9.0 9.0 0.009999999999999787 9.0 9.0 9.0 9.0 9.0 9.0 9.0 9.0 9.0 0.009999999999999787 
9.0 7.8523366 4.9831781 8.4923347 4.5491409 8.4849629 4.57112145 8.4261683 4.4412609 7.7885975 4.9831781 8.44518215 4.6358944 8.42621325 4.6570209 8.808737749999999 4.85565495 8.77682325 4.69626225 8.35258515 4.71819785 8.322648449999999 4.7377511 8.4261683 5.0150926 8.25513355 4.7753293 7.8523366 4.3456073 8.1778645 4.81066 8.135791300000001 4.82742635 
9.0 9.0 4.4446771 9.0 4.5753917 9.0 4.4949312 9.0 4.7865668 8.89944685 4.7061063 8.81898635 4.6357146 9.0 4.7966356 8.94970095 4.6558522 9.0 4.66587605 8.989931200000001 4.9273502 8.80891755 4.83686585 9.0 4.95751165 8.999505549999999 4.89889685 8.95976975 4.88711995 9.0 4.95751165 9.0 4.95751165 
9.0 7.8629448 3.90981705 6.92128725 5.2689702 7.77407865 4.9313956999999995 7.63194675 4.00753835 7.507570100000001 3.4478659 8.45812775 3.6433085 7.81848925 4.6915425 7.33878285 4.4872447499999994 7.3654382 3.9719829 8.06724255 3.3679448 7.48981485 3.2169128000000002 7.5253703000000005 4.034193699999999 7.28502265 3.96375705 7.20555105 3.56334245 6.19282755 4.81591915 7.24996165 4.4428341499999995 
9.0 7.325387749999999 4.15245715 7.76607755 4.505 7.2372408 4.15245715 7.325387749999999 3.97616325 7.58978365 3.97616325 7.50168165 3.88806125 7.4135347 4.0643101999999995 6.9728449 3.97616325 6.9728449 3.53547345 7.149138799999999 3.6236204 7.50168165 3.44737145 6.5321551 3.3592245 6.86078455 3.3961734 7.06099185 3.09478365 6.44400815 3.53547345 6.620302049999999 3.2710775500000002 
9.0 8.335144549999999 6.2693774 6.25297065 7.9406184 4.9031671 8.95068985 2.5890062499999997 8.494042799999999 1.07850645 6.751601 0.3205146000000001 4.9890216 0.6437949999999999 3.1095721999999997 1.5369514999999998 2.0209731 3.6392629999999997 0.6364681499999998 5.7835578000000005 0.8867048 7.41097255 2.9214114999999996 8.0027393 3.4565862 7.7278251 5.46436785 6.2054585 7.126034499999999 5.38903165 7.48585925 4.00088575 7.42373835 
9.0 8.31869285 4.8103903 8.1262619 4.40165995 7.967543450000001 4.35670995 7.504288750000001 4.207431 7.183210900000001 4.1604133 7.5283370000000005 4.24559355 7.393487 4.2156119 6.26699505 4.7086235 7.7078673 4.5676603 7.0208515 4.14364695 6.9066785 4.1250376499999994 6.6193580999999995 3.4791511 6.69222205 4.0946964 6.86995435 4.12126185 6.49525115 4.07253605 6.40292385 4.0641304 
9.0 7.29733895 1.6445617999999995 4.505 4.505 4.505 4.505 6.0544265 5.7990206 6.4289948500000005 6.2757603 4.1644588 6.8376353 6.1395618 5.91818305 2.0872293999999996 5.98632725 5.04983895 3.84095365 4.5901353 2.10426545 1.9169587999999997 5.30524485 5.81605665 3.2790786499999998 5.6628221 1.9169587999999997 6.4460309 5.5946779 5.3222809 4.40282865 5.27117275 2.63206835 
9.0 8.785004149999999 4.8014452499999996 8.7129493 5.0906985 8.5952702 5.3658824 8.32040095 2.2592081 8.55153385 7.261334 8.00826815 6.0480436 7.7528173 6.2125606 7.47821775 6.3409378 8.7964664 7.1957968999999995 6.8989471 6.4867556 6.60744635 6.50576945 6.322778 6.4917450500000005 6.0501113 6.44778395 8.565333500000001 9.0 5.55705475 6.285919 5.3425084 6.17673545 
9.0 7.8724742 4.61957755 8.9547803 4.9451504 7.91468225 5.08382115 7.84536935 4.0919994 8.813097899999999 4.6165658999999994 8.906548950000001 4.48391845 8.8251445 4.96326525 8.6171159 4.6738322 7.6976187 4.62560085 8.15588395 4.1432424 9.0 4.505 7.7307917999999995 4.45074535 8.203081449999999 4.6197124 7.76095325 4.45676865 8.56888455 5.0024166999999995 7.77902315 4.6286125 
9.0 8.9182809 4.505 8.48878365 4.64573845 8.38189255 4.7105114 8.100999999999999 4.505 7.61064045 4.70929775 8.07146785 4.8841982 7.9714541 4.93557605 7.324578649999999 5.64920225 7.5697809 5.07707865 7.6817963 5.0717296 7.5887498 5.11151035 7.85579775 5.526578649999999 7.40791595 5.1832056 7.52892135 4.62757865 7.23413925 5.24510175 7.149858 5.2726111499999995 
9.0 8.2023173 4.1646386 8.1217669 4.51538345 8.4387543 4.4504307 8.40760395 4.1672457 7.7787983999999994 3.9775567 8.3088488 4.7310535499999995 8.24128895 4.17241495 7.8671701 4.80638975 8.0256638 4.7907921 8.40499685 4.3984685 8.0490378 4.2347605999999995 7.85157245 4.3984685 7.95342915 4.38224155 7.8333677 4.162031499999999 7.6541071 4.3153109999999995 8.03083305 4.5595693 
9.0 9.0 4.81259285 9.0 5.14378445 9.0 5.4987546 9.0 3.9431249999999998 9.0 6.28030025 9.0 6.70669595 9.0 7.1564207 2.819375 9.0 9.0 4.505 9.0 8.64044495 9.0 9.0 9.0 9.0 9.0 9.0 9.0 5.62875 9.0 9.0 9.0 9.0 
9.0 8.7290414 5.7672859 8.1228457 6.87930395 7.11960665 7.79313745 6.07649695 8.12396945 4.99032515 8.56861485 3.60532575 8.520608249999999 2.7191365 8.19822685 1.8603667499999998 7.33087165 1.0750902499999997 6.3195416 0.8522730999999997 5.3540156 0.8498008499999998 4.3124342 1.1214786499999998 3.29660915 1.6624968499999997 2.4176119 2.4183310999999996 1.7430022999999997 3.3188144499999996 1.3209667499999997 4.10328185 1.30127865 
9.0 9.0 4.798883099999999 9.0 5.4375327 9.0 5.68633095 8.687642449999998 5.95297435 8.40544635 6.25980305 7.8975563 6.7561859 8.08099725 6.85682895 7.469632300000001 7.2359822000000005 7.094974049999999 7.336805050000001 6.65392465 7.5227182500000005 6.32785735 7.5993580000000005 6.0505607999999995 7.745085899999999 5.7506544 7.7587507 5.372355199999999 7.6821559 5.0161714 7.7723256 4.8192005 7.7164078 
9.0 9.0 9.0 9.0 0.009999999999999787 4.505 4.505 4.505 4.505 9.0 9.0 9.0 0.009999999999999787 9.0 9.0 9.0 0.009999999999999787 4.505 4.505 4.505 4.505 9.0 3.2563788999999996 4.505 4.505 9.0 0.009999999999999787 9.0 9.0 9.0 0.009999999999999787 4.505 4.505 
9.0 8.975232550000001 4.5286437 8.2844859 3.9964806499999996 8.471253149999999 3.76642655 8.95779195 4.22374785 8.841955800000001 4.1680548 8.33568395 4.6383217 8.42288695 3.5678824 8.72495095 3.92168385 8.9234951 4.10337175 8.544926199999999 4.50837125 8.4532282 4.2406041 8.7018916 3.6117535999999997 8.44167605 3.7046202999999998 8.7435153 3.7596840499999997 8.11237235 3.3479420499999994 7.947540699999999 3.2556597 
9.0 4.505 4.505 4.505 4.505 4.505 4.505 0.68425 0.009999999999999787 4.505 4.505 9.0 0.009999999999999787 4.505 4.505 0.009999999999999787 0.009999999999999787 0.009999999999999787 0.009999999999999787 9.0 0.009999999999999787 1.8079999999999998 0.009999999999999787 9.0 9.0 0.009999999999999787 3.606 9.0 0.009999999999999787 4.505 9.0 4.505 4.505 
9.0 7.54123765 4.7085336 7.96529595 4.0300583 7.982242100000001 4.6746413 7.4734081 4.3014664 7.4055336 4.5558834 7.5073004 3.8774081 7.744771249999999 4.4032332 7.96529595 4.89512105 7.28682065 4.14877125 7.91441255 3.4363586999999995 7.8295919000000005 3.84347085 8.321524700000001 3.8265247 7.8261757 4.24424505 7.5073004 4.6067668 8.38935425 4.6746413 7.7956996 4.53893725 
9.0 9.0 4.8816809999999995 9.0 5.28654565 9.0 3.9068053999999997 8.9178314 7.405174000000001 9.0 6.658284800000001 9.0 7.162129350000001 9.0 7.6855721 9.0 8.22582615 9.0 8.779700049999999 9.0 9.0 8.9119879 9.0 8.6234988 9.0 8.27626005 9.0 7.868248899999999 9.0 7.3978921 9.0 6.86393105 9.0 
9.0 1.55515625 5.20734375 4.7859375 4.505 4.505 4.7859375 7.314375 4.7859375 5.3478125 4.505 4.36453125 4.926406249999999 4.7859375 4.505 5.20734375 3.80265625 6.4715625 2.819375 4.505 4.08359375 4.505 4.505 4.64546875 2.39796875 4.64546875 4.505 1.2742187499999997 4.64546875 4.36453125 4.505 4.505 4.926406249999999 
9.0 9.0 4.58181955 8.82986425 4.3637671 9.0 4.3505518 9.0 4.27705855 8.9562187 4.1862146 8.96282635 4.1003601 9.0 3.79807135 9.0 3.8641478499999997 8.924034500000001 3.9740056499999996 9.0 3.67257095 9.0 3.6387235999999996 8.95374645 3.5123691499999996 8.8422255 3.59507715 8.757225049999999 3.73532115 8.8397982 3.49088305 8.41614445 3.4578448 
9.0 8.5673113 4.4329002 9.0 4.86554395 9.0 4.5770998 8.6875076 4.52904825 8.71155585 4.4329002 9.0 4.505 9.0 4.79344415 9.0 4.72134435 8.6154078 4.6972961 8.85575545 4.60114805 8.9519035 4.4329002 8.83175215 4.7453926 8.863981299999999 4.7051174 8.44715995 4.5530965 9.0 4.91364045 8.90385195 4.79344415 
0.01 4.505 4.505 4.505 4.505 9.0 0.009999999999999787 4.505 4.505 0.009999999999999787 0.009999999999999787 4.505 4.505 4.505 4.505 9.0 9.0 0.009999999999999787 0.009999999999999787 4.505 4.505 4.505 4.505 9.0 9.0 9.0 9.0 4.505 4.505 9.0 9.0 4.505 4.505 
9.0 8.46864605 6.45992045 7.18280635 7.99559225 5.3892564 8.75443815 3.42157015 8.6648528 1.6944562999999997 7.70800215 0.6193871499999997 6.0176574 0.3523391999999994 4.2650569 1.0278477999999995 2.49542035 2.3945975 1.2108392499999998 4.04484685 0.8093458500000001 5.6909608 1.0182285000000002 7.0214808 1.9918454999999997 7.74800765 3.40673665 7.762886099999999 4.93647505 7.118258150000001 6.25422925 6.06696755 7.0966372 
9.0 9.0 4.9455998999999995 9.0 5.63328995 8.9276305 5.9903278 8.11740675 6.888249 7.87521615 7.21535015 7.06431815 7.7387929 6.9912294500000005 7.834851049999999 5.8288674 8.19957535 5.45510815 8.09097615 4.94141955 8.1981819 4.4270567 8.0951565 3.8242772 7.9030401999999995 3.47838695 7.61495565 3.07950065 7.2446126 2.69391955 6.9557639 2.58046575 6.5068033 
9.0 8.6599982 6.1647338000000005 7.7403212 7.580479 5.82216985 8.733806099999999 4.0056954 7.94488865 3.0843552499999998 8.660762349999999 1.5106107999999998 8.0455317 0.3630822499999997 6.4070143 0.26554074999999955 4.93584575 0.009999999999999787 4.64843545 1.5189265500000002 1.5258038999999997 2.4368505 0.9910786999999996 3.8988043 0.5457140999999996 5.39343675 0.6780918499999999 6.7032348 1.3473973499999996 7.6463757 2.4351423999999997 7.9241667 3.9119297 
9.0 8.4178076 6.21431365 7.386250049999999 7.6160794 5.9140476500000005 8.39879375 4.32821165 8.583763000000001 2.60932365 8.0716027 1.33328305 6.822621999999999 0.8618474499999995 5.52693825 0.8579368 3.9413719499999997 1.4720437 2.7923150999999997 2.7818867 1.6793980499999996 3.9200656499999997 1.3242480999999997 5.2040624 1.51937605 6.2375528 2.1870184 6.86815635 3.16112985 7.03294305 4.2380869 6.818127 5.25319275 
9.0 7.70782235 4.3883547499999995 6.36085065 3.4681383500000003 8.91095405 4.07918865 8.98691955 4.0448918 9.0 4.01275255 7.15547675 9.0 8.2684837 0.009999999999999787 8.2030365 3.70205815 8.135162 3.23484785 3.3401657 8.6732135 6.83938835 4.7502472 7.44891035 3.5883795999999997 8.6909238 2.6482503499999996 7.373304449999999 3.5205500499999998 8.3768132 0.5784376999999998 3.4627893 0.009999999999999787 
9.0 8.62992665 5.3230001 8.3747455 6.10265785 7.78064135 6.56132765 7.221103749999999 7.64543175 6.7694012 7.8727439 6.127695 8.18168525 5.2090968 8.2609321 4.5228002 8.3351895 3.7682694999999997 8.00449235 2.8869797999999998 7.92987535 2.56823935 7.44405575 2.116357 6.927175699999999 1.7932563999999998 6.3466914 1.60523055 5.7338431 1.5513354999999995 5.11933165 1.6256827999999999 4.7474603 
9.0 5.81183135 4.95562375 5.5526946 5.28232035 4.67396705 6.0484032 5.0457485 5.6879042 4.7866567 5.4625698499999995 4.29261125 5.07887665 4.22033165 4.86041965 4.2205563999999995 4.68916015 4.26087655 4.5682896 4.3177383 4.492414 4.3757238 4.4521388 4.42611275 4.43735025 4.4651743 4.4386987499999995 4.492414 4.4488125 4.5093152 4.4623874 4.5180355 4.47591735 
9.0 4.61004815 4.4783896 4.0589162 3.96789245 4.47070315 3.9735112 5.1660347 4.80333315 4.6751807 4.2217251 4.505 4.505 4.2994886 3.8064769999999997 4.4895821499999995 4.0466898 3.98470375 4.2616407 4.5876181 4.66992155 4.57327905 4.5449155999999995 4.66290935 4.43600175 4.359362 4.91957385 4.15173795 4.5379034 4.505 4.505 4.50324695 5.04489445 
9.0 9.0 4.6156219499999995 8.9852564 4.72350195 8.88964775 4.82607785 7.280437750000001 0.009999999999999787 8.597068199999999 5.00605765 8.4813669 6.916118 8.194361149999999 5.14045815 7.96295855 5.18774555 9.0 6.34808485 7.4649575 5.24087645 7.2082031 5.2473942 6.952347700000001 5.2417305 6.70157165 5.22505405 6.45947095 5.1988482 6.2289224 5.16473115 9.0 9.0 
9.0 6.23651895 5.2046018 6.35896275 4.83731535 5.69433205 5.58941875 5.5544027 5.0996885 5.37950225 5.6418754 5.6069043 6.16657675 4.90725755 5.53691715 4.33009955 6.16657675 4.7323571 5.62438985 5.62438985 4.9422736 4.8548009 5.85174695 4.3928947 5.7852659 4.2342211999999995 5.6852072 3.8403693 5.1696307 4.08521195 5.9042036 3.6479833 5.7992903 
9.0 8.4170884 6.6163913999999995 6.929827749999999 8.19813695 4.971581 8.787611250000001 2.79541665 8.4568242 1.18144195 7.1222587 0.36514995000000017 5.25705845 0.8003558499999999 3.3838571 1.83573415 1.6577771000000001 3.4256605999999996 0.7794990499999996 5.35109385 0.96747995 6.82248715 1.9235214999999997 7.6188663000000005 3.3883071499999997 7.6109101500000005 4.9762558 6.8782701 6.2923019 5.6725313 7.04795635 4.20208195 7.0919624 
0.01 0.009999999999999787 0.009999999999999787 4.505 4.505 0.009999999999999787 9.0 9.0 2.819375 4.505 4.505 4.505 4.505 4.505 4.505 9.0 0.009999999999999787 0.009999999999999787 0.009999999999999787 9.0 0.009999999999999787 4.505 4.505 9.0 0.009999999999999787 0.009999999999999787 9.0 0.009999999999999787 0.009999999999999787 4.505 4.505 0.009999999999999787 9.0 
9.0 8.8665884 3.8584392 8.6100138 4.4947514 8.84604625 3.73532115 8.938418500000001 5.32601175 8.63055595 4.5152486 8.71263465 4.12530735 8.6100138 4.4947514 8.4047721 4.1150138 8.8665884 3.55057665 9.0 4.9668163 8.640804549999999 4.26896755 8.6613467 4.81286255 8.732232849999999 4.0891226 8.8665884 3.60190955 8.3431906 4.1150138 8.84604625 3.5197858999999996 
9.0 8.6033612 4.1083612 8.86780205 5.29823265 8.20676735 4.9016388 8.6033612 4.37280205 8.86780205 3.7117673499999997 8.86780205 5.1660347 8.7356041 4.63719795 9.0 4.505 9.0 4.505 7.9423714499999996 5.03383675 8.47116325 4.63719795 8.3389653 4.63719795 8.67020185 4.6218699999999995 8.7356041 3.97616325 8.86780205 4.7693959 8.6033612 4.7693959 
9.0 4.7928598 3.8185685499999997 4.30573665 4.7706994499999995 4.8814113 4.3942881499999995 4.4385639 5.34641905 4.7928598 4.505 5.05855925 4.0621526 4.7706994499999995 4.505 4.5935515 4.3721277999999995 3.9292803999999997 3.5749845 4.81502015 4.5714361 4.81502015 4.6378722 4.8592959 5.2357072 5.76715105 4.2835763 4.23930055 4.084268 4.70426335 4.74858405 4.83713555 4.0178768499999995 
9.0 8.75965235 5.79564935 7.7663022999999995 7.5277975999999995 6.6430018 8.211352250000001 4.56195165 8.51044955 3.38704855 8.30215125 2.3634022 7.02575105 1.09414905 6.38134785 1.51784775 4.8289995999999995 1.5641013 3.62735125 2.14624875 2.5271999999999997 3.1182475499999995 2.02874945 4.31985095 1.5925995999999998 5.22802075 1.9689209999999995 6.1570024 2.6215500499999997 6.575352049999999 3.49205175 6.7694012 4.236199 
9.0 8.557107649999999 6.3832807 7.387688450000001 7.908838749999999 5.873278 8.781902599999999 3.58581745 8.8442033 2.0110391499999998 8.154535450000001 0.8255278499999998 6.79515755 0.14547929999999987 4.97000775 0.39405279999999987 3.0930305999999996 1.3511731499999997 1.5625280499999996 3.0506877 0.5044949499999998 4.76863175 0.2719686000000001 6.50451085 0.8121776999999994 7.83601975 2.02236655 8.52420425 3.66331125 8.455790350000001 5.42013705 7.67644725 6.9705974 
9.0 8.8068948 3.96132975 7.3511441 3.9345844999999997 8.83660675 3.6850221 8.8663187 4.885277 8.64053485 4.4544762 8.26025785 3.39388095 9.0 3.09379475 8.967321349999999 3.5513408 8.940576100000001 3.5602408999999997 9.0 3.2839332499999996 8.6910137 2.7313628999999997 9.0 3.64047665 8.49624535 3.0861532499999997 8.1651886 3.4384264 8.50982025 3.07302785 7.6304184500000005 2.63629365 
9.0 9.0 3.42390755 9.0 3.59462765 8.4310229 4.04979135 8.4879296 4.5619067 9.0 5.0170704 8.65860475 4.78948855 8.3172095 4.33432485 7.3499304500000004 2.8549304499999995 8.4310229 4.4480933 8.715511450000001 4.78948855 9.0 5.6429542 7.29302375 2.79802375 8.30943315 4.255977 9.0 4.22051145 6.89476675 4.6188134 8.2603028 4.3911866 
9.0 4.96056825 4.99095445 4.505 4.505 4.505 4.505 6.9651135 8.2103184 5.90209095 9.0 4.505 4.505 4.505 4.505 6.1754318999999995 0.009999999999999787 5.9932046 0.009999999999999787 4.505 4.505 4.505 4.505 2.5915684 0.009999999999999787 9.0 0.009999999999999787 6.99545475 3.4419774499999995 4.505 4.505 4.505 4.505 
9.0 8.83615725 4.1814499 9.0 3.86073165 9.0 3.54698065 9.0 2.8789787 8.6660215 2.5465734499999995 8.7532245 2.6769733999999996 8.5681204 2.42017405 8.92380975 2.92019785 8.30493815 1.5374009999999996 7.8918026999999995 1.7815244499999996 7.63518315 1.6180862499999997 8.3305147 1.563472 7.0930861499999995 1.3714456 5.64830325 1.6318409499999995 6.5328743 1.2335839499999994 6.25333025 1.204771 
9.0 9.0 4.25647145 9.0 0.009999999999999787 6.7524999999999995 4.00556055 6.12818945 3.5061210999999997 9.0 3.3492455999999997 5.25418165 4.00556055 9.0 2.947033 9.0 2.75855765 9.0 2.5783531 4.505 3.3812499999999996 9.0 2.2425316499999997 9.0 3.2563788999999996 9.0 1.9387146 9.0 3.2563788999999996 9.0 1.6661377999999996 9.0 1.54122175 
9.0 4.505 4.505 0.009999999999999787 0.009999999999999787 0.009999999999999787 9.0 4.505 4.505 0.009999999999999787 9.0 9.0 9.0 9.0 0.009999999999999787 4.505 4.505 4.505 4.505 0.009999999999999787 0.009999999999999787 0.009999999999999787 9.0 9.0 6.4715625 9.0 0.009999999999999787 4.505 4.505 0.009999999999999787 0.009999999999999787 0.009999999999999787 9.0 
0.01 4.505 4.505 4.505 4.505 4.505 4.505 9.0 9.0 9.0 9.0 4.505 4.505 4.505 4.505 2.819375 0.009999999999999787 0.009999999999999787 0.009999999999999787 4.505 4.505 4.505 4.505 0.009999999999999787 0.009999999999999787 0.009999999999999787 0.009999999999999787 0.009999999999999787 9.0 9.0 4.505 4.505 4.505 
9.0 6.3929 1.7630499999999998 4.505 4.505 9.0 0.009999999999999787 8.5505 9.0 6.43785 7.3818 4.505 4.505 4.505 4.505 7.51665 3.20145 8.2808 0.009999999999999787 4.505 4.505 4.505 4.505 5.44895 7.5616 9.0 5.4939 4.505 4.505 4.505 4.505 4.505 4.505 
9.0 9.0 3.7715958 9.0 4.04790345 8.99995505 3.82189485 9.0 3.63849885 8.73277225 2.92496255 8.80828825 3.1661642499999996 8.71766905 2.9581806 8.7521457 3.2416353 8.55665815 2.55493415 8.37263285 2.3785054 8.23526565 2.202661 8.284396000000001 2.38619185 7.9312688 1.8812685 7.45924885 1.4127096999999997 7.593694299999999 1.60406185 7.4144786499999995 1.4831913 
0.01 4.505 4.505 4.505 4.505 4.505 4.505 4.505 4.505 4.505 4.505 4.505 4.505 4.505 4.505 4.505 4.505 4.505 4.505 4.505 4.505 4.505 4.505 4.505 4.505 9.0 0.009999999999999787 4.505 4.505 4.505 4.505 4.505 4.505 
9.0 8.42063945 4.6994537 8.0985727 5.32745015 8.955454549999999 5.8216754 8.52600225 4.13025185 8.487480099999999 4.4138414 8.5705477 3.3037562 8.5239795 5.4023818 8.4895478 4.2963420999999995 8.3011174 4.46045455 8.9047959 2.9756212 8.0539823 3.37671005 8.40041195 4.09177465 8.36921665 4.3742854 8.045891300000001 4.32066005 7.91827825 5.4854494 8.4712981 4.91822535 
9.0 9.0 0.009999999999999787 9.0 9.0 9.0 0.009999999999999787 9.0 0.009999999999999787 9.0 0.009999999999999787 9.0 4.422292 9.0 0.009999999999999787 9.0 9.0 9.0 0.6580441499999998 9.0 9.0 9.0 0.009999999999999787 4.505 4.505 9.0 9.0 9.0 0.94761205 9.0 9.0 9.0 9.0 
9.0 8.53202555 6.2709057 7.47749855 7.7325897999999995 5.83196895 8.5875388 4.28982435 8.74895425 2.4496612499999997 8.307994749999999 1.014183 7.13506945 0.3327859499999999 5.63472835 0.35692409999999963 3.8165907499999996 1.0859231999999999 2.3292401999999996 2.2156515499999996 1.0799448499999995 3.8354697499999997 0.5228345499999998 5.47506595 0.6526501499999999 6.89764355 1.4217446499999995 7.8693276999999995 2.6775127999999997 8.242232900000001 4.18904645 7.9599469 5.7602737 
9.0 6.2709057 6.85952595 0.9618611999999995 5.0148229 3.7575714 1.0718088999999997 7.50168165 4.5584905 8.19732785 6.3243962 1.4830115 5.8862685500000005 2.94087485 1.6431234 6.59198355 5.2006461999999996 6.9665519 4.7725424 2.1752415 6.52599695 2.36308755 2.3656497 5.94982785 7.6621980999999995 6.84109645 6.2512176 7.0735778499999995 6.2709057 2.03764955 3.1603207499999995 5.64857295 1.9951268499999997 
0.01 9.0 0.009999999999999787 9.0 9.0 9.0 0.009999999999999787 9.0 9.0 9.0 0.009999999999999787 9.0 9.0 9.0 0.009999999999999787 9.0 0.009999999999999787 9.0 9.0 9.0 9.0 9.0 0.009999999999999787 9.0 0.009999999999999787 9.0 0.009999999999999787 9.0 9.0 9.0 0.009999999999999787 9.0 9.0 
9.0 7.568252599999999 4.9711315 7.96781315 4.66039215 7.43506575 4.8712526 7.2464106 4.4827946999999995 8.0565894 5.0377474 7.19089735 4.7269631 7.31298155 4.9378684999999995 8.0233264 3.71698155 7.82352365 4.0166632 6.6914579 4.5494106 7.2464106 4.8712526 7.50168165 3.927842 7.37159635 4.39482755 7.94560785 4.6048789 7.25751325 4.183158 6.8135421 4.29413955 
9.0 7.47893695 0.009999999999999787 9.0 9.0 9.0 1.4789210499999998 8.14114035 2.6869522999999997 9.0 0.009999999999999787 9.0 0.4875937499999994 9.0 7.80401535 5.29562555 7.6956409 9.0 8.0127182 9.0 8.3377966 9.0 0.009999999999999787 9.0 8.34179715 9.0 4.11973355 8.8193909 2.8755625 9.0 7.4387966 9.0 6.0662034 
9.0 9.0 5.591351599999999 9.0 6.6891205 9.0 7.78513635 9.0 9.0 9.0 9.0 9.0 9.0 9.0 7.971903599999999 9.0 9.0 9.0 9.0 7.8523366 9.0 8.534632649999999 9.0 7.4100286 9.0 6.22456225 9.0 4.99131405 9.0 3.7242185 9.0 0.8468341499999994 9.0 
9.0 8.2189488 4.8716121999999995 8.0595561 4.1383878 8.5696487 4.42530365 8.6812146 4.5528268 8.107382900000001 4.90348175 8.76091095 4.47313045 8.7449537 4.505 8.6971269 5.41357435 8.77682325 4.47313045 8.61743055 4.53686955 8.1232952 4.8237854 8.60151825 5.2222671499999995 8.52923865 4.87201675 7.995817 4.8078731 8.665257350000001 5.31792075 8.665257350000001 4.505 
9.0 4.505 4.505 4.505 4.505 4.505 4.505 4.505 4.505 9.0 3.00668165 5.25418165 5.6755879 4.505 4.505 4.505 4.505 4.505 4.505 3.6153496 3.52171875 3.7558183499999998 8.57859375 0.009999999999999787 6.7524999999999995 4.69230665 7.87625 3.47488085 0.009999999999999787 3.9431249999999998 3.28761915 3.6153496 0.29093750000000007 
0.01 4.505 4.505 0.009999999999999787 9.0 9.0 9.0 0.009999999999999787 0.009999999999999787 4.505 4.505 0.009999999999999787 0.009999999999999787 0.009999999999999787 3.1003125 0.009999999999999787 0.009999999999999787 9.0 0.009999999999999787 9.0 0.009999999999999787 4.505 4.505 9.0 0.009999999999999787 0.009999999999999787 0.009999999999999787 4.505 4.505 9.0 0.009999999999999787 4.505 4.505 
9.0 4.505 4.505 4.505 4.505 4.505 4.505 0.009999999999999787 9.0 4.505 4.505 9.0 6.18311835 3.9656 3.9656 4.505 4.505 0.009999999999999787 0.009999999999999787 4.505 4.505 9.0 0.009999999999999787 4.505 4.505 9.0 5.52388165 4.505 4.505 4.505 4.505 4.505 4.505 
9.0 4.505 4.505 8.951409049999999 3.4845001499999997 5.35540905 4.26204525 4.505 4.505 8.69627285 4.83300015 9.0 3.606 9.0 4.82086365 9.0 3.99477255 4.505 4.505 9.0 3.55740905 9.0 2.6340911 4.505 4.505 9.0 3.7153184 4.505 4.505 9.0 3.3387272999999995 5.80490905 3.8003638 
9.0 8.80037705 4.49803275 8.38962395 3.9096821999999998 8.7744409 4.4842780499999995 8.227264550000001 2.20486355 8.66022295 4.9710415999999995 9.0 3.86459735 8.9669168 4.3907371 8.81359235 3.8074659 8.28138435 7.28016805 9.0 3.77137105 8.4377654 4.12314975 8.35905795 4.4302032 8.2867334 4.42548345 8.21009365 4.42107835 8.1294983 4.41703285 8.04530695 4.41334695 
9.0 1.6153442999999998 0.009999999999999787 9.0 8.22942215 9.0 0.009999999999999787 9.0 3.45348465 9.0 8.82743695 9.0 2.81132895 9.0 0.009999999999999787 9.0 5.12706305 9.0 0.009999999999999787 9.0 4.35248465 0.7163442999999994 9.0 6.9210625 8.3578443 9.0 9.0 9.0 0.009999999999999787 9.0 0.009999999999999787 9.0 0.009999999999999787 
9.0 4.57993165 2.90365625 4.505 4.505 4.505 4.505 4.505 4.505 4.505 4.505 4.505 4.505 5.0575254 2.0327499999999996 5.53044435 8.22744435 9.0 2.6039746 4.505 4.505 4.8795683499999996 0.009999999999999787 4.02740625 3.7558183499999998 9.0 1.0588183500000001 0.009999999999999787 5.3524873 4.505 4.505 9.0 3.2782245999999997 
0.01 0.009999999999999787 0.009999999999999787 9.0 0.009999999999999787 0.009999999999999787 9.0 4.505 4.505 9.0 0.009999999999999787 9.0 0.009999999999999787 4.505 4.505 4.505 4.505 4.505 4.505 0.009999999999999787 9.0 9.0 0.009999999999999787 0.009999999999999787 9.0 9.0 9.0 4.505 4.505 9.0 6.7524999999999995 4.505 4.505 
0.01 9.0 0.009999999999999787 4.505 4.505 4.505 4.505 9.0 9.0 9.0 0.009999999999999787 1.2742187499999997 9.0 4.505 4.505 0.009999999999999787 9.0 9.0 9.0 0.009999999999999787 9.0 9.0 7.0334375 0.009999999999999787 9.0 9.0 9.0 9.0 0.009999999999999787 9.0 9.0 9.0 9.0 
9.0 4.505 4.505 9.0 5.0843605499999995 8.4805578 4.4151 4.505 4.505 9.0 2.5971422 9.0 5.3840422 9.0 4.2652816499999995 9.0 0.8390578 4.505 4.505 9.0 4.3252 9.0 3.66591835 4.505 4.505 9.0 0.009999999999999787 4.505 4.505 9.0 5.034421099999999 8.58048165 4.0754578 
9.0 4.505 4.505 0.009999999999999787 1.6836683 9.0 6.8003268 4.8636560499999995 3.4529902 0.009999999999999787 2.8791585 5.0788317 1.8510171499999997 9.0 0.009999999999999787 4.505 4.505 8.23490605 4.14634395 3.3812499999999996 9.0 5.27009395 1.32501225 4.505 4.505 3.6442524499999998 2.40093545 3.5008169999999996 2.3053267999999996 7.8523366 8.5696487 1.46849265 6.56123775 
9.0 8.46522985 4.4664778499999995 8.5423191 4.39419825 8.73501975 4.4231011 8.51341625 3.93166275 8.2002496 4.0136066 8.49894235 4.55799605 8.585650900000001 3.88833095 8.4218531 4.230400449999999 8.585650900000001 4.3990079 8.4604202 3.84976385 8.22915245 3.9461366499999997 8.55674805 3.62816035 8.47161275 3.8351101499999998 8.2966224 3.9268530999999998 8.4796588 3.6715371 8.629027650000001 3.74862635 
9.0 8.7571801 4.38430925 0.009999999999999787 5.67958845 2.86913465 6.10697305 7.6181471 1.6539563499999996 9.0 4.35428265 3.200551 4.4802775 2.0394026 5.199567399999999 8.636848950000001 2.4251635 9.0 2.2384411999999996 3.1684117499999997 3.0911427 1.1848131999999998 6.18437695 8.2750464 2.4043067 6.8517496 1.8920564999999998 9.0 1.74538465 4.0719517 5.42544115 4.23004085 6.38898935 
9.0 9.0 4.7328965 9.0 4.99167365 9.0 5.3814351 9.0 5.7839623499999995 9.0 6.0704287 9.0 6.2248319500000004 8.75614625 6.43250095 8.511213699999999 6.77007545 7.9169747 7.1481049500000005 8.1299478 7.2002919 8.0820311 7.3259720999999995 7.50060285 7.3791929 7.17579415 7.62610325 6.7317331 7.7721458000000005 6.61886365 7.72742055 6.00547595 7.887172850000001 
9.0 9.0 4.73644755 8.971366849999999 4.96002885 8.8265829 5.1682822 8.79830935 3.3140048 7.472868699999999 6.96380995 8.1201487 5.64147085 7.82145595 5.7357309999999995 7.50653625 5.7956943 7.18469425 5.8222148 6.864605299999999 5.81754 6.5539109 5.7849962 6.25908385 5.7288087 5.9852035 5.65360735 5.73577595 5.5643816 5.51309365 5.4659411 5.3179657 5.36278085 
9.0 9.0 3.79033995 7.7555143 5.7494857 8.25576285 1.8804594 9.0 3.2370953499999997 9.0 2.26365815 8.0992919 3.94191135 7.958823150000001 5.1629781 9.0 6.27319815 9.0 5.7002205 8.8361123 4.41999955 8.667325049999999 0.3993568999999999 9.0 5.17039485 9.0 3.9843891 9.0 4.00475145 9.0 6.904071399999999 9.0 1.9087779 
9.0 6.634191599999999 4.031856299999999 8.270955950000001 4.5839322 8.24281725 4.62254425 7.58052395 4.26842815 7.58052395 4.505 8.0945272 4.7310086 8.02525925 4.7637322 8.29028445 6.634191599999999 9.0 4.74157185 7.7661225 4.84801345 7.66502995 4.87093795 6.39761975 5.4513323499999995 7.445584050000001 4.9081116 6.8708084 3.55866765 7.2087425 4.9335533 7.0859391 4.94186905 
0.01 9.0 0.009999999999999787 0.009999999999999787 9.0 0.009999999999999787 9.0 9.0 9.0 9.0 9.0 0.009999999999999787 0.009999999999999787 0.009999999999999787 0.009999999999999787 9.0 9.0 9.0 0.009999999999999787 0.009999999999999787 0.009999999999999787 0.009999999999999787 0.009999999999999787 9.0 4.505 9.0 0.009999999999999787 9.0 0.009999999999999787 0.009999999999999787 9.0 0.009999999999999787 9.0 
9.0 7.77407865 4.28025 8.51638295 4.6606169 9.0 7.77407865 7.4880618000000005 4.23939045 6.6707809000000005 3.7490309 8.182314550000001 4.9346770499999995 7.0589691000000006 9.0 6.77295225 5.4857191 7.5084691 4.9544999999999995 9.0 3.1565 8.9386882 0.009999999999999787 7.07942135 5.97607865 7.0663409 5.16455135 6.40517135 4.8727808999999995 6.7042686499999995 5.16320285 9.0 9.0 
9.0 9.0 4.4564090499999995 9.0 4.38350015 9.0 4.2134542999999995 8.78131825 4.4320911 8.951409049999999 4.35922715 8.951409049999999 4.8937725499999996 9.0 4.2134542999999995 8.78131825 4.9180455499999995 8.902818100000001 4.4806820499999995 9.0 4.7965457 9.0 4.6993637999999995 8.902818100000001 4.9180455499999995 8.9350922 4.56123245 9.0 4.35922715 9.0 4.62649985 9.0 4.18913635 
9.0 9.0 2.8041818999999997 7.42068175 5.8413635 7.42068175 3.4116362 8.3925457 5.35540905 9.0 3.29013635 6.813227449999999 4.505 7.2991819 4.26204525 5.9628184 3.5330911 7.733893350000001 3.7109132999999996 7.2991819 4.74795475 7.9066361999999994 5.1124543 6.08431825 3.1686365 7.24834345 3.5087731499999997 7.1335861 3.46993635 7.78513635 1.8323179500000002 6.813227449999999 3.4116362 
9.0 9.0 4.13717415 9.0 3.9958963 8.9661077 3.1654001 9.0 3.01827875 8.8499569 2.96406905 8.3611706 2.3804382499999996 8.636084799999999 2.3397585 7.7901258 1.5731811999999996 7.56748845 1.6486972 8.2111275 0.9846957999999999 7.14936355 1.1434142499999997 7.518133349999999 0.1764947999999995 6.696627149999999 0.6541784499999999 6.21044795 0.73400965 5.58905915 0.5113722999999997 5.81848395 0.47653605 
9.0 7.46473275 6.46558415 6.51341095 7.8674398 4.7440890499999995 8.3305147 3.06538635 8.19714805 1.43702765 6.8607396000000005 0.7197155499999996 4.82463945 0.7826455499999998 3.21390115 2.3909116 1.2809612499999994 4.29108295 0.6392100999999997 5.5519754 1.0745958 7.05200185 2.1618464 7.844785 3.66690725 7.8653721 5.5708993499999995 6.53606575 7.160241449999999 5.42867755 7.9555418 3.67194165 7.8473022 
9.0 5.62875 5.25418165 6.602681649999999 5.70368165 5.3606682 5.5822717 4.8540817 5.40125805 4.5530965 5.1757439 4.39860335 4.9629506 4.33935925 4.78894915 4.3357183 4.6604371 4.3598115 4.5738634 4.3937937 4.52104715 4.4274163 4.49272865 4.45568985 4.48077195 4.47708605 4.4786592999999995 4.4917847 4.481626 4.50099945 4.4866604 4.5061237499999995 4.4919195499999995 
9.0 8.947048899999999 4.60330565 8.6899349 6.037795 8.2764848 6.0882289 7.8630347 6.7033247 7.8126008 6.836961049999999 6.9806662 7.210046050000001 6.4436935 7.48235315 5.93441 7.671412849999999 5.78063605 7.60084135 4.84279925 7.8176352 4.7898931 7.7092158 3.7638194499999997 7.638644299999999 3.7608078 7.2249245 3.77640545 7.01343475 2.94447085 6.49156525 2.99993915 6.18905175 
9.0 9.0 4.2081501999999995 9.0 7.33401815 9.0 4.93458715 9.0 5.416586 9.0 0.009999999999999787 9.0 2.68187295 9.0 3.7924975499999998 9.0 4.72503025 9.0 1.7388668999999997 9.0 3.3105436499999996 9.0 0.009999999999999787 9.0 1.8960120999999996 9.0 0.8473286 9.0 0.009999999999999787 9.0 0.97395275 9.0 2.3360725999999996 
9.0 9.0 3.65863645 8.68692325 2.8797878 4.0164834 0.29781484999999996 9.0 4.30052245 6.7917863 1.45995215 6.0527184 1.37167035 2.18175925 0.12170074999999958 4.75218005 1.7074468499999997 5.99324955 0.009999999999999787 3.91386255 2.468765 3.6933827999999997 2.8987567 3.5910766 3.3107234500000002 3.5849634 3.67787505 3.649152 3.98389465 3.7576612999999996 4.2223543999999995 3.8874769 4.39500735 
9.0 9.0 5.1471557 9.0 7.7157335499999995 9.0 7.7157335499999995 9.0 3.8628443 8.3578443 3.8628443 9.0 4.6189032999999995 9.0 4.505 6.4314221499999995 3.8628443 9.0 4.66758415 9.0 3.22073355 9.0 4.505 5.7892664499999995 3.22073355 9.0 4.72485045 9.0 4.7379309 9.0 7.0735778499999995 9.0 4.505 
9.0 4.750427 4.56959315 4.3887593 4.7116801 4.56959315 4.7116801 4.15623295 4.5437468999999995 4.5824938 4.20792545 4.3370668 4.6987345 4.13043165 4.2983199 4.07873915 4.8666677 4.32416615 4.7374814 4.59539445 4.60834005 4.3370668 4.45335245 4.64708695 4.4662531 4.5437468999999995 4.5824938 4.6212406999999995 4.55664755 4.6212406999999995 4.55664755 4.2983199 4.47915375 
9.0 9.0 6.54820225 9.0 2.4617977499999997 9.0 4.91364045 9.0 4.09635955 9.0 4.505 9.0 3.2790786499999998 9.0 3.6877191 9.0 4.91364045 9.0 4.505 9.0 2.8704381999999997 9.0 4.91364045 9.0 4.09635955 9.0 4.2841157 9.0 6.54820225 9.0 3.2790786499999998 9.0 3.6877191 
9.0 6.794393400000001 0.2798797999999998 9.0 5.7055246 4.346776 0.009999999999999787 9.0 0.009999999999999787 6.4686407500000005 0.009999999999999787 4.505 4.505 0.009999999999999787 2.96478825 2.81123905 4.66785385 9.0 0.009999999999999787 4.505 4.505 4.505 4.505 3.77442765 8.6510082 6.2918524 5.69621995 4.505 4.505 9.0 5.5473006 4.505 4.505 
9.0 7.306958249999999 4.3481245 7.16087075 4.52662095 7.22038455 4.16962805 7.34480615 4.54828685 7.31235225 4.16962805 7.5179086 4.829539 7.3339732 4.1263412 7.539529549999999 4.9161127 7.523302599999999 4.505 7.15547675 4.9593546 6.755197000000001 4.64564855 7.46922775 5.13785105 7.222811849999999 4.59575405 6.8147108 4.7051174 7.27989835 4.46171315 7.2636714 4.0938873 
9.0 8.2868233 3.6796281 6.4667978 4.63620905 8.704273950000001 4.49299835 8.45821765 5.12508525 8.15138895 4.42458445 8.48572705 6.97684545 8.6275443 1.9210042999999994 7.87625 3.178076 8.4010862 3.6013252 9.0 9.0 6.6001195 3.7727645 8.553466700000001 4.3801289 8.7014421 4.4529479 7.273110900000001 3.0532049 8.30161185 3.3495152999999998 8.69986885 4.44094625 
9.0 6.2757603 3.4153221 7.321342250000001 4.5620864999999995 6.54820225 4.91364045 7.3654382 4.91364045 5.4584794 3.5515206 7.0930412 5.1860824 6.2757603 4.505 7.0292122 4.71001695 6.82059925 4.6411985 8.046520600000001 5.3222809 5.86711985 3.8239175999999997 6.6862437 4.77150855 6.5889719 4.7810828999999995 6.00331835 4.3688015 6.3864272 4.7931295 6.2757603 5.5946779 
9.0 4.4212131999999995 4.12476795 4.505 4.505 4.505 4.505 5.0205765 3.2998905 2.45244815 2.7891686 4.505 4.505 2.9921628 6.2401599 2.8358716499999996 5.1800591 7.3695736 5.49906925 4.505 4.505 4.505 4.505 3.8396051499999997 4.4453963 5.43299275 4.4018847 4.505 4.505 5.25094525 5.5876657 4.1360504 6.2160217499999995 
9.0 7.6906064999999995 3.3910041499999997 7.3974426 4.7004426 6.53750415 6.2248319500000004 7.43650415 5.3258319499999995 6.7524999999999995 5.71671715 7.1042787 3.46921715 6.77205325 6.2052787 6.2443852 2.5897254499999995 6.1271106500000005 3.3323893499999997 5.71671715 5.03266805 6.8984077 4.3321672499999995 5.9121147999999994 3.9577787 6.7493535 4.3133332 6.6782426 4.3050624 7.3974426 3.3714958499999996 6.77205325 5.16949585 
9.0 9.0 5.5414571 9.0 0.97602045 9.0 4.037475049999999 9.0 5.1978593 9.0 5.755509 8.915493999999999 4.1965980499999995 9.0 4.8021195 8.8112999 3.6530177 8.2621008 3.8022966499999997 8.88313 4.6725736 8.9830988 4.9204279 9.0 4.44867765 8.830898099999999 4.29836485 8.60286675 4.67963075 9.0 3.8881961 8.84370885 3.97832085 
9.0 0.009999999999999787 5.76831975 5.5038789 5.18073335 1.1025996499999997 1.3142691999999996 3.1241809499999995 7.7073279 0.009999999999999787 9.0 0.8326299499999998 6.03271565 0.9501292499999994 4.3875006999999995 0.09814695000000029 0.7738353499999997 1.8021115499999998 2.0665524 4.29935375 0.7738353499999997 8.7356041 0.2743959 0.009999999999999787 2.5659918499999996 7.84860575 4.9174612 0.009999999999999787 4.74004355 5.32762995 4.6224993 2.6979650499999996 2.3365670499999998 
9.0 9.0 6.9728449 7.325387749999999 9.0 4.5931469499999995 9.0 2.301551 8.647457150000001 0.80323265 7.149138799999999 0.009999999999999787 5.03383675 0.1862938999999999 3.00668165 1.5964652999999998 1.4202163499999996 3.44737145 0.6269387499999999 6.091465299999999 0.009999999999999787 7.8542245 1.24392245 8.647457150000001 3.53547345 8.6796863 5.4883261999999995 7.76607755 7.06099185 5.5626285499999994 8.559310199999999 3.97616325 8.559310199999999 
9.0 8.8148959 4.96029855 9.0 4.4187859 8.92416935 4.61984725 8.863981299999999 4.0862457999999995 8.95302725 4.3829158 8.909201 4.3658348 9.0 4.26483215 9.0 4.27220395 8.723108 4.57498715 8.893018999999999 4.0876842 8.90511055 4.2659559 8.62093665 3.80040875 8.80568115 4.19057475 8.5944611 4.56374965 9.0 4.0196748499999995 8.6918228 4.1953844 
9.0 7.9345052 4.1553789 9.0 3.1731314999999998 9.0 0.6509420499999998 8.100999999999999 4.77968945 6.5527422 2.5821289 9.0 3.93948405 9.0 0.75082095 6.71919205 4.5882474 8.2008789 4.2386263 8.91976425 3.6087869 9.0 5.49556315 7.6348685 3.3146790499999996 8.647052599999999 3.40152245 8.051060549999999 4.59656315 8.4377654 3.28663025 9.0 1.9411868499999998 
9.0 8.4699496 3.84697695 8.7036896 4.00798785 8.644895 3.7655724999999998 8.47439965 3.7392317999999998 8.4813669 3.07518545 8.33784155 3.09073815 8.1961142 2.8902162 8.13161095 2.9932415999999997 7.887172850000001 2.3913610999999997 7.67644725 2.3854726499999996 7.4784425 2.25367925 7.26030015 2.3435343 7.0583398 2.0494264499999995 6.76054605 1.8145627000000002 6.62102125 1.9259038499999996 6.40139555 1.8940342999999995 
0.01 9.0 9.0 9.0 0.009999999999999787 9.0 9.0 9.0 9.0 9.0 9.0 9.0 9.0 9.0 9.0 9.0 0.009999999999999787 0.009999999999999787 9.0 0.009999999999999787 9.0 0.009999999999999787 9.0 9.0 0.009999999999999787 9.0 9.0 0.009999999999999787 9.0 0.009999999999999787 0.009999999999999787 0.009999999999999787 9.0 
9.0 3.3063183499999997 6.303 3.27773015 5.05154705 3.7058789 4.3052421999999995 4.7833304 4.19578895 4.70552195 4.62074625 4.46521925 4.6275337 4.4337093 4.4975382999999995 4.5008196499999995 4.4653091499999995 4.5261265 4.49812265 4.5112030999999995 4.5156981 4.4998757 4.5095849 4.50189845 4.5027525 4.50585405 4.50306715 4.5061687 4.50522475 4.505 4.50567425 4.5046403999999995 4.5050899 
9.0 9.0 4.3373365 9.0 4.17313415 8.98206495 4.00879695 8.992718100000001 4.05860155 8.95239795 3.8840607 8.8504963 3.52980975 8.7881956 3.3767999499999997 8.6060582 2.95872 8.57661595 3.0597676 8.55009545 2.94563955 8.4549363 2.81294715 8.38027435 2.5725995 8.2435814 2.5666661 8.16541335 2.5904446500000002 8.00745905 2.34843385 7.88141925 2.2506676 
9.0 7.3735292 9.0 5.44144335 0.009999999999999787 9.0 9.0 8.447969050000001 5.89489895 1.4984742999999998 9.0 4.23885105 7.1468014 4.5838423 4.7317278 2.18850175 0.009999999999999787 5.1457173 4.35715945 5.97374125 2.533493 0.009999999999999787 9.0 8.14239895 0.009999999999999787 9.0 4.229007 9.0 9.0 5.4315993 0.009999999999999787 9.0 9.0 
9.0 5.8999783 4.03999225 5.5900031 4.03999225 5.4350154999999996 4.19497985 4.83785475 4.26087655 4.66902255 4.33917945 4.58172965 4.39788415 4.53830795 4.4383840999999995 4.51763095 4.46485965 4.5085061 4.48149115 4.50486515 4.49155995 4.5037414 4.4975382999999995 4.50360655 4.5009545 4.50387625 4.5028424 4.5041909 4.5039212 4.5044606 4.5044606 4.5046403999999995 4.5047303 
9.0 8.97927805 4.24028945 8.33667285 4.6086547 8.2537401 2.8100254 9.0 4.674012 8.33667285 3.70691275 7.19098725 2.48472225 7.2260932 2.78687615 8.2968022 2.7725371 7.1216294 3.0579696 7.0658464500000004 3.1711536999999996 6.1657227 2.37630285 7.058654450000001 2.20486355 6.3514561 2.4297484 5.4609067 2.9726545 6.40490165 2.05580935 5.34291295 2.468765 
9.0 8.5557142 5.25148465 8.069490049999999 6.18518605 7.7859005 6.77564925 7.1922908 7.78621515 6.49641985 8.1527824 5.6023194 8.43781035 4.7943881 8.327458100000001 3.93813555 8.4334502 3.21318195 8.08378415 2.40875675 7.4682838 1.9367817499999997 6.92353475 1.4412529499999995 6.30079745 1.2756121999999999 5.66628325 1.2520134499999998 5.0092491 1.2921987499999998 4.25665125 1.46192995 3.6103152 
9.0 8.41066055 4.1853605499999995 9.0 4.3928947 9.0 4.19533945 8.4506211 4.5149789 8.260842199999999 4.2153422 9.0 4.17744935 9.0 3.606 8.41066055 4.74471835 8.4606 4.3351789 9.0 3.9869063 9.0 3.66591835 8.3007578 4.6648422 9.0 3.8684181 8.2008789 3.84571835 9.0 3.80337545 9.0 2.5172210999999995 
0.01 0.009999999999999787 9.0 4.505 4.505 4.505 4.505 0.009999999999999787 9.0 9.0 9.0 4.505 4.505 4.505 4.505 9.0 0.009999999999999787 0.009999999999999787 9.0 9.0 9.0 4.505 4.505 0.009999999999999787 0.009999999999999787 9.0 0.009999999999999787 9.0 9.0 0.009999999999999787 9.0 4.505 4.505 
9.0 4.505 4.505 9.0 0.009999999999999787 4.505 4.505 4.505 4.505 9.0 9.0 9.0 3.3658771 9.0 5.5517956 9.0 0.009999999999999787 4.505 4.505 4.505 4.505 9.0 9.0 4.505 4.505 9.0 0.009999999999999787 4.505 4.505 9.0 0.009999999999999787 4.505 4.505 
0.01 4.505 4.505 9.0 9.0 9.0 9.0 4.505 4.505 4.505 4.505 0.009999999999999787 0.009999999999999787 4.505 4.505 0.009999999999999787 0.009999999999999787 4.505 4.505 4.505 4.505 9.0 9.0 4.505 4.505 9.0 9.0 4.505 4.505 0.009999999999999787 9.0 4.505 4.505 
9.0 7.154353 1.7663313499999997 8.3450785 6.9906451 8.1516137 4.83246075 7.05020385 5.23431375 5.97850595 5.5915314 6.767378450000001 5.0557274 7.37761965 5.3980666 7.7348373 6.425039249999999 6.94600975 5.13011965 7.4371784000000005 5.75528425 7.6008863 4.83246075 6.836646399999999 5.70305235 6.70813435 5.74953065 6.5824092 5.7894013 6.4596058 5.8231138 6.33990395 5.8508929 
9.0 9.0 6.7524999999999995 9.0 5.62875 5.62875 9.0 5.26245245 8.603541 3.9055467999999998 8.1214073 2.97189035 7.237645349999999 2.535291 6.2066272 2.5423481499999996 5.256069549999999 2.8564138 4.5354760999999995 3.31485885 4.09932625 3.7777988999999996 3.9222682 4.1551991 3.9321572 4.41109945 4.0446221 4.55143335 4.1887318 4.6049688 4.3188170999999995 4.60609255 4.41433585 
9.0 8.0933585 4.92829415 8.01689855 5.4334872 7.724678600000001 5.7666566 7.620934 6.3592774 7.46796915 6.7579839 7.1075151000000005 7.2385893 6.7169895 7.13210275 6.0042623 7.55535195 5.83493565 7.3614826 4.93647505 7.5662748 4.5978667 7.752008200000001 4.1117774 7.345075850000001 3.96897125 7.2332852 3.6857413 7.02287425 3.3580558 6.82895995 3.2761119499999998 6.41389165 
9.0 5.97886555 5.0013379 5.2228515 5.8223946 5.135199 7.853100749999999 3.37536155 8.64008535 3.76319015 5.7035468 1.6410556999999995 5.62268175 0.11563249999999936 4.48985185 3.46094635 3.61009045 3.1330361 2.3075742999999997 3.8565513 0.4599045500000001 4.92505775 3.2052258 5.7773996499999996 3.670728 6.28497505 3.9881649 5.89867475 4.7573493 5.46886285 5.428273 5.1062512 5.6926689 
9.0 8.12918365 5.09245155 7.7890919499999995 5.59831885 7.40944425 5.3607581 6.16468885 6.55368615 6.51844535 6.59243305 5.62875 7.0809946 5.6373804 6.17331925 5.18891425 6.83687115 4.0641304 7.089625 4.3493831 6.43268075 4.1069227999999995 6.5018588 3.83331215 6.3032696999999995 3.608697 6.0771712 3.4337516 5.83286795 3.3078016999999997 5.5791252 3.4331223 5.9053723 
9.0 8.15237785 4.6719443 8.33217785 4.49857215 8.056049999999999 4.5370943 8.08171645 4.3123442999999995 8.44131645 4.505 8.35141645 4.2032057 8.38998355 4.5178557 8.22942215 4.26096645 8.14595 3.97202785 7.959722149999999 4.12611645 8.2936557 4.28025 7.96615 4.19677785 8.1728301 4.11532845 8.21656645 4.0362164499999995 8.16523355 4.28025 8.19732785 3.82432215 
9.0 9.0 4.2271190999999995 9.0 4.6372428999999995 9.0 4.27436155 9.0 4.42827035 9.0 3.9779163 8.30296035 4.2711701 8.7029704 4.2084199 7.6141915000000004 4.17331395 7.459608449999999 3.5895033499999998 8.7712045 3.0864678999999997 8.1392974 3.0821527 8.3226934 2.9390319 7.76517855 3.1936286999999997 7.7905753 2.7710087999999997 6.9483022000000005 3.3235342 7.39110465 2.73005935 
9.0 9.0 5.55660525 8.613609799999999 6.84298435 8.011999 7.7478728 6.647317 8.2907789 5.74737305 8.6282635 4.93054165 8.4717476 3.5169989999999998 8.613609799999999 2.9691484 7.89948915 2.196368 7.405488650000001 1.6045113499999997 6.5103993 1.1741150999999999 5.8158319 1.3208319 4.66641545 1.2806915499999998 3.96816215 1.5849581000000001 3.23817415 2.20126755 2.50450025 2.8224316 2.1083109499999995 
9.0 8.891580600000001 4.0284401 8.757314950000001 3.5700399999999997 8.6766297 3.2306675 8.3705202 3.2759771 8.0904817 2.35059145 8.02121375 2.2231582 7.859528600000001 1.7434517999999999 7.10962775 1.4445343 6.2064474 1.1948370499999998 6.1377638 1.0635381000000002 5.938815099999999 0.92010265 5.5295004 0.8355516999999999 5.11897205 0.7961754999999999 4.7120397 0.8013447500000002 4.3134231 0.8497558999999999 3.8832516 0.8651737499999999 
9.0 9.0 4.1133057 9.0 3.72902815 8.39924325 0.8290339499999999 8.767024150000001 7.2493323499999995 8.79651135 2.6448791 8.4824457 3.0784668 8.45776815 3.45168665 8.14824245 1.710009 5.05541275 0.009999999999999787 8.5632658 5.00183235 7.30794715 0.9743123499999999 6.99473555 0.7800834000000001 6.6687132 0.6130941499999998 6.3322175 0.47415369999999957 5.9876308 0.3638463999999999 3.9053220499999997 0.009999999999999787 
9.0 8.80487205 4.87102785 8.88704065 4.25026835 8.87256675 4.1236442 8.82456015 4.21008305 8.762529149999999 4.56249105 8.7948482 3.75006475 8.7578094 3.6286098499999997 8.983368500000001 3.0545533999999996 8.56591785 2.8912050999999996 8.614688600000001 3.2771457999999996 8.556792999999999 3.16517535 8.99546005 2.67342235 8.426617799999999 2.9503592999999997 8.64305205 3.12867595 8.27859745 2.74920805 8.1983617 2.65427365 
9.0 9.0 4.5244633499999996 9.0 4.45065545 9.0 4.371948 9.0 4.1897207 8.90286305 4.2237928 9.0 4.2108472 8.87688195 4.14913085 8.66561695 3.8907582499999998 8.7385708 3.86100135 8.98152555 3.8645524 8.76693425 3.8952532499999997 8.526631550000001 3.56774755 8.50856165 3.69999045 8.3546978 3.6710876 8.27077615 3.60146005 8.27482165 3.5715683 
9.0 6.7524999999999995 4.505 6.2443852 4.97405325 6.7133935000000005 4.7981639 6.61571715 4.32911065 6.1075574 3.93822545 6.5570574 4.71999585 6.77205325 4.62227455 6.1075574 5.3844467499999995 6.4007213 5.16949585 6.4007213 4.38772545 5.9512213 3.9968852 6.63522545 4.4658935 6.38341555 4.8155146 6.2443852 4.68088935 6.08800415 5.16949585 6.51799585 5.28672545 
9.0 8.62543165 5.81605665 8.25081835 3.7558183499999998 7.688943350000001 5.62875 8.438125 4.13043165 8.62543165 4.69230665 8.25081835 5.066875 7.688943350000001 4.505 8.438125 4.69230665 9.0 4.8795683499999996 7.50168165 4.13043165 7.87625 5.25418165 8.25081835 3.9431249999999998 8.2716302 4.7523598499999995 9.0 5.44144335 7.688943350000001 4.505 7.688943350000001 4.69230665 
9.0 9.0 4.5546697499999995 9.0 4.5546697499999995 9.0 4.609284 8.9751876 4.4404518 8.9751876 4.49506605 8.92551785 4.609284 9.0 4.5447358 8.89072655 4.53974635 8.90564995 4.57948215 8.910594450000001 4.53480185 8.9155839 4.59935005 8.870858649999999 4.47519815 8.91158335 4.57692 8.90564995 4.57453765 8.9354518 4.59935005 8.9403963 4.6291519 
9.0 8.651502650000001 3.6308124 8.839034049999999 3.7105536999999997 8.4167288 3.4890401 8.177504899999999 3.2882035 8.06823145 3.20554045 7.6650749000000005 2.27372695 7.3520431 2.25898335 6.1795672999999995 1.3257314500000001 5.7217965 1.26370045 6.3257446999999996 2.0699685999999997 6.0112295499999995 1.8218895499999994 5.1680125 1.6461350499999998 4.9235744 1.8264744499999996 4.1830681 2.0359864 4.422292 2.0743736999999998 4.16980785 2.3519848999999997 
9.0 8.06310715 5.26245245 4.505 4.505 7.04651795 4.8139863 6.279086599999999 9.0 6.22923705 8.98008715 4.39536695 6.89701425 5.5714387499999996 5.083057 4.3853880499999995 8.7807339 2.2126399 8.3222439 4.04651 6.24919485 2.5913886 5.5714387499999996 0.38874869999999984 8.1329145 2.9701373 8.4717476 0.009999999999999787 7.6245749499999995 0.009999999999999787 5.083057 4.505 4.505 
9.0 7.50168165 4.4435983 8.8833098 4.81205345 6.7340705 6.7586581500000005 7.906950849999999 4.49272865 7.4341218 3.87250855 6.3103718 2.30663035 6.2673996 7.14549785 7.9560812 5.93580345 8.0359124 5.01468805 6.64196795 2.48472225 9.0 4.53570085 7.2314872 4.81816665 7.5910872 5.2731056 8.4411816 4.85502565 6.9919936 5.6103205 5.1313333 6.66651065 
9.0 8.5372847 6.2236632499999995 8.6033612 6.190625 7.84321175 7.54573265 6.5541806000000005 8.00844795 5.3643541 8.50424645 4.4058402999999995 8.37200355 3.5795693999999996 8.20676735 2.819375 7.54573265 2.2575 6.6533403 1.1998714499999998 6.2236632499999995 0.6379964499999997 4.9016388 1.1667882499999997 3.9431249999999998 1.4517712499999997 3.42031155 2.0261423499999998 2.58801735 2.5218958999999996 2.22446175 3.2160138 1.9600209 
9.0 6.63279815 5.38273865 4.78427435 3.6804821499999996 7.3061042 4.5502196999999995 6.5530119 4.3055119 7.0450795500000005 4.58478625 6.51314125 5.74179925 7.7233301 4.3321223 7.00516395 5.0635487 6.366829 5.0236331 6.87687665 4.6327479 6.80567585 4.02623755 6.65940855 4.39860335 6.595804299999999 4.65149205 6.9120725 5.6354026 5.94128735 3.85335985 6.06094425 4.4916948 
0.01 9.0 9.0 9.0 0.009999999999999787 4.505 4.505 4.505 4.505 0.009999999999999787 0.009999999999999787 4.505 4.505 4.505 4.505 0.009999999999999787 9.0 9.0 9.0 0.009999999999999787 9.0 0.009999999999999787 9.0 9.0 0.009999999999999787 9.0 9.0 0.009999999999999787 9.0 9.0 9.0 4.505 4.505 
9.0 8.7843299 4.6063173 8.71937715 4.4478235999999995 8.7089937 4.5595693 8.85188975 4.4270567 8.8622732 4.5283739999999995 8.80514175 4.3672732 8.786937 4.48679525 8.976626 4.38547795 8.989616550000001 4.5855504 8.7116008 4.28155355 8.72198425 4.3984685 8.8674874 4.3049275499999995 8.82986425 4.4309673499999995 8.88308505 4.5907646 8.7947583 4.3517205 8.812918100000001 4.54136455 
9.0 7.9016018 6.7362281 8.2605725 6.94582995 6.9734742 7.74423185 6.08836375 7.6871004 5.1104315499999995 8.76396755 4.0636809 8.7203211 2.8147002 8.20092385 2.1342470999999996 7.70368695 1.4323079 7.56110555 1.3511731499999997 5.6267722 0.94734235 4.63962525 0.05548939999999991 3.1969999499999995 1.3426775999999996 3.0309996 1.6591255999999999 3.64263425 2.9708115499999996 1.7875926999999998 3.6235754499999997 1.6751277999999998 
9.0 8.25738105 5.80823535 7.6180572 6.6492049 6.7180683000000005 7.57872595 5.49349545 8.40490695 4.1410848 8.32624445 2.9066678999999995 7.9967609500000005 2.13456175 7.13120375 1.3427675 5.91153045 1.0968460499999995 4.68205805 1.3034362499999994 3.8165008499999997 1.8837407499999999 2.7443983999999997 2.8329049499999996 2.1247176999999997 3.7430974999999997 1.7692081499999999 4.88370375 1.7411143999999998 5.6361218 2.3263634 6.32956545 2.91651195 
9.0 9.0 9.0 9.0 6.8086875 7.314375 0.009999999999999787 9.0 9.0 4.617375 4.64546875 9.0 9.0 4.505 4.505 9.0 0.009999999999999787 9.0 9.0 9.0 9.0 5.9096875 9.0 9.0 9.0 9.0 9.0 9.0 9.0 0.26284375000000004 9.0 4.505 4.505 
0.01 9.0 0.009999999999999787 9.0 9.0 9.0 9.0 9.0 9.0 9.0 9.0 9.0 0.009999999999999787 9.0 9.0 9.0 9.0 9.0 0.009999999999999787 9.0 0.009999999999999787 9.0 0.009999999999999787 9.0 0.009999999999999787 9.0 9.0 9.0 0.009999999999999787 9.0 9.0 9.0 9.0 
0.01 4.505 4.505 4.505 4.505 4.505 4.505 4.505 4.505 4.505 4.505 9.0 9.0 9.0 9.0 9.0 0.009999999999999787 4.505 4.505 9.0 9.0 9.0 0.009999999999999787 9.0 9.0 9.0 4.505 9.0 9.0 9.0 0.009999999999999787 4.505 4.505 
9.0 5.9808883 4.6182739999999995 5.1898582 5.4614461 5.17560905 7.83143485 3.3495152999999998 8.6549638 4.0414756 5.376131 1.7472276 5.6640806999999995 0.27731764999999964 4.26186545 3.9153908499999996 3.8609114499999997 3.14234075 2.49955575 3.99216545 0.6574148499999999 4.6249266 3.4807692999999995 5.7609929 4.2220397499999995 6.02147815 3.9711738 5.74818215 3.99216545 5.1827561 5.1026552 5.05325515 5.4250366 
9.0 7.46760955 1.67858895 4.505 4.505 4.505 4.505 7.97842135 9.0 9.0 3.2450514999999998 4.505 4.505 4.505 4.505 7.29733895 3.48342135 8.28489045 0.009999999999999787 9.0 0.009999999999999787 4.505 4.505 4.505 4.505 9.0 0.28244194999999994 3.92608895 0.31646909999999995 4.505 4.505 4.505 4.505 
9.0 8.5239795 5.10845375 8.415694949999999 5.92285785 8.051375199999999 6.4552906 7.354290600000001 7.20087625 6.93243485 7.697169199999999 6.28947005 7.92843695 5.5957567 8.07955885 4.9155733 8.0829301 4.09330295 7.93293195 3.5969650499999997 7.5133237 3.14467815 7.3193195 2.6821876 6.77448055 2.42763575 6.33684735 2.2433856999999997 5.7299774 2.1306061499999998 5.3667814 2.3110804 4.7734414 
9.0 8.31599585 4.9813801 9.0 6.2638935 9.0 0.009999999999999787 7.5138631 4.8836588 9.0 5.7203581 9.0 7.2288801 9.0 6.10103965 9.0 4.6251064 7.1311588 2.57102625 9.0 7.3591452 8.5113935 5.699995749999999 8.59693335 3.00668165 9.0 5.2215929 6.19876095 4.41748235 9.0 5.5147568 9.0 6.186534549999999 
9.0 9.0 9.0 6.154665 4.7818021 5.08903535 8.67244935 3.2650093 8.7121402 3.08786135 6.19894075 0.5857195999999996 6.1657227 0.3310778499999998 4.10642835 2.7557257999999996 2.9660918 2.4124876 0.7960856000000001 4.26141595 0.29785979999999945 5.6564391999999994 3.58608715 7.8219504 2.4395474999999998 8.34692145 4.19794655 9.0 9.0 6.2432165 4.5160577 5.3032221 8.0915605 
0.01 0.009999999999999787 9.0 0.009999999999999787 0.009999999999999787 4.505 4.505 0.009999999999999787 9.0 9.0 0.009999999999999787 0.009999999999999787 0.009999999999999787 0.009999999999999787 9.0 4.505 4.505 0.009999999999999787 0.009999999999999787 0.009999999999999787 9.0 4.505 4.505 9.0 0.009999999999999787 9.0 9.0 9.0 0.009999999999999787 9.0 9.0 4.505 4.505 
9.0 8.95617375 4.24496425 8.99069535 3.92024545 8.93990185 3.6316214999999996 8.9718613 3.34335715 8.673573099999999 3.1506564999999997 8.66966245 2.79847325 8.5420494 2.5363697999999997 8.3222439 2.1647232 8.43511335 1.9394787500000001 8.0567692 1.81523695 7.863888749999999 1.6005557499999998 7.5742759 1.4268689499999998 7.43785265 1.2158286999999999 7.2473995 1.1178826499999999 6.9661024000000005 0.8965038999999995 6.71631525 0.7631372499999998 
9.0 8.669932150000001 4.6926213 8.5175067 5.2136816999999995 8.375105099999999 5.39460545 8.26619125 6.1468437 8.12882405 6.3119001 7.93113395 6.3278124 7.4980407 6.678782 7.20653995 6.8312524 6.9049704 6.850491 6.68215325 6.9418294 6.4174427000000005 7.0079958 6.003633 6.9895663 5.7176611 6.9419193 5.50769965 6.9074876 5.1483244 6.7131238 5.0252063499999995 6.59836645 
9.0 7.09623265 4.43447345 6.3206204 4.505 6.23247345 5.08669795 6.303 4.2406041 7.04337145 5.1396041 6.602681649999999 4.87516325 6.867077549999999 4.2582245 7.1138530499999995 4.57552655 6.7613102 4.505 6.5673959 4.80468165 7.1138530499999995 4.87516325 6.7436898 4.5226204 6.689614949999999 4.95625305 6.58506125 4.87516325 6.5321551 5.5626285499999994 6.44400815 5.28061225 
9.0 8.910189899999999 4.50837125 9.0 4.505 8.9542409 4.50162875 8.76270895 4.6126103 8.896615 4.6007435 8.9050656 4.64313135 8.9626915 4.6100931 8.72710855 4.7617993499999995 8.7101624 4.7422910499999995 8.898323099999999 4.7533038 9.0 4.78553295 8.73726725 4.86940965 8.85206955 4.83111225 8.80675995 4.8685556 8.9186405 4.8702637 8.87625265 4.8922892 
9.0 0.009999999999999787 0.009999999999999787 4.505 4.505 6.7890893000000005 0.9763350999999996 7.2283407 5.98381005 0.009999999999999787 2.6455083999999998 4.505 4.505 4.505 4.505 9.0 3.3043854999999995 6.1448659 1.6498659 8.8682066 0.009999999999999787 0.009999999999999787 0.009999999999999787 9.0 1.8255754499999997 0.009999999999999787 0.009999999999999787 0.009999999999999787 0.009999999999999787 9.0 0.009999999999999787 4.505 4.505 
