3.5264965986394543 2.847008196721311 2.4501428571428594 3.500797872340427 2.368032786885246 2.0147386759581885 0.8113370473537606 9.0 1.4893670886075951 4.474317406143345 2.40095744680851 1.1521721311475428 2.6839158345221112 
2.9760884353741517 6.476168032786886 5.853500000000002 7.326329787234044 3.5470491803278676 3.831533101045297 4.492479108635098 5.091304347826087 3.6799683544303803 0.623651877133106 4.218085106382978 6.826188524590165 0.5678673323823111 
8.969421768707484 1.7601024590163938 3.606 0.3925531914893625 3.5470491803278676 7.277177700348431 8.273788300835655 2.3552173913043473 7.236139240506329 4.781143344709898 6.89595744680851 6.3840573770491815 8.147168330955779 
3.312448979591835 8.465758196721312 5.27557142857143 6.6090425531914905 2.6627868852459002 2.547247386759582 0.6610863509749304 9.0 1.9445569620253171 2.863481228668942 3.261702127659574 1.5574590163934436 1.529707560627675 
1.8141156462585002 6.236680327868853 3.606 5.174468085106384 0.3047540983606556 3.5182926829268295 3.540891364902507 4.8958695652173905 2.655791139240507 1.0225255972696248 2.9747872340425534 4.799754098360657 1.9465049928673328 
2.578571428571429 1.2811270491803282 2.5143571428571434 4.409361702127659 3.6944262295081955 0.3858885017421607 1.712841225626741 3.918695652173913 2.96873417721519 1.3677047781569964 4.084191489361703 2.0364344262295093 3.806062767475036 
2.578571428571429 3.5286270491803275 2.578571428571431 3.261702127659576 1.4837704918032788 4.614634146341464 4.7929805013927576 1.5734782608695652 4.476550632911392 0.6773464163822528 6.417765957446808 7.489385245901641 0.08694721825962937 
4.902517006802725 9.0 2.000642857142857 4.935372340425533 1.189016393442623 5.147142857142858 5.794651810584958 2.550652173913043 4.533449367088608 1.0225255972696248 2.40095744680851 6.752500000000001 0.6640513552068477 
0.04057823129252114 5.205040983606558 0.010000000000001563 3.978989361702129 4.283934426229507 6.901289198606272 5.619359331476324 1.3780434782608695 9.0 1.2526450511945395 2.5922340425531916 5.684016393442624 1.8310841654778889 
7.440510204081633 1.7969467213114754 4.954500000000001 1.8271276595744688 3.3996721311475397 7.1205574912891985 8.073454038997214 0.010000000000000231 3.6515189873417726 3.1933191126279867 3.8355319148936173 8.447336065573772 5.248823109843082 
4.963673469387757 1.0784836065573769 1.8080000000000016 2.06622340425532 2.957540983606556 4.458013937282229 5.769610027855154 2.1597826086956524 2.7126898734177223 1.8662969283276452 6.70468085106383 5.24188524590164 4.7679029957204 
4.719047619047622 1.3916598360655736 5.018714285714287 9.0 9.0 7.277177700348431 6.395654596100279 0.7917391304347823 4.39120253164557 1.5978242320819116 7.947978723404256 8.22627049180328 4.543473609129816 
8.113231292517007 2.2943442622950823 3.0922857142857136 3.261702127659576 3.9891803278688514 6.180836236933797 7.472451253481894 0.987173913043478 5.586075949367089 3.438779863481229 7.374148936170212 7.010409836065575 7.909914407988589 
5.238877551020408 2.662786885245901 5.4682142857142875 3.5486170212765975 3.3996721311475397 5.710975609756097 7.272116991643455 2.550652173913043 6.809398734177215 3.385085324232082 5.270106382978724 7.010409836065575 5.8259272467903 
2.8231972789115645 0.2863319672131146 1.8080000000000016 3.500797872340427 1.4837704918032788 7.9663066202090596 8.549247910863508 1.3780434782608695 4.3627531645569615 2.479948805460751 5.365744680851065 5.536639344262296 2.459486447931527 
1.1413945578231335 1.4837704918032786 0.39528571428571446 3.978989361702129 1.189016393442623 4.771254355400696 3.2654317548746516 3.918695652173913 2.8549367088607593 0.6083105802047785 4.409361702127659 4.320778688524591 0.8884807417974323 
4.3826870748299385 3.8233811475409842 3.7344285714285714 4.21808510638298 3.8418032786885234 1.0123693379790941 2.213676880222841 1.3780434782608695 1.1764240506329116 3.170307167235495 2.4965957446808504 0.5626639344262303 1.6258915834522112 
9.0 1.7601024590163938 4.055500000000002 1.6358510638297874 2.6627868852459002 4.771254355400696 5.469108635097493 2.550652173913043 4.448101265822785 3.055247440273038 5.1744680851063825 8.521024590163936 6.499215406562055 
8.847108843537413 1.4100819672131146 5.660857142857145 6.6090425531914905 2.957540983606556 5.710975609756097 2.439052924791086 7.045652173913044 6.496455696202533 9.0 0.8707446808510628 2.552254098360657 2.459486447931527 
1.691802721088436 0.009999999999999787 1.1658571428571438 3.739893617021278 1.189016393442623 4.520662020905923 4.818022284122562 2.550652173913043 2.883386075949367 0.9458191126279866 8.617446808510639 6.826188524590165 0.010000000000000231 
7.990918367346943 1.3179713114754097 2.963857142857142 2.305319148936171 7.084098360655737 6.337456445993031 7.096824512534819 1.3780434782608695 4.789493670886076 3.3620733788395913 5.843936170212767 9.000000000000002 3.2289586305278175 
5.3611904761904725 1.5943032786885245 2.0648571428571447 0.010000000000000675 3.252295081967212 5.241114982578396 6.070111420612813 1.768913043478261 2.4566455696202536 2.387901023890785 5.461382978723404 7.8578278688524605 4.960271041369472 
1.9364285714285714 0.875840163934426 4.376571428571429 5.413563829787235 0.8942622950819672 4.959198606271777 4.893147632311978 5.091304347826087 1.773860759493671 1.2526450511945395 4.313723404255319 7.084098360655739 0.6961126961483597 
6.645476190476188 7.434118852459017 3.4133571428571443 4.21808510638298 2.0732786885245904 3.205052264808362 1.1619220055710304 5.873043478260868 1.7169620253164561 2.403242320819113 4.122446808510639 2.883852459016394 1.7541369472182597 
4.902517006802725 5.426106557377049 3.220714285714285 5.413563829787235 1.041639344262295 2.1087108013937277 3.1402228412256266 8.609130434782609 3.423924050632912 2.7100682593856655 3.4529787234042546 2.736475409836066 1.529707560627675 
4.902517006802725 1.5021926229508196 1.422714285714287 0.583829787234043 2.0732786885245904 5.460383275261324 7.34724233983287 0.010000000000000231 7.093892405063292 4.551023890784983 6.130851063829788 6.0524590163934455 5.601497860199714 
4.290952380952383 4.339200819672131 4.8902857142857155 5.174468085106384 4.136557377049179 2.1087108013937277 0.6610863509749304 8.413695652173912 1.5462658227848105 3.3083788395904437 3.739893617021276 3.1049180327868857 1.8823823109843083 
4.321530612244899 0.8021516393442625 3.220714285714285 3.261702127659576 6.494590163934426 1.670174216027874 2.2888022284122562 0.7917391304347823 1.4893670886075951 2.173122866894198 2.687872340425532 0.08368852459016551 2.267118402282454 
6.828945578231291 1.6864139344262294 3.4775714285714283 2.879148936170213 3.8418032786885234 4.520662020905923 5.8948189415041785 4.8958695652173905 4.419651898734177 1.9736860068259388 7.182872340425532 5.905081967213118 4.575534950071328 
2.7008843537415004 0.1389549180327867 0.8447857142857149 1.7314893617021285 8.557868852459016 2.8918118466898948 3.7913091922005573 3.5278260869565217 6.667151898734177 1.6361774744027304 5.557021276595745 3.841803278688527 3.0365905848787453 
7.440510204081633 7.599918032786885 2.642785714285715 4.21808510638298 0.3047540983606556 0.009999999999999787 0.01000000000000012 4.505000000000001 0.7496835443037979 2.786774744027304 0.9663829787234031 0.23106557377049342 0.8884807417974323 
1.691802721088436 1.0969057377049178 3.862857142857143 5.174468085106384 1.189016393442623 1.4822299651567938 2.2888022284122562 6.459347826086956 3.452373417721519 1.789590443686007 5.461382978723404 5.094508196721312 1.1129101283880174 
4.535578231292519 3.4917827868852456 5.660857142857145 4.696276595744682 2.6627868852459002 1.7641463414634142 0.4106685236768802 7.045652173913044 0.948829113924051 2.556655290102389 2.783510638297872 3.841803278688527 2.074750356633381 
2.8231972789115645 0.47055327868852426 0.6521428571428576 4.0268085106383 0.009999999999999787 3.5496167247386756 4.1669359331476326 1.9643478260869567 1.773860759493671 2.6180204778156995 6.130851063829788 8.152581967213116 1.497646219686163 
5.728129251700679 4.283934426229509 3.606 4.935372340425533 2.0732786885245904 2.985783972125435 1.0617548746518106 5.482173913043479 2.3712974683544306 5.48684300341297 0.6794680851063832 1.2995491803278707 2.395363766048502 
8.480170068027213 5.665594262295082 4.440785714285715 0.9663829787234048 7.378852459016393 6.337456445993031 6.771281337047354 0.596304347826087 4.7325949367088604 2.9401877133105803 3.9311702127659567 8.336803278688526 3.1007132667617694 
8.93884353741496 1.9074795081967213 4.376571428571429 2.6878723404255327 5.168196721311475 9.0 7.898161559888581 1.3780434782608695 5.017088607594937 5.011262798634813 3.644255319148935 8.042049180327872 7.717546362339515 
0.9579251700680302 3.2522950819672136 7.073571428571428 4.21808510638298 3.6944262295081955 2.421951219512195 4.2420612813370475 8.413695652173912 1.8023101265822787 1.9430034129692833 7.182872340425532 4.541844262295083 2.119636233951498 
8.388435374149658 1.2442827868852462 4.248142857142858 2.544414893617022 4.431311475409835 7.277177700348431 9.0 2.9415217391304354 4.106708860759495 5.701621160409556 7.182872340425532 5.720860655737706 9.000000000000002 
5.85044217687075 3.031229508196721 3.4133571428571443 4.21808510638298 1.6311475409836067 1.3256097560975606 0.4106685236768802 3.918695652173913 0.6358860759493674 3.323720136518771 2.1140425531914886 4.431311475409839 3.2289586305278175 
4.994251700680273 5.499795081967213 3.4775714285714283 4.935372340425533 5.168196721311475 1.3569337979094076 2.639387186629526 3.332391304347827 2.058354430379747 6.238566552901024 0.8707446808510628 0.23106557377049342 1.7541369472182597 
2.456258503401365 5.462950819672131 2.4501428571428594 3.500797872340427 5.020819672131147 1.2629616724738675 1.1118384401114207 2.3552173913043473 2.058354430379747 5.32575938566553 1.6358510638297874 2.699631147540985 3.7098787446504997 
2.578571428571429 0.912684426229508 1.0374285714285723 2.305319148936171 1.041639344262295 4.9278745644599296 5.419025069637883 2.3552173913043473 3.8506645569620255 1.2526450511945395 7.182872340425532 5.426106557377052 0.9718402282453638 
0.00999999999999801 2.736475409836065 3.862857142857143 4.21808510638298 2.6627868852459002 6.024216027874563 6.145236768802229 2.9415217391304354 4.021360759493671 1.521117747440273 3.0704255319148936 7.820983606557379 2.235057061340942 
6.859523809523807 4.32077868852459 4.633428571428572 4.21808510638298 4.283934426229507 2.6725435540069684 0.5609192200557104 6.459347826086956 1.091075949367089 3.5384982935153584 4.600638297872339 2.0364344262295093 2.587731811697575 
4.535578231292519 5.315573770491803 5.339785714285716 3.5486170212765975 3.5470491803278676 4.489337979094077 5.1936490250696385 1.5734782608695652 4.448101265822785 2.479948805460751 5.270106382978724 8.299959016393444 3.1648359486447935 
1.9364285714285714 1.6864139344262294 3.220714285714285 3.500797872340427 0.4521311475409835 1.9520905923344953 2.9148467966573812 6.850217391304348 3.4808227848101265 0.8691126279863483 5.748297872340426 3.6944262295081973 1.30527817403709 
2.9760884353741517 1.2811270491803282 2.385928571428572 5.413563829787235 4.431311475409835 3.205052264808362 4.3923119777158774 3.332391304347827 3.3954746835443044 0.6083105802047785 5.557021276595745 6.236680327868854 0.43962196861626257 
7.042993197278911 1.5021926229508196 3.798642857142859 2.305319148936171 1.6311475409836067 5.084494773519164 6.070111420612813 2.3552173913043473 3.964462025316456 3.323720136518771 6.417765957446808 6.015614754098362 6.691583452211129 
2.8231972789115645 0.5442418032786882 4.761857142857144 3.3095212765957465 2.957540983606556 4.520662020905923 5.794651810584958 3.918695652173913 4.7325949367088604 2.556655290102389 6.800319148936169 3.8049590163934432 2.5749072753209705 
7.073571428571427 1.1337499999999998 5.660857142857145 3.978989361702129 7.968360655737705 6.180836236933797 6.020027855153204 6.459347826086956 2.655791139240507 3.170307167235495 7.374148936170212 6.3840573770491815 6.146540656205421 
6.462006802721092 1.4653483606557376 3.156500000000001 2.400957446808511 5.757704918032786 6.80731707317073 7.397325905292479 3.332391304347827 5.472278481012658 3.730264505119454 4.505 7.784139344262297 3.3251426533523545 
1.9364285714285714 0.3968647540983603 4.440785714285715 6.130851063829788 0.009999999999999787 3.205052264808362 3.1151810584958217 4.505000000000001 2.7980379746835444 0.7156996587030721 7.947978723404256 5.352418032786888 2.267118402282454 
6.278537414965989 4.062868852459016 5.147142857142859 6.130851063829788 6.641967213114754 1.3256097560975606 3.090139275766017 0.987173913043478 2.3712974683544306 5.6249146757679185 1.0620212765957442 0.12053278688524749 1.4335235378031386 
7.501666666666665 1.4100819672131146 1.9364285714285732 2.305319148936171 3.3996721311475397 6.650696864111498 7.64774373259053 0.7917391304347823 4.9032911392405065 3.707252559726962 4.122446808510639 7.599918032786887 4.543473609129816 
4.168639455782319 2.570676229508197 3.7344285714285714 6.130851063829788 2.957540983606556 0.5425087108013935 1.8881337047353761 1.9643478260869567 1.1764240506329116 3.4004266211604097 1.7314893617021276 0.34159836065573934 1.8182596291012842 
3.5264965986394543 0.7837295081967215 0.523714285714286 3.500797872340427 1.4837704918032788 1.4822299651567938 2.5642618384401117 2.3552173913043473 2.655791139240507 0.9074658703071675 5.365744680851065 5.536639344262296 1.8310841654778889 
2.578571428571429 4.154979508196721 2.5143571428571434 3.261702127659576 1.4837704918032788 5.867595818815331 6.646072423398329 5.482173913043479 6.809398734177215 0.7924061433447099 9.0 5.757704918032788 0.8307703281027106 
6.523163265306124 3.0680737704918037 5.596642857142859 6.369946808510639 3.9891803278688514 1.7954703832752612 1.2620891364902507 4.309565217391304 3.1963291139240506 5.670938566552901 2.4965957446808504 1.9627459016393454 3.0365905848787453 
2.456258503401365 7.010409836065573 4.633428571428572 4.696276595744682 1.6311475409836067 1.2629616724738675 0.33554317548746504 7.045652173913044 1.091075949367089 1.9813566552901025 2.5922340425531916 0.010000000000000675 2.8442225392296723 
4.627312925170074 4.67079918032787 3.4133571428571443 3.500797872340427 4.136557377049179 1.2942857142857136 0.9115041782729804 4.505000000000001 1.4893670886075951 3.07825938566553 1.9227659574468081 1.7785245901639355 2.555670470756063 
3.0066666666666677 1.1337499999999998 3.0280714285714296 4.935372340425533 1.189016393442623 5.523031358885018 7.046740947075209 4.309565217391304 3.8506645569620255 2.050392491467577 2.0184042553191484 5.79454918032787 0.4845078459343797 
4.902517006802725 2.0917008196721305 9.000000000000002 6.6090425531914905 6.7893442622950815 5.178466898954704 5.869777158774374 5.873043478260868 4.277405063291139 1.7742491467576795 6.226489361702126 7.120942622950823 3.5495720399429387 
6.309115646258505 1.6311475409836065 5.339785714285716 3.739893617021278 4.726065573770491 4.301393728222997 5.4941504178272975 2.3552173913043473 3.1963291139240506 2.2498293515358365 5.939574468085108 5.905081967213118 5.248823109843082 
5.636394557823131 1.9443237704918033 5.532428571428573 2.6878723404255327 3.5470491803278676 6.337456445993031 7.247075208913649 2.7460869565217387 3.537721518987342 3.6305460750853245 5.652659574468086 5.79454918032787 6.3709700427960065 
3.281870748299319 2.791741803278689 2.2575000000000003 4.696276595744682 1.4837704918032788 4.9278745644599296 4.843064066852368 1.768913043478261 2.285949367088608 0.5622866894197954 4.026808510638298 5.573483606557378 0.311376604850214 
0.4992517006802757 0.8021516393442625 5.660857142857145 4.21808510638298 2.368032786885246 5.523031358885018 6.470779944289694 2.3552173913043473 5.899018987341773 1.0608788395904436 4.600638297872339 7.342008196721313 2.587731811697575 
5.085986394557821 1.8153688524590164 5.98192857142857 6.8481382978723415 5.610327868852458 3.831533101045297 2.363927576601671 1.768913043478261 3.253227848101266 4.474317406143345 1.2532978723404247 0.23106557377049342 0.9526034236804568 
7.012414965986395 1.3916598360655736 2.7712142857142865 2.4965957446808513 5.905081967213114 5.084494773519164 6.420696378830083 0.7917391304347823 3.423924050632912 3.5154863481228666 4.218085106382978 7.120942622950823 5.024393723252496 
3.8322789115646287 5.44452868852459 3.7344285714285714 5.652659574468086 3.3996721311475397 5.804947735191637 5.544233983286908 5.091304347826087 4.3627531645569615 0.9995136518771331 6.800319148936169 6.863032786885247 1.1962696148359488 
5.483503401360544 3.086495901639344 6.7524999999999995 4.696276595744682 5.905081967213114 5.710975609756097 5.8948189415041785 4.309565217391304 3.992911392405064 2.3418771331058026 5.365744680851065 6.1261475409836095 2.9404065620542084 
3.893435374149661 1.5390368852459015 2.963857142857142 5.413563829787235 0.8942622950819672 1.2629616724738675 3.5659331476323115 6.068478260869565 3.452373417721519 1.5594709897610923 3.8355319148936173 4.247090163934427 1.3565763195435094 
7.409931972789117 1.8153688524590164 6.302999999999999 3.9311702127659567 4.283934426229507 6.180836236933797 6.595988857938719 3.918695652173913 3.822215189873418 2.479948805460751 7.374148936170212 7.8578278688524605 4.094614835948645 
2.7314625850340164 2.828586065573771 4.119714285714286 4.696276595744682 2.957540983606556 4.959198606271777 4.442395543175487 3.332391304347827 2.541993670886076 1.175938566552901 3.0704255319148936 7.784139344262297 1.0359629101283883 
1.0496598639455783 2.2390778688524584 6.1745714285714275 8.282712765957449 2.0732786885245904 3.6122648083623687 4.767938718662953 8.02282608695652 3.822215189873418 1.3293515358361776 4.69627659574468 4.320778688524591 1.2155064194008562 
5.575238095238092 6.199836065573771 2.8354285714285705 4.21808510638298 6.19983606557377 1.9207665505226483 0.8864623955431753 5.091304347826087 2.655791139240507 6.85221843003413 1.0620212765957442 1.078483606557378 3.5816333808844507 
1.691802721088436 4.633954918032787 1.1658571428571438 3.739893617021278 1.336393442622951 3.205052264808362 3.2654317548746516 3.918695652173913 4.135158227848102 0.010000000000000231 4.313723404255319 6.568278688524591 1.843908701854494 
6.339693877551021 4.154979508196721 5.789285714285716 5.891755319148937 2.810163934426228 1.7954703832752612 0.46075208913649035 6.459347826086956 0.3798417721518992 2.3648890784982934 3.9311702127659567 2.9206967213114767 1.5617689015691871 
6.9818367346938786 1.0784836065573769 5.660857142857145 5.413563829787235 3.3996721311475397 6.337456445993031 7.297158774373259 2.3552173913043473 5.586075949367089 3.4004266211604097 6.800319148936169 5.315573770491804 6.467154065620543 
5.942176870748305 1.5758811475409835 5.147142857142859 2.3531382978723414 2.2206557377049183 5.867595818815331 6.5208635097493035 3.332391304347827 2.9402848101265824 2.7100682593856655 4.218085106382978 7.194631147540987 5.890049928673324 
6.217380952380957 1.6495696721311475 3.798642857142859 4.457180851063831 3.252295081967212 5.39773519163763 6.621030640668524 1.768913043478261 4.106708860759495 2.9401877133105803 5.365744680851065 8.115737704918036 4.126676176890157 
6.9818367346938786 6.3472131147540995 2.8354285714285705 5.413563829787235 1.4837704918032788 0.949721254355401 0.33554317548746504 6.850217391304348 2.0868037974683546 4.106126279863481 2.8791489361702123 1.7785245901639355 1.5617689015691871 
6.003333333333337 5.389262295081967 1.9364285714285732 3.644255319148937 1.7785245901639346 4.614634146341464 5.869777158774374 1.9643478260869567 3.0256329113924054 2.311194539249147 4.122446808510639 6.3840573770491815 4.864087018544936 
8.174387755102039 1.0416393442622949 3.220714285714285 2.6878723404255327 2.515409836065574 3.831533101045297 5.243732590529248 1.768913043478261 3.2816772151898737 2.863481228668942 6.609042553191489 5.720860655737706 6.435092724679031 
4.10748299319728 3.2338729508196717 4.248142857142858 5.174468085106384 5.020819672131147 1.576202090592334 2.5642618384401117 1.3780434782608695 2.3997468354430382 7.312457337883959 0.009999999999998899 0.7468852459016402 1.30527817403709 
6.523163265306124 1.3732377049180327 3.4775714285714283 3.7877127659574485 4.136557377049179 5.898919860627177 7.146908077994429 0.987173913043478 4.3627531645569615 4.320904436860069 5.843936170212767 5.941926229508198 7.941975748930101 
5.789285714285718 0.04684426229508176 3.4775714285714283 2.783510638297874 4.726065573770491 4.8652264808362355 2.4140111420612813 7.436521739130436 0.010000000000000231 1.4597525597269625 5.1744680851063825 2.441721311475411 3.0365905848787453 
3.6488095238095255 0.8205737704918035 1.2942857142857154 2.6878723404255327 3.252295081967212 3.2677003484320553 2.6894707520891363 7.045652173913044 0.578987341772152 3.438779863481229 4.7919148936170215 1.1890163934426248 1.1129101283880174 
1.1413945578231335 1.0232172131147539 1.101642857142858 4.600638297872341 1.189016393442623 3.142404181184669 3.1652646239554314 2.550652173913043 3.167879746835444 0.5239334470989764 4.505 7.599918032786887 1.4014621968616265 
