7.826231454005939 1.8608823529411762 5.278333333333333 2.271635220125786 3.5515151515151526 5.389842519685038 5.469108635097493 2.7761538461538446 4.462460567823344 3.7589810924369744 6.155063291139241 7.846566037735851 6.477625899280576 
0.49017804154302524 2.219726890756302 5.326666666666665 6.2294968553459125 1.9169696969696979 3.443188976377952 3.3906406685236763 5.888076923076922 2.675804416403786 1.445378151260504 5.9274683544303794 5.030830188679246 2.5323741007194247 
2.597626112759638 1.2187394957983193 4.505 6.172955974842768 2.1893939393939394 6.239291338582678 7.046740947075209 4.332115384615384 3.8669085173501583 2.521911764705882 2.399746835443037 5.336150943396227 0.41099280575539576 
2.117448071216618 7.2435504201680665 5.713333333333332 5.890251572327044 2.5980303030303045 1.4257480314960622 0.33554317548746504 6.752499999999999 1.1160252365930603 2.436922268907563 3.0825316455696203 0.010000000000000675 2.791079136690648 
1.4505341246290762 4.80718487394958 3.1033333333333326 4.759433962264152 2.325606060606061 3.62015748031496 3.2654317548746516 3.986346153846153 4.150504731861199 0.010000000000000009 5.130886075949368 6.048566037735849 1.782129496402878 
6.465727002967359 1.8986554621848735 5.954999999999999 2.4977987421383663 4.232575757575759 8.044370078740156 8.073454038997214 0.5286538461538455 3.668391167192429 3.9289600840336125 4.561898734177214 7.778716981132076 5.2164388489208635 
6.038902077151338 1.0298739495798317 5.519999999999999 3.458993710691825 5.186060606060607 8.57527559055118 8.348913649025068 0.8744230769230761 4.632618296529969 5.222689075630251 4.675696202531645 5.437924528301888 6.445287769784172 
6.065578635014834 1.162079831932773 6.486666666666667 6.738364779874214 4.232575757575759 7.1595275590551175 7.297158774373259 2.6032692307692296 5.596845425867508 4.183928571428572 8.089620253164556 4.8951320754716985 6.445287769784172 
5.932195845697326 1.7853361344537813 4.843333333333331 3.7416981132075477 4.6412121212121225 5.106692913385826 5.8948189415041785 4.850769230769229 4.43410094637224 2.4274789915966384 8.544810126582279 5.437924528301888 4.537338129496403 
7.212670623145403 3.0696218487394953 5.423333333333333 5.324842767295598 2.870454545454546 2.4875590551181093 0.9115041782729804 5.19653846153846 2.3638485804416405 7.961239495798317 1.6031645569620245 1.5026792452830193 2.403021582733813 
2.3308605341246285 0.4066176470588234 4.456666666666664 3.063207547169812 4.232575757575759 3.7971259842519673 1.8881337047353761 8.481346153846154 0.010000000000000009 1.8892121848739496 8.772405063291139 1.3669811320754723 2.5323741007194247 
3.718041543026704 4.505 5.906666666666665 6.455660377358491 4.913636363636366 2.381377952755905 0.6610863509749304 7.962692307692305 1.5697791798107255 4.070609243697479 4.448101265822784 2.859660377358491 1.8209352517985613 
6.519080118694365 1.50203781512605 3.6833333333333327 3.063207547169812 4.232575757575759 7.513464566929134 7.64774373259053 1.2201923076923067 4.9162145110410105 4.5616596638655444 4.9032911392405065 6.998452830188681 4.505 
7.319376854599401 1.65313025210084 5.278333333333333 2.6108805031446547 5.730909090909092 8.11515748031496 7.64774373259053 3.4676923076923067 4.43410094637224 5.1754726890756295 6.496455696202531 5.370075471698115 7.512446043165467 
1.023709198813055 0.010000000000000009 5.906666666666665 4.194025157232705 3.2790909090909093 4.328031496062993 4.692813370473537 1.3930769230769222 5.511766561514197 1.681460084033613 3.5377215189873414 6.150339622641511 1.4975539568345326 
4.251572700296737 5.619306722689075 4.649999999999998 6.738364779874214 2.0531818181818196 2.381377952755905 3.1402228412256266 8.135576923076922 3.4415141955835966 3.3340336134453774 4.106708860759493 2.520415094339622 1.46521582733813 
2.224154302670616 0.992100840336134 3.006666666666665 3.063207547169812 2.0531818181818196 5.566811023622046 5.419025069637883 2.6032692307692296 3.8669085173501583 1.5398109243697475 8.544810126582279 4.99690566037736 0.9025323741007198 
0.43682492581601906 2.0875210084033613 4.456666666666664 4.194025157232705 3.823939393939396 7.23031496062992 4.818022284122562 0.5286538461538455 2.675804416403786 1.8703256302521005 7.748227848101264 5.743245283018869 0.3657194244604318 
5.452017804154298 1.747563025210084 6.051666666666665 5.324842767295598 3.5515151515151526 5.496023622047243 5.694484679665738 2.4303846153846145 3.5549526813880123 2.1252941176470586 7.2930379746835445 8.660754716981133 3.5995323741007192 
2.3308605341246285 0.19886554621848718 2.8616666666666655 2.384716981132076 9.000000000000002 3.266220472440944 3.7913091922005573 3.640576923076922 6.674511041009463 2.011974789915966 6.610253164556962 3.5381509433962277 2.985107913669065 
6.465727002967359 7.847920168067226 4.214999999999999 5.324842767295598 1.372121212121213 0.009999999999999343 0.01000000000000012 4.504999999999999 0.7757097791798109 3.428466386554622 1.1479746835443025 0.2135471698113216 0.8184532374100721 
2.570949554896142 6.695840336134452 6.631666666666665 9.0 4.368787878787879 4.328031496062993 4.492479108635098 5.023653846153845 3.696750788643533 0.7654621848739496 5.017088607594937 6.2860377358490584 0.49507194244604347 
2.224154302670616 3.673991596638655 4.166666666666667 4.194025157232705 2.461818181818183 5.2128740157480316 4.7929805013927576 1.9117307692307683 4.490820189274448 0.8315651260504202 7.634430379746835 6.8966792452830195 0.010000000000000231 
2.570949554896142 1.3698319327731092 4.021666666666666 6.738364779874214 5.186060606060607 3.62015748031496 4.3923119777158774 3.4676923076923067 3.4131545741324927 0.7465756302521009 6.610253164556962 5.743245283018869 0.3657194244604318 
8.999999999999996 1.426491596638655 3.924999999999998 1.9323899371069189 3.6877272727272743 6.451653543307085 6.621030640668524 2.6032692307692296 4.462460567823344 3.7117647058823526 6.837848101265823 5.370075471698115 4.893057553956835 
1.4505341246290762 1.1809663865546216 5.133333333333332 6.455660377358491 2.1893939393939394 1.6735039370078733 2.2888022284122562 6.2338461538461525 3.4698738170347005 2.2008403361344535 6.496455696202531 4.691584905660378 1.0448201438848923 
6.332344213649851 1.2942857142857143 6.099999999999999 5.324842767295598 6.1395454545454555 6.982559055118111 7.672785515320334 4.504999999999999 3.7251104100946377 5.033823529411764 7.4068354430379735 4.420188679245284 5.442805755395684 
2.224154302670616 1.3698319327731092 4.118333333333333 5.551006289308177 4.505000000000001 0.43472440944881896 1.712841225626741 3.986346153846153 2.987760252365931 1.681460084033613 4.857772151898734 1.8758490566037747 3.761223021582734 
2.570949554896142 3.14516806722689 4.408333333333332 6.455660377358491 2.734242424242426 2.4875590551181093 3.766267409470752 9.0 2.8743217665615144 1.3509453781512604 4.334303797468355 6.8966792452830195 0.1716906474820148 
4.411632047477742 1.917542016806722 6.728333333333333 8.434591194968554 6.275757575757577 4.328031496062993 2.363927576601671 2.0846153846153834 3.271356466876972 5.505987394957982 1.4893670886075947 0.2135471698113216 0.883129496402878 
3.317893175074179 5.638193277310924 5.036666666666666 7.0210691823899385 4.232575757575759 6.55783464566929 5.544233983286908 5.023653846153845 4.377381703470032 1.2281827731092436 8.089620253164556 6.319962264150945 1.12889928057554 
4.251572700296737 2.200840336134453 9.0 8.15188679245283 7.365454545454545 5.849960629921259 5.869777158774374 5.715192307692306 4.292302839116719 2.181953781512605 7.4068354430379735 6.557433962264152 3.5025179856115107 
4.571691394658753 8.131218487394957 4.649999999999998 6.455660377358491 3.1428787878787894 2.699921259842519 0.7362116991643454 8.135576923076922 3.242996845425868 6.2614495798319325 1.375569620253164 0.722415094339623 2.8234172661870502 
2.4375667655786337 0.4632773109243693 3.876666666666666 4.759433962264152 2.325606060606061 8.929212598425197 6.9215320334261845 0.8744230769230761 4.150504731861199 3.003518907563025 8.431012658227848 5.437924528301888 0.8507913669064753 
2.117448071216618 5.657079831932772 4.069999999999999 4.476729559748428 5.730909090909092 1.4257480314960622 1.1118384401114207 2.6032692307692296 2.0802523659305994 6.554191176470589 1.9445569620253167 2.4864905660377365 3.6642086330935255 
3.7980712166172133 3.9761764705882356 5.036666666666666 5.324842767295598 4.6412121212121225 1.1425984251968497 2.213676880222841 1.7388461538461533 1.201104100946372 3.90063025210084 2.9687341772151896 0.5188679245283021 1.5622302158273385 
2.4375667655786337 0.10443277310924359 0.009999999999999787 0.010000000000000675 2.461818181818183 3.549370078740157 0.5859610027855152 2.4303846153846145 0.038359621451104164 0.6426995798319328 6.496455696202531 1.8758490566037747 1.4975539568345326 
7.39940652818991 1.5586974789915964 5.181666666666666 2.8370440251572333 7.77409090909091 6.451653543307085 6.821364902506964 2.4303846153846145 5.341608832807571 4.127268907563025 6.3826582278481006 9.000000000000002 5.0224100719424465 
4.758427299703261 3.220714285714285 7.308333333333333 5.890251572327044 6.548181818181819 6.451653543307085 5.8948189415041785 4.332115384615384 4.008706624605679 2.8807563025210086 6.3826582278481006 5.641471698113209 2.8880935251798565 
7.372729970326407 5.864831932773109 5.568333333333331 1.4800628930817616 7.910303030303032 7.1595275590551175 6.771281337047354 1.0473076923076916 4.746056782334385 3.617331932773108 4.675696202531645 7.676943396226415 3.0497841726618704 
3.771394658753703 7.03579831932773 5.423333333333333 6.172955974842768 2.1893939393939394 2.558346456692913 0.7862952646239555 5.715192307692306 1.2861829652996848 6.0253676470588236 0.6927848101265823 2.0115471698113216 2.176654676258993 
2.4375667655786337 0.3499579831932771 3.586666666666667 4.476729559748428 2.461818181818183 9.0 8.549247910863508 1.7388461538461533 4.377381703470032 3.0507352941176467 6.3826582278481006 5.098679245283019 2.403021582733813 
4.3049258160237365 1.162079831932773 3.586666666666667 2.780503144654089 3.823939393939396 5.035905511811023 5.769610027855154 2.4303846153846145 2.7325236593059943 2.2952731092436975 7.975822784810125 4.827283018867925 4.73136690647482 
2.0374183976261158 0.7654621848739496 2.8133333333333317 4.759433962264152 3.0066666666666677 4.894330708661416 4.267103064066853 4.332115384615384 4.746056782334385 1.3509453781512604 4.334303797468355 5.94679245283019 0.1522877697841729 
6.439050445103856 1.917542016806722 6.969999999999998 4.985597484276729 5.049848484848486 6.982559055118111 6.595988857938719 3.986346153846153 3.8385488958990535 3.0507352941176467 8.772405063291139 7.235924528301888 4.05226618705036 
6.412373887240353 0.8787815126050418 4.408333333333332 3.063207547169812 3.823939393939396 7.088740157480315 7.046740947075209 1.3930769230769222 4.093785488958991 5.619306722689075 6.04126582278481 7.74479245283019 4.893057553956835 
3.5579821958456925 3.371806722689075 5.423333333333333 6.455660377358491 5.730909090909092 1.7796850393700785 2.5642618384401117 1.7388461538461533 2.420567823343849 8.999999999999998 0.009999999999999787 0.6884905660377365 1.2388489208633098 
6.012225519287835 9.0 5.278333333333333 5.607547169811321 3.415303030303031 2.4875590551181093 0.6861281337047352 6.579615384615383 1.853375394321767 6.072584033613445 1.830759493670886 1.6044528301886798 2.9204316546762588 
5.025192878338277 0.10443277310924359 4.843333333333331 3.6286163522012576 5.458484848484849 5.496023622047243 2.4140111420612813 7.0982692307692306 0.038359621451104164 1.7947794117647056 6.155063291139241 2.249018867924529 2.985107913669065 
3.638011869436202 4.693865546218487 4.553333333333332 5.042138364779875 2.461818181818183 1.7796850393700785 0.8113370473537606 4.504999999999999 1.5981388012618298 8.490063025210082 2.741139240506328 1.6383773584905663 2.564712230215828 
7.132640949554894 6.072584033613444 6.680000000000001 7.869182389937107 3.5515151515151526 3.7971259842519673 1.0617548746518106 7.271153846153845 2.675804416403786 7.489075630252099 1.4893670886075947 1.1295094339622649 1.7562589928057555 
1.6639465875370867 0.9543277310924367 5.519999999999999 6.738364779874214 1.9169696969696979 5.602204724409448 4.893147632311978 5.023653846153845 1.7966561514195587 1.5398109243697475 5.130886075949368 6.523509433962266 0.6244244604316551 
4.731750741839765 4.561659663865545 4.456666666666664 4.476729559748428 3.823939393939396 2.9122834645669284 1.2370473537604454 8.135576923076922 4.150504731861199 8.735588235294115 0.9203797468354429 0.8241886792452835 2.5000359712230216 
3.291216617210676 1.2187394957983193 4.3599999999999985 5.720628930817611 1.372121212121213 1.4257480314960622 2.8146796657381614 7.616923076923075 3.4415141955835966 1.681460084033613 5.472278481012658 2.6900377358490575 1.3358633093525183 
5.425341246290802 1.4642647058823524 4.263333333333333 7.586477987421384 2.325606060606061 3.195433070866141 3.766267409470752 2.2574999999999994 1.7682965299684543 2.333046218487395 5.699873417721518 5.132603773584906 1.1871079136690652 
2.997774480712163 0.7654621848739496 3.586666666666667 5.324842767295598 4.505000000000001 1.7796850393700785 0.6110027855153203 6.752499999999999 2.817602523659306 5.9781512605042 1.1479746835443025 0.9598867924528305 2.2736690647482014 
4.54501483679525 2.7863235294117645 6.341666666666666 4.533270440251574 4.232575757575759 6.451653543307085 7.272116991643455 2.7761538461538446 6.816309148264985 4.165042016806721 6.268860759493672 6.455660377358491 5.7985251798561155 
0.5435311572700279 1.8797689075630248 2.716666666666666 3.063207547169812 3.6877272727272743 2.239803149606299 3.090139275766017 3.4676923076923067 2.1086119873817033 2.3897058823529407 8.544810126582279 2.9614339622641523 0.9025323741007198 
2.4375667655786337 1.407605042016806 4.553333333333332 7.869182389937107 2.461818181818183 4.3988188976377955 5.293816155988859 4.504999999999999 4.235583596214511 0.803235294117647 4.675696202531645 5.132603773584906 0.3463165467625904 
2.8110385756676557 1.5964705882352936 3.006666666666665 5.607547169811321 2.0531818181818196 4.328031496062993 3.9666016713091916 3.1219230769230757 3.044479495268139 1.5775840336134452 6.3826582278481006 7.812641509433963 2.4806330935251797 
6.11893175074184 1.5964705882352936 5.085 3.063207547169812 2.5980303030303045 5.743779527559054 6.070111420612813 2.6032692307692296 3.980347003154575 4.0894957983193265 7.634430379746835 5.539698113207548 6.671654676258993 
1.1037388724035573 6.469201680672267 4.988333333333332 5.890251572327044 1.6445454545454563 6.664015748031495 6.746239554317548 1.2201923076923067 7.099905362776026 1.445378151260504 3.0825316455696203 8.050113207547172 0.592086330935252 
7.292700296735905 1.3320588235294115 5.423333333333333 3.3459119496855347 5.186060606060607 8.221338582677165 9.0 3.1219230769230757 4.122145110410095 7.016911764705881 8.544810126582279 5.268301886792454 9.000000000000002 
5.61207715133531 1.5964705882352936 5.326666666666665 5.607547169811321 6.275757575757577 7.017952755905512 6.120194986072423 1.0473076923076916 5.795362776025238 4.703308823529412 5.699873417721518 5.980716981132076 5.378129496402877 
5.665430267062316 3.201827731092437 6.438333333333332 7.869182389937107 4.777424242424244 2.0274409448818895 1.2620891364902507 4.332115384615384 3.2146372239747634 6.979138655462183 2.9687341772151896 1.8080000000000007 2.985107913669065 
6.359020771513354 6.110357142857143 4.939999999999999 5.042138364779875 2.5980303030303045 2.9122834645669284 1.2370473537604454 5.888076923076922 3.271356466876972 7.309653361344536 1.0341772151898727 1.2652075471698119 1.2388489208633098 
3.744718100890207 0.8787815126050418 4.649999999999998 4.194025157232705 7.0930303030303055 1.8858661417322828 2.2888022284122562 1.2201923076923067 1.5130599369085171 2.6730042016806714 3.196329113924051 0.07784905660377373 2.208992805755396 
5.31863501483679 5.317121848739496 6.003333333333333 7.0210691823899385 5.594696969696971 2.558346456692913 1.4624233983286907 5.023653846153845 2.987760252365931 8.886680672268906 4.220506329113924 0.9938113207547179 2.629388489208633 
3.0511275964391693 2.9751890756302517 4.069999999999999 4.476729559748428 3.2790909090909093 2.2751968503937006 0.8113370473537606 8.481346153846154 1.5130599369085171 5.505987394957982 2.854936708860759 1.061660377358491 2.629388489208633 
8.786587537091986 1.5964705882352936 4.988333333333332 0.4623270440251579 2.870454545454546 7.513464566929134 8.398997214484679 5.023653846153845 6.816309148264985 3.90063025210084 8.772405063291139 4.962981132075473 5.572158273381295 
3.371246290801185 1.747563025210084 4.069999999999999 4.646352201257862 2.1893939393939394 4.328031496062993 5.4941504178272975 2.0846153846153834 3.8669085173501583 2.4841386554621847 7.748227848101264 6.3538867924528315 2.7522733812949642 
4.54501483679525 5.071596638655461 3.8283333333333323 5.890251572327044 4.368787878787879 1.8504724409448814 0.5358774373259053 5.023653846153845 2.5340063091482654 2.5785714285714283 1.375569620253164 1.4009056603773589 3.5025179856115107 
1.6639465875370867 2.2574999999999994 1.6533333333333333 3.911320754716982 3.6877272727272743 4.434212598425196 4.592646239554318 2.0846153846153834 2.817602523659306 1.9175420168067223 9.0 5.743245283018869 2.7264028776978417 
4.251572700296737 1.6720168067226886 3.586666666666667 3.6286163522012576 5.049848484848486 7.1595275590551175 6.671114206128133 2.4303846153846145 4.604258675078864 3.5606722689075627 4.561898734177214 7.066301886792454 3.8582374100719425 
6.839198813056381 1.50203781512605 4.118333333333333 3.063207547169812 3.5515151515151526 5.920748031496062 4.993314763231198 2.0846153846153834 4.462460567823344 3.239600840336134 6.3826582278481006 7.880490566037736 4.828381294964029 
3.718041543026704 1.3509453781512606 5.616666666666666 4.0809433962264166 3.415303030303031 5.319055118110235 5.093481894150418 2.0846153846153834 2.987760252365931 2.512468487394958 6.951645569620254 8.016188679245284 4.699028776978418 
7.7995548961424355 1.8608823529411762 4.939999999999999 0.8015723270440258 4.368787878787879 8.221338582677165 8.273788300835655 2.6032692307692296 7.2417034700315455 5.883718487394956 8.203417721518987 5.878943396226417 8.139805755395685 
5.61207715133531 1.5586974789915964 4.601666666666666 3.1762893081761003 6.411969696969699 7.69043307086614 7.397325905292479 3.4676923076923067 5.483406940063091 4.589989495798319 5.358481012658228 7.168075471698113 3.2761510791366906 
0.010000000000001563 5.39266806722689 2.2333333333333334 5.042138364779875 5.049848484848486 7.796614173228347 5.619359331476324 1.7388461538461533 9.0 1.5398109243697475 3.0825316455696203 5.234377358490567 1.7691942446043167 
5.078545994065276 3.164054621848739 4.794999999999999 5.324842767295598 2.5980303030303045 1.4965354330708651 0.4106685236768802 3.986346153846153 0.6622712933753945 4.0894957983193265 2.5135443037974676 4.0809433962264166 3.179136690647482 
1.6639465875370867 0.8410084033613445 4.553333333333332 7.3603144654088055 0.009999999999999787 4.328031496062993 3.1402228412256266 4.850769230769229 2.7608832807570978 0.4443907563025211 6.724050632911393 6.591358490566039 2.176654676258993 
4.011483679525224 4.844957983193277 4.794999999999999 4.476729559748428 4.913636363636366 1.4611417322834637 0.9115041782729804 4.504999999999999 1.5130599369085171 3.787310924369748 2.285949367088608 1.6383773584905663 2.5000359712230216 
5.185252225519289 7.016911764705881 7.259999999999999 8.15188679245283 5.730909090909092 3.549370078740157 1.5625905292479105 2.2574999999999994 1.9951735015772876 6.828046218487394 2.1721518987341772 2.2150943396226417 2.208992805755396 
4.411632047477742 0.23663865546218488 1.6533333333333333 2.4977987421383663 1.0996969696969696 7.088740157480315 7.121866295264624 2.0846153846153834 5.313249211356467 3.806197478991596 7.2930379746835445 6.489584905660379 1.3811366906474822 
0.9436795252225494 2.333046218487395 6.680000000000001 6.172955974842768 8.727575757575758 2.2044094488188977 1.637715877437326 0.009999999999999343 3.271356466876972 1.1620798319327732 5.358481012658228 3.3685283018867924 2.176654676258993 
6.092255192878337 1.4831512605042014 4.3116666666666665 3.2893710691823905 6.548181818181819 5.743779527559054 6.420696378830083 1.2201923076923067 3.4415141955835966 4.3255777310924355 5.017088607594937 6.557433962264152 4.990071942446043 
3.1578338278931746 0.8976680672268909 3.2 3.515534591194969 4.0963636363636375 3.690944881889763 2.6894707520891363 6.752499999999999 0.6055520504731862 4.231144957983192 5.699873417721518 1.0955849056603784 1.0448201438848923 
0.9703560830860525 1.1054201680672266 3.054999999999999 5.777169811320755 2.1893939393939394 3.549370078740157 3.1652646239554314 2.7761538461538446 3.1862776025236594 0.6426995798319328 5.358481012658228 6.998452830188681 1.3358633093525183 
4.758427299703261 5.84594537815126 4.505 3.911320754716982 4.505000000000001 5.885354330708662 5.744568245125348 3.1219230769230757 3.5549526813880123 2.918529411764706 3.879113924050632 5.878943396226417 2.5323741007194247 
