3.5586842105263123 8.484762845849803 6.196666666666666 6.68298969072165 1.9364285714285714 2.876889763779527 0.6954545454545454 8.999999999999998 1.9445569620253171 3.5677446808510647 2.042521739130434 1.4348301886792454 1.4877085020242915 
5.474973684210525 0.3653359683794464 4.843333333333331 2.9757731958762887 3.4347619047619045 5.496023622047243 2.540909090909091 7.532244897959183 0.010000000000000231 1.817563829787234 3.606 2.249018867924529 3.198356275303644 
5.8535 1.9110474308300396 6.051666666666665 4.3659793814432994 1.9364285714285714 5.496023622047243 5.994545454545453 2.578571428571428 3.537721518987342 2.1522978723404256 4.387739130434783 8.660754716981133 3.889894736842105 
1.8553157894736856 2.4618181818181823 6.680000000000001 5.061082474226804 6.003333333333334 2.2044094488188977 1.7236363636363636 0.009999999999999343 3.253227848101266 1.1767872340425536 3.058782608695652 3.3685283018867924 2.288437246963563 
4.788894736842106 5.553241106719367 4.649999999999998 5.524484536082474 0.7591666666666672 2.381377952755905 3.305454545454545 8.633061224489794 3.423924050632912 3.3764680851063833 2.1988695652173913 2.520415094339622 1.4877085020242915 
3.1801578947368405 0.596304347826087 3.586666666666667 3.6708762886597945 1.0802380952380943 9.0 9.0 1.8446938775510193 4.3627531645569615 3.0895531914893626 3.762347826086957 5.098679245283019 2.543214574898785 
4.930842105263157 2.0709486166007904 6.728333333333333 6.914690721649485 4.076904761904762 4.328031496062993 2.4881818181818183 2.211632653061224 3.253227848101266 5.576148936170213 0.40086956521739125 0.2135471698113216 0.832566801619433 
7.935394736842106 2.017648221343874 4.939999999999999 0.6587628865979376 2.578571428571429 8.221338582677165 8.709999999999999 2.7620408163265293 7.236139240506329 5.958702127659575 5.0131304347826084 5.878943396226417 9.0 
3.0855263157894726 0.45416996047430813 2.8616666666666655 1.956288659793815 6.217380952380953 3.266220472440944 3.9909090909090907 3.8628571428571417 6.667151898734177 2.0375319148936173 3.9186956521739127 3.5381509433962277 3.198356275303644 
4.315736842105263 1.5379446640316208 5.616666666666666 3.3464948453608248 1.8294047619047618 5.319055118110235 5.361818181818181 2.211632653061224 2.96873417721519 2.544414893617022 4.153217391304349 8.016188679245284 5.127384615384615 
1.0272894736842133 5.340039525691701 2.2333333333333334 4.134278350515464 3.1136904761904756 7.796614173228347 5.915454545454545 1.8446938775510193 9.0 1.559340425531915 1.495304347826087 5.234377358490567 1.829838056680162 
3.4167368421052657 1.3958102766798421 4.069999999999999 3.9025773195876283 9.0 5.389842519685038 5.098181818181818 3.3124489795918364 8.146518987341771 1.2724255319148938 4.700434782608696 4.6237358490566045 4.559595141700404 
5.143763157894735 1.8577470355731225 3.7800000000000002 0.28804123711340157 2.36452380952381 5.920748031496062 6.389999999999999 2.211632653061224 2.4566455696202536 2.9747872340425534 3.840521739130436 7.235924528301888 5.382161943319838 
4.504999999999999 5.446640316205533 6.244999999999998 3.7172164948453617 2.578571428571429 5.071299212598426 5.467272727272727 2.0281632653061217 4.448101265822785 3.0895531914893626 3.6841739130434785 7.64301886792453 3.3439433198380564 
4.339394736842102 1.0937747035573122 4.649999999999998 3.439175257731959 4.719047619047618 1.8858661417322828 2.409090909090909 1.2942857142857136 1.4893670886075951 2.707 1.5734782608695648 0.07784905660377373 2.324834008097166 
6.042763157894733 1.6445454545454545 4.843333333333331 3.948917525773197 3.006666666666666 6.664015748031495 7.5236363636363635 1.4777551020408155 4.3627531645569615 5.384872340425533 4.153217391304349 5.471849056603775 8.767060728744939 
2.494078947368422 2.3907509881422926 1.6533333333333333 3.2074742268041234 2.043452380952381 4.434212598425196 4.834545454545454 2.211632653061224 2.7980379746835444 1.9418936170212768 5.560347826086957 5.743245283018869 2.907182186234818 
0.9090000000000025 0.009999999999999787 5.519999999999999 4.829381443298969 1.0802380952380943 5.319055118110235 4.412727272727271 5.147142857142857 2.9118354430379747 1.7314893617021279 4.231391304347827 3.5381509433962277 0.898080971659919 
3.51136842105263 0.8983399209486165 4.3116666666666665 3.2074742268041234 0.7591666666666672 3.62015748031496 0.6427272727272725 8.449591836734692 2.3712974683544306 3.998117021276596 1.495304347826087 0.8241886792452835 2.4704210526315786 
5.995447368421054 1.768913043478261 5.326666666666665 4.597680412371133 4.076904761904762 7.017952755905512 6.4427272727272715 1.1108163265306117 5.785221518987342 4.76322340425532 3.293304347826087 5.980716981132076 5.891716599190284 
1.8789736842105285 1.3069762845849802 3.054999999999999 4.736701030927835 0.8661904761904768 3.549370078740157 3.3318181818181816 2.9455102040816317 3.167879746835444 0.6507765957446809 3.058782608695652 6.998452830188681 1.3421214574898785 
4.788894736842106 2.3374505928853755 9.0 6.68298969072165 4.9330952380952375 5.849960629921259 6.179090909090909 6.064489795918366 4.277405063291139 2.2096808510638297 4.46591304347826 6.557433962264152 3.7807044534412957 
2.8016315789473687 0.8095059288537549 1.8949999999999987 2.8830927835051545 7.822738095238094 3.0892519685039366 2.4881818181818183 0.009999999999999343 5.9274683544303794 1.5115212765957449 5.638521739130436 6.116415094339624 2.9654170040485828 
3.8189210526315804 1.1115415019762849 3.2 2.8830927835051545 2.36452380952381 3.690944881889763 2.8309090909090906 7.165306122448978 0.578987341772152 4.285031914893618 3.293304347826087 1.0955849056603784 1.014550607287449 
2.494078947368422 0.7029051383399207 5.568333333333331 6.219587628865979 0.009999999999999787 3.62015748031496 3.279090909090909 4.780204081632652 2.7980379746835444 0.8898723404255324 5.87304347826087 4.929056603773587 2.324834008097166 
7.272973684210527 2.5328853754940717 4.553333333333332 3.439175257731959 2.8996428571428563 6.982559055118111 7.866363636363635 1.4777551020408155 5.586075949367089 4.285031914893618 5.404 6.455660377358491 8.730663967611337 
5.356684210526314 2.195316205533597 6.39 2.8830927835051545 2.578571428571429 7.1595275590551175 7.629090909090909 3.128979591836734 3.537721518987342 4.524127659574469 3.9968695652173913 5.336150943396227 6.983619433198381 
4.244763157894738 4.682667984189724 4.553333333333332 4.134278350515464 1.0802380952380943 1.7796850393700785 0.8536363636363636 4.780204081632652 1.5747151898734177 8.59831914893617 1.260782608695652 1.6383773584905663 2.7251983805668014 
4.315736842105263 4.505000000000001 5.906666666666665 5.29278350515464 3.006666666666666 2.381377952755905 0.6954545454545454 8.449591836734692 1.5462658227848105 4.122446808510639 2.4333913043478264 2.859660377358491 1.8880728744939268 
4.788894736842106 9.000000000000002 3.7316666666666647 5.061082474226804 0.8661904761904768 5.814566929133859 6.099999999999999 2.9455102040816317 4.533449367088608 1.2724255319148938 1.3389565217391297 6.218188679245284 0.5049959514170039 
3.1091842105263154 3.0481225296442696 5.326666666666665 4.829381443298969 2.1504761904761907 5.602204724409448 4.676363636363636 3.67938775510204 2.541993670886076 1.4637021276595747 1.8861739130434785 7.168075471698113 0.9271983805668014 
5.8298421052631575 1.6445454545454545 4.263333333333333 6.219587628865979 0.9732142857142865 3.195433070866141 3.9645454545454544 2.3951020408163264 1.7454113924050638 2.362702127659575 3.293304347826087 5.132603773584906 1.1746963562753034 
3.6769736842105267 0.9871739130434785 3.586666666666667 4.3659793814432994 2.685595238095239 1.7796850393700785 0.6427272727272725 7.165306122448978 2.7980379746835444 6.054340425531915 0.1663478260869562 0.9598867924528305 2.3976275303643724 
7.3202894736842055 1.3247430830039524 4.649999999999998 2.8830927835051545 1.8294047619047618 4.328031496062993 5.52 2.211632653061224 3.2816772151898737 3.5677446808510647 4.778608695652174 5.268301886792454 7.0564129554655874 
6.397631578947369 6.441581027667985 4.3599999999999985 5.524484536082474 1.0802380952380943 1.0718110236220468 0.35272727272727267 6.981836734693877 2.0868037974683546 5.117085106382979 1.729826086956522 1.6383773584905663 1.5241052631578946 
6.397631578947369 1.3602766798418973 6.486666666666667 5.524484536082474 2.4715476190476195 7.1595275590551175 7.681818181818182 2.7620408163265293 5.586075949367089 4.237212765957447 4.93495652173913 4.8951320754716985 7.09280971659919 
4.29207894736842 3.9542292490118576 6.051666666666665 6.219587628865979 2.4715476190476195 4.75275590551181 0.6954545454545454 7.165306122448978 1.1195253164556966 3.4912340425531916 2.5897391304347828 2.995358490566038 2.03365991902834 
5.995447368421054 1.733379446640316 4.601666666666666 2.605051546391752 4.183928571428572 7.69043307086614 7.787272727272727 3.67938775510204 5.472278481012658 4.648457446808511 3.058782608695652 7.168075471698113 3.525927125506073 
5.900815789473683 4.327332015810278 6.583333333333333 5.987886597938145 2.043452380952381 2.0274409448818895 0.4845454545454545 6.614897959183672 0.3798417721518992 2.946095744680851 2.5897391304347828 2.6900377358490575 1.5241052631578946 
5.616921052631579 5.64207509881423 5.423333333333333 5.756185567010309 2.578571428571429 2.9122834645669284 1.0909090909090908 5.330612244897958 2.8264873417721517 5.767425531914894 1.1044347826086955 0.9938113207547179 3.198356275303644 
5.238394736842107 5.766442687747036 4.505 3.2074742268041234 2.685595238095239 5.885354330708662 6.047272727272726 3.3124489795918364 3.537721518987342 2.9556595744680862 2.042521739130434 5.878943396226417 2.6888016194331983 
4.504999999999999 3.687727272727273 6.486666666666667 4.829381443298969 1.9364285714285714 1.992047244094488 0.43181818181818177 7.165306122448978 0.948829113924051 3.185191489361702 1.6516521739130434 3.5381509433962277 2.1064534412955465 
6.705184210526312 1.0937747035573122 4.408333333333332 2.5123711340206185 2.1504761904761907 7.088740157480315 7.418181818181818 1.4777551020408155 4.0782594936708865 5.6909148936170215 3.527826086956522 7.74479245283019 5.345765182186234 
7.414921052631577 3.154723320158103 5.423333333333333 4.3659793814432994 1.4013095238095232 2.4875590551181093 0.9590909090909089 5.51408163265306 2.342848101265823 8.062744680851063 0.479043478260869 1.5026792452830193 2.543214574898785 
2.8252894736842116 0.9871739130434785 2.8133333333333317 3.9025773195876283 1.5083333333333329 4.894330708661416 4.491818181818181 4.596734693877551 4.7325949367088604 1.3680638297872345 2.3552173913043477 5.94679245283019 0.009999999999999787 
5.8298421052631575 5.073537549407115 4.021666666666666 4.134278350515464 1.0802380952380943 2.2751968503937006 0.37909090909090903 8.082653061224487 1.3186708860759495 4.237212765957447 1.9643478260869571 1.8758490566037747 1.960866396761133 
6.4449473684210545 1.768913043478261 5.085 2.5123711340206185 1.187261904761904 5.743779527559054 6.389999999999999 2.7620408163265293 3.964462025316456 4.141574468085107 4.622260869565217 5.539698113207548 7.3475870445344125 
2.8962631578947367 7.081185770750988 5.713333333333332 4.829381443298969 1.187261904761904 1.4257480314960622 0.35272727272727267 7.165306122448978 1.091075949367089 2.4679042553191497 1.495304347826087 0.010000000000000675 2.979975708502024 
3.724289473684209 3.0658893280632413 4.069999999999999 3.6708762886597945 1.7223809523809521 2.2751968503937006 0.8536363636363636 8.999999999999998 1.4893670886075951 5.576148936170213 1.3389565217391297 1.061660377358491 2.7979919028340077 
2.304815789473686 4.789268774703558 3.1033333333333326 3.9025773195876283 0.9732142857142865 3.62015748031496 3.437272727272727 4.229795918367346 4.135158227848102 0.010000000000000231 2.9024347826086956 6.048566037735849 1.8443967611336034 
1.9262894736842107 0.27650197628458484 5.906666666666665 3.439175257731959 1.7223809523809521 4.328031496062993 4.9399999999999995 1.4777551020408155 5.500727848101267 1.7027978723404258 1.8079999999999998 6.150339622641511 1.5241052631578946 
4.836210526315789 1.3602766798418973 3.586666666666667 2.280670103092784 2.1504761904761907 5.035905511811023 6.073636363636363 2.578571428571428 2.7126898734177223 2.324446808510639 4.856782608695651 4.827283018867925 5.163781376518218 
4.646947368421053 1.6623122529644268 6.003333333333333 9.0 6.53845238095238 8.221338582677165 6.7327272727272724 1.2942857142857136 4.39120253164557 1.989712765957447 5.87304347826087 7.575169811320755 4.909004048582995 
6.46860526315789 1.4135770750988144 6.486666666666667 4.134278350515464 5.789285714285715 6.982559055118111 6.337272727272727 6.614897959183672 2.655791139240507 3.9502978723404265 5.404 5.878943396226417 6.728842105263158 
1.8789736842105285 1.7511462450592887 2.5233333333333325 4.134278350515464 0.8661904761904768 5.389842519685038 3.437272727272727 4.229795918367346 2.8549367088607593 0.7559787234042556 2.9806086956521733 3.979169811320755 0.7597732793522267 
5.806184210526315 1.9110474308300396 5.085 4.597680412371133 2.36452380952381 6.0977165354330705 6.969999999999999 2.211632653061224 4.106708860759495 3.663382978723404 3.762347826086957 7.473396226415096 4.435846153846153 
2.470421052631579 2.5328853754940717 3.924999999999998 4.829381443298969 0.7591666666666672 5.743779527559054 6.099999999999999 4.229795918367346 2.655791139240507 1.4254468085106382 2.3552173913043477 6.828830188679246 0.4904372469635625 
6.728842105263155 2.0709486166007904 6.969999999999998 4.087938144329897 3.1136904761904756 6.982559055118111 6.943636363636363 4.229795918367346 3.822215189873418 3.0895531914893626 5.404 7.235924528301888 4.399449392712551 
1.3821578947368423 1.0937747035573122 6.486666666666667 4.3659793814432994 1.7223809523809521 6.239291338582678 6.811818181818181 2.7620408163265293 5.899018987341773 1.320244680851064 3.1369565217391298 6.760981132075472 2.6888016194331983 
4.741578947368421 0.2942687747035573 1.7016666666666653 2.5123711340206185 0.8661904761904768 3.443188976377952 4.465454545454544 1.8446938775510193 2.96873417721519 3.185191489361702 4.93495652173913 4.114867924528303 0.5923481781376516 
6.7998157894736835 1.680079051383399 3.6833333333333327 2.5123711340206185 2.4715476190476195 7.513464566929134 8.05090909090909 1.2942857142857136 4.9032911392405065 4.619765957446809 2.746086956521739 6.998452830188681 4.909004048582995 
9.0 1.6090118577075097 3.924999999999998 1.585567010309278 2.043452380952381 6.451653543307085 6.969999999999999 2.7620408163265293 4.448101265822785 3.759021276595745 4.07504347826087 5.370075471698115 5.345765182186234 
5.309368421052628 6.299446640316207 4.3599999999999985 4.3659793814432994 4.504999999999999 2.169015748031496 0.9327272727272725 5.330612244897958 2.655791139240507 8.540936170212765 0.24452173913043396 0.9938113207547179 3.817101214574899 
2.7070000000000007 1.2714426877470357 5.664999999999998 3.9025773195876283 2.7926190476190484 3.2308267716535424 3.727272727272727 5.697551020408163 1.7454113924050638 1.6071595744680855 6.967478260869566 3.266754716981133 0.32301214574898784 
2.494078947368422 1.9465810276679845 4.649999999999998 3.6708762886597945 0.3310714285714287 2.2044094488188977 3.068181818181818 6.981836734693877 3.4808227848101265 1.081148936170213 4.07504347826087 3.40245283018868 1.2329311740890687 
3.1801578947368405 0.3653359683794464 0.009999999999999787 0.009999999999999787 1.0802380952380943 3.549370078740157 0.6163636363636361 2.578571428571428 0.010000000000000231 0.6507765957446809 3.840521739130436 1.8758490566037747 1.5241052631578946 
7.580526315789477 1.733379446640316 5.181666666666666 2.32701030927835 5.254166666666666 6.451653543307085 7.18090909090909 2.578571428571428 5.330031645569621 4.179829787234043 3.762347826086957 9.000000000000002 5.491352226720647 
3.724289473684209 1.07600790513834 2.6199999999999983 3.6708762886597945 1.0802380952380943 1.6735039370078733 2.699090909090909 2.7620408163265293 2.655791139240507 1.1289680851063835 3.762347826086957 5.098679245283019 1.829838056680162 
1.8079999999999998 2.479584980237154 6.873333333333332 8.304896907216495 1.5083333333333329 4.08027559055118 5.0190909090909095 8.082653061224487 3.822215189873418 1.6549787234042557 3.2151304347826084 3.979169811320755 1.1310202429149796 
7.178342105263155 2.515118577075099 6.051666666666665 3.2538144329896905 4.612023809523809 5.743779527559054 5.73090909090909 3.128979591836734 2.3712974683544306 3.6155638297872343 3.9186956521739127 7.846566037735851 7.165603238866398 
3.535026315789473 3.0125889328063242 3.924999999999998 4.829381443298969 1.0802380952380943 5.566811023622046 5.098181818181818 2.211632653061224 2.285949367088608 0.6985957446808513 2.6679130434782605 5.132603773584906 0.10463157894736819 
1.7370263157894748 3.456758893280633 7.549999999999998 4.3659793814432994 2.685595238095239 2.735314960629921 4.465454545454544 8.449591836734692 1.8023101265822787 2.420085106382979 5.247652173913043 4.182716981132076 2.157408906882591 
5.735210526315786 5.26897233201581 6.003333333333333 5.756185567010309 3.541785714285714 2.558346456692913 1.539090909090909 5.330612244897958 2.96873417721519 9.0 2.277043478260869 0.9938113207547179 2.7979919028340077 
7.74613157894737 2.1064822134387353 6.583333333333333 4.3659793814432994 4.504999999999999 6.451653543307085 7.391818181818181 3.495918367346938 4.419651898734177 4.715404255319149 3.9968695652173913 4.691584905660378 7.0564129554655874 
7.533210526315791 5.87304347826087 5.2299999999999995 3.856237113402061 3.541785714285714 6.628622047244095 6.099999999999999 2.9455102040816317 2.3712974683544306 3.7972765957446812 2.4333913043478264 6.998452830188681 5.600542510121457 
0.00999999999999801 1.3780434782608695 4.069999999999999 5.061082474226804 0.7591666666666672 5.248267716535432 4.834545454545454 6.981836734693877 4.533449367088608 0.6029574468085108 9.0 5.437924528301888 0.7015384615384614 
4.386710526315792 4.007529644268775 5.036666666666666 4.3659793814432994 2.7926190476190484 1.1425984251968497 2.33 1.8446938775510193 1.1764240506329116 3.9502978723404265 1.4171304347826084 0.5188679245283021 1.5968987854251009 
5.07278947368421 7.91622529644269 4.649999999999998 5.29278350515464 1.6153571428571425 2.699921259842519 0.7745454545454545 8.633061224489794 3.2247784810126583 6.341255319148937 0.3226956521739126 0.722415094339623 3.0163724696356273 
3.2984473684210514 6.5659486166007905 6.631666666666665 7.378092783505155 2.578571428571429 4.328031496062993 4.729090909090909 5.330612244897958 3.6799683544303803 0.7751063829787237 2.824260869565218 6.2860377358490584 0.3958056680161941 
6.6342105263157904 1.6267786561264823 6.003333333333333 3.068453608247422 1.7223809523809521 5.2128740157480316 6.996363636363636 1.4777551020408155 5.330031645569621 4.141574468085107 5.325826086956521 7.134150943396229 6.947222672064777 
4.930842105263157 0.489703557312253 1.6533333333333333 2.0489690721649483 0.009999999999999787 7.088740157480315 7.497272727272726 2.211632653061224 5.301582278481012 3.8546595744680854 4.387739130434783 6.489584905660379 1.393076923076923 
5.616921052631579 6.867984189723321 7.259999999999999 6.68298969072165 3.6488095238095237 3.549370078740157 1.6445454545454545 2.3951020408163264 1.9730063291139248 6.91508510638298 0.8699130434782614 2.2150943396226417 2.324834008097166 
6.18471052631579 4.20296442687747 5.81 2.1416494845360825 4.076904761904762 6.0977165354330705 7.101818181818181 0.5604081632653055 3.537721518987342 3.663382978723404 3.1369565217391298 7.10022641509434 3.889894736842105 
3.1564999999999976 5.49994071146245 4.939999999999999 4.829381443298969 1.0802380952380943 4.681968503937007 1.539090909090909 6.614897959183672 1.773860759493671 6.102159574468086 0.009999999999999787 1.061660377358491 1.5241052631578946 
3.9372105263157877 1.4135770750988144 4.3599999999999985 4.6903608247422675 0.22404761904761905 1.4257480314960622 2.9627272727272724 8.082653061224487 3.423924050632912 1.7027978723404258 3.1369565217391298 2.6900377358490575 1.3421214574898785 
7.959052631578949 2.017648221343874 5.278333333333333 1.8636082474226798 1.9364285714285714 5.389842519685038 5.757272727272727 2.9455102040816317 4.448101265822785 3.8068404255319157 3.606 7.846566037735851 7.129206477732794 
2.3994473684210504 6.33498023715415 4.939999999999999 5.29278350515464 0.22404761904761905 3.9740944881889764 3.727272727272727 5.147142857142857 2.655791139240507 1.2724255319148938 1.8079999999999998 4.420188679245284 1.960866396761133 
6.752499999999998 7.649723320158104 4.214999999999999 4.3659793814432994 0.22404761904761905 0.009999999999999343 0.010000000000000009 4.780204081632652 0.7496835443037979 3.4721063829787244 0.1663478260869562 0.2135471698113216 0.7597732793522267 
5.8535 4.238498023715415 6.099999999999999 6.219587628865979 4.826071428571428 1.4965354330708651 3.2527272727272725 1.4777551020408155 2.3712974683544306 7.0107234042553195 0.24452173913043396 0.11177358490566114 1.3785182186234817 
