2.7285329341317386 6.5659486166007905 6.101907894736842 7.960693641618499 2.578571428571429 3.5671942446043174 4.323121387283237 5.330612244897958 4.06493006993007 0.6969149952244509 3.7058888888888895 6.037003745318352 0.35829678362573114 
6.119970059880242 1.9465810276679845 3.9135526315789466 3.1279190751445087 2.7926190476190484 4.27863309352518 5.778150289017342 5.147142857142857 4.8822027972027975 2.2081279847182422 6.802444444444445 5.195243445692884 4.465570175438597 
2.3786227544910155 1.555711462450593 3.026381578947369 4.790809248554914 2.685595238095239 0.010000000000000231 1.4390462427745667 4.229795918367346 3.2790909090909093 1.5297994269340969 3.5660444444444455 1.659850187265917 3.6769736842105267 
1.598053892215571 1.3780434782608695 4.268421052631579 5.622254335260117 0.8661904761904768 1.141834532374101 2.0366473988439306 6.614897959183672 3.8134615384615387 2.002053486150907 5.004444444444445 4.45449438202247 0.9168859649122809 
4.935658682634735 5.766442687747036 3.4995394736842123 3.283815028901734 2.685595238095239 4.990071942446045 5.6222543352601155 3.3124489795918364 3.9077622377622383 2.6546227316141353 2.7070000000000007 5.632958801498126 2.428362573099416 
2.1632934131736583 0.8095059288537549 0.30572368421052687 2.9200578034682083 7.822738095238094 2.4353597122302166 2.114595375722544 0.009999999999999343 6.548181818181819 1.3580706781279848 7.301888888888891 5.8686516853932575 2.678084795321638 
4.720329341317363 5.03800395256917 2.6715131578947364 5.1026011560693645 2.578571428571429 1.303525179856115 0.21786127167630087 5.330612244897958 2.7761538461538464 2.3455109837631323 0.5094444444444441 1.188464419475654 3.414108187134503 
9.000000000000004 1.768913043478261 4.090986842105265 0.11393063583815088 1.4013095238095232 6.477625899280577 8.376416184971099 5.330612244897958 7.522622377622379 3.5476122254059215 7.002222222222224 4.723857677902621 5.517032163742691 
5.608562874251501 5.073537549407115 2.908092105263158 4.323121387283238 1.0802380952380943 1.6915827338129499 0.03598265895953778 8.082653061224487 1.4559440559440564 3.8052053486150905 2.607111111111113 1.659850187265917 1.7711988304093569 
7.1427844311377235 2.515118577075099 5.3921710526315785 3.335780346820811 4.612023809523809 4.860719424460433 5.310462427745665 3.128979591836734 2.6189860139860146 3.247086914995224 5.104333333333335 7.585842696629213 6.469919590643275 
2.1902095808383244 0.9871739130434785 1.4294736842105262 4.063294797687862 1.5083333333333329 4.084604316546763 4.089277456647399 4.596734693877551 5.2279720279720285 1.2292741165234002 3.1065555555555555 5.700299625468165 0.010000000000000231 
6.093053892215568 0.9161067193675891 1.3111842105263154 3.5436416184971096 1.7223809523809521 3.243812949640288 3.4397109826589602 3.3124489795918364 0.9844405594405596 2.1737822349570193 6.802444444444445 3.814756554307116 2.099780701754386 
5.150988023952099 4.451699604743084 4.0318421052631574 5.36242774566474 1.5083333333333329 2.694064748201439 0.7634971098265899 5.697551020408163 2.6189860139860146 6.140716332378222 0.010000000000000675 0.9864419475655426 2.2312134502923984 
1.786467065868262 2.5328853754940717 2.7898026315789473 5.1026011560693645 0.7591666666666672 4.860719424460433 5.674219653179191 4.229795918367346 2.933321678321679 1.2807927411652338 3.1065555555555555 6.57573033707865 0.4437280701754389 
4.424251497005994 9.000000000000002 2.5532236842105256 5.36242774566474 0.8661904761904768 4.925395683453239 5.674219653179191 2.9455102040816317 5.007937062937063 1.1434097421203437 1.8079999999999998 5.969662921348314 0.4568713450292399 
6.200718562874254 1.9998814229249016 3.9135526315789466 2.81612716763006 2.4715476190476195 4.893057553956835 6.271820809248555 2.3951020408163264 4.002062937062937 2.1737822349570193 5.603777777777779 9.0 4.761293859649124 
2.5939520958083797 1.5912450592885374 3.558684210526316 6.921387283236995 1.0802380952380943 3.631870503597123 5.1545664739884405 4.780204081632652 4.662167832167833 0.7312607449856734 3.4062222222222225 4.892209737827714 0.2071491228070177 
4.5857485029940115 2.0709486166007904 6.2201973684210525 7.441040462427746 4.076904761904762 3.5671942446043174 2.114595375722544 2.211632653061224 3.593426573426574 5.007306590257879 0.6093333333333328 0.009999999999998899 0.7525950292397665 
3.320688622754492 1.1115415019762849 1.9026315789473696 2.9200578034682083 2.36452380952381 2.9851079136690646 2.4523699421965324 7.165306122448978 0.6386713286713288 3.848137535816618 4.305222222222223 0.8854307116104865 0.9168859649122809 
5.500898203592815 5.26897233201581 5.333026315789475 6.141907514450868 3.541785714285714 1.9502877697841723 1.1792196531791912 5.330612244897958 3.2790909090909093 8.081251193887297 3.0066666666666677 0.7844194756554304 2.5269371345029246 
8.004101796407188 2.017648221343874 4.0318421052631574 0.4257225433526015 2.578571428571429 7.124388489208634 8.246502890173412 2.7620408163265293 7.994125874125875 5.350764087870104 6.502777777777778 5.632958801498126 8.125972222222224 
6.227634730538927 1.2359090909090908 4.7415789473684224 2.868092485549133 3.220714285714285 7.447769784172662 8.324450867052024 0.9273469387755093 5.102237762237763 4.74971346704871 3.4062222222222225 5.195243445692884 6.4042032163742695 
4.720329341317363 2.8882213438735174 5.747039473684211 3.855433526011562 2.4715476190476195 5.50748201438849 7.207196531791908 2.9455102040816317 7.522622377622379 3.7880324737344786 4.804666666666668 6.205355805243445 5.747039473684211 
7.035119760479038 1.680079051383399 3.026381578947369 2.5043352601156075 1.9364285714285714 5.022410071942447 4.842774566473989 2.211632653061224 4.913636363636364 2.9465616045845264 4.904555555555557 7.619513108614231 4.761293859649124 
0.11766467065868014 2.959288537549407 4.268421052631579 4.582947976878613 1.9364285714285714 5.8308633093525195 6.037976878612717 3.3124489795918364 4.442132867132868 1.7015281757402099 2.5072222222222234 6.946104868913857 2.0669225146198835 
3.48218562874251 5.571007905138341 4.150131578947368 6.141907514450868 2.4715476190476195 5.6044964028776985 5.414393063583815 5.330612244897958 4.819335664335664 1.1176504297994267 6.402888888888889 6.07067415730337 1.0023172514619887 
5.01640718562874 6.299446640316207 3.3221052631578942 4.582947976878613 4.504999999999999 1.5945683453237414 0.5816184971098266 5.330612244897958 2.933321678321679 7.6691021967526245 0.40955555555555545 0.7844194756554304 3.4469663742690066 
3.0246107784431153 8.484762845849803 5.5696052631578965 7.1812138728323704 1.9364285714285714 2.2413309352517987 0.34777456647398863 8.999999999999998 2.1474825174825183 3.2041547277936955 2.7070000000000007 1.2221348314606733 1.344042397660819 
7.331197604790422 5.979644268774704 6.161052631578949 6.921387283236995 1.9364285714285714 3.082122302158273 0.7634971098265899 7.715714285714284 2.933321678321679 6.810458452722061 0.6093333333333328 0.9191011235955049 1.6397660818713455 
7.1427844311377235 1.5912450592885374 3.440394736842105 2.5043352601156075 5.147142857142857 6.154244604316547 7.025317919075144 1.8446938775510193 5.290839160839162 3.762273161413562 5.404000000000002 8.023558052434456 3.0855263157894743 
6.254550898203593 6.441581027667985 3.3221052631578942 5.882080924855493 1.0802380952380943 0.5920863309352522 0.010000000000000009 6.981836734693877 2.30465034965035 4.595157593123209 2.307444444444445 1.4241573033707855 1.376900584795322 
2.8631137724550904 1.3958102766798421 2.9672368421052653 4.063294797687862 9.0 4.537338129496403 4.686878612716764 3.3124489795918364 9.000000000000002 1.1434097421203437 6.103222222222222 4.387153558052433 4.117273391812866 
7.600359281437125 1.733379446640316 4.327565789473686 2.296473988439307 5.254166666666666 5.50748201438849 6.739508670520232 2.578571428571428 5.888076923076924 3.7536867239732556 4.904555555555557 8.73063670411985 4.958442982456141 
2.5939520958083797 0.8450395256916994 5.096447368421053 3.5956069364161864 2.1504761904761907 4.27863309352518 5.674219653179191 4.229795918367346 5.2279720279720285 2.8606972301814704 6.402888888888889 3.276029962546815 2.4152192982456144 
8.03101796407186 2.017648221343874 4.445855263157897 1.7768208092485551 1.9364285714285714 4.537338129496403 5.3364450867052025 2.9455102040816317 4.913636363636364 3.418815663801337 4.704777777777778 7.585842696629213 6.437061403508772 
3.5360179640718563 1.9110474308300396 2.9672368421052653 3.959364161849712 0.8661904761904768 3.5671942446043174 5.36242774566474 2.211632653061224 4.253531468531469 2.259646609360076 6.103222222222222 6.104344569288389 2.651798245614035 
5.581646706586827 1.9110474308300396 4.2092763157894755 4.842774566473989 2.36452380952381 5.184100719424462 6.531647398843931 2.211632653061224 4.536433566433567 3.2900191021967515 4.904555555555557 7.215468164794006 4.005555555555556 
5.393233532934129 5.517707509881424 2.494078947368422 3.959364161849712 1.2942857142857136 4.37564748201439 5.752167630057804 2.3951020408163264 3.3419580419580424 2.5859312320916903 3.6060000000000016 5.632958801498126 4.761293859649124 
6.6313772455089826 2.0709486166007904 6.515921052631578 4.271156069364161 3.1136904761904756 5.992553956834534 6.505664739884394 4.229795918367346 4.222097902097903 2.7748328557784143 7.002222222222224 6.979775280898875 3.972697368421053 
1.8133832335329352 1.1648418972332015 4.7415789473684224 5.882080924855493 0.6521428571428576 4.731366906474822 4.738843930635839 5.330612244897958 1.9588811188811193 1.4010028653295128 3.805777777777779 6.272696629213482 0.48972953216374293 
1.598053892215571 4.789268774703558 1.7843421052631587 4.063294797687862 0.9732142857142865 2.920431654676259 3.049971098265896 4.229795918367346 4.567867132867134 0.010000000000000009 3.805777777777779 5.801310861423219 1.6660526315789475 
6.496796407185631 1.8044466403162054 4.268421052631579 1.4650289017341045 3.541785714285714 9.000000000000002 8.506329479768787 3.3124489795918364 4.567867132867134 4.96437440305635 4.60488888888889 6.508389513108612 5.779897660818714 
5.09715568862276 1.7511462450592887 2.612368421052633 3.0239884393063585 1.7223809523809521 4.2139568345323735 4.479017341040462 2.3951020408163264 2.933321678321679 2.3025787965616047 4.704777777777778 4.858539325842696 6.4042032163742695 
2.0556287425149726 1.2714426877470357 4.919013157894737 4.063294797687862 2.7926190476190484 2.5647122302158274 3.335780346820809 5.697551020408163 1.9274475524475527 1.4439350525310413 9.000000000000002 3.0403370786516843 0.29258040935672547 
5.958473053892217 7.489822134387353 3.854407894736843 4.582947976878613 1.5083333333333329 2.920431654676259 0.8674277456647401 6.064489795918366 1.8960139860139866 2.6889684813753583 3.6060000000000016 2.4342696629213467 1.5740497076023394 
5.689311377245506 4.327332015810278 6.042763157894738 6.401734104046244 2.043452380952381 1.4652158273381297 0.139913294797688 6.614897959183672 0.4186363636363639 2.64603629417383 3.4062222222222225 2.467940074906366 1.376900584795322 
3.159191616766467 0.9871739130434785 2.375789473684211 4.582947976878613 2.685595238095239 1.2388489208633096 0.2958092485549133 7.165306122448978 3.090489510489511 5.43662846227316 0.30966666666666587 0.750749063670411 2.1654970760233923 
4.424251497005994 2.3374505928853755 9.000000000000002 7.1812138728323704 4.9330952380952375 4.957733812949641 5.752167630057804 6.064489795918366 4.725034965034966 1.984880611270296 5.803555555555555 6.306367041198501 3.414108187134503 
4.424251497005994 1.768913043478261 2.0209210526315804 0.6335838150289019 1.5083333333333329 5.248776978417268 7.2851445086705215 0.5604081632653055 7.836958041958044 5.093170964660936 5.703666666666669 5.329925093632958 5.517032163742691 
1.1135628742514996 1.3069762845849802 1.7251973684210533 4.998670520231214 0.8661904761904768 2.855755395683454 2.946040462427746 2.9455102040816317 3.499125874125874 0.5852913085004774 4.005555555555556 6.744082397003745 1.212609649122807 
6.523712574850297 1.6267786561264823 5.333026315789475 3.1279190751445087 1.7223809523809521 4.37564748201439 6.557630057803469 1.4777551020408155 5.888076923076924 3.7193409742120336 6.902333333333335 6.8787640449438205 6.272770467836257 
4.7472455089820365 7.91622529644269 3.6769736842105267 5.622254335260117 1.6153571428571425 2.079640287769784 0.4257225433526013 8.633061224489794 3.5619930069930072 5.69422158548233 0.5094444444444441 0.5150561797752795 2.724086257309942 
7.250449101796409 2.284150197628459 4.150131578947368 3.959364161849712 2.685595238095239 5.345791366906475 6.375751445086705 3.3124489795918364 6.170979020979021 4.234527220630372 5.204222222222224 4.791198501872658 4.925584795321638 
2.997694610778442 3.0125889328063242 2.7898026315789473 5.1026011560693645 1.0802380952380943 4.699028776978418 4.686878612716764 2.211632653061224 2.524685314685315 0.6282234957020056 3.506111111111112 4.892209737827714 0.095431286549708 
5.581646706586827 1.6623122529644268 5.5696052631578965 5.882080924855493 1.187261904761904 4.860719424460433 1.6469075144508676 6.981836734693877 5.888076923076924 9.0 0.20977777777777717 1.5251685393258416 2.03406432748538 
3.5360179640718563 1.8044466403162054 3.440394736842105 5.882080924855493 0.6521428571428576 0.91546762589928 3.3617630057803467 6.247959183673467 3.8134615384615387 1.744460362941738 3.3063333333333347 3.6800749063670404 1.166608187134503 
4.424251497005994 1.8399802371541503 2.375789473684211 3.0239884393063585 3.1136904761904756 6.154244604316547 6.583612716763007 2.578571428571428 5.070804195804196 3.2385004775549184 3.3063333333333347 6.811423220973782 3.7755482456140355 
0.6290718562874282 2.355217391304348 4.505000000000001 5.414393063583817 0.6521428571428576 2.7587410071942444 3.179884393063584 6.247959183673467 2.933321678321679 1.3151384909264563 4.505000000000001 4.791198501872658 2.428362573099416 
3.8859281437125723 1.5379446640316208 4.8598684210526315 3.439710982658961 1.8294047619047618 4.4726618705035985 4.946705202312139 2.211632653061224 3.2790909090909093 2.2854059216809928 5.404000000000002 7.754194756554306 4.629861111111111 
3.4014371257485045 0.4364031620553359 3.203815789473687 3.5436416184971096 2.2575000000000003 3.5671942446043174 3.8294508670520235 2.9455102040816317 3.2790909090909093 1.1605826170009552 6.802444444444445 6.171685393258426 0.9168859649122809 
2.5939520958083797 0.7739723320158101 1.3111842105263154 4.375086705202313 0.009999999999999787 3.27615107913669 3.985346820809249 2.3951020408163264 1.9588811188811193 2.9293887297039154 5.703666666666669 7.249138576779026 1.3111842105263163 
1.7057185628742495 6.33498023715415 4.0318421052631574 5.622254335260117 0.22404761904761905 3.243812949640288 3.335780346820809 5.147142857142857 2.933321678321679 1.1434097421203437 2.4073333333333338 4.185131086142321 1.7711988304093569 
3.670598802395208 2.9415217391304354 3.440394736842105 4.323121387283238 0.8661904761904768 0.9478057553956831 0.11393063583815044 6.247959183673467 0.7015384615384617 7.411508214899713 0.20977777777777717 1.0201123595505601 1.0483187134502927 
7.49269461077844 1.5201778656126486 4.623289473684212 2.764161849710983 3.220714285714285 7.124388489208634 9.000000000000002 3.3124489795918364 4.536433566433567 6.38113658070678 6.802444444444445 5.026891385767789 9.0 
0.010000000000001563 0.009999999999999787 4.7415789473684224 5.1026011560693645 1.0802380952380943 4.4726618705035985 4.0113294797687855 5.147142857142857 3.216223776223776 1.5555587392550143 5.503888888888891 3.3097003745318343 0.8117397660818715 
7.250449101796409 2.5328853754940717 3.558684210526316 3.5436416184971096 2.8996428571428563 5.992553956834534 7.415057803468208 1.4777551020408155 6.170979020979021 3.848137535816618 7.002222222222224 6.205355805243445 7.882821637426901 
5.204820359281438 0.3653359683794464 3.9135526315789466 3.0239884393063585 3.4347619047619045 4.6343525179856115 2.1665606936416193 7.532244897959183 0.010000000000000009 1.6328366762177648 4.704777777777778 2.0302247191011222 2.888377192982457 
2.970778443113769 1.768913043478261 1.666052631578948 4.842774566473989 0.7591666666666672 3.5671942446043174 3.7774855491329484 3.3124489795918364 3.3419580419580424 1.4353486150907353 4.904555555555557 7.552172284644194 2.375789473684211 
5.043323353293413 1.6090118577075097 6.7524999999999995 2.244508670520232 3.4347619047619045 4.860719424460433 5.752167630057804 3.67938775510204 2.9647552447552457 2.8606972301814704 5.404000000000002 4.892209737827714 3.742690058479533 
4.827994011976049 1.8577470355731225 2.612368421052633 0.009999999999999787 2.36452380952381 5.022410071942447 5.960028901734104 2.211632653061224 2.7132867132867133 2.6717956064947463 5.004444444444445 6.979775280898875 4.859868421052632 
1.2481437125748478 6.352747035573122 4.090986842105265 5.1026011560693645 0.4380952380952383 5.701510791366907 6.6615606936416185 1.2942857142857136 7.836958041958044 1.3151384909264563 2.007777777777778 7.787865168539326 0.4568713450292399 
3.805179640718567 4.682667984189724 3.558684210526316 4.323121387283238 1.0802380952380943 1.2388489208633096 0.5036705202312142 4.780204081632652 1.7388461538461544 7.720620821394459 1.7081111111111111 1.4241573033707855 2.4612207602339184 
5.796976047904192 1.733379446640316 3.6178289473684213 2.6082658959537577 4.183928571428572 6.63931654676259 7.337109826589597 3.67938775510204 6.045244755244756 4.174422158548232 4.005555555555556 6.912434456928838 3.184100877192983 
5.850808383233531 3.2790909090909097 5.865328947368422 6.921387283236995 2.8996428571428563 1.4652158273381297 0.9713583815028903 4.596734693877551 3.5305594405594407 6.346790830945558 1.9078888888888894 1.5925093632958793 2.888377192982457 
5.2586526946107774 3.2435573122529644 3.854407894736843 4.582947976878613 1.187261904761904 0.9801438848920863 0.08794797687861289 4.229795918367346 0.7015384615384617 3.7193409742120336 1.5083333333333329 3.848426966292135 3.0855263157894743 
4.504999999999999 5.624308300395258 3.9135526315789466 5.36242774566474 3.7558333333333334 1.0124820143884894 2.4004046242774564 3.67938775510204 2.2732167832167836 6.982187201528174 0.20977777777777717 0.009999999999998899 1.5740497076023394 
2.270958083832337 5.588774703557313 2.9672368421052653 3.803468208092487 3.6488095238095237 0.91546762589928 0.815462427745665 2.7620408163265293 2.2732167832167836 5.960401146131805 1.0088888888888894 2.2659176029962538 3.578399122807018 
7.546526946107786 5.87304347826087 4.38671052631579 4.0113294797687855 3.541785714285714 5.669172661870505 5.674219653179191 2.9455102040816317 2.6189860139860146 3.4102292263610314 3.206444444444445 6.744082397003745 5.05701754385965 
1.0866467065868264 2.4618181818181823 6.161052631578949 5.36242774566474 6.003333333333334 1.6269064748201445 1.361098265895954 0.009999999999999343 3.593426573426574 1.0575453677172872 4.005555555555556 3.1413483146067396 2.0669225146198835 
1.0328143712574835 2.479584980237154 6.397631578947367 9.0 1.5083333333333329 3.3408273381294964 4.608930635838151 8.082653061224487 4.222097902097903 1.4868672397325693 4.205333333333334 3.747415730337077 1.0220321637426903 
1.8133832335329352 2.3907509881422926 0.010000000000001563 3.283815028901734 2.043452380952381 3.664208633093525 4.427052023121387 2.211632653061224 3.090489510489511 1.744460362941738 7.202000000000002 5.498277153558051 2.6255116959064333 
6.308383233532933 1.768913043478261 4.2092763157894755 2.5043352601156075 1.187261904761904 4.860719424460433 5.960028901734104 2.7620408163265293 4.379265734265735 3.7193409742120336 6.003333333333334 5.296254681647938 6.63421052631579 
4.370419161676647 0.2942687747035573 0.0691447368421052 2.5043352601156075 0.8661904761904768 2.7587410071942444 4.0632947976878615 1.8446938775510193 3.2790909090909093 2.8606972301814704 6.402888888888889 3.8820973782771526 0.535730994152047 
6.200718562874254 8.733498023715416 4.445855263157897 4.842774566473989 1.8294047619047618 1.885611510791367 0.3737572254335262 6.981836734693877 2.021748251748252 5.522492836676217 0.9090000000000007 1.390486891385767 2.8226608187134508 
2.3786227544910155 4.327332015810278 3.026381578947369 3.5436416184971096 1.0802380952380943 5.669172661870505 6.557630057803469 5.697551020408163 7.522622377622379 0.8858166189111745 8.700333333333335 5.060561797752809 0.6277339181286554 
1.8133832335329352 1.9465810276679845 3.6769736842105267 3.803468208092487 0.3310714285714287 1.6269064748201445 2.6862138728323703 6.981836734693877 3.844895104895105 0.9716809933142307 5.304111111111112 3.1750187265917598 1.1140350877192984 
4.101257485029937 3.687727272727273 5.924473684210527 5.1026011560693645 1.9364285714285714 1.4328776978417266 0.08794797687861289 7.165306122448978 1.0473076923076927 2.8606972301814704 2.2075555555555564 3.3097003745318343 1.9026315789473687 
3.8859281437125723 4.505000000000001 5.214736842105264 5.622254335260117 3.006666666666666 1.7885971223021584 0.34777456647398863 8.449591836734692 1.7074125874125878 3.7021680993314225 3.206444444444445 2.636292134831459 1.7054824561403512 
3.7782634730538938 2.7993873517786567 4.150131578947368 6.661560693641619 2.1504761904761907 0.17169064748201412 1.62092485549133 2.3951020408163264 1.2987762237762241 3.8052053486150905 1.108777777777778 0.11101123595505591 1.6397660818713455 
