4.173789473684209 3.257408163265306 4.623289473684212 5.004444444444444 5.482173913043477 1.56 2.5642618384401117 1.8758490566037729 2.6585062240663904 7.312457337883959 0.009999999999999787 0.6686080586080587 1.30527817403709 
6.4449473684210545 1.532795918367347 4.2092763157894755 2.007777777777778 2.4855072463768106 5.032 6.070111420612813 2.723962264150943 4.710165975103735 3.323720136518771 4.9069918699187 5.377655677655677 6.691583452211129 
2.683342105263158 1.3126326530612251 3.6178289473684213 5.404000000000001 2.6157971014492745 2.4900000000000007 3.3906406685236763 5.0986792452830185 3.7775933609958505 0.9074658703071675 6.222601626016262 3.2701098901098895 1.4014621968616265 
4.008184210526316 1.679571428571429 2.9672368421052653 3.4062222222222234 2.094637681159419 3.792000000000001 5.4941504178272975 2.2150943396226417 4.560954356846473 2.019709897610922 4.9800813008130085 6.16798534798535 2.8057489300998575 
2.9908947368421046 0.9456938775510204 1.666052631578948 2.007777777777778 1.9643478260869554 4.876999999999999 5.419025069637883 2.723962264150943 4.560954356846473 1.2526450511945395 5.491707317073171 4.850769230769232 0.9718402282453638 
3.9372105263157877 1.1658571428571431 3.3221052631578942 4.355166666666666 1.312898550724638 1.2499999999999996 2.8146796657381614 7.6430188679245274 4.001410788381743 1.3677047781569964 3.518292682926829 2.6115018315018323 1.4014621968616265 
5.238394736842107 3.1106326530612245 6.9299342105263175 4.505 6.26391304347826 5.651999999999999 5.8948189415041785 4.420188679245283 4.74746887966805 2.3418771331058026 4.103008130081301 5.476446886446888 2.9404065620542084 
2.304815789473686 0.04669387755102061 1.7843421052631587 3.506111111111111 2.094637681159419 4.474 4.818022284122562 2.8935849056603766 3.2926556016597512 0.9458191126279866 6.588048780487805 6.102124542124543 0.010000000000000231 
3.2984473684210514 1.3126326530612251 2.908092105263158 5.254166666666667 4.961014492753623 3.172 4.3923119777158774 3.5720754716981133 3.9641078838174275 0.6083105802047785 4.249186991869919 5.575238095238096 0.43962196861626257 
6.657868421052633 5.917714285714286 4.0318421052631574 3.7558333333333342 2.4855072463768106 2.552 1.2370473537604454 5.946792452830187 3.7775933609958505 5.939411262798635 0.6678048780487802 1.2284249084249081 1.30527817403709 
4.741578947368421 0.010000000000000009 0.0691447368421052 2.007777777777778 2.094637681159419 3.017 4.2420612813370475 1.8758490566037729 3.4045643153526974 2.556655290102389 5.199349593495935 3.9945787545787548 0.7409985734664768 
6.302999999999997 4.339877551020408 4.978157894736842 4.0055555555555555 4.8307246376811595 2.645 0.5609192200557104 6.286037735849056 0.9425726141078838 3.5384982935153584 3.518292682926829 1.8211721611721616 2.587731811697575 
2.777973684210526 3.917897959183674 3.6769736842105267 3.506111111111111 3.3975362318840574 0.847 0.38562674094707516 4.589811320754717 0.6814522821576765 3.2470136518771335 1.325609756097561 1.8541025641025648 1.497646219686163 
4.788894736842106 5.440693877551021 3.6769736842105267 5.254166666666667 1.9643478260869554 2.087 3.1402228412256266 8.151886792452828 4.001410788381743 2.7100682593856655 2.641219512195122 2.4468498168498165 1.529707560627675 
3.3221052631578942 1.1658571428571431 3.4995394736842123 4.754722222222223 2.094637681159419 5.466000000000001 7.046740947075209 4.420188679245283 4.560954356846473 2.050392491467577 1.5448780487804874 5.18007326007326 0.4845078459343797 
4.244763157894738 4.541693877551021 3.558684210526316 3.7558333333333342 2.355217391304347 1.56 0.8113370473537606 4.589811320754717 1.5767219917012447 6.898242320819113 1.7641463414634146 1.5906593406593412 2.619793152639087 
3.1801578947368405 0.4319795918367346 2.7306578947368436 3.506111111111111 2.224927536231883 7.821999999999999 6.9215320334261845 1.0277358490566035 4.933983402489627 2.441595563139932 5.418617886178863 5.27886446886447 0.9205420827389448 
4.836210526315789 1.1108163265306124 2.375789473684211 1.758055555555556 3.658115942028985 4.411999999999999 5.769610027855154 2.5543396226415096 3.0688381742738597 1.8662969283276452 5.126260162601627 4.686117216117217 4.7679029957204 
7.580526315789477 1.4961020408163266 4.327565789473686 1.8079999999999998 7.436521739130436 5.651999999999999 6.821364902506964 2.5543396226415096 6.500705394190871 3.3544027303754262 4.103008130081301 8.736556776556778 5.05645506419401 
4.008184210526316 1.5694897959183678 3.440394736842105 5.254166666666667 1.8340579710144915 1.2499999999999996 3.5659331476323115 5.946792452830187 4.038713692946057 1.5594709897610923 2.933577235772358 3.7969963369963375 1.3565763195435094 
4.315736842105263 4.358224489795919 5.214736842105264 5.004444444444444 4.700434782608696 2.087 0.6610863509749304 7.9822641509433945 1.5394190871369293 3.3083788395904437 2.860487804878049 2.7761538461538464 1.8823823109843083 
6.279342105263154 1.7162653061224493 3.9135526315789466 2.6071111111111103 4.439855072463768 4.474 5.8948189415041785 4.929056603773584 5.30701244813278 1.9736860068259388 5.491707317073171 5.27886446886447 4.575534950071328 
3.535026315789473 2.8170816326530614 2.7898026315789473 4.505 2.355217391304347 4.876999999999999 4.843064066852368 2.2150943396226417 2.5092946058091288 0.5622866894197954 3.0797560975609763 4.982490842490843 0.311376604850214 
5.900815789473683 4.174755102040817 6.042763157894738 5.753611111111112 3.5278260869565212 1.7770000000000006 0.46075208913649035 6.286037735849056 0.010000000000000231 2.3648890784982934 3.0066666666666673 2.6115018315018323 1.5617689015691871 
4.504999999999999 3.514265306122449 5.924473684210527 4.505 3.3975362318840574 1.746 0.4106685236768802 6.794905660377357 0.7560580912863069 2.556655290102389 2.12959349593496 3.4347619047619053 2.074750356633381 
3.51136842105263 0.6337959183673469 3.2629605263157906 2.7569444444444455 1.9643478260869554 3.172 0.6110027855153203 7.9822641509433945 2.621203319502075 3.2086604095563143 1.983414634146342 0.8003296703296705 2.395363766048502 
7.935394736842106 1.78965306122449 4.0318421052631574 0.010000000000000675 4.17927536231884 7.202 8.273788300835655 2.723962264150943 9.0 4.781143344709898 5.272439024390245 5.706959706959707 8.147168330955779 
7.178342105263155 1.349326530612245 3.440394736842105 2.007777777777778 7.30623188405797 6.272 7.096824512534819 1.8758490566037729 5.79195020746888 3.3620733788395913 4.468455284552846 8.045018315018314 3.2289586305278175 
3.1801578947368405 1.349326530612245 3.558684210526316 6.253055555555556 2.355217391304347 3.8540000000000005 5.293816155988859 4.589811320754717 5.045892116182572 0.6543344709897613 3.0066666666666673 4.982490842490843 0.4203851640513552 
7.343947368421055 5.881020408163265 6.161052631578949 6.253055555555556 3.3975362318840574 3.3269999999999995 1.0617548746518106 7.30377358490566 2.994232365145229 6.085153583617747 0.9601626016260165 1.0967032967032972 1.8182596291012842 
4.788894736842106 1.6061836734693882 2.375789473684211 2.5072222222222225 4.8307246376811595 6.272 6.671114206128133 2.5543396226415096 5.530829875518672 2.8941638225255977 2.933577235772358 6.85952380952381 3.9022467902995728 
6.350315789473683 1.7713061224489801 3.9135526315789466 2.307444444444445 4.0489855072463765 5.062999999999999 6.370612813370474 2.384716981132075 4.26253112033195 1.9430034129692833 4.614634146341466 9.0 4.864087018544936 
6.161052631578947 1.679571428571429 5.924473684210527 2.6071111111111103 5.482173913043477 5.807 6.445738161559889 2.8935849056603766 3.4045643153526974 4.627730375426621 5.8571544715447175 5.311794871794873 6.627460770328103 
2.8962631578947367 1.532795918367347 2.494078947368422 3.506111111111111 1.312898550724638 2.087 4.2420612813370475 4.080943396226415 4.038713692946057 1.6361774744027304 3.8106504065040654 6.2667765567765565 1.497646219686163 
5.238394736842107 5.660857142857143 3.4995394736842123 2.7569444444444455 4.309565217391304 5.156000000000001 5.744568245125348 3.2328301886792445 4.150622406639004 2.3725597269624576 2.4950406504065037 5.706959706959707 2.587731811697575 
3.8189210526315804 0.8539591836734697 1.9026315789473696 2.4073333333333347 3.9186956521739127 3.2340000000000004 2.6894707520891363 6.794905660377357 0.27112033195020757 3.438779863481229 3.6644715447154472 1.063772893772894 1.1129101283880174 
2.9908947368421046 1.3126326530612251 3.026381578947369 4.205333333333333 4.309565217391304 0.38200000000000056 1.712841225626741 4.080943396226415 3.4045643153526974 1.3677047781569964 3.123609756097561 1.8211721611721616 3.806062767475036 
3.1801578947368405 0.3218979591836737 2.375789473684211 3.25638888888889 2.355217391304347 7.884 8.549247910863508 1.8758490566037729 5.232406639004149 2.479948805460751 4.103008130081301 4.9495604395604405 2.459486447931527 
6.705184210526312 1.1291632653061228 5.747039473684211 6.502777777777779 2.094637681159419 6.117000000000001 6.320529247910863 1.3669811320754715 4.933983402489627 1.620836177474403 6.441869918699188 6.233846153846154 0.8564194008559203 
5.356684210526314 1.973122448979592 5.806184210526316 2.4073333333333347 4.17927536231884 6.272 7.247075208913649 3.063207547169811 4.150622406639004 3.6305460750853245 4.322276422764228 5.18007326007326 6.3709700427960065 
5.8298421052631575 4.945326530612245 2.908092105263158 3.7558333333333342 2.355217391304347 1.9940000000000002 0.3605849582172701 7.6430188679245274 1.2409958506224066 3.4004266211604097 2.4219512195121955 1.8211721611721616 1.9465049928673328 
2.210184210526318 0.3585918367346941 3.558684210526316 4.505 4.0489855072463765 7.449999999999999 4.517520891364903 0.010000000000000231 4.113319502074688 1.490435153583618 3.7375609756097563 6.135054945054946 3.9086590584878746 
2.304815789473686 1.1291632653061228 4.268421052631579 5.004444444444444 2.094637681159419 1.467 2.2888022284122562 6.286037735849056 4.038713692946057 1.789590443686007 4.176097560975611 4.554395604395604 1.1129101283880174 
4.126473684210524 2.7436938775510207 3.440394736842105 3.7558333333333342 2.094637681159419 1.2810000000000001 0.4357103064066853 5.946792452830187 0.34572614107883837 6.622098209044369 0.6678048780487802 1.195494505494505 1.241155492154066 
3.9608684210526306 5.459040816326532 4.150131578947368 5.503888888888889 4.0489855072463765 5.744999999999999 5.544233983286908 5.0986792452830185 5.232406639004149 0.9995136518771331 5.199349593495935 6.135054945054946 1.1962696148359488 
5.806184210526315 1.4227142857142858 5.5696052631578965 5.254166666666667 2.4855072463768106 5.032 1.913175487465181 6.625283018867925 6.500705394190871 8.041168941979523 0.6678048780487802 1.6894505494505498 2.2029957203994295 
7.3202894736842055 1.074122448979592 3.6769736842105267 2.4073333333333347 3.2672463768115936 3.792000000000001 5.243732590529248 2.2150943396226417 3.814896265560166 2.863481228668942 5.053170731707317 5.114212454212454 6.435092724679031 
4.788894736842106 1.532795918367347 2.0209210526315804 0.20977777777777806 2.876376811594202 5.404 7.34724233983287 0.6884905660377361 8.813485477178425 4.551023890784983 4.687723577235774 5.410586080586081 5.601497860199714 
7.272973684210527 2.064857142857143 4.150131578947368 3.4062222222222234 4.309565217391304 5.497 6.470779944289694 3.2328301886792445 6.83643153526971 3.7839590443686006 4.322276422764228 4.883699633699634 5.024393723252496 
5.309368421052628 6.21126530612245 3.3221052631578942 4.0055555555555555 6.524492753623187 1.9010000000000002 0.8864623955431753 5.0986792452830185 2.994232365145229 6.85221843003413 0.8139837398373984 0.9649816849816855 3.5816333808844507 
6.752499999999998 1.8263469387755105 5.273881578947368 1.5083333333333337 4.0489855072463765 7.047000000000001 8.073454038997214 0.6884905660377361 4.299834024896265 3.1933191126279867 2.933577235772358 7.551062271062272 5.248823109843082 
1.8789736842105285 1.514448979591837 1.0746052631578955 3.7558333333333342 2.094637681159419 4.7219999999999995 3.2654317548746516 4.080943396226415 3.255352697095436 0.6083105802047785 3.372113821138211 3.862857142857144 0.8884807417974323 
7.8407631578947345 1.4410612244897962 5.924473684210527 6.502777777777779 3.658115942028985 5.651999999999999 2.439052924791086 6.794905660377357 8.030124481327803 9.0 0.6678048780487802 2.2821978021978024 2.459486447931527 
4.504999999999999 5.330612244897959 5.62875 3.306333333333334 4.17927536231884 4.443000000000001 5.1936490250696385 2.0454716981132073 5.3443153526970955 2.479948805460751 4.029918699186993 7.4193406593406594 3.1648359486447935 
5.995447368421054 1.4961020408163266 3.6178289473684213 2.107666666666666 6.133623188405796 6.737 7.397325905292479 3.5720754716981133 6.687219917012448 3.730264505119454 3.44520325203252 6.958315018315019 3.3251426533523545 
5.8298421052631575 1.4043673469387754 3.203815789473687 6.003333333333335 2.224927536231883 2.7999999999999994 3.766267409470752 2.384716981132075 1.800539419087137 1.8969795221843007 3.6644715447154472 4.982490842490843 1.2539800285306706 
5.995447368421054 1.532795918367347 4.505000000000001 4.255277777777779 6.003333333333332 6.148 6.120194986072423 1.197358490566038 7.097551867219917 3.82231228668942 3.6644715447154472 5.805750915750916 5.409129814550642 
7.74613157894737 1.8813877551020408 6.042763157894738 4.0055555555555555 6.524492753623187 5.651999999999999 7.021699164345405 3.402452830188679 5.30701244813278 3.7839590443686006 4.322276422764228 4.554395604395604 6.435092724679031 
2.494078947368422 0.7989183673469389 3.558684210526316 5.803555555555557 0.009999999999999787 3.792000000000001 3.1402228412256266 4.929056603773584 3.1061410788381743 0.362849829351536 4.322276422764228 6.398498168498169 2.235057061340942 
4.575973684210528 4.688469387755103 3.854407894736843 3.25638888888889 4.700434782608696 1.2810000000000001 0.9115041782729804 4.589811320754717 1.4648132780082985 3.07825938566553 1.4717886178861792 1.5906593406593412 2.555670470756063 
9.0 1.367673469387755 2.7898026315789473 1.0088888888888894 3.5278260869565212 5.651999999999999 6.621030640668524 2.723962264150943 5.3443153526970955 3.016894197952219 4.395365853658538 5.213003663003664 4.92820970042796 
6.728842105263155 1.8446938775510204 6.515921052631578 3.7058888888888886 4.8307246376811595 6.117000000000001 6.595988857938719 4.080943396226415 4.523651452282158 2.479948805460751 5.637886178861789 7.024175824175825 4.094614835948645 
2.304815789473686 4.651775510204082 1.7843421052631587 3.506111111111111 2.224927536231883 3.172 3.2654317548746516 4.080943396226415 4.933983402489627 0.010000000000000231 3.2990243902439027 5.871611721611722 1.843908701854494 
2.494078947368422 0.4319795918367346 4.800723684210526 6.003333333333335 1.0523188405797104 3.172 3.1151810584958217 4.589811320754717 3.180746887966805 0.7156996587030721 6.076422764227644 4.7849084249084255 2.267118402282454 
4.930842105263157 1.8446938775510204 6.2201973684210525 6.7525 6.003333333333332 3.792000000000001 2.363927576601671 2.2150943396226417 3.7775933609958505 4.474317406143345 0.9601626016260165 0.2075824175824179 0.9526034236804568 
6.752499999999998 7.605632653061225 3.1446710526315798 4.0055555555555555 1.312898550724638 0.009999999999999787 0.01000000000000012 4.589811320754717 0.49493775933609996 2.786774744027304 0.7408943089430893 0.2075824175824179 0.8884807417974323 
0.00999999999999801 1.1291632653061228 2.9672368421052653 4.754722222222223 1.9643478260869554 4.598000000000001 4.592646239554318 6.625283018867925 5.456224066390041 0.4855802047781571 9.000000000000002 5.27886446886447 0.8371825962910129 
1.8789736842105285 1.055775510204082 1.7251973684210533 4.405111111111112 2.094637681159419 3.11 3.1652646239554314 2.8935849056603766 3.6656846473029043 0.5239334470989764 3.44520325203252 6.7936630036630055 1.4014621968616265 
4.788894736842106 2.1198979591836737 9.000000000000002 6.502777777777779 7.045652173913043 5.125 5.869777158774374 5.7771698113207535 5.120497925311203 1.7742491467576795 4.760813008130082 6.365567765567767 3.5495720399429387 
4.646947368421053 1.4227142857142858 5.333026315789475 9.0 8.999999999999998 7.202 6.395654596100279 1.3669811320754715 5.269709543568465 1.5978242320819116 6.076422764227644 7.353479853479855 4.543473609129816 
3.1564999999999976 5.385653061224491 4.0318421052631574 4.505 2.355217391304347 4.102 1.4624233983286907 6.286037735849056 1.8378423236514525 4.896203071672356 0.594715447154472 1.030842490842491 1.5617689015691871 
5.049131578947367 4.9086326530612245 2.6715131578947364 4.505 4.17927536231884 1.6220000000000003 0.5358774373259053 5.0986792452830185 2.807717842323652 2.09641638225256 0.8870731707317074 1.36014652014652 3.5495720399429387 
5.214736842105264 4.413265306122449 3.440394736842105 3.25638888888889 3.658115942028985 2.552 1.2370473537604454 8.151886792452828 4.933983402489627 7.097679180887372 0.594715447154472 0.8003296703296705 2.555670470756063 
5.616921052631579 5.532428571428572 4.623289473684212 5.503888888888889 4.17927536231884 2.552 1.0367130919220053 5.0986792452830185 3.2180497925311204 4.627730375426621 1.6179674796747965 0.9649816849816855 3.0365905848787453 
6.610552631578948 1.5694897959183678 4.268421052631579 1.0088888888888894 5.351884057971015 9.0 8.524206128133704 3.2328301886792445 4.933983402489627 4.435964163822526 3.8837398373983745 6.563150183150182 5.857988587731812 
4.126473684210524 4.651775510204082 1.666052631578948 2.007777777777778 1.312898550724638 2.025 2.2888022284122562 5.0986792452830185 1.0544813278008296 1.6361774744027304 1.6179674796747965 2.8090842490842496 0.6127532097004282 
7.485894736842106 1.2759387755102043 4.623289473684212 2.257500000000001 4.961014492753623 7.202 9.0 3.2328301886792445 4.896680497925312 5.701621160409556 5.491707317073171 5.114212454212454 9.000000000000002 
3.2984473684210514 6.486469387755102 6.101907894736842 7.251944444444445 4.17927536231884 3.792000000000001 4.492479108635098 5.0986792452830185 4.337136929460581 0.623651877133106 3.2259349593495945 6.102124542124543 0.5678673323823111 
3.2984473684210514 3.0372448979591837 3.3812500000000014 5.004444444444444 2.6157971014492745 2.18 3.766267409470752 9.0 3.255352697095436 1.0992320819112629 2.78739837398374 6.694871794871795 0.24725392296718995 
4.788894736842106 9.0 2.5532236842105256 4.754722222222223 2.094637681159419 5.093999999999999 5.794651810584958 2.8935849056603766 5.456224066390041 1.0225255972696248 1.8372357723577237 6.036263736263737 0.6640513552068477 
7.533210526315791 5.770938775510205 4.38671052631579 3.4561666666666655 5.351884057971015 5.807 5.794651810584958 2.8935849056603766 2.621203319502075 3.047576791808874 2.860487804878049 6.7936630036630055 5.152639087018546 
6.397631578947369 6.358040816326532 3.3221052631578942 5.254166666666667 2.355217391304347 0.9400000000000004 0.33554317548746504 6.625283018867925 2.248174273858921 4.106126279863481 2.202682926829269 1.5906593406593412 1.5617689015691871 
1.500447368421053 1.808 1.3111842105263154 2.007777777777778 3.5278260869565212 1.9630000000000005 3.090139275766017 3.5720754716981133 2.248174273858921 1.9430034129692833 5.491707317073171 2.874945054945056 0.9718402282453638 
6.705184210526312 0.8356122448979597 3.3812500000000014 2.007777777777778 3.658115942028985 6.209999999999999 7.046740947075209 1.5366037735849054 4.859377593360996 4.566365187713311 3.8837398373983745 7.518131868131868 4.92820970042796 
4.930842105263157 0.21181632653061233 0.010000000000001563 1.5083333333333337 1.0523188405797104 6.209999999999999 7.121866295264624 2.2150943396226417 6.463402489626556 3.0936006825938565 4.687723577235774 6.299706959706961 1.4463480741797436 
7.272973684210527 2.321714285714286 3.558684210526316 3.006666666666667 4.570144927536232 6.117000000000001 7.472451253481894 1.5366037735849054 6.83643153526971 3.438779863481229 5.637886178861789 6.2667765567765565 7.909914407988589 
2.8962631578947367 7.0185306122448985 4.978157894736842 4.505 2.4855072463768106 1.2499999999999996 0.33554317548746504 6.794905660377357 0.9425726141078838 1.9813566552901025 1.983414634146342 0.009999999999999787 2.8442225392296723 
4.788894736842106 1.3860204081632654 5.037302631578946 3.006666666666667 3.658115942028985 4.567 5.243732590529248 2.723962264150943 3.3299585062240666 2.2881825938566553 4.687723577235774 4.093369963369963 5.312945791726106 
3.8898947368421055 0.15677551020408176 3.203815789473687 3.006666666666667 3.788405797101449 3.792000000000001 4.016685236768803 2.8935849056603766 3.4045643153526974 1.0378668941979523 5.491707317073171 6.233846153846154 1.1129101283880174 
