2.9908947368421046 4.065953488372093 3.04635761589404 3.5436416184971096 2.461818181818183 4.055500000000001 4.903639143730887 1.5734782608695652 5.580274509803922 0.7570200573065902 4.697094017094017 7.476900826446282 0.009999999999999787 
5.049131578947367 5.613069767441861 2.629602649006623 5.1026011560693645 4.368787878787879 0.7706923076923076 0.22993883792048941 5.091304347826087 3.1476862745098044 2.3455109837631323 0.4710256410256406 1.4588016528925625 3.872052505966587 
5.238394736842107 3.5641860465116277 6.916225165562915 5.1026011560693645 6.548181818181819 5.265692307692308 6.113302752293578 4.309565217391304 4.980941176470589 2.6202769818529132 3.8518803418803422 6.102396694214877 3.1926173428798723 
5.806184210526315 1.6407441860465115 5.546887417218544 5.882080924855493 2.5980303030303045 4.574153846153847 1.7420183486238532 6.850217391304348 6.637921568627452 9.0 0.2405128205128202 1.8302892561983475 2.370143198090692 
2.8252894736842116 0.8462790697674423 1.379337748344371 4.063294797687862 3.0066666666666677 3.744307692307692 4.326299694189602 4.309565217391304 5.8975686274509815 1.2292741165234002 2.468803418803419 6.436735537190084 0.16734287987271257 
5.143763157894735 1.8707209302325583 2.5700662251655633 0.009999999999999787 4.0963636363636375 4.7470384615384615 6.305749235474005 1.768913043478261 3.0771764705882356 2.6717956064947463 3.9287179487179493 7.848388429752066 5.445481304693716 
3.1801578947368405 0.5117674418604652 2.6891390728476825 4.063294797687862 2.325606060606061 7.686076923076924 7.240489296636085 0.40086956521739125 5.157215686274511 2.731900668576886 5.234957264957265 5.879504132231406 0.9397533810660303 
1.8789736842105285 1.7452790697674418 1.0221192052980133 4.323121387283238 2.1893939393939394 4.228384615384615 3.226605504587155 3.918695652173913 3.5707450980392155 0.6797421203438394 3.083504273504273 4.282107438016529 0.9039936356404135 
6.4449473684210545 1.766186046511628 4.177549668874173 2.5043352601156075 2.5980303030303045 4.574153846153847 6.305749235474005 2.3552173913043473 4.9456862745098045 3.7193409742120336 4.697094017094017 5.99095041322314 7.376507557677009 
5.07278947368421 9.0 3.6417218543046346 5.622254335260117 3.1428787878787894 1.600538461538462 0.4498776758409786 8.609130434782609 4.029058823529412 5.69422158548233 0.4710256410256406 0.7158264462809925 3.1210978520286394 
4.126473684210524 5.3203720930232565 1.6174834437086094 2.5043352601156075 1.372121212121213 1.2201923076923071 2.1544036697247706 5.091304347826087 1.4907058823529413 1.8303247373447944 1.239401709401709 3.093347107438017 0.5964598249801112 
5.616921052631579 7.766488372093023 6.856688741721852 7.1812138728323704 5.730909090909092 2.4303846153846154 1.3571253822629967 1.9643478260869567 2.4778431372549026 6.209407831900668 1.0088888888888894 2.3503719008264463 2.441662688941925 
0.00999999999999801 1.3062325581395349 2.927284768211921 5.36242774566474 2.0531818181818196 4.090076923076924 4.683700305810397 6.850217391304348 5.65078431372549 0.5423591212989491 9.0 5.879504132231406 0.8467780429594272 
3.8189210526315804 0.9926279069767447 1.8556291390728479 2.9200578034682083 4.0963636363636375 2.5686923076923085 2.5942813455657485 7.045652173913044 0.7503529411764707 3.848137535816618 3.3908547008547005 1.1244628099173557 1.1543118536197294 
4.363052631578945 7.787395348837211 4.594304635761588 5.36242774566474 2.1893939393939394 1.4622307692307697 0.504862385321101 5.873043478260868 1.5964705882352945 5.479560649474689 0.010000000000000675 2.127479338842976 2.405902943516309 
1.9262894736842107 0.010000000000000231 5.189668874172186 3.5436416184971096 3.2790909090909093 3.191076923076924 4.793669724770641 0.987173913043478 6.849450980392159 1.5297994269340969 1.930940170940171 6.659628099173555 1.654948289578361 
4.930842105263157 2.121604651162791 6.2017880794702 7.441040462427746 6.275757575757577 3.191076923076924 2.236880733944954 1.768913043478261 4.064313725490196 5.007306590257879 0.5478632478632477 0.1585950413223145 0.9755131264916468 
2.304815789473686 5.3203720930232565 1.7365562913907286 4.063294797687862 2.325606060606061 2.499538461538462 3.226605504587155 3.918695652173913 5.157215686274511 0.010000000000000009 3.006666666666667 6.548181818181818 1.969634049323787 
3.9608684210526306 5.5712558139534885 3.879867549668873 5.36242774566474 4.913636363636366 1.4622307692307697 2.0169418960244645 0.010000000000000231 1.5259607843137257 3.2041547277936955 1.8541025641025648 0.010000000000000675 2.227104216388226 
6.705184210526312 0.9717209302325587 3.3440397350993383 2.5043352601156075 3.823939393939396 5.888076923076924 7.37795107033639 0.987173913043478 5.086705882352942 5.110343839541546 3.621367521367522 8.405619834710745 5.409721559268099 
1.8079999999999998 2.6024651162790695 6.380397350993375 9.0 3.0066666666666677 2.9490384615384615 4.876146788990825 8.02282608695652 4.7694117647058825 1.4868672397325693 3.3140170940170943 4.282107438016529 1.2687430389817025 
4.504999999999999 4.024139534883721 5.904105960264902 5.1026011560693645 3.5515151515151526 0.9089999999999998 0.09247706422018354 7.045652173913044 1.208666666666667 2.8606972301814704 1.7772649572649577 3.799173553719009 2.227104216388226 
5.995447368421054 1.7243720930232558 3.5821854304635767 2.6082658959537577 6.411969696969699 6.475884615384616 7.7628440366972455 3.332391304347827 6.814196078431373 4.174422158548232 3.16034188034188 7.774090909090909 3.6217342879872714 
2.494078947368422 0.9299069767441865 3.5226490066225153 6.453699421965319 0.009999999999999787 3.191076923076924 3.08914373088685 4.8958695652173905 3.429725490196078 0.4049761222540591 4.0823931623931635 7.142561983471075 2.405902943516309 
4.315736842105263 1.4943953488372095 4.832450331125829 3.439710982658961 3.415303030303031 4.15923076923077 5.23354740061162 1.768913043478261 3.711764705882353 2.2854059216809928 4.236068376068378 8.70280991735537 5.195163086714399 
4.788894736842106 1.5989302325581394 5.011059602649006 3.5436416184971096 3.823939393939396 4.055500000000001 5.3985015290519875 2.3552173913043473 3.6412549019607843 2.5601719197707737 4.466581196581197 4.542148760330579 5.838838504375497 
5.593263157894736 1.8498139534883722 5.427814569536425 2.5563005780346826 3.1428787878787894 5.438576923076924 6.800611620795106 3.332391304347827 3.6765098039215687 3.0324259789875825 2.9298290598290606 7.179710743801654 6.4825139220365955 
6.46860526315789 1.348046511627907 5.904105960264902 4.323121387283238 8.455151515151519 5.784346153846156 6.250764525993883 6.459347826086956 3.3239607843137264 3.5476122254059215 5.465470085470086 6.362438016528926 6.768591885441527 
7.3202894736842055 1.2435116279069771 3.6417218543046346 2.9200578034682083 3.415303030303031 3.191076923076924 5.3985015290519875 1.768913043478261 4.099568627450981 3.2041547277936955 4.850769230769231 5.693760330578512 7.090429594272077 
3.3694210526315764 4.484093023255814 5.546887417218544 8.220520231213875 3.6877272727272743 2.153769230769231 0.3124159021406727 9.0 2.583607843137255 5.350764087870104 1.0088888888888894 1.6445454545454545 4.229649960222752 
5.995447368421054 1.766186046511628 4.475231788079469 4.842774566473989 6.275757575757577 5.818923076923078 6.360733944954127 0.596304347826087 7.202000000000001 4.2774594078319 3.3908547008547005 6.473884297520661 5.9461177406523475 
7.556868421052634 6.4911627906976745 4.772913907284767 1.0493063583815028 7.910303030303032 5.95723076923077 7.075535168195717 0.596304347826087 5.8975686274509815 3.2900191021967515 2.6993162393162393 8.331322314049586 3.371416070007956 
1.3821578947368423 0.9717209302325587 5.904105960264902 4.582947976878613 3.2790909090909093 5.058230769230771 6.745626911314982 2.3552173913043473 7.3430196078431385 1.1863419293218718 3.2371794871794872 7.328305785123967 2.799260143198091 
1.4058157894736816 2.3097674418604655 3.403576158940396 3.5436416184971096 3.823939393939396 6.026384615384617 4.931131498470947 0.010000000000000231 3.3239607843137264 1.7015281757402099 4.773931623931624 6.213842975206613 0.40335719968178196 
7.959052631578949 2.0588837209302326 4.415695364238411 1.7768208092485551 3.5515151515151526 4.228384615384615 5.645932721712537 2.550652173913043 5.5450196078431375 3.418815663801337 3.698205128205129 8.51706611570248 7.161949085123309 
4.788894736842106 1.8498139534883722 2.331920529801325 3.0239884393063585 5.049848484848486 5.95723076923077 6.965565749235472 2.1597826086956524 5.721294117647059 3.2385004775549184 2.622478632478633 7.662644628099174 4.265409705648369 
1.4767894736842102 1.6407441860465115 5.427814569536425 7.7008670520231215 2.461818181818183 2.2229230769230774 3.144128440366972 4.505000000000001 3.288705882352942 1.1434097421203437 6.310683760683762 7.142561983471075 1.9553301511535404 
3.1091842105263154 3.2714883720930237 4.475231788079469 5.1026011560693645 3.823939393939396 4.435846153846154 4.51874617737003 3.332391304347827 3.182941176470589 1.3151384909264563 2.007777777777778 7.774090909090909 1.0684884645982495 
5.8298421052631575 5.654883720930233 2.8677483443708613 4.323121387283238 2.461818181818183 1.1856153846153852 0.037492354740061185 8.02282608695652 1.666980392156863 3.8052053486150905 2.084615384615385 1.9788842975206622 2.0840652346857595 
7.178342105263155 1.5571162790697672 3.403576158940396 2.5043352601156075 7.637878787878789 5.95723076923077 7.432935779816512 1.3780434782608695 5.9680784313725495 3.762273161413562 4.236068376068378 9.0 3.5144550517104216 
6.515921052631576 3.919604651162791 3.5226490066225153 5.622254335260117 2.734242424242426 0.25203846153846143 0.5873394495412845 4.700434782608696 2.1958039215686282 7.136743075453677 1.239401709401709 1.4588016528925625 2.334383452665076 
5.87715789473684 1.9125348837209304 5.606423841059602 4.063294797687862 5.458484848484849 3.7097307692307693 5.673425076452599 2.3552173913043473 3.9938039215686283 2.5172397325692453 4.312905982905983 5.879504132231406 5.767319013524264 
7.935394736842106 2.0588837209302326 3.9989403973509923 0.4257225433526015 4.368787878787879 6.994538461538462 8.725076452599387 2.3552173913043473 9.000000000000002 5.350764087870104 5.0812820512820505 6.362438016528926 9.0 
4.8598684210526315 6.303 3.879867549668873 5.36242774566474 5.867121212121214 0.45949999999999935 2.539296636085626 3.332391304347827 2.583607843137255 6.982187201528174 0.2405128205128202 0.1585950413223145 1.8695067621320605 
5.427657894736843 4.923139534883721 3.9989403973509923 5.36242774566474 3.0066666666666677 2.2575000000000003 0.8072782874617737 5.482173913043479 2.9714117647058824 6.140716332378222 0.08683760683760688 1.2359090909090913 2.5847016706443915 
3.1564999999999976 6.1566511627906975 3.9989403973509923 5.1026011560693645 2.461818181818183 3.536846153846154 1.2471559633027525 6.459347826086956 2.2310588235294126 5.479560649474689 0.16367521367521398 1.0873140495867775 1.654948289578361 
4.788894736842106 2.435209302325581 9.000000000000002 7.1812138728323704 7.365454545454545 4.677884615384616 6.085810397553516 5.873043478260868 5.333490196078431 1.984880611270296 4.5434188034188026 7.105413223140498 3.872052505966587 
6.042763157894733 1.6198372093023254 3.879867549668873 4.1152601156069375 4.913636363636366 5.4731538461538465 7.487920489296634 0.987173913043478 5.439254901960784 4.835577841451767 4.236068376068378 5.9166528925619835 8.771137629276055 
6.18471052631579 4.630441860465116 5.070596026490067 2.0886127167630057 6.275757575757577 4.9199230769230775 7.048042813455655 0.010000000000000231 4.416862745098039 3.2900191021967515 3.2371794871794872 7.699793388429753 3.9793317422434367 
5.8298421052631575 1.6198372093023254 3.1654304635761594 6.661560693641619 2.325606060606061 2.0846153846153843 3.7764525993883793 1.9643478260869567 2.1958039215686282 2.122263610315186 3.3908547008547005 5.545165289256198 1.3116547334924422 
2.683342105263158 1.5153023255813955 3.5821854304635767 6.037976878612718 2.734242424242426 1.7388461538461542 3.3640672782874614 5.091304347826087 4.064313725490196 1.0146131805157592 6.080170940170941 3.613429752066115 1.4761495624502783 
1.7370263157894748 3.7523488372093032 7.21390728476821 4.582947976878613 4.505000000000001 1.6351153846153847 4.2988073394495405 8.413695652173912 2.266313725490196 2.1737822349570193 5.311794871794872 4.505 2.2771678599840888 
5.049131578947367 3.083325581395349 5.725496688741721 3.855433526011562 4.232575757575759 5.265692307692308 7.625382262996942 2.550652173913043 8.471176470588237 3.7880324737344786 3.775042735042735 6.99396694214876 6.410994431185362 
3.1801578947368405 1.5571162790697672 3.5226490066225153 6.921387283236995 2.461818181818183 3.2602307692307706 5.4534862385321095 4.505000000000001 5.262980392156863 0.7312607449856734 2.6993162393162393 5.545165289256198 0.3819013524264121 
4.741578947368421 0.0309069767441863 0.009999999999999787 2.5043352601156075 2.1893939393939394 2.326653846153846 4.2988073394495405 1.3780434782608695 3.711764705882353 2.8606972301814704 5.004444444444445 4.430702479338843 0.7394988066825774 
2.470421052631579 2.6651860465116286 2.748675496688742 5.1026011560693645 2.0531818181818196 4.574153846153847 6.003333333333332 3.918695652173913 3.3239607843137264 1.2807927411652338 2.468803418803419 7.4026033057851235 0.6393715194908509 
4.29207894736842 4.337744186046512 5.368278145695363 6.661560693641619 4.232575757575759 3.6060000000000008 0.36740061162079507 7.045652173913044 1.420196078431373 3.1354632282712505 2.6993162393162393 3.204793388429752 2.1555847255369924 
9.0 1.5780232558139533 2.748675496688742 1.4650289017341045 3.6877272727272743 5.265692307692308 6.91058103975535 2.3552173913043473 5.5450196078431375 3.3758834765998085 4.159230769230771 5.80520661157025 5.409721559268099 
4.315736842105263 4.9858604651162794 5.189668874172186 5.622254335260117 4.913636363636366 1.2893461538461537 0.36740061162079507 8.413695652173912 1.9490196078431372 3.7021680993314225 2.545641025641026 3.056198347107438 2.0125457438345267 
3.2984473684210514 7.41106976744186 6.082715231788081 7.960693641618499 4.368787878787879 3.191076923076924 4.573730886850152 5.091304347826087 4.593137254901961 0.6969149952244509 2.9298290598290606 6.808223140495868 0.5463961813842482 
5.356684210526314 2.2679534883720933 5.7850331125827825 2.9200578034682083 4.368787878787879 5.95723076923077 7.59788990825688 2.7460869565217387 4.416862745098039 4.06279847182426 4.0823931623931635 5.768057851239669 7.018910103420843 
6.610552631578948 1.808 4.237086092715231 1.4650289017341045 5.594696969696971 9.0 8.999999999999998 2.9415217391304354 5.157215686274511 4.96437440305635 3.621367521367522 7.328305785123967 6.446754176610979 
4.008184210526316 1.808 3.403576158940396 5.882080924855493 1.9169696969696979 0.35576923076923084 3.55651376146789 6.068478260869565 4.311098039215686 1.744460362941738 2.622478632478633 4.207809917355372 1.4260859188544153 
5.474973684210525 0.11453488372093035 3.879867549668873 3.0239884393063585 5.458484848484849 4.332115384615384 2.2918654434250763 7.436521739130436 0.04525490196078441 1.6328366762177648 3.698205128205129 2.3875206611570254 3.299896579156722 
5.616921052631579 6.323906976744186 4.594304635761588 6.141907514450868 4.368787878787879 1.8080000000000007 0.7797859327217123 5.091304347826087 3.535490196078431 5.179035339063992 1.239401709401709 1.01301652892562 3.299896579156722 
5.806184210526315 1.9334418604651165 4.177549668874173 4.842774566473989 4.0963636363636375 4.9199230769230775 6.91058103975535 1.768913043478261 5.1219607843137265 3.2900191021967515 3.8518803418803422 8.108429752066119 4.515727923627685 
6.6342105263157904 1.5989302325581394 5.308741721854306 3.1279190751445087 3.2790909090909093 4.055500000000001 6.938073394495412 0.987173913043478 6.637921568627452 3.7193409742120336 5.388632478632479 7.736942148760332 6.9831503579952265 
1.8789736842105285 1.222604651162791 1.677019867549669 4.998670520231214 2.1893939393939394 2.4303846153846154 3.116636085626911 2.550652173913043 3.958549019607844 0.5852913085004774 3.16034188034188 7.588347107438017 1.4761495624502783 
3.9608684210526306 6.240279069767442 4.1180132450331115 6.141907514450868 4.232575757575759 5.369423076923078 5.728409785932721 5.091304347826087 5.439254901960784 1.1176504297994267 5.004444444444445 6.845371900826447 1.2472871917263326 
7.509552631578941 1.8289069767441861 4.415695364238411 2.0886127167630057 5.730909090909092 6.8908076923076935 8.037767584097859 3.332391304347827 5.509764705882353 4.706781279847181 3.9287179487179493 5.80520661157025 8.306260938743039 
5.07278947368421 3.5641860465116277 3.9394039735099344 4.582947976878613 6.820606060606062 1.2893461538461537 0.5873394495412845 7.045652173913044 3.711764705882353 6.896322827125119 0.4710256410256406 1.2359090909090913 3.9435719968178207 
3.3221052631578942 1.348046511627907 3.4631125827814575 5.36242774566474 2.1893939393939394 5.058230769230771 7.37795107033639 4.309565217391304 4.804666666666667 2.2939923591212983 1.1625641025641027 5.768057851239669 0.453420843277645 
3.0855263157894726 0.21906976744186069 1.4388741721854306 1.8807514450867062 9.000000000000002 2.153769230769231 3.8039449541284402 3.5278260869565217 8.294901960784314 1.8303247373447944 4.005555555555556 3.799173553719009 3.299896579156722 
3.0855263157894726 0.44904651162790743 3.403576158940396 2.5043352601156075 4.232575757575759 2.672423076923077 1.7145259938837922 9.0 0.010000000000000009 1.7187010506208213 5.465470085470086 1.4216528925619834 2.799260143198091 
6.279342105263154 1.9752558139534886 3.879867549668873 3.1279190751445087 4.6412121212121225 3.951769230769231 6.113302752293578 4.8958695652173905 5.509764705882353 2.2081279847182422 5.311794871794872 5.879504132231406 5.0163643595863165 
6.397631578947369 7.264720930232559 3.284503311258277 5.882080924855493 2.461818181818183 0.009999999999999787 0.010000000000000009 6.850217391304348 2.6188627450980393 4.595157593123209 1.8541025641025648 1.718842975206612 1.654948289578361 
1.0036315789473669 3.1669534883720933 4.237086092715231 4.582947976878613 3.5515151515151526 5.61146153846154 6.388226299694189 2.9415217391304354 5.016196078431373 1.7015281757402099 2.007777777777778 7.8112396694214885 2.405902943516309 
6.7998157894736835 1.6616511627906976 2.450993377483444 2.5043352601156075 4.232575757575759 6.303000000000002 8.037767584097859 0.7917391304347823 6.109098039215687 4.148662846227315 2.8529914529914535 7.588347107438017 4.9806046141607005 
3.1801578947368405 0.5953953488372095 1.2602649006622517 4.375086705202313 1.0996969696969696 2.879884615384616 4.216330275229357 1.9643478260869567 2.2310588235294126 2.9293887297039154 4.466581196581197 8.145578512396696 1.583428798727128 
2.8962631578947367 6.261186046511628 2.927284768211921 3.803468208092487 5.730909090909092 0.35576923076923084 0.862262996941896 2.3552173913043473 2.583607843137255 5.960401146131805 0.8552136752136752 2.647561983471075 4.0508512330946695 
2.8962631578947367 1.766186046511628 2.450993377483444 4.063294797687862 1.372121212121213 1.2893461538461537 4.2988073394495405 3.918695652173913 4.311098039215686 1.8303247373447944 3.5445299145299147 6.99396694214876 1.583428798727128 
6.042763157894733 3.5432790697674426 5.844569536423842 6.921387283236995 4.777424242424244 0.9435769230769235 1.0272171253822626 4.309565217391304 3.9938039215686283 6.346790830945558 1.5467521367521364 1.9045867768595048 3.299896579156722 
1.500447368421053 2.0797906976744187 1.2602649006622517 2.5043352601156075 3.6877272727272743 1.1510384615384623 3.0341590214067273 3.332391304347827 2.6188627450980393 2.1737822349570193 5.311794871794872 3.1676446280991746 0.9969689737470167 
2.494078947368422 1.0553488372093025 4.713377483443709 5.882080924855493 1.9169696969696979 4.435846153846154 5.013608562691131 5.091304347826087 2.2310588235294126 1.4010028653295128 3.006666666666667 7.0682644628099185 0.6894351630867144 
7.533210526315791 6.595697674418605 4.35615894039735 4.0113294797687855 5.594696969696971 5.438576923076924 6.003333333333332 2.550652173913043 2.9714117647058824 3.4102292263610314 2.545641025641026 7.588347107438017 5.660039777247414 
7.414921052631577 3.396930232558139 4.594304635761588 4.582947976878613 2.870454545454546 1.393076923076923 0.6423241590214066 5.286739130434782 2.936156862745098 7.239780324737343 0.6247008547008548 1.570247933884298 2.6562211614956244 
3.2984473684210514 1.5153023255813955 2.8677483443708613 5.882080924855493 5.186060606060607 2.499538461538462 4.463761467889908 3.332391304347827 4.240588235294118 0.6797421203438394 4.005555555555556 6.213842975206613 0.40335719968178196 
6.302999999999997 4.9649534883720925 4.951523178807948 4.582947976878613 5.049848484848486 1.9117307692307701 0.2574311926605506 6.459347826086956 1.3849411764705886 3.9597612225405916 3.2371794871794872 1.9788842975206622 2.799260143198091 
5.8535 4.672255813953488 5.427814569536425 6.661560693641619 7.229242424242427 0.4249230769230765 3.0341590214067273 0.987173913043478 2.9714117647058824 6.295272206303724 0.3941880341880344 0.04714876033057891 1.5119093078758947 
