5.414702380952384 1.3974630021141643 6.5975 3.5436416184971096 2.1504761904761907 4.37564748201439 5.102601156069365 2.8868 2.9310410094637223 2.5601719197707737 4.466581196581197 4.578688524590165 5.312945791726106 
7.688958333333332 1.454482029598308 3.265000000000004 2.5043352601156075 2.4715476190476195 6.477625899280577 7.596936416184972 1.4484 4.9162145110410105 4.148662846227315 2.8529914529914535 7.599918032786887 4.543473609129816 
4.210684523809526 0.8082663847780125 1.5600000000000023 3.803468208092487 1.0802380952380943 1.141834532374101 2.3224566473988446 2.8868 2.675804416403786 1.0146131805157592 3.8518803418803422 5.536639344262296 1.8310841654778889 
8.518392857142857 5.93997885835095 5.745000000000001 4.0113294797687855 3.541785714285714 5.669172661870505 5.674219653179191 3.0666 2.392208201892745 3.4102292263610314 2.545641025641026 7.599918032786887 5.152639087018546 
7.474910714285713 1.58752642706131 5.590000000000003 1.4650289017341045 3.541785714285714 9.000000000000002 8.506329479768787 3.4262000000000006 4.150504731861199 4.96437440305635 3.621367521367522 7.342008196721313 5.857988587731812 
4.879583333333329 4.476490486257927 6.830000000000005 5.622254335260117 3.006666666666666 1.7885971223021584 0.34777456647398863 8.4606 1.5697791798107255 3.7021680993314225 2.545641025641026 3.1049180327868857 1.8823823109843083 
6.351160714285712 5.692896405919661 6.055000000000003 6.141907514450868 2.578571428571429 2.273669064748202 0.7375144508670524 5.404 2.84596214511041 5.179035339063992 1.239401709401709 1.078483606557378 3.0365905848787453 
3.5952976190476207 0.5611839323467225 6.675000000000004 3.5956069364161864 2.1504761904761907 4.27863309352518 5.674219653179191 4.325200000000001 4.746056782334385 2.8606972301814704 5.004444444444445 3.8049590163934432 2.5749072753209705 
7.608690476190475 1.8726215644820285 8.535000000000004 4.271156069364161 3.1136904761904756 5.992553956834534 6.505664739884394 4.325200000000001 3.8385488958990535 2.7748328557784143 5.465470085470086 7.8578278688524605 4.094614835948645 
3.488273809523811 0.35211416490486225 4.505000000000003 2.5043352601156075 2.4715476190476195 3.082122302158273 1.62092485549133 9.0 0.010000000000000009 1.7187010506208213 5.465470085470086 1.4837704918032797 2.587731811697575 
8.304345238095237 6.054016913319237 8.070000000000004 6.921387283236995 1.9364285714285714 3.082122302158273 0.7634971098265899 7.741400000000001 2.675804416403786 6.810458452722061 0.5478632478632477 1.2258606557377068 1.8182596291012842 
7.127083333333331 4.457484143763212 6.520000000000003 4.582947976878613 3.1136904761904756 2.3706834532374104 0.24384393063583842 6.6626 1.1160252365930603 3.9597612225405916 3.2371794871794872 2.0364344262295093 2.587731811697575 
3.8628571428571448 1.1503805496828747 3.885000000000005 4.063294797687862 9.0 4.537338129496403 4.686878612716764 3.4262000000000006 8.149211356466877 1.1434097421203437 4.773931623931624 5.020819672131148 4.235684736091299 
7.528422619047618 6.092029598308667 5.280000000000001 4.323121387283238 1.187261904761904 2.273669064748202 0.9453757225433528 6.303 3.271356466876972 6.647316141356255 0.2405128205128202 1.3732377049180338 1.30527817403709 
3.7290773809523827 6.681226215644819 7.992500000000003 7.960693641618499 2.578571428571429 3.5671942446043174 4.323121387283237 5.404 3.696750788643533 0.6969149952244509 2.9298290598290606 6.826188524590165 0.5678673323823111 
5.575238095238092 0.1810570824524309 0.010000000000001563 1.9846820809248564 0.009999999999999787 6.089568345323743 7.051300578034683 2.3474000000000004 5.313249211356467 3.4617478510028645 4.466581196581197 7.047254098360659 1.4463480741797436 
4.799315476190479 4.666553911205073 4.66 4.323121387283238 1.0802380952380943 1.2388489208633096 0.5036705202312142 4.8646 1.5981388012618298 7.720620821394459 1.393076923076923 1.7785245901639355 2.619793152639087 
6.591964285714283 1.4164693446088787 4.195000000000004 6.661560693641619 0.9732142857142865 2.5323741007194243 3.569624277456648 2.5272000000000006 1.7682965299684543 2.122263610315186 3.3908547008547005 5.573483606557378 1.2539800285306706 
8.491636904761904 1.6065327695560245 5.822500000000005 2.0886127167630057 3.6488095238095237 7.027374100719426 7.596936416184972 3.785800000000001 4.43410094637224 4.706781279847181 3.9287179487179493 5.831393442622952 7.525178316690443 
6.832767857142855 1.4164693446088787 5.1250000000000036 4.1152601156069375 3.006666666666666 5.701510791366907 7.077283236994219 1.6282 4.377381703470032 4.835577841451767 4.236068376068378 5.941926229508198 7.941975748930101 
5.468214285714289 1.1123678646934454 3.110000000000003 2.244508670520232 2.1504761904761907 4.2139568345323735 5.648236994219654 2.7070000000000007 2.7325236593059943 2.0879178605539632 4.927606837606838 5.24188524590164 4.7679029957204 
4.66553571428571 2.8039323467230437 4.505000000000003 4.323121387283238 0.8661904761904768 0.9478057553956831 0.11393063583815044 6.303 0.6622712933753945 7.411508214899713 0.2405128205128202 1.3363934426229518 1.241155492154066 
6.939791666666665 7.669556025369977 5.047500000000003 4.582947976878613 1.5083333333333329 2.920431654676259 0.8674277456647401 6.1232 1.7399369085173504 2.6889684813753583 2.8529914529914535 2.883852459016394 1.7541369472182597 
3.5685416666666683 5.540845665961943 5.280000000000001 5.1026011560693645 1.0802380952380943 3.8905755395683452 1.1792196531791912 6.6626 1.7966561514195587 5.479560649474689 0.16367521367521398 1.1521721311475428 1.5617689015691871 
6.77925595238095 1.5495137420718808 5.900000000000002 4.842774566473989 4.076904761904762 6.0248920863309365 6.011994219653179 1.2686000000000002 5.795362776025238 4.2774594078319 3.3908547008547005 6.4945901639344275 5.409129814550642 
6.484940476190474 5.293763213530655 6.985000000000003 6.141907514450868 3.541785714285714 1.9502877697841723 1.1792196531791912 5.404 2.987760252365931 8.081251193887297 2.391965811965812 1.078483606557378 2.6839158345221112 
7.100327380952379 1.739577167019027 5.1250000000000036 3.1279190751445087 2.7926190476190484 4.27863309352518 5.778150289017342 5.2242 4.43410094637224 2.2081279847182422 5.311794871794872 5.905081967213118 4.575534950071328 
4.023392857142852 8.733911205073994 7.295000000000005 7.1812138728323704 1.9364285714285714 2.2413309352517987 0.34777456647398863 9.0 1.9668138801261832 3.2041547277936955 2.1614529914529914 1.5574590163934436 1.529707560627675 
7.180595238095236 9.0 5.822500000000005 4.842774566473989 1.8294047619047618 1.885611510791367 0.3737572254335262 7.022200000000001 1.853375394321767 5.522492836676217 0.778376068376069 1.7416803278688535 2.9724679029957204 
7.795982142857142 1.5495137420718808 4.427500000000002 3.231849710982659 3.220714285714285 5.766187050359713 7.986676300578035 3.4262000000000006 4.746056782334385 6.552865329512893 4.466581196581197 6.752500000000001 6.3068473609129825 
2.819375000000001 0.4091331923890056 6.287500000000001 6.661560693641619 0.009999999999999787 2.920431654676259 2.8940751445086708 4.8646 2.817602523659306 0.7999522445081184 5.926495726495727 5.352418032786888 2.267118402282454 
4.210684523809526 2.9369767441860457 3.885000000000005 3.803468208092487 1.7223809523809521 1.6915827338129499 0.5036705202312142 9.0 1.5130599369085171 5.007306590257879 1.4699145299145302 1.1521721311475428 2.6839158345221112 
6.645476190476188 1.6825581395348832 7.372500000000002 4.063294797687862 3.4347619047619045 4.0522661870503605 5.36242774566474 2.8868 3.2146372239747634 2.5172397325692453 4.312905982905983 5.905081967213118 5.248823109843082 
3.755833333333335 1.1693868921775892 4.582500000000003 5.36242774566474 0.8661904761904768 5.313453237410073 6.973352601156069 4.6848 3.8669085173501583 2.2939923591212983 1.1625641025641027 5.79454918032787 0.4845078459343797 
1.6956249999999997 1.8346088794925997 1.7150000000000016 2.5043352601156075 2.043452380952381 1.6592446043165467 2.868092485549133 3.785800000000001 2.1086119873817033 2.1737822349570193 5.311794871794872 3.2154508196721325 0.9718402282453638 
3.3812500000000014 4.286427061310781 3.962500000000002 3.5436416184971096 1.0802380952380943 5.669172661870505 6.557630057803469 5.763600000000001 6.816309148264985 0.8858166189111745 6.771709401709401 5.757704918032788 0.8307703281027106 
3.274226190476192 7.2324101479915415 6.520000000000003 5.1026011560693645 1.187261904761904 0.91546762589928 0.010000000000000009 7.202000000000001 1.1160252365930603 2.2167144221585477 1.6235897435897435 0.010000000000000675 2.8442225392296723 
4.478244047619043 5.616871035940802 5.435000000000002 6.141907514450868 2.4715476190476195 5.6044964028776985 5.414393063583815 5.404 4.377381703470032 1.1176504297994267 5.004444444444445 6.863032786885247 1.1962696148359488 
2.1237202380952382 1.0553488372093016 2.257500000000002 4.998670520231214 0.8661904761904768 2.855755395683454 2.946040462427746 3.0666 3.1862776025236594 0.5852913085004774 3.16034188034188 7.599918032786887 1.4014621968616265 
8.973244047619048 5.084693446088793 4.505000000000003 2.5043352601156075 2.578571428571429 6.962697841726619 7.025317919075144 2.5272000000000006 5.05801261829653 3.1182903533906394 3.8518803418803422 8.005204918032788 5.05645506419401 
4.397976190476193 0.12403805496828713 4.195000000000004 3.5436416184971096 2.2575000000000003 3.5671942446043174 3.8294508670520235 3.0666 2.987760252365931 1.1605826170009552 5.311794871794872 6.973565573770495 1.1129101283880174 
3.5952976190476207 0.29509513742071847 3.110000000000003 3.803468208092487 1.0802380952380943 7.835827338129498 8.532312138728324 1.9878 4.377381703470032 2.7748328557784143 3.8518803418803422 5.536639344262296 2.459486447931527 
3.5952976190476207 1.359450317124735 4.66 6.921387283236995 1.0802380952380943 3.631870503597123 5.1545664739884405 4.8646 4.235583596214511 0.7312607449856734 2.6993162393162393 5.573483606557378 0.4203851640513552 
8.946488095238095 1.9676532769556017 6.210000000000004 2.9200578034682083 3.7558333333333334 8.902985611510793 7.856763005780348 1.9878 5.029652996845426 5.608357211079273 2.468803418803419 8.042049180327872 7.717546362339515 
1.160505952380955 5.3697885835095125 0.940000000000003 4.323121387283238 3.1136904761904756 6.7363309352518 5.492341040462429 1.9878 9.0 1.4010028653295128 1.6235897435897435 5.684016393442624 1.8310841654778889 
5.093630952380948 3.6021987315010557 7.760000000000005 5.1026011560693645 1.9364285714285714 1.4328776978417266 0.08794797687861289 7.202000000000001 0.9742271293375393 2.8606972301814704 1.7772649572649577 3.841803278688527 2.074750356633381 
6.190624999999997 0.04801268498942868 5.1250000000000036 3.0239884393063585 3.4347619047619045 4.6343525179856115 2.1665606936416193 7.561600000000001 0.038359621451104164 1.6328366762177648 3.698205128205129 2.441721311475411 3.0365905848787453 
2.6053273809523816 0.009999999999999565 2.3350000000000026 4.063294797687862 0.8661904761904768 4.27863309352518 4.660895953757225 3.0666 2.9026813880126183 1.0575453677172872 6.464358974358975 6.826188524590165 0.010000000000000231 
4.933095238095234 7.023340380549683 6.055000000000003 5.36242774566474 0.8661904761904768 1.9502877697841723 0.4776878612716766 6.1232 1.2861829652996848 5.479560649474689 0.010000000000000675 2.183811475409837 2.235057061340942 
5.414702380952384 5.597864693446088 4.815000000000001 5.882080924855493 0.7591666666666672 1.7885971223021584 2.9200578034682083 8.6404 3.4415141955835966 3.0324259789875825 2.3151282051282047 2.736475409836066 1.529707560627675 
3.1939583333333346 0.7132346723044394 1.8700000000000028 4.063294797687862 1.5083333333333329 4.084604316546763 4.089277456647399 4.6848 4.746056782334385 1.2292741165234002 2.468803418803419 6.4577459016393455 0.22801711840228256 
6.591964285714283 5.084693446088793 3.807500000000001 4.323121387283238 1.0802380952380943 1.6915827338129499 0.03598265895953778 8.100999999999999 1.3429022082018927 3.8052053486150905 2.084615384615385 2.0364344262295093 1.9465049928673328 
3.3812500000000014 1.321437632135306 3.962500000000002 4.790809248554914 2.685595238095239 0.010000000000000231 1.4390462427745667 4.325200000000001 2.987760252365931 1.5297994269340969 2.8222564102564105 2.0364344262295093 3.806062767475036 
6.966547619047617 1.7015644820295976 7.760000000000005 3.1279190751445087 3.6488095238095237 5.669172661870505 6.349768786127169 3.0666 2.987760252365931 5.179035339063992 5.695982905982907 5.941926229508198 6.627460770328103 
8.973244047619048 1.8156025369978852 5.280000000000001 0.4257225433526015 2.578571428571429 7.124388489208634 8.246502890173412 2.8868 7.2417034700315455 5.350764087870104 5.0812820512820505 6.3840573770491815 8.147168330955779 
6.832767857142855 3.165052854122621 7.6825000000000045 6.921387283236995 2.8996428571428563 1.4652158273381297 0.9713583815028903 4.6848 3.2146372239747634 6.346790830945558 1.5467521367521364 1.9627459016393454 3.0365905848787453 
6.324404761904766 1.6255391120507394 7.140000000000004 2.5563005780346826 1.6153571428571425 5.669172661870505 6.4277167630057805 3.785800000000001 2.959400630914826 3.0324259789875825 2.9298290598290606 7.194631147540987 5.890049928673324 
3.5952976190476207 0.48515856236786425 1.7150000000000016 4.375086705202313 0.009999999999999787 3.27615107913669 3.985346820809249 2.5272000000000006 1.7966561514195587 2.9293887297039154 4.466581196581197 8.152581967213116 1.497646219686163 
2.6053273809523816 4.78059196617336 2.3350000000000026 4.063294797687862 0.9732142857142865 2.920431654676259 3.049971098265896 4.325200000000001 4.150504731861199 0.010000000000000009 3.006666666666667 6.568278688524591 1.843908701854494 
4.879583333333329 1.3024312896405916 6.365000000000002 3.439710982658961 1.8294047619047618 4.4726618705035985 4.946705202312139 2.3474000000000004 2.987760252365931 2.2854059216809928 4.236068376068378 8.705245901639346 4.735841654778888 
8.384613095238095 3.032008456659618 6.055000000000003 4.582947976878613 1.4013095238095232 1.885611510791367 0.6076011560693642 5.5838 2.3638485804416405 7.239780324737343 0.6247008547008548 1.6311475409836076 2.459486447931527 
3.274226190476192 1.5495137420718808 3.265000000000004 4.063294797687862 0.22404761904761905 1.7885971223021584 4.0632947976878615 4.325200000000001 3.4698738170347005 1.8303247373447944 3.5445299145299147 7.010409836065575 1.497646219686163 
1.6688690476190509 1.4354756871035932 7.140000000000004 7.7008670520231215 1.0802380952380943 2.661726618705036 2.9720231213872834 4.8646 2.6474447949526816 1.1434097421203437 6.310683760683762 7.157786885245903 1.8310841654778889 
4.852827380952384 3.887293868921775 7.0625000000000036 6.661560693641619 2.4715476190476195 3.9552517985611506 0.34777456647398863 7.202000000000001 1.1443848580441642 3.1354632282712505 2.6993162393162393 3.2522950819672145 2.010627674750357 
1.1337499999999991 2.822938689217758 5.590000000000003 4.582947976878613 1.9364285714285714 5.8308633093525195 6.037976878612717 3.4262000000000006 4.037066246056783 1.7015281757402099 2.007777777777778 7.820983606557379 2.235057061340942 
8.22407738095238 2.366786469344608 4.66 3.5436416184971096 2.8996428571428563 5.992553956834534 7.415057803468208 1.6282 5.596845425867508 3.848137535816618 5.465470085470086 7.010409836065575 7.909914407988589 
5.8160416666666634 1.6445454545454539 3.4200000000000053 0.009999999999999787 2.36452380952381 5.022410071942447 5.960028901734104 2.3474000000000004 2.477287066246057 2.6717956064947463 3.9287179487179493 7.8578278688524605 4.960271041369472 
8.545148809523809 1.492494714587737 4.66 2.660231213872833 4.2909523809523815 6.801007194244606 6.583612716763007 2.3474000000000004 4.604258675078864 4.389083094555873 3.083504273504273 7.526229508196723 4.447289586305278 
7.287619047619046 1.5495137420718808 5.512500000000003 2.5043352601156075 1.187261904761904 4.860719424460433 5.960028901734104 2.8868 3.980347003154575 3.7193409742120336 4.697094017094017 6.015614754098362 6.691583452211129 
3.5150297619047635 2.9179704016913313 5.900000000000002 5.1026011560693645 2.1504761904761907 4.731366906474822 4.271156069364162 3.785800000000001 2.5623659305993693 1.3151384909264563 2.007777777777778 7.784139344262297 1.0359629101283883 
8.464880952380952 1.2834249471458767 6.055000000000003 2.764161849710983 3.220714285714285 7.124388489208634 9.000000000000002 3.4262000000000006 4.122145110410095 6.38113658070678 5.311794871794872 5.720860655737706 9.000000000000002 
9.0 1.8156025369978852 5.822500000000005 1.7768208092485551 1.9364285714285714 4.537338129496403 5.3364450867052025 3.0666 4.462460567823344 3.418815663801337 3.698205128205129 8.521024590163936 6.499215406562055 
8.545148809523809 5.844947145877377 6.287500000000001 1.0493063583815028 5.361190476190476 6.154244604316547 6.687543352601157 1.2686000000000002 4.746056782334385 3.2900191021967515 2.6993162393162393 8.336803278688526 3.1007132667617694 
1.6421130952380985 2.1767230443974626 5.900000000000002 5.414393063583817 0.6521428571428576 2.7587410071942444 3.179884393063584 6.303 2.675804416403786 1.3151384909264563 3.5445299145299147 5.462950819672132 2.587731811697575 
7.207351190476189 0.9793234672304434 6.210000000000004 2.868092485549133 3.220714285714285 7.447769784172662 8.324450867052024 1.0888 4.632618296529969 4.74971346704871 2.6993162393162393 5.905081967213118 6.467154065620543 
6.351160714285712 7.004334038054966 9.000000000000004 7.1812138728323704 3.6488095238095237 2.855755395683454 1.2831502890173414 2.5272000000000006 1.9951735015772876 6.209407831900668 1.0088888888888894 2.404877049180329 2.267118402282454 
7.234107142857141 1.1123678646934454 7.760000000000005 5.882080924855493 2.4715476190476195 6.154244604316547 7.233179190751446 2.8868 5.596845425867508 3.8052053486150905 5.004444444444445 5.315573770491804 6.467154065620543 
2.498303571428572 0.3331078224101478 4.66 5.1026011560693645 2.4715476190476195 7.3830935251798575 4.3491040462427755 0.010000000000000231 3.5265930599369084 1.6671824259789874 3.4676923076923076 6.863032786885247 3.9086590584878746 
6.565208333333331 1.4354756871035932 7.295000000000005 5.882080924855493 1.187261904761904 4.860719424460433 1.6469075144508676 7.022200000000001 5.341608832807571 9.0 0.2405128205128202 1.8890573770491814 2.2029957203994295 
2.177232142857143 3.754249471458773 4.117500000000003 3.5436416184971096 3.6488095238095237 2.0149640287769786 2.2185260115606944 5.404 1.5414195583596215 1.1863419293218718 3.2371794871794872 4.615532786885247 1.4335235378031386 
3.3812500000000014 0.941310782241014 2.1800000000000033 2.5043352601156075 0.7591666666666672 4.699028776978418 5.284479768786127 2.8868 3.8669085173501583 1.4010028653295128 5.311794871794872 5.426106557377052 0.9718402282453638 
8.11705357142857 1.359450317124735 4.505000000000003 2.5043352601156075 5.147142857142857 6.154244604316547 7.025317919075144 1.9878 4.802776025236593 3.762273161413562 4.236068376068378 9.000000000000002 3.2289586305278175 
3.488273809523811 0.14304439746300157 1.9475000000000016 1.8807514450867062 6.217380952380953 2.5970503597122305 3.5956069364161856 3.9656000000000002 6.674511041009463 1.8303247373447944 4.005555555555556 3.841803278688527 3.0365905848787453 
4.157172619047621 0.7132346723044394 3.110000000000003 4.582947976878613 2.685595238095239 1.2388489208633096 0.2958092485549133 7.202000000000001 2.817602523659306 5.43662846227316 0.3173504273504273 1.041639344262296 2.331241084165478 
4.317708333333336 0.8462790697674414 2.490000000000002 2.9200578034682083 2.36452380952381 2.9851079136690646 2.4523699421965324 7.202000000000001 0.6055520504731862 3.848137535816618 3.3908547008547005 1.1890163934426248 1.1129101283880174 
7.367886904761903 3.5071670190274826 4.66 5.622254335260117 1.2942857142857136 0.8184532374100724 0.5556358381502893 5.0443999999999996 1.7682965299684543 7.136743075453677 1.239401709401709 1.5206147540983617 2.1709343794579175 
0.00999999999999801 1.1313742071881603 3.885000000000005 5.36242774566474 0.7591666666666672 4.407985611510792 4.427052023121387 7.022200000000001 4.547539432176656 0.5423591212989491 9.0 5.905081967213118 0.8371825962910129 
2.043452380952381 2.3097674418604637 8.380000000000003 9.0 1.5083333333333329 3.3408273381294964 4.608930635838151 8.100999999999999 3.8385488958990535 1.4868672397325693 3.3140170940170943 4.320778688524591 1.2155064194008562 
6.77925595238095 1.5115010570824519 4.737500000000004 2.6082658959537577 4.183928571428572 6.63931654676259 7.337109826589597 3.785800000000001 5.483406940063091 4.174422158548232 3.16034188034188 7.784139344262297 3.3251426533523545 
