1.5618452380952377 1.0937747035573122 6.452032085561498 4.731005586592179 2.3552173913043477 6.288730158730161 4.9032911392405065 2.2116326530612236 5.899018987341773 0.9129690949227374 3.518292682926829 6.536074074074073 2.587731811697575 
8.11705357142857 1.5912450592885374 4.432887700534758 2.722067039106145 5.4821739130434795 7.216269841269842 5.377447257383966 1.2942857142857136 4.789493670886076 3.8897902869757175 4.468455284552846 8.034407407407407 3.2289586305278175 
4.799315476190479 4.682667984189724 4.529037433155079 4.479888268156424 1.7689130434782614 1.7937301587301593 0.6169198312236289 4.229795918367347 1.5747151898734177 8.464172185430462 1.7641463414634146 1.5083333333333329 2.619793152639087 
7.234107142857141 6.441581027667985 4.336737967914436 5.98659217877095 1.7689130434782614 1.0802380952380957 0.25656118143459916 6.4314285714285715 2.0868037974683546 4.852295805739515 2.202682926829269 1.5083333333333329 1.5617689015691871 
3.5952976190476207 0.7739723320158101 2.702192513368983 4.530111731843576 0.7917391304347827 4.0412301587301585 3.158396624472574 1.8446938775510207 1.773860759493671 2.92728476821192 4.687723577235774 7.268592592592591 1.497646219686163 
5.575238095238092 2.0709486166007904 6.6924064171122986 7.493296089385474 4.505 4.362301587301589 1.7928270042194092 1.6612244897959183 3.253227848101266 5.328587196467991 0.9601626016260165 0.10988888888888848 0.9526034236804568 
8.518392857142857 5.87304347826087 5.202085561497325 4.178547486033519 4.016413043478262 6.6811507936507954 4.391202531645569 2.395102040816326 2.3712974683544306 3.4829580573951437 2.860487804878049 6.769148148148148 5.152639087018546 
7.688958333333332 1.680079051383399 3.663689839572193 2.722067039106145 3.0392391304347823 7.5730158730158745 5.7947046413502115 0.7438775510204079 4.9032911392405065 4.336313465783664 3.1528455284552854 6.769148148148148 4.543473609129816 
3.9698809523809544 1.768913043478261 2.990641711229946 4.982122905027932 1.4757608695652182 4.362301587301589 3.0066666666666664 2.7620408163265306 3.0256329113924054 1.2007284768211919 4.103008130081301 7.568259259259258 2.5364336661911557 
4.397976190476193 0.4364031620553359 4.240588235294117 3.726536312849161 2.8438043478260875 4.362301587301589 3.0445991561181436 2.395102040816326 2.96873417721519 0.8832008830022076 5.491707317073171 6.20311111111111 1.1129101283880174 
7.581934523809522 1.0937747035573122 4.384812834224599 2.722067039106145 2.746086956521739 7.144920634920636 5.3395147679324895 0.9273469387755098 4.0782594936708865 5.44766004415011 3.8837398373983745 7.501666666666666 4.92820970042796 
5.3611904761904725 0.2942687747035573 1.6926203208556139 2.722067039106145 1.5734782608695648 3.470436507936508 3.2152953586497888 1.2942857142857136 2.96873417721519 2.847902869757174 5.199349593495935 3.938962962962962 0.7409985734664768 
3.996636904761907 3.0125889328063242 3.904064171122993 5.233240223463687 1.7689130434782614 5.610912698412699 3.6704852320675103 1.6612244897959183 2.285949367088608 0.26799116997792494 3.0797560975609763 4.937851851851851 0.311376604850214 
7.367886904761903 3.5988932806324105 4.529037433155079 5.735474860335195 1.9643478260869562 1.3299603174603178 0.6548523206751057 4.413265306122448 1.7454113924050638 7.789426048565121 1.6179674796747965 1.2752592592592586 2.1709343794579175 
4.933095238095234 6.885750988142295 5.394385026737966 5.484357541899442 1.5734782608695648 2.5785714285714287 0.5979535864978903 5.514081632653061 1.2617721518987346 5.874337748344371 0.44853658536585383 1.8745925925925926 2.235057061340942 
7.635446428571427 2.053181818181818 5.923208556149731 2.219832402234637 3.0392391304347823 8.108134920634921 6.117130801687764 0.009999999999999787 3.6515189873417726 3.6714900662251653 2.933577235772358 7.534962962962962 5.248823109843082 
4.210684523809526 1.07600790513834 2.6060427807486626 3.977653631284916 1.7689130434782614 1.6867063492063497 1.9445569620253167 2.2116326530612236 2.655791139240507 0.7145143487858723 4.103008130081301 4.904555555555555 1.8310841654778889 
6.083601190476195 1.7511462450592887 3.7598395721925133 3.224301675977653 2.3552173913043477 5.075793650793651 3.5187552742616033 1.8446938775510207 2.655791139240507 2.202924944812362 3.9568292682926836 4.904555555555555 6.467154065620543 
9.0 2.017648221343874 5.2501604278074865 2.018938547486033 2.5506521739130443 5.432539682539684 4.1446413502109705 2.395102040816326 4.448101265822785 3.4928807947019864 3.9568292682926836 7.601555555555556 6.499215406562055 
2.1237202380952382 1.7511462450592887 2.5098930481283404 4.479888268156424 1.5734782608695648 5.432539682539684 2.4756118143459913 3.6793877551020406 2.8549367088607593 0.3275275938189848 3.372113821138211 3.8057777777777764 0.8884807417974323 
3.1404464285714297 4.078596837944664 4.625187165775399 4.228770949720671 2.5506521739130443 0.973214285714286 0.29449367088607603 4.229795918367347 0.8919303797468356 3.7409492273730685 1.325609756097561 1.774703703703703 1.497646219686163 
3.7290773809523827 6.5659486166007905 6.596256684491978 7.995530726256982 3.1369565217391306 4.362301587301589 3.4049578059071726 4.780204081632652 3.6799683544303803 0.347373068432671 3.2259349593495945 6.069925925925925 0.5678673323823111 
3.03342261904762 1.555711462450593 4.57711229946524 6.1372625698324015 1.9643478260869562 2.8639682539682547 2.5704430379746834 4.780204081632652 3.253227848101266 0.7145143487858723 6.222601626016262 3.2064444444444433 1.4014621968616265 
5.923065476190473 3.2968577075098815 7.269304812834225 5.233240223463687 4.7004347826086965 6.502777777777778 4.467067510548524 4.0463265306122445 3.992911392405064 2.5700662251655633 4.103008130081301 5.437296296296297 2.9404065620542084 
8.22407738095238 2.284150197628459 5.009786096256683 4.128324022346369 3.234673913043479 6.324404761904763 4.9032911392405065 2.7620408163265306 5.586075949367089 4.435540838852098 4.322276422764228 4.837962962962963 5.024393723252496 
8.571904761904761 1.733379446640316 5.154010695187166 2.521173184357542 5.579891304347826 6.502777777777778 5.168818565400844 2.028163265306122 5.330031645569621 3.879867549668874 4.103008130081301 8.733629629629629 5.05645506419401 
1.4280654761904792 2.3374505928853755 9.0 9.0 4.798152173913043 7.8584126984127 9.000000000000002 5.514081632653061 4.135158227848102 4.237086092715232 3.2990243902439027 7.9678148148148145 1.209094151212554 
5.414702380952384 2.3374505928853755 8.95192513368984 7.242178770949721 5.286739130434783 5.896309523809524 4.448101265822785 5.514081632653061 4.277405063291139 1.835783664459161 4.760813008130082 6.336296296296296 3.5495720399429387 
4.157172619047621 0.9871739130434785 3.5675401069518706 4.731005586592179 3.234673913043479 1.7937301587301593 0.46518987341772144 6.614897959183673 2.7980379746835444 5.824724061810154 0.7408943089430893 0.842407407407407 2.331241084165478 
3.3812500000000014 1.555711462450593 4.096363636363636 4.93189944134078 3.234673913043479 0.43809523809523876 1.299704641350211 3.6793877551020406 2.96873417721519 1.3098785871964675 3.123609756097561 1.741407407407407 3.806062767475036 
3.9698809523809544 0.8983399209486165 4.288663101604277 3.475418994413408 1.4757608695652182 3.648809523809524 0.46518987341772144 7.899183673469387 2.3712974683544306 3.6913355408388524 1.983414634146342 0.7092222222222215 2.395363766048502 
8.491636904761904 1.822213438735178 5.2501604278074865 2.3202793296089377 4.114130434782608 8.179484126984129 5.7947046413502115 3.1289795918367345 4.419651898734177 4.981291390728477 4.176097560975611 5.170925925925926 7.525178316690443 
3.274226190476192 1.768913043478261 3.663689839572193 4.228770949720671 0.9871739130434785 2.4001984126984124 3.2152953586497888 3.6793877551020406 3.452373417721519 1.6571743929359821 3.8106504065040654 6.236407407407406 1.497646219686163 
7.180595238095236 1.9998814229249016 4.817486631016042 3.0234078212290516 3.0392391304347823 5.824960317460318 4.827426160337553 1.8446938775510207 3.623069620253165 2.054083885209713 4.614634146341466 9.0 4.864087018544936 
2.819375000000001 1.1648418972332015 5.4905347593582885 5.98659217877095 1.37804347826087 5.646587301587303 3.7084177215189875 4.780204081632652 1.773860759493671 1.161037527593819 3.2990243902439027 6.302999999999998 0.6961126961483597 
2.712351190476191 6.33498023715415 4.913636363636362 5.735474860335195 0.9871739130434785 4.005555555555556 2.6842405063291137 4.596734693877551 2.655791139240507 0.8633554083885209 2.2757723577235773 4.238629629629629 1.9465049928673328 
6.645476190476188 1.8932806324110674 6.2116577540106945 4.228770949720671 3.9186956521739136 4.8974206349206355 4.163607594936709 2.2116326530612236 3.1963291139240506 2.450993377483444 4.541544715447156 5.237518518518518 5.248823109843082 
5.575238095238092 0.489703557312253 1.6445454545454528 2.219832402234637 0.7917391304347827 7.144920634920636 5.396413502109705 1.6612244897959183 5.301582278481012 3.5424944812362034 4.687723577235774 6.269703703703704 1.4463480741797436 
4.879583333333329 4.505000000000001 5.875133689839572 5.735474860335195 3.527826086956522 2.4001984126984124 0.5031223628691984 7.899183673469387 1.5462658227848105 3.8203311258278143 2.860487804878049 2.706999999999999 1.8823823109843083 
0.00999999999999801 1.3780434782608695 4.048288770053476 5.484357541899442 1.4757608695652182 5.28984126984127 3.480822784810126 6.4314285714285715 4.533449367088608 0.16876379690949217 9.000000000000002 5.237518518518518 0.8371825962910129 
2.7926190476190484 2.5328853754940717 3.904064171122993 5.233240223463687 1.4757608695652182 5.789285714285716 4.391202531645569 3.6793877551020406 2.655791139240507 1.022119205298013 2.78739837398374 6.602666666666665 0.6512268188302426 
6.565208333333331 1.9110474308300396 5.057860962566846 4.982122905027932 2.941521739130436 6.146031746031747 5.017088607594936 1.6612244897959183 4.106708860759495 3.3440397350993374 4.103008130081301 7.235296296296297 4.126676176890157 
4.879583333333329 1.5379446640316208 5.586684491978609 3.6260893854748613 2.452934782608696 5.361190476190478 3.8601476793248946 1.6612244897959183 2.96873417721519 2.1830794701986758 4.468455284552846 7.768037037037035 4.735841654778888 
4.9598511904761935 4.007529644268775 5.009786096256683 4.731005586592179 3.3323913043478273 1.1515873015873024 1.679029535864979 1.2942857142857136 1.1764240506329116 3.6417218543046364 1.9103252032520328 0.40955555555555456 1.6258915834522112 
2.6053273809523816 0.32980237154150194 3.0867914438502666 4.228770949720671 1.5734782608695648 5.147142857142859 3.651518987341772 2.395102040816326 2.883386075949367 0.7641280353200883 6.588048780487805 6.069925925925925 0.010000000000000231 
5.414702380952384 9.000000000000002 3.711764705882352 5.484357541899442 1.5734782608695648 5.860634920634922 4.391202531645569 2.395102040816326 4.533449367088608 0.8633554083885209 1.8372357723577237 6.003333333333333 0.6640513552068477 
8.11705357142857 2.515118577075099 6.019358288770052 3.5256424581005597 4.99358695652174 5.789285714285716 4.125675105485231 2.5785714285714283 2.3712974683544306 3.2944260485651213 4.249186991869919 7.601555555555556 6.531276747503567 
3.80934523809524 4.078596837944664 6.163582887700535 8.246648044692737 2.648369565217391 3.2920634920634924 0.46518987341772144 8.449591836734694 2.058354430379747 5.725496688741722 1.3986991869918701 1.44174074074074 3.87018544935806 
4.66553571428571 2.9415217391304354 4.432887700534758 4.479888268156424 1.5734782608695648 1.4726587301587304 0.3324261603375528 5.697551020408162 0.6358860759493674 8.106952650110374 0.6678048780487802 1.1087777777777772 1.241155492154066 
8.973244047619048 5.073537549407115 4.432887700534758 2.722067039106145 3.1369565217391306 8.108134920634921 5.377447257383966 1.8446938775510207 5.045537974683544 3.145584988962473 4.103008130081301 7.135407407407407 5.05645506419401 
6.056845238095235 2.195316205533597 6.355882352941176 3.1238547486033514 3.1369565217391306 7.216269841269842 5.4912447257383965 2.5785714285714283 3.537721518987342 4.237086092715232 4.322276422764228 5.137629629629628 6.3709700427960065 
5.709017857142854 5.03800395256917 3.8079144385026726 5.233240223463687 3.1369565217391306 1.8650793650793651 0.40829113924050653 4.780204081632652 2.513544303797469 2.252538631346578 0.8870731707317074 1.2752592592592586 3.5495720399429387 
3.0601785714285725 1.2714426877470357 5.634759358288768 4.228770949720671 3.3323913043478273 3.2563888888888886 2.6842405063291137 5.147142857142858 1.7454113924050638 1.2106512141280354 7.099674796747967 3.1065555555555546 0.5037446504992871 
5.4949702380952345 5.624308300395258 4.817486631016042 5.484357541899442 4.211847826086957 1.5440079365079362 2.0014556962025316 3.1289795918367345 2.058354430379747 7.610816777041943 0.6678048780487802 0.10988888888888848 1.7541369472182597 
7.635446428571427 7.649723320158104 4.192513368983956 4.731005586592179 0.9871739130434785 0.010000000000000231 0.01000000000000012 4.229795918367347 0.7496835443037979 3.145584988962473 0.7408943089430893 0.10988888888888848 0.8884807417974323 
5.735773809523806 3.2968577075098815 4.865561497326203 4.731005586592179 4.895869565217391 2.4001984126984124 0.6548523206751057 6.614897959183673 2.96873417721519 7.5115894039735105 0.8870731707317074 1.0754814814814813 3.6136947218259636 
1.026726190476193 0.009999999999999787 5.4905347593582885 5.233240223463687 1.7689130434782614 5.361190476190478 3.177362869198312 4.596734693877551 2.9118354430379747 1.3396467991169978 4.541544715447156 3.3729259259259257 1.0103138373751785 
7.127083333333331 4.487233201581027 5.682834224598929 4.731005586592179 3.6255434782608704 3.04234126984127 0.4272573839662449 6.064489795918367 1.091075949367089 4.118013245033112 3.518292682926829 1.741407407407407 2.587731811697575 
8.464880952380952 1.5201778656126486 5.394385026737966 2.9731843575419 3.723260869565217 8.286507936507936 6.818881856540084 2.7620408163265306 4.106708860759495 6.916225165562913 5.491707317073171 5.071037037037036 9.000000000000002 
7.501666666666665 1.6267786561264823 5.9712834224598925 3.3247486033519547 2.3552173913043477 5.254166666666668 5.036054852320675 0.9273469387755098 5.330031645569621 3.8401766004415006 5.564796747967481 6.902333333333332 6.3389087018544945 
2.043452380952381 2.479584980237154 6.836631016042778 9.0 2.159782608695653 4.112579365079364 3.613586497890296 7.532244897959182 3.822215189873418 1.2602649006622515 3.591382113821138 3.8057777777777764 1.2155064194008562 
6.351160714285712 6.867984189723321 7.221229946524064 7.242178770949721 4.114130434782608 3.5774603174603175 1.1859071729957806 1.8446938775510207 1.9730063291139248 6.717770419426048 1.3986991869918701 2.074370370370369 2.267118402282454 
3.5952976190476207 0.7029051383399207 3.8559893048128338 4.228770949720671 1.671195652173913 9.000000000000002 5.244683544303798 0.3769387755102036 4.135158227848102 2.699061810154526 5.418617886178863 5.237518518518518 0.9205420827389448 
4.023392857142852 8.484762845849803 6.163582887700535 7.242178770949721 2.5506521739130443 2.8996428571428576 0.5031223628691984 8.449591836734694 1.9445569620253171 3.2448123620309053 2.4950406504065037 1.3085555555555546 1.529707560627675 
3.5952976190476207 0.3653359683794464 0.009999999999999787 0.009999999999999787 1.7689130434782614 3.5774603174603175 0.44622362869198307 2.028163265306122 0.010000000000000231 0.21837748344370866 4.176097560975611 1.741407407407407 1.5617689015691871 
7.100327380952379 1.9465810276679845 4.817486631016042 3.3247486033519547 3.3323913043478273 5.147142857142859 4.467067510548524 4.596734693877551 4.419651898734177 2.0937748344370855 5.491707317073171 5.237518518518518 4.575534950071328 
3.8628571428571448 1.3958102766798421 4.048288770053476 4.228770949720671 9.0 5.432539682539684 3.6704852320675103 2.7620408163265306 8.146518987341771 0.8633554083885209 4.9800813008130085 4.438407407407406 4.235684736091299 
6.618720238095236 4.238498023715415 6.067433155080213 6.739944134078211 5.1890217391304345 1.5083333333333333 2.342848101265823 0.9273469387755098 2.3712974683544306 6.8169977924944805 0.8139837398373984 0.009999999999999787 1.4335235378031386 
5.093630952380948 5.446640316205533 6.2116577540106945 4.027877094972068 3.1369565217391306 5.111468253968255 3.936012658227848 1.477755102040816 4.448101265822785 2.748675496688742 4.029918699186993 7.4017777777777765 3.1648359486447935 
1.6688690476190509 1.6623122529644268 6.067433155080213 7.744413407821229 1.7689130434782614 3.363412698412698 2.4187130801687764 4.229795918367347 2.6273417721518992 0.8633554083885209 6.441869918699188 6.369592592592592 1.8310841654778889 
3.3812500000000014 3.7232608695652174 4.144438502673797 3.726536312849161 1.7689130434782614 5.254166666666668 3.632552742616034 1.477755102040816 4.476550632911392 0.41683222958057375 4.9069918699187 6.669259259259257 0.08694721825962937 
6.591964285714283 5.073537549407115 4.000213903743315 4.479888268156424 1.7689130434782614 2.2931746031746036 0.27552742616033754 7.532244897959182 1.3186708860759495 3.9394039735099344 2.4219512195121955 1.741407407407407 1.9465049928673328 
8.973244047619048 2.017648221343874 4.913636363636362 0.713128491620111 3.1369565217391306 8.286507936507936 6.268860759493672 2.2116326530612236 7.236139240506329 5.725496688741722 5.272439024390245 5.67037037037037 8.147168330955779 
6.832767857142855 3.2790909090909097 6.403957219251335 6.991061452513966 3.430108695652174 2.0434523809523815 0.9583122362869197 4.0463265306122445 3.1963291139240506 6.87653421633554 1.9103252032520328 1.6748148148148143 3.0365905848787453 
5.414702380952384 1.768913043478261 3.2790909090909093 0.9140223463687152 2.159782608695653 6.217380952380955 5.56710970464135 0.009999999999999787 7.093892405063292 5.427814569536424 4.687723577235774 5.370703703703703 5.601497860199714 
1.6421130952380985 2.355217391304348 5.298235294117646 5.534581005586592 1.37804347826087 3.470436507936508 2.5704430379746834 5.697551020408162 2.655791139240507 1.061810154525386 3.8106504065040654 4.837962962962963 2.587731811697575 
5.896309523809528 4.558300395256918 4.432887700534758 3.977653631284916 2.746086956521739 2.9353174603174605 0.9393459915611814 8.082653061224487 4.135158227848102 8.722163355408387 0.594715447154472 0.7092222222222215 2.555670470756063 
2.819375000000001 1.9465810276679845 4.625187165775399 3.977653631284916 1.0848913043478268 2.221825396825398 2.210084388185654 6.4314285714285715 3.4808227848101265 0.6649006622516553 4.395365853658538 3.23974074074074 1.30527817403709 
2.1237202380952382 1.3069762845849802 3.0387165775401055 5.132793296089385 1.5734782608695648 3.5774603174603175 2.3997468354430382 2.395102040816326 3.167879746835444 0.21837748344370866 3.44520325203252 6.769148148148148 1.4014621968616265 
4.719047619047615 3.43899209486166 5.394385026737966 5.735474860335195 4.114130434782608 1.7937301587301593 1.9445569620253167 1.2942857142857136 2.3997468354430382 9.0 0.009999999999999787 0.576037037037036 1.30527817403709 
6.966547619047617 1.9110474308300396 6.452032085561498 3.3247486033519547 4.114130434782608 6.6811507936507954 4.884324894514768 2.395102040816326 2.96873417721519 5.527041942604856 5.8571544715447175 5.2708148148148135 6.627460770328103 
5.414702380952384 1.6267786561264823 5.730909090909089 3.726536312849161 2.746086956521739 5.254166666666668 3.9739451476793253 2.2116326530612236 2.9118354430379747 2.50060706401766 4.687723577235774 4.03885185185185 5.312945791726106 
6.832767857142855 1.6445454545454545 4.817486631016042 4.278994413407821 3.527826086956522 6.7168253968253975 5.415379746835443 0.9273469387755098 4.3627531645569615 5.130132450331126 4.468455284552846 5.2708148148148135 7.941975748930101 
3.7290773809523827 3.2257905138339917 4.384812834224599 5.735474860335195 1.9643478260869562 2.507222222222222 2.85493670886076 9.0 2.8549367088607593 0.9625827814569539 2.78739837398374 6.669259259259257 0.24725392296718995 
1.160505952380955 5.340039525691701 2.221443850267379 4.479888268156424 3.6255434782608704 7.8584126984127 4.258438818565401 1.2942857142857136 9.0 1.161037527593819 1.983414634146342 5.03774074074074 1.8310841654778889 
7.2608630952380935 1.6623122529644268 4.288663101604277 2.922960893854748 4.7004347826086965 5.789285714285716 4.865358649789029 0.7438775510204079 3.423924050632912 4.088245033112583 3.2259349593495945 6.336296296296296 5.024393723252496 
7.608690476190475 2.0709486166007904 6.932780748663101 4.429664804469272 3.6255434782608704 7.037896825396826 4.998122362869199 3.6793877551020406 3.822215189873418 2.748675496688742 5.637886178861789 7.002222222222222 4.094614835948645 
2.819375000000001 1.0582411067193678 4.529037433155079 6.53905027932961 0.010000000000000675 4.362301587301589 2.3807805907172996 4.596734693877551 2.741139240506329 0.010000000000000009 4.322276422764228 6.369592592592592 2.235057061340942 
3.5952976190476207 0.8450395256916994 5.778983957219252 3.776759776536313 2.746086956521739 5.147142857142859 4.391202531645569 3.6793877551020406 4.7325949367088604 2.847902869757174 5.199349593495935 3.339629629629628 2.5749072753209705 
