6.7866565349544 1.8296626506024096 4.389743589743592 3.231849710982659 3.723260869565217 5.899999999999999 8.471176470588237 3.1219230769230757 4.746056782334385 5.855034129692833 5.935227272727273 6.014391143911439 6.94739061256961 
3.3710030395136705 1.3964096385542173 4.312905982905985 4.946705202312139 0.9871739130434785 1.2499999999999996 2.9714117647058824 7.616923076923075 3.4415141955835966 1.3677047781569964 4.300681818181818 2.564354243542435 1.4761495624502783 
4.300060790273552 0.0316626506024098 0.08683760683760866 2.5043352601156075 1.5734782608695648 3.017 4.4785588235294105 1.7388461538461533 2.987760252365931 2.556655290102389 6.650340909090909 3.9576383763837644 0.7394988066825774 
3.4529787234042537 2.002963855421687 3.851880341880346 3.959364161849712 1.5734782608695648 3.792000000000001 5.800617647058822 2.0846153846153834 3.8669085173501583 2.019709897610922 6.343863636363636 6.147084870848708 3.042426412092283 
2.6332218844984716 1.5697108433734943 3.775042735042735 5.882080924855493 3.723260869565217 3.172 4.637205882352941 3.4676923076923067 3.4131545741324927 0.6083105802047785 5.322272727272727 5.549963099630997 0.40335719968178196 
2.277993920972637 4.949084337349397 3.9287179487179493 3.5436416184971096 1.7689130434782614 5.807 7.016911764705882 5.369423076923076 6.816309148264985 0.7924061433447099 9.0 5.118708487084872 0.8396260938743039 
2.277993920972637 4.212554216867471 4.00555555555556 3.5436416184971096 1.7689130434782614 4.567 5.060264705882353 1.9117307692307683 4.490820189274448 0.6773464163822528 6.241704545454544 6.677859778597785 0.009999999999999787 
2.032066869300902 4.645807228915663 4.773931623931624 4.063294797687862 2.5506521739130443 0.847 0.4066176470588234 4.504999999999999 0.9175078864353314 3.2470136518771335 1.2359090909090904 1.801365313653137 1.583428798727128 
4.1087841945288694 5.555638554216868 5.004444444444449 3.803468208092487 3.527826086956522 1.2810000000000001 0.9618823529411762 4.504999999999999 1.5130599369085171 3.07825938566553 1.440227272727273 1.5359778597785976 2.763500397772474 
5.14714285714285 0.11831325301204831 5.081282051282052 3.0239884393063585 3.9186956521739136 4.8149999999999995 2.5483529411764705 7.0982692307692306 0.038359621451104164 1.4597525597269625 4.913636363636364 2.133099630996309 3.299896579156722 
4.518662613981757 2.197927710843374 8.077948717948718 7.441040462427746 4.505 3.792000000000001 2.4954705882352943 2.0846153846153834 3.271356466876972 4.474317406143345 0.7251136363636359 0.142693726937269 0.9755131264916468 
7.305835866261393 6.963710843373493 8.001111111111115 6.921387283236995 2.5506521739130443 3.3269999999999995 1.120529411764706 7.271153846153845 2.675804416403786 6.085153583617747 0.7251136363636359 1.038376383763838 1.9410262529832938 
5.201793313069903 3.6276626506024097 5.004444444444449 4.582947976878613 1.8666304347826097 1.3119999999999998 0.4330588235294117 3.986346153846153 0.6622712933753945 3.323720136518771 1.6445454545454536 3.924464944649447 3.5144550517104216 
3.3983282674771935 6.465469879518073 5.388632478632481 6.141907514450868 3.0392391304347823 5.744999999999999 5.8534999999999995 5.023653846153845 4.377381703470032 0.9995136518771331 6.650340909090909 6.113911439114391 1.2472871917263326 
2.4965957446808424 0.61655421686747 1.7004273504273524 4.375086705202313 0.7917391304347827 3.5129999999999995 4.399235294117647 2.2574999999999994 1.7966561514195587 2.6180204778156995 5.935227272727273 7.274981549815498 1.583428798727128 
0.9117325227963455 2.696168674698795 8.30846153846154 9.0 2.159782608695653 3.5749999999999997 5.033823529411765 7.616923076923075 3.8385488958990535 1.3293515358361776 4.402840909090909 3.8249446494464934 1.2687430389817025 
5.61167173252279 1.9813012048192773 7.309572649572651 4.063294797687862 3.9186956521739136 4.257 5.800617647058822 2.6032692307692296 3.2146372239747634 2.2498293515358365 5.730909090909092 5.251402214022141 5.767319013524264 
4.846565349544068 5.230698795180723 4.4665811965811955 3.803468208092487 2.746086956521739 2.552 1.3056176470588234 8.135576923076922 4.150504731861199 7.097679180887372 0.2143181818181814 0.7398154981549814 2.763500397772474 
3.780881458966558 4.494168674698795 7.002222222222223 6.661560693641619 3.0392391304347823 4.164 0.6974705882352941 6.752499999999999 1.1443848580441642 2.8021160409556316 3.585568181818182 2.8629151291512906 2.1555847255369924 
6.048875379939201 0.789855421686747 1.7004273504273524 3.5436416184971096 2.3552173913043477 3.4820000000000007 3.843970588235294 3.1219230769230757 0.9175078864353314 1.9430034129692833 7.058977272727272 3.891291512915128 2.441662688941925 
2.769848024316108 1.3747469879518075 3.851880341880346 4.063294797687862 9.0 4.7219999999999995 5.113147058823529 3.1219230769230757 8.149211356466877 1.0225255972696248 6.343863636363636 4.455239852398524 4.637311058074781 
2.3872948328267434 0.4649156626506028 4.4665811965811955 2.5043352601156075 3.0392391304347823 3.3269999999999995 1.993088235294118 8.481346153846154 0.010000000000000009 1.536459044368601 7.263295454545455 1.2705904059040583 2.799260143198091 
4.873890577507591 3.6926506024096386 9.000000000000004 5.1026011560693645 4.7004347826086965 5.651999999999999 6.223676470588234 4.332115384615384 4.008706624605679 2.3418771331058026 5.117954545454545 5.450442804428045 3.1926173428798723 
4.436686930091181 6.5304578313253 5.081282051282052 5.36242774566474 4.211847826086957 1.3429999999999995 2.7863235294117645 3.4676923076923067 2.0802523659305994 6.238566552901024 0.3164772727272718 0.142693726937269 1.8695067621320605 
2.6332218844984716 7.678578313253011 7.924273504273504 7.960693641618499 3.1369565217391306 3.792000000000001 4.742970588235293 5.023653846153845 3.696750788643533 0.623651877133106 3.892045454545455 6.080738007380074 0.5463961813842482 
7.223860182370817 2.4578795180722897 5.388632478632481 3.959364161849712 3.234673913043479 5.497 6.831823529411764 3.1219230769230757 5.596845425867508 3.7839590443686006 5.424431818181819 4.853321033210332 5.5170007955449485 
1.7041641337385975 2.0462891566265062 4.773931623931624 3.803468208092487 1.0848913043478268 1.9320000000000008 3.0771764705882347 6.579615384615383 3.4982334384858045 0.8691126279863483 5.52659090909091 3.260996309963099 1.3688703261734285 
7.551762917933129 6.725421686746989 6.233846153846155 1.0493063583815028 5.677608695652174 6.272 7.149117647058824 1.0473076923076916 4.746056782334385 2.9401877133105803 3.585568181818182 7.440848708487085 3.371416070007956 
4.764589665653485 1.9379759036144582 3.390854700854703 0.009999999999999787 2.941521739130436 5.186999999999999 6.408764705882352 2.0846153846153834 2.477287066246057 2.387901023890785 5.220113636363637 7.009594095940958 5.445481304693716 
5.584346504559267 2.002963855421687 7.002222222222223 4.582947976878613 2.5506521739130443 4.8149999999999995 6.012147058823529 2.4303846153846145 3.5549526813880123 1.7282252559726965 5.935227272727273 8.402878228782287 3.9793317422434367 
5.7482978723404194 1.8296626506024096 5.84965811965812 4.842774566473989 4.505 6.148 6.461647058823528 1.0473076923076916 5.795362776025238 3.82231228668942 4.504999999999999 5.782177121771216 5.9461177406523475 
5.557021276595737 5.8589156626506025 3.775042735042735 4.323121387283238 1.7689130434782614 1.9940000000000002 0.3801764705882351 7.616923076923075 1.3429022082018927 3.4004266211604097 2.768295454545454 1.7681918819188187 2.0840652346857595 
5.966899696048632 4.797445783132531 6.618034188034191 2.0886127167630057 4.505 5.3420000000000005 7.122676470588234 0.5286538461538455 3.5549526813880123 2.9401877133105803 4.300681818181818 6.876900369003689 3.9793317422434367 
7.551762917933129 1.7646746987951807 4.62025641025641 2.660231213872833 4.7004347826086965 6.892000000000001 7.04335294117647 2.0846153846153834 4.604258675078864 3.9220307167235493 4.096363636363636 6.711033210332104 4.873325377883851 
6.6227051671732475 9.0 4.0823931623931635 4.582947976878613 0.9871739130434785 0.009999999999999787 0.010000000000000009 4.504999999999999 0.7757097791798109 2.786774744027304 0.41863636363636303 0.142693726937269 0.9039936356404135 
2.879148936170207 0.7681927710843377 4.236068376068378 3.283815028901734 1.4757608695652182 3.172 0.6445882352941175 7.962692307692305 2.392208201892745 3.2086604095563143 2.155340909090908 0.7398154981549814 2.5847016706443915 
6.185501519756837 1.1797831325301207 6.157008547008548 2.868092485549133 3.723260869565217 7.511999999999999 8.814911764705883 0.8744230769230761 4.632618296529969 4.24419795221843 3.585568181818182 5.251402214022141 7.126189339697692 
4.682613981762909 3.6926506024096386 5.158119658119659 4.582947976878613 4.895869565217391 2.087 0.909 6.752499999999999 2.987760252365931 6.1618600682593865 0.6229545454545447 1.1047232472324726 3.9435719968178207 
3.698905775075982 3.086096385542169 5.388632478632481 6.661560693641619 2.746086956521739 0.5369999999999999 1.993088235294118 2.2574999999999994 1.201104100946372 3.4004266211604097 1.2359090909090904 0.24221402214022092 1.9410262529832938 
7.988966565349539 2.132939759036145 5.234957264957266 0.4257225433526015 3.1369565217391306 7.202 8.735588235294118 2.6032692307692296 7.2417034700315455 4.781143344709898 6.7524999999999995 5.682656826568266 9.0 
2.4692705167173195 6.378819277108434 5.234957264957266 5.1026011560693645 1.7689130434782614 4.102 1.5435882352941175 6.2338461538461525 1.7966561514195587 4.896203071672356 0.2143181818181814 0.9720295202952025 1.654948289578361 
4.354711246200605 1.6563614457831326 6.54119658119658 3.5436416184971096 2.746086956521739 4.567 5.536205882352942 2.6032692307692296 2.9310410094637223 2.2881825938566553 5.935227272727273 4.0571586715867145 5.838838504375497 
3.5896048632218758 3.2593975903614463 4.4665811965811955 4.323121387283238 1.5734782608695648 1.2810000000000001 0.4595 5.888076923076922 0.6622712933753945 6.622098209044369 0.3164772727272718 1.137896678966789 1.2973508353221956 
4.026808510638293 4.16922891566265 7.6937606837606864 5.1026011560693645 2.5506521739130443 1.746 0.4330588235294117 6.752499999999999 0.9742271293375393 2.556655290102389 2.3596590909090907 3.3936900369003693 2.227104216388226 
5.584346504559267 4.84077108433735 7.079059829059833 6.661560693641619 5.1890217391304345 1.3119999999999998 3.2622647058823526 1.3930769230769222 2.392208201892745 5.6249146757679185 0.5207954545454534 0.04317343173431709 1.5119093078758947 
6.240151975683883 1.6996867469879517 4.236068376068378 2.712196531791908 4.7004347826086965 5.032 6.778941176470587 1.2201923076923067 3.4415141955835966 3.5154863481228666 3.892045454545455 6.346125461254614 5.5170007955449485 
1.1303343465045508 7.418626506024095 5.3117948717948735 5.1026011560693645 1.182608695652175 5.837999999999999 7.122676470588234 1.2201923076923067 7.099905362776026 1.175938566552901 2.155340909090908 7.805756457564575 0.6536754176610979 
3.5896048632218758 5.512313253012049 2.161452991452993 2.5043352601156075 0.9871739130434785 2.025 2.4161470588235296 5.023653846153845 1.201104100946372 1.6361774744027304 1.6445454545454536 2.7633948339483396 0.5964598249801112 
1.4855623100303923 5.512313253012049 2.3151282051282074 4.063294797687862 1.671195652173913 3.172 3.4473529411764696 3.986346153846153 4.150504731861199 0.010000000000000231 3.9942045454545454 5.8485239852398525 1.969634049323787 
0.9663829787233986 2.674506024096386 8.001111111111115 5.36242774566474 6.263913043478261 1.9320000000000008 1.7286764705882354 0.009999999999999343 3.271356466876972 0.9458191126279866 4.198522727272726 3.227822878228781 2.405902943516309 
6.486079027355618 1.4830602409638556 7.079059829059833 4.582947976878613 4.407282608695653 6.117000000000001 8.101 4.504999999999999 3.7251104100946377 4.090784982935154 6.037386363636362 4.256199261992618 6.0176372315035795 
7.961641337386009 2.3062409638554215 6.157008547008548 2.9200578034682083 4.211847826086957 8.907 8.338970588235295 1.7388461538461533 5.029652996845426 5.011262798634813 3.2790909090909093 7.1754612546125465 8.520819411296738 
6.458753799392095 1.8729879518072292 5.542307692307695 1.4650289017341045 4.016413043478262 9.0 9.000000000000002 3.1219230769230757 4.150504731861199 4.435964163822526 4.811477272727272 6.545166051660516 6.446754176610979 
6.322127659574459 2.197927710843374 7.540085470085472 3.0759537572254354 4.407282608695653 6.272 6.488088235294117 4.332115384615384 3.611671924290221 3.860665529010239 6.037386363636362 5.450442804428045 7.769864757358791 
5.939574468085102 2.002963855421687 7.6937606837606864 3.1279190751445087 4.114130434782608 5.807 6.8053823529411765 2.7761538461538446 2.987760252365931 4.627730375426621 7.569772727272728 5.2845756457564566 7.304988066825775 
7.988966565349539 5.8589156626506025 4.4665811965811955 2.5043352601156075 3.1369565217391306 7.047000000000001 7.49285294117647 2.2574999999999994 5.05801261829653 2.786774744027304 5.117954545454545 7.142287822878229 5.552760540970565 
6.21282674772036 7.526939759036145 4.312905982905985 5.882080924855493 1.7689130434782614 0.9400000000000004 0.35373529411764704 6.579615384615383 2.1086119873817033 4.106126279863481 2.461818181818182 1.5359778597785976 1.654948289578361 
7.114559270516711 1.613036144578313 4.4665811965811955 2.5043352601156075 5.4821739130434795 6.272 7.49285294117647 1.7388461538461533 4.802776025236593 3.3620733788395913 5.62875 8.037970479704796 3.5144550517104216 
3.125075987841935 0.9848192771084339 1.5467521367521382 3.803468208092487 1.7689130434782614 1.467 2.707 2.6032692307692296 2.675804416403786 0.9074658703071675 5.117954545454545 4.919667896678966 1.9553301511535404 
3.3163525835866174 0.20496385542168705 4.159230769230774 3.5436416184971096 2.8438043478260875 3.792000000000001 4.240588235294117 2.7761538461538446 2.987760252365931 1.0378668941979523 7.058977272727272 6.213431734317343 1.1543118536197294 
1.9227659574468028 1.5697108433734943 4.69709401709402 6.037976878612718 1.9643478260869562 2.4900000000000007 3.5795588235294113 5.023653846153845 3.271356466876972 0.9074658703071675 8.080568181818183 3.227822878228781 1.4761495624502783 
0.5291793313069846 1.6996867469879517 7.079059829059833 7.7008670520231215 1.7689130434782614 2.924 3.368029411764706 4.504999999999999 2.6474447949526816 1.0225255972696248 8.387045454545456 6.379298892988929 1.9553301511535404 
7.879665653495433 1.7213493975903615 7.6937606837606864 7.1812138728323704 2.746086956521739 5.651999999999999 2.574794117647059 6.752499999999999 6.50435331230284 9.0 0.3164772727272718 2.232619926199262 2.6562211614956244 
7.223860182370817 2.761156626506025 4.62025641025641 3.5436416184971096 3.430108695652174 6.117000000000001 7.889470588235294 1.3930769230769222 5.596845425867508 3.438779863481229 7.263295454545455 6.24660516605166 8.735377883850438 
2.879148936170207 1.8296626506024096 2.161452991452993 4.842774566473989 1.4757608695652182 3.792000000000001 4.18770588235294 3.1219230769230757 3.044479495268139 1.2833276450511946 5.117954545454545 7.573542435424354 2.742044550517104 
1.0483586626139747 0.010000000000000231 6.771709401709405 3.5436416184971096 2.3552173913043477 3.792000000000001 4.9544999999999995 1.3930769230769222 5.511766561514197 1.3677047781569964 2.563977272727273 5.948044280442804 1.654948289578361 
1.0483586626139747 4.342530120481928 4.0823931623931635 3.5436416184971096 4.114130434782608 2.304 2.6012352941176475 5.023653846153845 1.5414195583596215 1.0608788395904436 4.300681818181818 4.090332103321034 1.5119093078758947 
4.955866261398167 7.353638554216868 4.312905982905985 4.582947976878613 4.895869565217391 1.9010000000000002 0.9354411764705881 5.023653846153845 2.675804416403786 6.85221843003413 0.5207954545454534 0.9056826568265679 3.907812251392204 
2.168693009118538 1.8296626506024096 3.237179487179489 4.063294797687862 0.9871739130434785 2.087 4.4785588235294105 3.986346153846153 3.4698738170347005 1.6361774744027304 4.7093181818181815 6.24660516605166 1.583428798727128 
5.037841945288751 1.8080000000000003 3.390854700854703 3.0239884393063585 2.3552173913043477 4.411999999999999 4.901617647058823 2.2574999999999994 2.675804416403786 2.058063139931741 4.913636363636364 4.919667896678966 7.126189339697692 
4.409361702127658 1.3314216867469884 3.083504273504275 2.244508670520232 2.746086956521739 4.411999999999999 6.091470588235294 2.4303846153846145 2.7325236593059943 1.8662969283276452 6.548181818181817 4.654280442804428 5.230922832140016 
5.311094224924009 6.552120481927711 6.003333333333334 6.141907514450868 3.1369565217391306 2.552 1.0940882352941175 5.023653846153845 2.84596214511041 4.627730375426621 1.6445454545454536 0.9056826568265679 3.299896579156722 
0.009999999999994458 6.183855421686747 0.932051282051285 4.323121387283238 3.6255434782608704 6.83 5.932823529411764 1.7388461538461533 9.0 1.2526450511945395 2.155340909090908 5.052361623616235 1.9553301511535404 
7.005258358662605 1.7213493975903615 3.9287179487179493 2.5043352601156075 2.5506521739130443 5.186999999999999 5.271794117647058 2.0846153846153834 4.462460567823344 2.6333617747440274 5.117954545454545 7.639889298892989 5.338202068416866 
4.518662613981757 0.269951807228916 0.010000000000001563 1.9846820809248564 0.7917391304347827 6.209999999999999 7.51929411764706 2.0846153846153834 5.313249211356467 3.0936006825938565 5.935227272727273 6.2797785977859775 1.5262132060461417 
7.278510638297863 1.2880963855421688 4.773931623931624 2.9200578034682083 2.452934782608696 3.792000000000001 5.536205882352942 2.0846153846153834 3.299716088328076 2.863481228668942 6.446022727272727 5.085535055350553 7.090429594272077 
2.6332218844984716 3.6059999999999994 4.389743589743592 5.622254335260117 1.9643478260869562 2.18 3.9761764705882348 9.0 2.8743217665615144 1.0992320819112629 3.2790909090909093 6.677859778597785 0.18879872712808243 
6.267477203647413 1.8296626506024096 5.465470085470088 2.5043352601156075 1.8666304347826097 5.032 6.408764705882352 2.6032692307692296 3.980347003154575 3.323720136518771 6.241704545454544 5.350922509225091 7.376507557677009 
3.835531914893611 1.0064819277108437 4.773931623931624 3.5436416184971096 5.091304347826088 1.653 2.4161470588235296 1.2201923076923067 1.5130599369085171 2.173122866894198 2.2574999999999994 0.009999999999999787 2.441662688941925 
2.277993920972637 1.5697108433734943 3.9287179487179493 4.790809248554914 3.234673913043479 0.38200000000000056 1.808 3.986346153846153 2.987760252365931 1.3677047781569964 3.7490227272727275 1.7681918819188187 4.158130469371519 
3.890182370820664 4.5591566265060255 5.388632478632481 4.582947976878613 3.3323913043478273 1.0020000000000002 2.336823529411765 1.7388461538461533 1.201104100946372 3.170307167235495 2.0531818181818178 0.44125461254612475 1.7264677804295943 
2.3872948328267434 0.2266265060240964 1.9309401709401737 1.8807514450867062 6.459347826086957 2.8619999999999997 4.002617647058823 3.640576923076922 6.674511041009463 1.6361774744027304 5.322272727272727 3.3936900369003693 3.299896579156722 
3.862857142857134 8.068506024096386 6.003333333333334 5.36242774566474 1.5734782608695648 2.2419999999999995 0.8296764705882353 5.715192307692306 1.2861829652996848 4.896203071672356 0.009999999999999787 1.9008856088560888 2.405902943516309 
1.7041641337385975 0.9631566265060245 4.62025641025641 6.453699421965319 0.010000000000000675 3.792000000000001 3.3151470588235297 4.850769230769229 2.7608832807570978 0.362849829351536 5.424431818181819 6.379298892988929 2.405902943516309 
7.114559270516711 2.7394939759036148 7.002222222222223 3.335780346820811 4.99358695652174 5.032 5.747735294117646 2.9490384615384606 2.392208201892745 2.901834470989761 5.322272727272727 7.606715867158671 7.197708830548926 
8.999999999999996 1.8296626506024096 5.3117948717948735 0.11393063583815088 2.0620652173913046 6.582000000000001 8.867794117647058 5.023653846153845 6.816309148264985 3.170307167235495 7.263295454545455 4.786974169741697 6.160676213206047 
6.158176291793307 2.1112771084337356 5.081282051282052 2.81612716763006 3.0392391304347823 5.062999999999999 6.726058823529411 2.2574999999999994 3.640031545741325 1.9430034129692833 5.833068181818183 9.0 5.338202068416866 
0.5018541033434616 2.544530120481928 5.84965811965812 5.414393063583817 1.37804347826087 3.017 3.5795588235294113 5.888076923076922 2.675804416403786 1.175938566552901 4.7093181818181815 4.853321033210332 2.799260143198091 
0.5565045592705111 2.1546024096385543 1.7004273504273524 2.5043352601156075 2.648369565217391 1.9630000000000005 3.2622647058823526 3.4676923076923067 2.1086119873817033 1.9430034129692833 7.058977272727272 2.8297416974169742 0.9969689737470167 
