1.3821578947368423 1.1268839103869657 5.924473684210527 5.017088607594937 2.673703703703704 6.239291338582678 6.470779944289694 2.6032692307692296 5.765973597359736 1.0608788395904436 3.518292682926829 6.760981132075472 2.587731811697575 
4.173789473684209 3.543747454175153 4.623289473684212 6.155063291139241 4.671481481481481 1.7796850393700785 2.5642618384401117 1.7388461538461533 2.1165676567656764 7.312457337883959 0.009999999999999787 0.6884905660377365 1.30527817403709 
1.4058157894736816 2.298696537678208 3.440394736842105 3.8791139240506336 3.117654320987655 7.23031496062992 4.818022284122562 0.5286538461538455 2.383597359735974 1.521117747440273 4.9800813008130085 5.743245283018869 0.43962196861626257 
3.1801578947368405 0.7973116089613033 1.3111842105263154 4.789493670886078 0.8979012345679012 4.009488188976377 4.1669359331476326 2.2574999999999994 1.4638283828382836 2.6180204778156995 4.687723577235774 7.507320754716982 1.497646219686163 
3.9372105263157877 1.4564562118126276 3.3221052631578942 5.415379746835443 1.1198765432098758 1.4257480314960622 2.8146796657381614 7.616923076923075 3.184686468646865 1.3677047781569964 3.518292682926829 2.6900377358490575 1.4014621968616265 
1.8789736842105285 1.8043380855397149 1.0746052631578955 4.732594936708862 1.7858024691358017 5.389842519685038 3.2654317548746516 3.986346153846153 2.5912871287128705 0.6083105802047785 3.372113821138211 3.979169811320755 0.8884807417974323 
2.8016315789473687 0.8339307535641547 0.30572368421052687 3.196329113924051 9.0 3.0892519685039366 2.363927576601671 0.009999999999999343 5.7956435643564355 1.2142918088737202 5.8571544715447175 6.116415094339624 2.8313980028530676 
4.836210526315789 1.4015274949083505 2.375789473684211 2.456645569620253 3.117654320987655 5.035905511811023 5.769610027855154 2.4303846153846145 2.4429372937293734 1.8662969283276452 5.126260162601627 4.827283018867925 4.7679029957204 
3.1091842105263154 3.140936863543789 4.505000000000001 5.586075949367089 3.117654320987655 5.602204724409448 4.442395543175487 3.4676923076923067 2.264917491749175 1.175938566552901 2.3488617886178864 7.168075471698113 1.0359629101283883 
2.494078947368422 2.0057433808553973 3.6769736842105267 4.16360759493671 1.230864197530864 2.2044094488188977 2.9148467966573812 6.579615384615383 3.2440264026402637 0.8691126279863483 4.395365853658538 3.40245283018868 1.30527817403709 
5.356684210526314 2.2620773930753564 5.806184210526316 3.196329113924051 3.5616049382716044 7.1595275590551175 7.247075208913649 2.9490384615384606 3.303366336633663 3.6305460750853245 4.322276422764228 5.336150943396227 6.3709700427960065 
7.533210526315791 6.0521588594704685 4.38671052631579 4.39120253164557 4.560493827160493 6.628622047244095 5.794651810584958 2.7761538461538446 2.0868976897689766 3.047576791808874 2.860487804878049 6.998452830188681 5.152639087018546 
1.0272894736842133 5.5028716904277 0.7197368421052648 4.732594936708862 4.116543209876544 7.796614173228347 5.619359331476324 1.7388461538461533 9.0 1.2526450511945395 1.983414634146342 5.234377358490567 1.8310841654778889 
2.304815789473686 1.4198370672097762 4.268421052631579 6.155063291139241 1.7858024691358017 1.6735039370078733 2.2888022284122562 6.2338461538461525 3.214356435643564 1.789590443686007 4.176097560975611 4.691584905660378 1.1129101283880174 
5.07278947368421 3.397270875763747 3.972697368421054 5.017088607594937 5.559382716049384 2.381377952755905 0.8614206128133707 6.752499999999999 2.7099669966996696 6.1618600682593865 0.8870731707317074 1.1973584905660388 3.6136947218259636 
6.705184210526312 1.4198370672097762 5.747039473684211 7.862025316455698 1.7858024691358017 6.982559055118111 6.320529247910863 1.2201923076923067 3.9264356435643566 1.620836177474403 6.441869918699188 6.4217358490566046 0.8564194008559203 
3.0855263157894726 0.4677393075356415 1.4886184210526316 2.0583544303797474 7.335185185185185 3.266220472440944 3.7913091922005573 3.640576923076922 6.567062706270626 1.6361774744027304 4.249186991869919 3.5381509433962277 3.0365905848787453 
5.900815789473683 4.459226069246435 6.042763157894738 7.0085443037974695 3.006666666666667 2.0274409448818895 0.46075208913649035 6.2338461538461525 0.010000000000000009 2.3648890784982934 3.0066666666666673 2.6900377358490575 1.5617689015691871 
5.8535 1.9691242362525458 5.3921710526315785 5.017088607594937 2.8956790123456786 5.496023622047243 5.694484679665738 2.4303846153846145 3.303366336633663 1.7282252559726965 4.687723577235774 8.660754716981133 3.6457560627674757 
6.752499999999998 7.883116089613036 3.1446710526315798 5.017088607594937 1.1198765432098758 0.009999999999999343 0.01000000000000012 4.504999999999999 0.3957095709570959 2.786774744027304 0.7408943089430893 0.2135471698113216 0.8884807417974323 
7.509552631578941 1.8775763747454177 4.445855263157897 2.285949367088609 4.671481481481481 8.11515748031496 7.64774373259053 3.4676923076923067 4.223135313531353 4.205844709897611 4.176097560975611 5.370075471698115 7.525178316690443 
7.935394736842106 5.2282281059063145 3.440394736842105 2.74113924050633 3.5616049382716044 8.044370078740156 7.096824512534819 2.2574999999999994 4.875874587458746 2.786774744027304 4.103008130081301 7.371622641509434 5.05645506419401 
4.008184210526316 1.859266802443992 3.440394736842105 6.439556962025318 1.563827160493827 1.4257480314960622 3.5659331476323115 5.888076923076922 3.214356435643564 1.5594709897610923 2.933577235772358 3.911320754716982 1.3565763195435094 
6.6342105263157904 1.6761710794297353 5.333026315789475 3.4239240506329125 2.673703703703704 5.2128740157480316 6.646072423398329 1.3930769230769222 5.172574257425742 3.323720136518771 5.564796747967481 7.134150943396229 6.3389087018544945 
1.9262894736842107 3.9465580448065176 3.1446710526315798 3.8791139240506336 4.671481481481481 2.629133858267716 2.4640947075208914 5.023653846153845 1.1967986798679866 1.0608788395904436 3.518292682926829 4.250566037735849 1.4335235378031386 
3.3694210526315764 4.202892057026476 5.5696052631578965 9.000000000000002 3.006666666666667 3.266220472440944 0.6110027855153203 8.481346153846154 1.76052805280528 4.781143344709898 1.3986991869918701 1.5705283018867933 3.87018544935806 
7.3202894736842055 1.364908350305499 3.6769736842105267 3.196329113924051 2.784691358024692 4.328031496062993 5.243732590529248 2.0846153846153834 3.036336633663366 2.863481228668942 5.053170731707317 5.268301886792454 6.435092724679031 
7.556868421052634 1.7677189409368634 3.558684210526316 2.911835443037976 5.337407407407407 7.86740157480315 6.671114206128133 2.0846153846153834 4.40115511551155 3.9220307167235493 3.372113821138211 6.930603773584908 4.447289586305278 
4.315736842105263 4.642321792260693 5.214736842105264 6.155063291139241 4.0055555555555555 2.381377952755905 0.6610863509749304 7.962692307692305 1.2264686468646864 3.3083788395904437 2.860487804878049 2.859660377358491 1.8823823109843083 
4.788894736842106 2.4085539714867616 9.000000000000002 7.862025316455698 6.003333333333333 5.849960629921259 5.869777158774374 5.715192307692306 4.074785478547854 1.7742491467576795 4.760813008130082 6.557433962264152 3.5495720399429387 
2.494078947368422 1.0902647657841142 3.558684210526316 7.065443037974685 0.009999999999999787 4.328031496062993 3.1402228412256266 4.850769230769229 2.4726072607260723 0.362849829351536 4.322276422764228 6.591358490566039 2.235057061340942 
4.930842105263157 0.504358452138493 0.010000000000001563 2.172151898734178 0.8979012345679012 7.088740157480315 7.121866295264624 2.0846153846153834 5.142904290429042 3.0936006825938565 4.687723577235774 6.489584905660379 1.4463480741797436 
2.304815789473686 4.935274949083503 1.7843421052631587 4.448101265822785 1.8967901234567899 3.62015748031496 3.2654317548746516 3.986346153846153 3.9264356435643566 0.010000000000000231 3.2990243902439027 6.048566037735849 1.843908701854494 
7.083710526315791 1.731099796334012 3.026381578947369 2.74113924050633 2.8956790123456786 5.920748031496062 4.993314763231198 2.0846153846153834 4.252805280528053 2.6333617747440274 4.103008130081301 7.880490566037736 4.864087018544936 
3.2984473684210514 3.3240325865580442 3.3812500000000014 6.155063291139241 2.229753086419753 2.4875590551181093 3.766267409470752 9.0 2.5912871287128705 1.0992320819112629 2.78739837398374 6.8966792452830195 0.24725392296718995 
0.9090000000000025 0.010000000000000009 4.7415789473684224 5.586075949367089 2.007777777777778 5.319055118110235 4.191977715877437 4.850769230769229 2.65062706270627 1.3907167235494882 4.541544715447156 3.5381509433962277 1.0103138373751785 
3.1801578947368405 0.614215885947047 2.375789473684211 4.16360759493671 2.007777777777778 9.0 8.549247910863508 1.7388461538461533 4.163795379537953 2.479948805460751 4.103008130081301 5.098679245283019 2.459486447931527 
2.777973684210526 4.202892057026476 3.6769736842105267 4.448101265822785 2.8956790123456786 0.9656299212598416 0.38562674094707516 4.504999999999999 0.5440594059405939 3.2470136518771335 1.325609756097561 1.9097735849056612 1.497646219686163 
7.178342105263155 2.5916496945010183 5.3921710526315785 3.651518987341774 5.67037037037037 5.743779527559054 5.444066852367688 2.9490384615384606 2.0868976897689766 2.901834470989761 4.249186991869919 7.846566037735851 6.531276747503567 
5.640578947368422 5.685967413441956 2.494078947368422 4.3343037974683565 2.229753086419753 5.2128740157480316 5.869777158774374 2.2574999999999994 2.769306930693069 2.311194539249147 3.1528455284552854 5.878943396226417 4.864087018544936 
4.221105263157895 2.884602851323829 4.150131578947368 7.293037974683546 3.117654320987655 0.6116929133858262 1.8881337047353761 2.2574999999999994 0.8407590759075907 3.4004266211604097 1.325609756097561 0.31532075471698207 1.8182596291012842 
7.556868421052634 5.960610997963341 4.800723684210526 1.1479746835443043 6.447283950617284 7.1595275590551175 6.771281337047354 1.0473076923076916 4.549504950495049 2.9401877133105803 3.0066666666666673 7.676943396226415 3.1007132667617694 
2.8962631578947367 7.2972097759674135 4.978157894736842 5.586075949367089 2.1187654320987646 1.4257480314960622 0.33554317548746504 6.752499999999999 0.7517491749174918 1.9813566552901025 1.983414634146342 0.010000000000000675 2.8442225392296723 
6.373973684210526 1.2733604887983705 4.7415789473684224 3.1394303797468357 4.22753086419753 8.57527559055118 8.348913649025068 0.8744230769230761 4.430825082508251 4.24419795221843 3.0066666666666673 5.437924528301888 6.467154065620543 
5.049131578947367 2.976150712830957 5.747039473684211 4.220506329113926 3.450617283950618 6.451653543307085 7.272116991643455 2.7761538461538446 6.715412541254125 3.385085324232082 4.029918699186993 6.455660377358491 5.8259272467903 
3.6769736842105267 1.0170264765784114 2.375789473684211 5.017088607594937 3.6725925925925926 1.7796850393700785 0.6110027855153203 6.752499999999999 2.531947194719472 4.857849829351536 0.7408943089430893 0.9598867924528305 2.331241084165478 
2.9908947368421046 1.236741344195519 1.666052631578948 2.74113924050633 1.6748148148148152 5.566811023622046 5.419025069637883 2.6032692307692296 3.6297359735973598 1.2526450511945395 5.491707317073171 4.99690566037736 0.9718402282453638 
3.51136842105263 1.8226476578411406 1.666052631578948 5.301582278481014 1.6748148148148152 4.328031496062993 3.9666016713091916 3.1219230769230757 2.769306930693069 1.2833276450511946 4.103008130081301 7.812641509433963 2.5364336661911557 
7.580526315789477 1.7860285132382892 4.327565789473686 2.5135443037974685 6.336296296296296 6.451653543307085 6.821364902506964 2.4303846153846145 5.172574257425742 3.3544027303754262 4.103008130081301 9.000000000000002 5.05645506419401 
4.788894736842106 1.8226476578411406 2.0209210526315804 0.6927848101265832 2.4517283950617292 6.168503937007873 7.34724233983287 0.5286538461538455 7.0121122112211225 4.551023890784983 4.687723577235774 5.573622641509436 5.601497860199714 
3.2984473684210514 1.602932790224033 2.908092105263158 6.439556962025318 4.22753086419753 3.62015748031496 4.3923119777158774 3.4676923076923067 3.1550165016501652 0.6083105802047785 4.249186991869919 5.743245283018869 0.43962196861626257 
7.272973684210527 2.353625254582485 4.150131578947368 4.3343037974683565 3.6725925925925926 6.274685039370079 6.470779944289694 3.1219230769230757 5.439603960396038 3.7839590443686006 4.322276422764228 5.030830188679246 5.024393723252496 
4.008184210526316 1.9691242362525458 2.9672368421052653 4.3343037974683565 1.7858024691358017 4.328031496062993 5.4941504178272975 2.0846153846153834 3.6297359735973598 2.019709897610922 4.9800813008130085 6.3538867924528315 2.8057489300998575 
3.3221052631578942 1.4564562118126276 3.4995394736842123 5.870569620253166 1.7858024691358017 6.239291338582678 7.046740947075209 4.332115384615384 3.6297359735973598 2.050392491467577 1.5448780487804874 5.336150943396227 0.4845078459343797 
7.485894736842106 1.5663136456211815 4.623289473684212 3.0256329113924068 4.22753086419753 8.221338582677165 9.0 3.1219230769230757 3.896765676567657 5.701621160409556 5.491707317073171 5.268301886792454 9.000000000000002 
0.00999999999999801 1.4198370672097762 2.9672368421052653 5.870569620253166 1.6748148148148152 5.248267716535432 4.592646239554318 6.579615384615383 4.34181518151815 0.4855802047781571 9.000000000000002 5.437924528301888 0.8371825962910129 
4.575973684210528 4.971894093686355 3.854407894736843 4.16360759493671 4.0055555555555555 1.4611417322834637 0.9115041782729804 4.504999999999999 1.1671287128712868 3.07825938566553 1.4717886178861792 1.6383773584905663 2.555670470756063 
2.8962631578947367 5.759205702647657 2.9672368421052653 4.16360759493671 4.671481481481481 1.4257480314960622 1.1118384401114207 2.6032692307692296 1.76052805280528 5.32575938566553 1.252520325203252 2.4864905660377365 3.7098787446504997 
3.535026315789473 3.1043177189409374 2.7898026315789473 5.586075949367089 2.007777777777778 5.566811023622046 4.843064066852368 2.0846153846153834 1.9978877887788777 0.5622866894197954 3.0797560975609763 5.132603773584906 0.311376604850214 
4.8598684210526315 5.795824847250509 3.9135526315789466 5.870569620253166 4.78246913580247 1.5319291338582666 2.639387186629526 3.4676923076923067 1.76052805280528 6.238566552901024 0.6678048780487802 0.2135471698113216 1.7541369472182597 
7.178342105263155 1.6395519348268839 3.440394736842105 2.74113924050633 6.225308641975309 7.1595275590551175 7.096824512534819 1.7388461538461533 4.608844884488448 3.3620733788395913 4.468455284552846 8.28758490566038 3.2289586305278175 
4.244763157894738 4.82541751527495 3.558684210526316 4.732594936708862 2.007777777777778 1.7796850393700785 0.8113370473537606 4.504999999999999 1.2561386138613861 6.898242320819113 1.7641463414634146 1.6383773584905663 2.619793152639087 
6.042763157894733 1.694480651731161 3.9135526315789466 4.505000000000003 4.0055555555555555 6.664015748031495 7.146908077994429 1.3930769230769222 4.163795379537953 4.320904436860069 4.468455284552846 5.471849056603775 7.941975748930101 
1.8789736842105285 1.3465987780040733 1.7251973684210533 5.47227848101266 1.7858024691358017 3.549370078740157 3.1652646239554314 2.7761538461538446 2.917656765676567 0.5239334470989764 3.44520325203252 6.998452830188681 1.4014621968616265 
4.315736842105263 1.5846232179226072 4.8598684210526315 3.7653164556962047 2.784691358024692 5.319055118110235 5.093481894150418 2.0846153846153834 2.7099669966996696 2.042721843003413 4.468455284552846 8.016188679245284 4.735841654778888 
3.1801578947368405 0.7240733197556009 2.7306578947368436 4.448101265822785 1.8967901234567899 8.929212598425197 6.9215320334261845 0.8744230769230761 3.9264356435643566 2.441595563139932 5.418617886178863 5.437924528301888 0.9205420827389448 
7.959052631578949 2.0789816700611 4.445855263157897 1.9445569620253167 2.8956790123456786 5.389842519685038 5.469108635097493 2.7761538461538446 4.252805280528053 3.055247440273038 3.9568292682926836 7.846566037735851 6.499215406562055 
6.350315789473683 9.000000000000002 4.445855263157897 5.301582278481014 2.784691358024692 2.4875590551181093 0.6861281337047352 6.579615384615383 1.5231683168316832 4.934556313993174 1.1794308943089438 1.6044528301886798 2.9724679029957204 
4.788894736842106 1.6761710794297353 5.037302631578946 3.8791139240506336 3.117654320987655 5.2128740157480316 5.243732590529248 2.6032692307692296 2.65062706270627 2.2881825938566553 4.687723577235774 4.216641509433963 5.312945791726106 
2.8962631578947367 1.8226476578411406 2.494078947368422 4.448101265822785 1.1198765432098758 2.381377952755905 4.2420612813370475 3.986346153846153 3.214356435643564 1.6361774744027304 3.8106504065040654 6.455660377358491 1.497646219686163 
4.126473684210524 3.0310794297352346 3.440394736842105 4.732594936708862 1.7858024691358017 1.4611417322834637 0.4357103064066853 5.888076923076922 0.27702970297029705 6.622098209044369 0.6678048780487802 1.2312830188679245 1.241155492154066 
5.616921052631579 7.077494908350305 6.87078947368421 7.862025316455698 4.671481481481481 3.549370078740157 1.5625905292479105 2.2574999999999994 1.6715181518151816 5.54820819112628 1.3986991869918701 2.2150943396226417 2.267118402282454 
3.51136842105263 0.9254786150712833 3.2629605263157906 3.5946202531645586 1.6748148148148152 3.62015748031496 0.6110027855153203 7.962692307692305 2.0868976897689766 3.2086604095563143 1.983414634146342 0.8241886792452835 2.395363766048502 
4.788894736842106 5.7225865580448065 3.6769736842105267 6.439556962025318 1.6748148148148152 2.381377952755905 3.1402228412256266 8.135576923076922 3.184686468646865 2.7100682593856655 2.641219512195122 2.520415094339622 1.529707560627675 
6.7998157894736835 1.731099796334012 2.494078947368422 2.74113924050633 3.450617283950618 7.513464566929134 7.64774373259053 1.2201923076923067 4.727524752475247 3.707252559726962 3.1528455284552854 6.998452830188681 4.543473609129816 
6.161052631578947 1.9691242362525458 5.924473684210527 3.4239240506329125 4.671481481481481 6.628622047244095 6.445738161559889 2.7761538461538446 2.7099669966996696 4.627730375426621 5.8571544715447175 5.471849056603775 6.627460770328103 
4.29207894736842 4.074725050916497 5.3921710526315785 7.293037974683546 3.450617283950618 4.75275590551181 0.6610863509749304 6.752499999999999 0.7814191419141916 2.8021160409556316 3.0066666666666673 2.995358490566038 2.010627674750357 
5.427657894736843 4.587393075356417 4.0318421052631574 5.870569620253166 2.4517283950617292 3.372401574803149 1.0617548746518106 5.369423076923076 2.0868976897689766 5.48684300341297 0.5216260162601629 1.1973584905660388 2.395363766048502 
9.0 1.6578615071283096 2.7898026315789473 1.6031645569620263 3.006666666666667 6.451653543307085 6.621030640668524 2.6032692307692296 4.252805280528053 3.016894197952219 4.395365853658538 5.370075471698115 4.92820970042796 
6.657868421052633 6.198635437881874 4.0318421052631574 4.732594936708862 2.1187654320987646 2.9122834645669284 1.2370473537604454 5.888076923076922 3.0066666666666664 5.939411262798635 0.6678048780487802 1.2652075471698119 1.30527817403709 
2.494078947368422 1.200122199592668 4.7415789473684224 6.439556962025318 1.563827160493827 5.602204724409448 4.893147632311978 5.023653846153845 1.4638283828382836 1.2526450511945395 3.2990243902439027 6.523509433962266 0.6961126961483597 
7.8407631578947345 1.731099796334012 5.924473684210527 7.862025316455698 3.117654320987655 6.451653543307085 2.439052924791086 6.752499999999999 6.389042904290429 9.0 0.6678048780487802 2.3507924528301896 2.459486447931527 
5.143763157894735 1.9141955193482691 2.612368421052633 0.010000000000000675 3.3396296296296297 5.920748031496062 6.070111420612813 2.0846153846153834 2.175907590759076 2.387901023890785 4.176097560975611 7.235924528301888 4.960271041369472 
2.494078947368422 0.7240733197556009 4.800723684210526 7.293037974683546 0.8979012345679012 3.62015748031496 3.1151810584958217 4.504999999999999 2.531947194719472 0.7156996587030721 6.076422764227644 4.929056603773587 2.267118402282454 
5.214736842105264 4.69725050916497 3.440394736842105 4.16360759493671 3.117654320987655 2.9122834645669284 1.2370473537604454 8.135576923076922 3.9264356435643566 7.097679180887372 0.594715447154472 0.8241886792452835 2.555670470756063 
2.304815789473686 0.33957230142566197 1.7843421052631587 4.448101265822785 1.7858024691358017 5.106692913385826 4.818022284122562 2.7761538461538446 2.6209570957095703 0.9458191126279866 6.588048780487805 6.2860377358490584 0.010000000000000231 
3.9608684210526306 5.740896130346233 4.150131578947368 6.724050632911393 3.450617283950618 6.55783464566929 5.544233983286908 5.023653846153845 4.163795379537953 0.9995136518771331 5.199349593495935 6.319962264150945 1.1962696148359488 
4.339394736842102 1.1268839103869657 3.6769736842105267 3.8791139240506336 5.781358024691358 1.8858661417322828 2.2888022284122562 1.2201923076923067 1.1671287128712868 2.173122866894198 2.056504065040651 0.07784905660377373 2.267118402282454 
2.3994473684210504 6.528207739307536 4.0318421052631574 6.155063291139241 1.1198765432098758 3.9740944881889764 3.540891364902507 4.850769230769229 2.383597359735974 1.0225255972696248 2.2757723577235773 4.420188679245284 1.9465049928673328 
