2.486287425149701 0.6496047430830041 3.4179738562091497 2.5043352601156075 3.6405769230769245 3.3616724738675954 1.4324683544303798 8.491132075471697 0.009999999999999787 1.536459044368601 7.024175824175823 1.3272161172161168 2.5323741007194247 
6.200718562874254 8.733498023715416 4.41686274509804 4.842774566473989 2.6032692307692322 2.202682926829268 0.5220886075949368 6.625283018867925 2.444791666666667 4.934556313993174 0.9979120879120877 1.557728937728938 2.9204316546762588 
0.010000000000001563 0.009999999999999787 4.710653594771243 5.1026011560693645 1.393076923076924 4.708606271777003 3.177362869198312 4.929056603773584 3.8682083333333335 1.3907167235494882 5.542307692307692 3.4347619047619053 0.9413381294964032 
4.424251497005994 5.553241106719367 3.6530065359477124 5.882080924855493 0.8744230769230779 2.1087108013937277 2.3807805907172996 8.151886792452828 4.542458333333334 2.7100682593856655 2.9737362637362628 2.4468498168498165 1.46521582733813 
2.5939520958083797 1.5912450592885374 3.535490196078431 6.921387283236995 1.393076923076924 3.89418118466899 4.0118776371308025 4.589811320754717 5.591291666666667 0.6543344709897613 3.4676923076923076 4.982490842490843 0.3463165467625904 
0.6290718562874282 2.355217391304348 4.47562091503268 5.414393063583817 0.7015384615384619 3.048432055749129 2.5704430379746834 5.946792452830187 3.531083333333334 1.175938566552901 4.554395604395604 4.883699633699634 2.5323741007194247 
6.389131736526945 3.5988932806324105 3.535490196078431 5.622254335260117 1.7388461538461542 1.1689895470383274 0.6548523206751057 4.75943396226415 2.332416666666667 6.376638225255973 1.5906593406593403 1.36014652014652 2.1119784172661875 
3.805179640718567 4.682667984189724 3.535490196078431 4.323121387283238 1.393076923076924 1.576202090592334 0.6169198312236289 4.589811320754717 2.107666666666667 6.898242320819113 1.7882417582417576 1.5906593406593412 2.564712230215828 
2.7285329341317386 3.2257905138339917 3.35921568627451 5.622254335260117 1.7388461538461542 2.202682926829268 2.85493670886076 9.0 3.7932916666666667 1.0992320819112629 3.1713186813186818 6.694871794871795 0.1716906474820148 
7.3042814371257485 1.3247430830039524 3.6530065359477124 2.9200578034682083 2.6032692307692322 3.831533101045297 3.9739451476793253 2.2150943396226417 4.355166666666667 2.863481228668942 6.2338461538461525 5.114212454212454 6.41294964028777 
7.600359281437125 1.733379446640316 4.299346405228761 2.296473988439307 8.135576923076925 5.710975609756097 5.168818565400844 2.5543396226415096 7.0521666666666665 3.3544027303754262 4.9495604395604405 8.736556776556778 5.0224100719424465 
1.1673952095808389 0.27650197628458484 5.180718954248368 3.5436416184971096 2.430384615384618 3.831533101045297 3.5566877637130805 1.5366037735849054 7.276916666666667 1.3677047781569964 2.4797802197802197 5.970402930402931 1.4975539568345326 
2.3786227544910155 3.7232608695652174 3.0654248366013093 3.5436416184971096 1.393076923076924 4.614634146341464 3.632552742616034 2.0454716981132073 5.928416666666667 0.6773464163822528 6.036263736263735 6.694871794871795 0.010000000000000231 
4.101257485029937 3.687727272727273 5.885816993464054 5.1026011560693645 2.7761538461538464 1.7641463414634142 0.3134599156118144 6.794905660377357 1.2835833333333333 2.556655290102389 2.2821978021978024 3.4347619047619053 2.014964028776979 
1.1135628742514996 1.7511462450592887 1.06764705882353 4.323121387283238 1.0473076923076938 4.771254355400696 2.4756118143459913 4.080943396226415 3.7932916666666667 0.6083105802047785 3.9616483516483507 3.862857142857144 0.8184532374100721 
4.935658682634735 3.2968577075098815 6.884705882352943 5.1026011560693645 6.579615384615387 5.710975609756097 4.467067510548524 4.420188679245283 5.291625000000001 2.3418771331058026 4.9495604395604405 5.476446886446888 2.8880935251798565 
3.48218562874251 5.002470355731225 3.888039215686275 5.36242774566474 4.505000000000003 2.265331010452961 1.6410970464135022 0.6884905660377361 1.6207083333333332 2.863481228668942 2.380989010989011 0.07586080586080612 2.014964028776979 
6.712125748502995 1.680079051383399 2.4778431372549026 2.5043352601156075 3.6405769230769245 6.650696864111498 5.7947046413502115 1.3669811320754715 6.490291666666668 3.707252559726962 3.665274725274725 6.7936630036630055 4.505 
3.9128443113772455 1.0937747035573122 3.6530065359477124 3.5436416184971096 7.271153846153847 1.670174216027874 1.7359282700421943 1.3669811320754715 1.9952916666666665 2.173122866894198 2.183406593406593 0.07586080586080612 2.208992805755396 
1.8133832335329352 1.1648418972332015 4.710653594771243 5.882080924855493 0.7015384615384619 4.959198606271777 3.7084177215189875 5.0986792452830185 2.3698750000000004 1.2526450511945395 3.862857142857144 6.332637362637363 0.6244244604316551 
6.523712574850297 1.4846442687747037 5.415751633986929 4.582947976878613 6.060961538461541 6.180836236933797 5.81367088607595 4.589811320754717 4.917041666666667 4.090784982935154 5.838681318681318 4.290952380952381 5.442805755395684 
5.635479041916167 4.238498023715415 5.415751633986929 6.661560693641619 7.444038461538462 1.3256097560975606 2.342848101265823 1.5366037735849054 3.1565000000000003 5.6249146757679185 0.5039560439560429 0.10879120879120929 1.368201438848921 
7.9771856287425145 2.1597826086956524 4.710653594771243 2.9200578034682083 5.715192307692309 9.0 5.984367088607596 1.8758490566037729 6.640125000000001 5.011262798634813 3.1713186813186818 7.18882783882784 7.706474820143884 
9.000000000000004 1.768913043478261 4.064313725490198 0.11393063583815088 1.9117307692307701 6.650696864111498 6.363691983122363 5.0986792452830185 9.0 3.170307167235495 7.024175824175823 4.817838827838828 5.572158273381295 
6.658293413173656 2.053181818181818 5.239477124183006 1.9846820809248564 3.6405769230769245 7.1205574912891985 6.117130801687764 0.6884905660377361 4.842125 3.1933191126279867 3.368901098901099 7.551062271062272 5.2164388489208635 
0.6559880239520979 1.6623122529644268 5.415751633986929 7.7008670520231215 1.393076923076924 2.954459930313589 2.4187130801687764 4.589811320754717 3.4936250000000006 1.0225255972696248 8.110879120879122 6.398498168498169 1.7691942446043167 
7.411946107784434 3.154723320158103 4.593137254901961 4.582947976878613 1.9117307692307701 2.202682926829268 0.6927848101265822 5.268301886792452 3.119041666666667 6.468686006825938 0.8003296703296696 1.4589377289377294 2.403021582733813 
5.608562874251501 5.073537549407115 2.8891503267973864 4.323121387283238 1.393076923076924 2.0147386759581885 0.27552742616033754 7.6430188679245274 1.7705416666666667 3.4004266211604097 2.677362637362637 1.8211721611721616 1.8856115107913671 
5.635479041916167 1.9110474308300396 5.356993464052287 4.582947976878613 2.7761538461538464 4.8652264808362355 4.315337552742616 2.5543396226415096 4.692291666666667 1.7282252559726965 5.739890109890111 8.407252747252748 3.5995323741007192 
2.7554491017964047 1.4135770750988144 3.4767320261437913 5.36242774566474 1.0473076923076938 5.523031358885018 5.3395147679324895 4.420188679245283 5.104333333333334 2.050392491467577 1.4918681318681308 5.18007326007326 0.41099280575539576 
2.3786227544910155 1.555711462450593 3.0066666666666677 4.790809248554914 3.9863461538461564 0.3858885017421607 1.299704641350211 4.080943396226415 3.943125 1.3677047781569964 3.625758241758242 1.8211721611721616 3.761223021582734 
4.424251497005994 9.000000000000002 2.5366013071895424 5.36242774566474 1.0473076923076938 5.147142857142858 4.391202531645569 2.8935849056603766 6.003333333333333 1.0225255972696248 1.8870329670329662 6.036263736263737 0.592086330935252 
2.0287125748502994 1.555711462450593 3.5942483660130726 6.037976878612718 1.7388461538461542 2.515923344947735 2.5704430379746834 5.0986792452830185 4.317708333333334 0.9074658703071675 7.814505494505496 3.2701098901098895 1.3358633093525183 
6.146886227544908 4.487233201581027 4.945686274509805 4.582947976878613 4.677884615384617 2.6725435540069684 0.4272573839662449 6.286037735849056 1.4708750000000002 3.5384982935153584 4.159230769230768 1.8211721611721616 2.5323741007194247 
5.98538922155689 1.9110474308300396 5.885816993464054 3.1279190751445087 5.542307692307695 5.867595818815331 4.884324894514768 2.8935849056603766 3.943125 4.627730375426621 7.320549450549451 5.311794871794873 6.606978417266187 
2.270958083832337 7.081185770750988 4.945686274509805 5.1026011560693645 1.56596153846154 1.2629616724738675 0.25656118143459916 6.794905660377357 1.4708750000000002 1.9813566552901025 2.0846153846153843 0.009999999999999787 2.791079136690648 
1.1135628742514996 1.3069762845849802 1.7139869281045765 4.998670520231214 1.0473076923076938 3.142404181184669 2.3997468354430382 2.8935849056603766 4.205333333333334 0.5239334470989764 4.060439560439559 6.7936630036630055 1.3358633093525183 
4.827994011976049 1.8577470355731225 2.595359477124184 0.009999999999999787 3.4676923076923103 5.241114982578396 4.599831223628692 2.2150943396226417 3.2688750000000004 2.387901023890785 5.048351648351649 7.024175824175825 4.925395683453238 
3.9397604790419116 6.885750988142295 4.593137254901961 5.36242774566474 1.0473076923076938 2.265331010452961 0.5979535864978903 5.7771698113207535 1.695625 4.896203071672356 0.009999999999999787 1.9528937728937734 2.176654676258993 
6.335299401197606 1.4135770750988144 5.885816993464054 4.323121387283238 9.0 6.180836236933797 4.561898734177215 6.286037735849056 3.531083333333334 3.170307167235495 7.024175824175823 5.706959706959707 6.121906474820144 
5.366317365269463 5.64207509881423 4.593137254901961 6.141907514450868 3.8134615384615387 2.5785714285714283 0.7876160337552743 5.0986792452830185 3.7558333333333334 4.627730375426621 1.5906593406593403 0.9649816849816855 2.985107913669065 
2.970778443113769 0.8983399209486165 3.2416993464052304 3.283815028901734 0.8744230769230779 3.205052264808362 0.46518987341772144 7.9822641509433945 3.1565000000000003 3.2086604095563143 2.0846153846153843 0.8003296703296705 2.3383453237410077 
7.546526946107786 5.87304347826087 4.358104575163399 4.0113294797687855 5.369423076923077 5.867595818815331 4.391202531645569 2.8935849056603766 3.1565000000000003 3.047576791808874 3.2701098901098904 6.7936630036630055 5.119424460431655 
2.5939520958083797 0.7029051383399207 2.7128758169934652 4.063294797687862 1.220192307692308 7.9036585365853655 5.244683544303798 1.0277358490566035 5.4789166666666675 2.441595563139932 6.727802197802197 5.27886446886447 0.8507913669064753 
2.7285329341317386 1.555711462450593 2.8891503267973864 5.882080924855493 4.850769230769231 3.205052264808362 3.329092827004219 3.5720754716981133 4.505000000000001 0.6083105802047785 5.147142857142858 5.575238095238096 0.3657194244604318 
0.5752395209580818 2.2308498023715417 3.4179738562091497 3.5436416184971096 3.1219230769230784 6.400104529616724 3.651518987341772 0.6884905660377361 3.531083333333334 1.521117747440273 6.135054945054944 5.575238095238096 0.3657194244604318 
6.658293413173656 7.649723320158104 3.124183006535949 4.582947976878613 0.010000000000001563 0.009999999999999787 0.01000000000000012 4.589811320754717 1.0213750000000001 2.786774744027304 0.40516483516483426 0.2075824175824179 0.8184532374100721 
6.604461077844309 1.3780434782608695 5.709542483660131 7.1812138728323704 1.0473076923076938 6.180836236933797 4.789493670886076 1.3669811320754715 5.4789166666666675 1.620836177474403 8.110879120879122 6.233846153846154 0.7861151079136695 
3.5360179640718563 1.9110474308300396 2.947908496732028 3.959364161849712 1.0473076923076938 3.831533101045297 4.163607594936709 2.2150943396226417 5.104333333333334 2.019709897610922 6.135054945054944 6.16798534798535 2.7522733812949642 
0.4137425149700604 2.3374505928853755 9.0 9.0 6.752500000000001 6.901289198606272 9.000000000000002 5.7771698113207535 5.4789166666666675 3.6305460750853245 3.862857142857144 7.979157509157511 1.1418345323741008 
3.0246107784431153 8.484762845849803 5.53326797385621 7.1812138728323704 2.7761538461538464 2.547247386759582 0.5031223628691984 8.491132075471697 2.5946250000000006 2.863481228668942 2.7761538461538455 1.393076923076923 1.46521582733813 
2.270958083832337 1.768913043478261 2.4778431372549026 4.063294797687862 0.010000000000001563 2.1087108013937277 3.2152953586497888 4.080943396226415 4.579916666666667 1.6361774744027304 4.554395604395604 6.2667765567765565 1.4328776978417268 
7.49269461077844 1.5201778656126486 4.593137254901961 2.764161849710983 4.850769230769231 7.277177700348431 6.818881856540084 3.2328301886792445 5.441458333333334 5.701621160409556 6.826593406593406 5.114212454212454 9.000000000000002 
2.136377245508978 4.078596837944664 3.6530065359477124 4.063294797687862 2.7761538461538464 0.8557491289198604 0.29449367088607603 4.589811320754717 1.2086666666666666 3.2470136518771335 1.1954945054945059 1.8541025641025648 1.4328776978417268 
1.598053892215571 4.789268774703558 1.7727450980392163 4.063294797687862 1.220192307692308 3.205052264808362 2.4756118143459913 4.080943396226415 5.4789166666666675 0.010000000000000231 3.862857142857144 5.871611721611722 1.782129496402878 
3.670598802395208 4.789268774703558 1.655228758169935 2.5043352601156075 0.010000000000001563 2.0460627177700346 1.7359282700421943 5.0986792452830185 1.5832499999999998 1.6361774744027304 1.5906593406593403 2.8090842490842496 0.5403453237410074 
5.33940119760479 1.8399802371541503 5.415751633986929 2.5563005780346826 2.2575000000000003 5.867595818815331 4.941223628691983 3.5720754716981133 3.905666666666667 2.7100682593856655 3.7640659340659335 6.431428571428573 5.863201438848921 
1.4903892215568924 0.6318379446640316 3.535490196078431 5.1026011560693645 3.6405769230769245 7.527770034843205 3.4239240506329116 0.010000000000000231 4.654833333333333 1.490435153583618 4.455604395604396 6.135054945054946 3.864705035971223 
5.796976047904192 1.768913043478261 4.47562091503268 4.842774566473989 6.233846153846155 6.212160278745643 4.637763713080169 1.197358490566038 7.6515 3.82231228668942 4.356813186813187 5.805750915750916 5.378129496402877 
6.254550898203593 1.3602766798418973 5.885816993464054 5.882080924855493 3.6405769230769245 6.337456445993031 5.529177215189874 2.723962264150943 7.389291666666667 3.4004266211604097 6.4314285714285715 4.751978021978023 6.445287769784172 
6.254550898203593 6.441581027667985 3.3004575163398684 5.882080924855493 1.393076923076924 0.949721254355401 0.25656118143459916 6.625283018867925 2.7819166666666666 4.106126279863481 2.380989010989011 1.5906593406593412 1.4975539568345326 
6.200718562874254 1.9998814229249016 3.888039215686275 2.81612716763006 3.6405769230769245 5.11581881533101 4.827426160337553 2.384716981132075 4.804666666666667 1.9430034129692833 5.6410989010989026 9.0 4.828381294964029 
3.320688622754492 1.1115415019762849 1.8902614379084977 2.9200578034682083 3.4676923076923103 3.2677003484320553 2.0393881856540084 6.794905660377357 0.7966249999999999 3.438779863481229 4.356813186813187 1.063772893772894 1.0448201438848923 
4.5857485029940115 2.0709486166007904 6.179607843137255 7.441040462427746 6.233846153846155 3.831533101045297 1.7928270042194092 2.2150943396226417 4.317708333333334 4.474317406143345 0.701538461538461 0.2075824175824179 0.883129496402878 
7.896437125748502 1.680079051383399 5.885816993464054 7.1812138728323704 3.1219230769230784 5.710975609756097 1.8497257383966246 6.794905660377357 8.587958333333335 9.0 0.30637362637362564 2.2821978021978024 2.403021582733813 
7.250449101796409 2.5328853754940717 3.535490196078431 3.5436416184971096 4.332115384615385 6.180836236933797 5.661940928270042 1.5366037735849054 7.389291666666667 3.438779863481229 7.024175824175823 6.2667765567765565 7.900503597122301 
7.573443113772459 5.784209486166009 4.7694117647058825 1.0493063583815028 8.30846153846154 6.337456445993031 5.130886075949367 1.197358490566038 6.2655416666666675 2.9401877133105803 3.4676923076923076 7.452271062271062 3.0497841726618704 
6.2814670658682665 1.6623122529644268 3.2416993464052304 2.712196531791908 6.579615384615387 5.084494773519164 4.865358649789029 1.3669811320754715 4.542458333333334 3.5154863481228666 3.7640659340659335 6.365567765567767 4.990071942446043 
5.850808383233531 1.6445454545454545 3.888039215686275 4.1152601156069375 4.505000000000003 5.898919860627177 5.415379746835443 1.5366037735849054 5.778583333333334 4.320904436860069 5.4435164835164835 5.311794871794873 7.9328417266187055 
4.7472455089820365 7.91622529644269 3.6530065359477124 5.622254335260117 2.2575000000000003 2.390627177700348 0.5600210970464136 8.151886792452828 4.2802500000000006 5.087969283276451 0.6027472527472524 0.7015384615384619 2.8234172661870502 
6.119970059880242 1.9465810276679845 3.888039215686275 3.1279190751445087 4.159230769230771 4.520662020905923 4.467067510548524 4.929056603773584 5.8535 1.9736860068259388 6.826593406593406 5.27886446886447 4.537338129496403 
3.48218562874251 5.571007905138341 4.123071895424838 6.141907514450868 3.6405769230769245 5.804947735191637 4.201540084388185 5.0986792452830185 5.778583333333334 0.9995136518771331 6.4314285714285715 6.135054945054946 1.12889928057554 
4.101257485029937 5.446640316205533 5.59202614379085 3.855433526011562 3.8134615384615387 4.489337979094077 3.936012658227848 2.0454716981132073 5.890958333333334 2.479948805460751 4.85076923076923 7.4193406593406594 3.1144604316546767 
4.424251497005994 1.6267786561264823 5.004444444444445 3.5436416184971096 3.1219230769230784 4.614634146341464 3.9739451476793253 2.723962264150943 3.8682083333333335 2.2881825938566553 5.739890109890111 4.093369963369963 5.281115107913669 
1.786467065868262 2.5328853754940717 2.771633986928105 5.1026011560693645 0.8744230769230779 5.084494773519164 4.391202531645569 4.080943396226415 3.531083333333334 1.145255972696246 3.1713186813186818 6.629010989010989 0.5791510791366907 
6.604461077844309 1.0937747035573122 3.35921568627451 2.5043352601156075 3.1219230769230784 6.274808362369337 5.3395147679324895 1.5366037735849054 5.404000000000001 4.566365187713311 4.653186813186813 7.518131868131868 4.893057553956835 
1.1673952095808389 3.8298616600790516 3.124183006535949 3.5436416184971096 5.542307692307695 2.327979094076655 1.8686919831223632 5.0986792452830185 2.03275 1.0608788395904436 4.159230769230768 4.1263003663003675 1.368201438848921 
1.8133832335329352 2.3907509881422926 0.009999999999999787 3.283815028901734 2.949038461538464 3.925505226480836 3.480822784810126 2.2150943396226417 3.718375 1.5594709897610923 7.221758241758242 5.575238095238096 2.7264028776978417 
3.670598802395208 2.9415217391304354 3.4179738562091497 4.323121387283238 1.0473076923076938 1.2942857142857136 0.3324261603375528 5.946792452830187 0.8715416666666667 6.622098209044369 0.30637362637362564 1.195494505494505 1.174172661870504 
2.5939520958083797 0.8450395256916994 5.063202614379087 3.5956069364161864 3.1219230769230784 4.520662020905923 4.391202531645569 4.080943396226415 6.2655416666666675 2.556655290102389 6.4314285714285715 3.4018315018315013 2.5194388489208634 
2.3786227544910155 4.327332015810278 3.0066666666666677 3.5436416184971096 1.393076923076924 5.867595818815331 5.036054852320675 5.437924528301886 9.0 0.7924061433447099 8.703626373626374 5.147142857142858 0.760244604316547 
5.150988023952099 4.451699604743084 4.005555555555556 5.36242774566474 2.084615384615386 2.985783972125435 0.8065822784810127 5.437924528301886 3.1565000000000003 5.48684300341297 0.1087912087912084 1.1625641025641027 2.3383453237410077 
2.0556287425149726 1.2714426877470357 4.886928104575164 4.063294797687862 4.159230769230771 2.8604878048780487 2.6842405063291137 5.437924528301886 2.332416666666667 1.2909982935153588 9.0 3.1713186813186818 0.43039568345323764 
6.6313772455089826 2.0709486166007904 6.473398692810459 4.271156069364161 4.677884615384617 6.180836236933797 4.998122362869199 4.080943396226415 5.0668750000000005 2.479948805460751 7.024175824175823 7.024175824175825 4.05226618705036 
4.720329341317363 2.8882213438735174 5.709542483660131 3.855433526011562 3.6405769230769245 5.710975609756097 5.5102109704641355 2.8935849056603766 9.0 3.385085324232082 4.85076923076923 6.2667765567765565 5.7985251798561155 
5.070239520958079 2.195316205533597 5.768300653594773 2.9200578034682083 3.8134615384615387 6.337456445993031 5.4912447257383965 3.063207547169811 4.692291666666667 3.6305460750853245 5.245934065934066 5.18007326007326 6.348273381294963 
3.966676646706592 4.007529644268775 4.123071895424838 4.582947976878613 4.159230769230771 1.0123693379790941 1.679029535864979 1.8758490566037729 1.5832499999999998 3.170307167235495 1.9858241758241757 0.5039560439560438 1.5622302158273385 
1.0328143712574835 2.479584980237154 6.355882352941176 9.0 2.084615384615386 3.6122648083623687 3.613586497890296 7.6430188679245274 5.0668750000000005 1.3293515358361776 4.258021978021978 3.862857142857144 1.1483021582733814 
2.3786227544910155 1.200375494071146 1.655228758169935 2.5043352601156075 0.8744230769230779 4.9278745644599296 4.106708860759494 2.723962264150943 5.104333333333334 1.2526450511945395 6.826593406593406 4.850769230769232 0.9025323741007198 
