1.7262727272727254 0.8424074074074075 5.519999999999999 6.738364779874214 1.37804347826087 5.646587301587303 5.242985074626866 5.628750000000001 1.773860759493671 1.4010028653295128 4.313723404255319 6.312952029520295 0.3395566922421147 
6.085060606060605 1.656316872427984 4.843333333333331 3.7416981132075477 3.3323913043478273 5.147142857142859 6.316417910447761 5.441458333333333 4.419651898734177 2.2081279847182422 7.182872340425532 5.251402214022141 4.976342710997443 
3.388060606060602 1.1013786008230455 4.3599999999999985 5.720628930817611 0.9871739130434785 1.4369841269841266 3.0156119402985078 8.438125 3.423924050632912 1.5297994269340969 4.600638297872339 2.564354243542435 1.1826086956521742 
7.229242424242418 2.007777777777778 5.036666666666666 4.646352201257862 3.234673913043479 6.324404761904763 6.933641791044776 3.5685416666666674 5.586075949367089 4.234527220630372 5.652659574468086 4.853321033210332 5.512830349531118 
5.15881818181818 0.010000000000000009 4.843333333333331 3.6286163522012576 3.9186956521739136 5.5395634920634915 2.5862388059701495 7.8762500000000015 0.010000000000000231 1.6328366762177648 5.1744680851063825 2.133099630996309 3.1369565217391306 
1.7262727272727254 1.656316872427984 4.649999999999998 4.476729559748428 1.0848913043478268 2.221825396825398 3.1229552238805973 7.314375000000001 3.4808227848101265 0.9716809933142307 5.748297872340426 3.260996309963099 1.0676470588235296 
5.322272727272729 5.5038888888888895 5.423333333333333 7.0210691823899385 3.1369565217391306 2.9353174603174605 1.1102686567164182 5.628750000000001 2.8264873417721517 5.179035339063992 2.1140425531914886 0.9056826568265679 3.1369565217391306 
4.368787878787881 9.000000000000002 3.7316666666666647 6.172955974842768 1.5734782608695648 5.860634920634922 6.209074626865672 3.1939583333333337 4.533449367088608 1.1434097421203437 2.40095744680851 6.014391143911439 0.30123614663256637 
3.6604848484848453 3.210144032921811 5.423333333333333 6.455660377358491 4.114130434782608 1.7937301587301593 2.7472537313432843 2.0702083333333334 2.3997468354430382 8.184288443170965 0.009999999999998899 0.6071217712177122 1.0676470588235296 
0.03724242424242519 5.189423868312758 2.2333333333333334 5.042138364779875 3.6255434782608704 7.8584126984127 6.021223880597015 2.0702083333333334 9.0 1.4010028653295128 2.5922340425531916 5.052361623616235 1.6961040068201196 
3.7422121212121233 4.505000000000001 4.553333333333332 5.042138364779875 1.7689130434782614 1.7937301587301593 0.8687462686567166 5.0668750000000005 1.5747151898734177 7.720620821394459 2.30531914893617 1.5359778597785976 2.638789428815005 
6.22127272727273 6.3362962962962985 4.3599999999999985 6.738364779874214 1.7689130434782614 1.0802380952380957 0.3588656716417912 7.314375000000001 2.0868037974683546 4.595157593123209 2.8791489361702123 1.5359778597785976 1.374211423699915 
5.049848484848486 1.4528395061728396 3.7800000000000002 3.6286163522012576 2.3552173913043477 5.075793650793651 4.974626865671642 2.632083333333334 2.655791139240507 2.3025787965616047 5.1744680851063825 4.919667896678966 7.237254901960785 
6.493696969696966 1.3233539094650206 6.003333333333333 3.7416981132075477 2.3552173913043477 5.254166666666668 7.121492537313433 1.6956250000000006 5.330031645569621 3.7193409742120336 7.278510638297873 6.910073800738008 7.083972719522592 
2.1893939393939412 1.4713374485596713 3.6833333333333327 4.759433962264152 0.9871739130434785 2.4001984126984124 4.545253731343283 4.505000000000001 3.452373417721519 1.8303247373447944 4.983191489361702 6.24660516605166 1.2975703324808188 
1.7262727272727254 2.118765432098766 1.6533333333333333 3.911320754716982 2.648369565217391 4.469325396825397 4.920955223880597 2.444791666666667 2.7980379746835444 1.744460362941738 7.565425531914895 5.549963099630997 2.8303921568627457 
3.851181818181818 0.7684156378600826 4.649999999999998 4.194025157232705 5.091304347826088 1.900753968253969 2.4520597014925376 1.5083333333333333 1.4893670886075951 2.4313753581661883 2.687872340425532 0.009999999999999787 2.217263427109975 
2.2983636363636357 0.8794032921810699 3.006666666666665 3.063207547169812 1.4757608695652182 5.610912698412699 5.806537313432836 3.006666666666667 3.8506645569620255 1.4010028653295128 7.182872340425532 4.820147601476016 0.6691133844842287 
4.368787878787881 2.0632716049382718 9.0 8.15188679245283 5.286739130434783 5.896309523809524 6.289582089552239 6.377916666666667 4.277405063291139 1.984880611270296 6.226489361702126 6.346125461254614 3.7500852514919014 
5.812636363636361 3.0436625514403297 6.438333333333332 7.869182389937107 3.430108695652174 2.0434523809523815 1.3517910447761197 4.879583333333334 3.1963291139240506 6.346790830945558 2.4965957446808504 1.701845018450184 3.1369565217391306 
5.540212121212118 1.3603497942386835 6.196666666666666 6.738364779874214 1.8666304347826097 5.789285714285716 2.049522388059702 7.314375000000001 5.330031645569621 9.0 0.8707446808510628 1.6354981549815495 2.1406223358908782 
4.368787878787881 1.3233539094650206 5.761666666666664 4.194025157232705 2.746086956521739 5.254166666666668 5.618686567164179 3.006666666666667 2.9118354430379747 2.5601719197707737 6.130851063829788 4.0571586715867145 5.85771526001705 
5.812636363636361 1.3418518518518519 4.843333333333331 4.815974842767297 3.527826086956522 6.7168253968253975 7.658208955223881 1.6956250000000006 4.3627531645569615 4.835577841451767 5.843936170212767 5.2845756457564566 9.000000000000002 
4.450515151515152 5.485390946502058 4.843333333333331 6.172955974842768 4.211847826086957 1.5440079365079362 2.8277611940298506 3.943125000000001 2.058354430379747 6.982187201528174 0.8707446808510628 0.142693726937269 1.6041346973572042 
6.493696969696966 1.1753703703703708 6.099999999999999 5.324842767295598 4.407282608695653 7.037896825396826 8.22176119402985 5.0668750000000005 3.708417721518988 4.577984718242597 6.226489361702126 4.256199261992618 6.049317988064791 
3.46978787878788 1.5083333333333337 4.456666666666664 6.738364779874214 1.37804347826087 1.4369841269841266 3.8206865671641794 6.5652083333333335 3.452373417721519 1.744460362941738 3.8355319148936173 3.7585977859778588 1.1289599317988066 
1.0724545454545442 3.6170987654321 4.214999999999999 4.194025157232705 4.114130434782608 2.6499206349206355 2.6399104477611943 5.628750000000001 1.5178164556962028 1.1863419293218718 4.600638297872339 4.090332103321034 1.2209292412617225 
4.368787878787881 5.411399176954733 4.649999999999998 6.738364779874214 1.4757608695652182 2.4001984126984124 3.364477611940299 9.0 3.423924050632912 3.0324259789875825 3.4529787234042546 2.3984870848708475 1.335890878090367 
2.5163030303030247 0.5094444444444446 5.81 4.250566037735851 2.746086956521739 5.147142857142859 6.209074626865672 4.505000000000001 4.7325949367088604 2.8606972301814704 6.800319148936169 3.360516605166051 2.585140664961637 
3.823939393939394 1.2308641975308645 5.616666666666666 4.0809433962264166 2.452934782608696 5.361190476190478 5.457671641791045 2.444791666666667 2.96873417721519 2.2854059216809928 5.843936170212767 7.772583025830258 5.167945439045184 
5.567454545454542 4.911954732510289 4.021666666666666 5.042138364779875 1.7689130434782614 2.2931746031746036 0.38570149253731356 8.438125 1.3186708860759495 3.8052053486150905 3.166063829787234 1.7681918819188187 1.8340579710144933 
6.575424242424237 1.064382716049383 6.341666666666666 8.15188679245283 1.5734782608695648 7.037896825396826 6.772626865671642 1.5083333333333333 4.135158227848102 1.813151862464183 8.426170212765957 6.213431734317343 0.5311594202898555 
2.788727272727275 1.0828806584362143 4.069999999999999 4.759433962264152 9.0 5.432539682539684 5.189313432835821 3.5685416666666674 8.146518987341771 1.1434097421203437 6.513404255319148 4.455239852398524 4.570144927536233 
6.357484848484848 3.3766255144032926 4.553333333333332 6.455660377358491 1.9643478260869562 1.3299603174603178 0.9224179104477616 5.254166666666666 1.7454113924050638 7.136743075453677 2.1140425531914886 1.3037638376383756 2.10230179028133 
7.2837272727272655 1.008888888888889 4.649999999999998 3.515534591194969 2.452934782608696 4.362301587301589 5.618686567164179 2.444791666666667 3.2816772151898737 3.2041547277936955 6.609042553191489 5.085535055350553 7.198934356351238 
1.617303030303031 6.22530864197531 4.939999999999999 6.455660377358491 0.9871739130434785 4.005555555555556 3.793850746268657 5.441458333333333 2.655791139240507 1.1434097421203437 2.9747872340425534 4.256199261992618 1.8340579710144933 
4.041878787878783 5.300411522633745 6.244999999999998 4.533270440251574 3.1369565217391306 5.111468253968255 5.565014925373134 2.2575000000000003 4.448101265822785 2.7748328557784143 5.270106382978724 7.407675276752768 3.290238704177324 
4.123606060606061 4.652983539094651 4.794999999999999 4.476729559748428 3.527826086956522 1.4726587301587304 0.9760895522388059 5.0668750000000005 1.4893670886075951 3.4445749761222535 1.9227659574468081 1.5359778597785976 2.562148337595908 
4.995363636363631 1.3048559670781894 7.163333333333331 2.780503144654089 3.9186956521739136 5.789285714285716 6.289582089552239 3.943125000000001 2.6842405063291146 2.8606972301814704 5.843936170212767 4.9528413284132835 4.133290707587383 
6.629909090909091 7.594156378600825 4.214999999999999 5.324842767295598 0.9871739130434785 0.010000000000000231 0.010000000000000231 5.0668750000000005 0.7496835443037979 3.1182903533906394 0.9663829787234031 0.142693726937269 0.5694799658994034 
2.5163030303030247 0.36146090534979436 3.876666666666666 4.759433962264152 1.671195652173913 9.000000000000002 7.416686567164179 1.13375 4.135158227848102 2.731900668576886 7.087234042553191 5.251402214022141 0.6078005115089518 
7.120272727272724 1.2863580246913582 4.456666666666664 3.063207547169812 5.4821739130434795 7.216269841269842 7.604537313432836 2.0702083333333334 4.789493670886076 3.762273161413562 5.843936170212767 8.037970479704796 3.36687979539642 
3.46978787878788 1.6193209876543215 4.069999999999999 4.646352201257862 1.5734782608695648 4.362301587301589 5.887044776119402 2.444791666666667 3.8506645569620255 2.259646609360076 6.513404255319148 6.147084870848708 2.861048593350384 
0.5820909090909083 1.74880658436214 2.716666666666666 3.063207547169812 2.648369565217391 2.2575000000000007 3.310805970149254 3.943125000000001 2.0868037974683546 2.1737822349570193 7.182872340425532 2.8297416974169742 0.6691133844842287 
6.166787878787883 8.722530864197534 5.278333333333333 5.607547169811321 2.452934782608696 2.507222222222222 0.7345671641791046 7.314375000000001 1.8307594936708864 5.522492836676217 1.5402127659574463 1.5028044280442803 3.060315430520035 
2.489060606060601 5.35590534979424 4.939999999999999 5.890251572327044 1.7689130434782614 4.71904761904762 1.5664776119402988 6.939791666666667 1.773860759493671 5.479560649474689 0.7751063829787235 0.9720295202952025 1.374211423699915 
1.7262727272727254 0.7314197530864202 4.553333333333332 7.3603144654088055 0.010000000000000675 4.362301587301589 3.364477611940299 5.441458333333333 2.741139240506329 0.4049761222540591 5.652659574468086 6.379298892988929 2.1789428815004266 
2.65251515151515 6.465781893004117 6.631666666666665 9.0 3.1369565217391306 4.362301587301589 4.813611940298507 5.628750000000001 3.6799683544303803 0.6969149952244509 4.218085106382978 6.080738007380074 0.1862745098039218 
6.166787878787883 1.711810699588478 4.843333333333331 3.4024528301886807 3.0392391304347823 5.824960317460318 6.8262985074626865 2.632083333333334 3.623069620253165 2.1737822349570193 6.035212765957447 9.0 5.321227621483376 
1.3993636363636348 0.28746913580246947 4.553333333333332 5.890251572327044 3.0392391304347823 8.571904761904763 4.84044776119403 0.010000000000000231 3.509272151898734 1.6671824259789874 4.887553191489361 6.113911439114391 4.179275362318841 
1.5083333333333364 4.615987654320989 3.1033333333333326 4.759433962264152 1.671195652173913 3.648809523809524 3.4986567164179108 4.505000000000001 4.135158227848102 0.010000000000000009 4.313723404255319 5.8485239852398525 1.7114322250639393 
6.248515151515154 1.3603497942386835 4.3116666666666665 3.2893710691823905 4.7004347826086965 5.789285714285716 6.879970149253731 1.5083333333333333 3.423924050632912 3.934001910219674 4.218085106382978 6.346125461254614 5.512830349531118 
5.621939393939389 1.6008230452674903 6.244999999999998 4.759433962264152 3.9186956521739136 4.8974206349206355 5.887044776119402 3.006666666666667 3.1963291139240506 2.5172397325692453 5.939574468085108 5.251402214022141 5.781074168797955 
4.886393939393937 3.0621604938271605 7.308333333333333 5.890251572327044 4.7004347826086965 6.502777777777778 6.316417910447761 4.879583333333334 3.992911392405064 2.6202769818529132 5.365744680851065 5.450442804428045 3.0219948849104865 
3.4153030303030256 5.429897119341565 5.036666666666666 7.0210691823899385 3.0392391304347823 6.609801587301588 5.940716417910447 5.628750000000001 4.3627531645569615 1.1176504297994267 6.800319148936169 6.113911439114391 0.9373572037510658 
6.793363636363633 1.4713374485596713 4.408333333333332 3.854779874213836 3.723260869565217 6.788174603174603 8.597462686567164 3.5685416666666674 4.7325949367088604 6.552865329512893 6.130851063829788 6.014391143911439 7.045652173913044 
2.2983636363636357 4.1350411522633745 4.118333333333333 4.194025157232705 1.7689130434782614 6.6811507936507954 7.121492537313433 6.003333333333335 6.809398734177215 0.8858166189111745 9.0 5.118708487084872 0.500502983802217 
6.22127272727273 1.0458847736625518 6.486666666666667 6.738364779874214 3.0392391304347823 7.216269841269842 7.819223880597015 3.006666666666667 5.586075949367089 3.8052053486150905 6.800319148936169 4.720627306273062 7.237254901960785 
4.886393939393937 5.633374485596709 4.505 3.911320754716982 3.234673913043479 5.931984126984128 6.155402985074627 3.5685416666666674 3.537721518987342 2.6546227316141353 3.261702127659574 5.682656826568266 2.6004688832054565 
5.758151515151514 1.4343415637860084 4.601666666666666 3.1762893081761003 4.602717391304348 7.75138888888889 7.9265671641791045 3.943125000000001 5.472278481012658 4.174422158548232 4.505 6.943247232472324 3.481841432225065 
0.00999999999999801 2.710699588477367 5.133333333333332 5.324842767295598 2.5506521739130443 6.859523809523811 6.584776119402985 3.5685416666666674 4.021360759493671 1.7015281757402099 3.0704255319148936 6.976420664206643 2.1789428815004266 
3.251848484848484 0.7869135802469138 3.2 3.515534591194969 2.941521739130436 3.720158730158731 2.881432835820896 7.501666666666668 0.578987341772152 3.848137535816618 4.7919148936170215 1.0052029520295198 0.8377237851662409 
5.594696969696965 1.6193209876543215 6.051666666666665 5.324842767295598 2.5506521739130443 5.5395634920634915 6.101731343283582 2.819375000000001 3.537721518987342 1.933361986628462 6.130851063829788 8.402878228782287 3.8650468883205464 
3.905666666666665 3.802078189300413 5.036666666666666 5.324842767295598 3.3323913043478273 1.1515873015873024 2.3715522388059704 2.0702083333333334 1.1764240506329116 3.5476122254059215 2.4965957446808504 0.44125461254612475 1.4508525149190117 
6.303000000000001 1.1013786008230455 6.486666666666667 5.042138364779875 6.068478260869566 7.037896825396826 6.450597014925374 6.939791666666667 2.655791139240507 3.5476122254059215 7.374148936170212 5.682656826568266 6.854049445865304 
4.532242424242423 0.13948559670781902 1.6533333333333333 2.4977987421383663 0.7917391304347827 7.144920634920636 7.631373134328358 2.444791666666667 5.301582278481012 3.4617478510028645 6.130851063829788 6.2797785977859775 1.2362574595055418 
7.556151515151516 1.4158436213991772 4.553333333333332 3.2328301886792463 4.7004347826086965 7.929761904761907 7.148328358208955 2.444791666666667 4.590348101265823 4.389083094555873 4.409361702127659 6.711033210332104 4.8230605285592505 
4.668454545454548 2.636707818930041 6.341666666666666 4.533270440251574 3.0392391304347823 6.502777777777778 7.7923880597014925 3.1939583333333337 6.809398734177215 3.7880324737344786 5.270106382978724 6.24660516605166 6.470843989769822 
4.6956969696969715 3.0621604938271605 4.891666666666667 5.324842767295598 4.895869565217391 2.4001984126984124 0.9224179104477616 7.501666666666668 2.96873417721519 6.896322827125119 1.1576595744680844 1.1047232472324726 3.826726342710998 
5.213303030303027 3.0066666666666673 4.794999999999999 5.324842767295598 1.8666304347826097 1.5083333333333333 0.43937313432835834 4.505000000000001 0.6358860759493674 3.7193409742120336 2.1140425531914886 3.924464944649447 3.36687979539642 
3.4153030303030256 4.837962962962964 4.843333333333331 6.172955974842768 3.527826086956522 2.5785714285714287 2.3178805970149257 0.7591666666666672 1.2048734177215192 3.2041547277936955 2.8791489361702123 0.009999999999999787 1.9873401534526858 
2.2983636363636357 1.2493621399176962 4.118333333333333 5.551006289308177 3.234673913043479 0.43809523809523876 1.8348358208955227 4.505000000000001 2.96873417721519 1.5297994269340969 4.084191489361703 1.7681918819188187 4.056649616368287 
5.97609090909091 4.005555555555556 5.81 2.6108805031446547 4.505 6.146031746031747 7.228835820895522 0.7591666666666672 3.537721518987342 3.2900191021967515 4.600638297872339 6.876900369003689 3.8650468883205464 
5.322272727272729 6.780246913580248 7.259999999999999 8.15188679245283 4.114130434782608 3.5774603174603175 1.6738208955223883 2.632083333333334 1.9730063291139248 6.209407831900668 1.8271276595744679 2.0999261992619918 2.217263427109975 
6.057818181818181 0.5834362139917699 2.716666666666666 4.194025157232705 2.3552173913043477 4.005555555555556 3.9011940298507466 3.5685416666666674 0.8919303797468356 2.1737822349570193 7.182872340425532 3.891291512915128 2.217263427109975 
3.7966969696969706 3.746584362139918 6.051666666666665 7.586477987421384 3.0392391304347823 4.790396825396826 0.7077313432835822 7.501666666666668 1.1195253164556966 3.1354632282712505 3.9311702127659567 2.8629151291512906 1.910699062233589 
8.999999999999996 1.4713374485596713 4.988333333333332 0.4623270440251579 2.0620652173913046 7.5730158730158745 9.0 5.628750000000001 6.809398734177215 3.5476122254059215 7.374148936170212 4.786974169741697 6.2026001705029845 
7.392696969696967 2.9141769547325107 5.423333333333333 5.324842767295598 2.0620652173913046 2.507222222222222 0.9760895522388059 5.816041666666668 2.342848101265823 7.239780324737343 1.3489361702127658 1.4032841328413284 2.447186700767264 
4.668454545454548 4.874958847736625 3.8283333333333323 5.890251572327044 3.1369565217391306 1.8650793650793651 0.5735522388059705 5.628750000000001 2.513544303797469 2.3455109837631323 1.1576595744680844 1.3037638376383756 3.7500852514919014 
3.1428787878787894 0.7499176954732514 2.6199999999999983 4.476729559748428 1.7689130434782614 1.6867063492063497 2.7472537313432843 3.006666666666667 2.655791139240507 1.0146131805157592 5.365744680851065 4.919667896678966 1.6961040068201196 
7.229242424242418 2.2667489711934166 4.553333333333332 4.194025157232705 3.430108695652174 7.037896825396826 8.007074626865672 1.6956250000000006 5.586075949367089 3.848137535816618 7.374148936170212 6.24660516605166 8.961679454390453 
4.6956969696969715 7.871625514403295 4.649999999999998 6.455660377358491 2.257500000000001 2.7212698412698413 0.7882388059701494 9.0 3.2247784810126583 5.69422158548233 1.1576595744680844 0.6402952029520295 2.94535379369139 
2.5163030303030247 1.2863580246913582 4.553333333333332 7.869182389937107 1.7689130434782614 4.433650793650795 5.672358208955225 5.0668750000000005 4.220506329113924 0.7312607449856734 3.9311702127659567 4.9528413284132835 0.010000000000000231 
3.605999999999998 4.615987654320989 3.006666666666665 3.063207547169812 0.9871739130434785 2.3288492063492066 2.4520597014925376 5.628750000000001 1.1764240506329116 1.8303247373447944 2.1140425531914886 2.7633948339483396 0.23992327365728938 
5.349515151515153 5.374403292181071 3.6833333333333327 4.646352201257862 1.9643478260869562 5.254166666666668 6.289582089552239 2.632083333333334 3.0256329113924054 2.5859312320916903 4.122446808510639 5.682656826568266 5.321227621483376 
2.40733333333333 0.10248971193415657 2.8616666666666655 2.384716981132076 6.459347826086957 3.2920634920634924 4.0622089552238805 4.130416666666667 6.667151898734177 1.8303247373447944 5.557021276595745 3.3936900369003693 3.1369565217391306 
2.5163030303030247 0.010000000000000009 0.009999999999999787 0.010000000000000675 1.7689130434782614 3.5774603174603175 0.6272238805970148 2.819375000000001 0.010000000000000231 0.5852913085004774 5.461382978723404 1.7681918819188187 1.374211423699915 
6.52093939393939 5.892345679012347 4.939999999999999 5.042138364779875 1.8666304347826097 2.9353174603174605 1.3249552238805973 6.5652083333333335 3.253227848101266 6.647316141356255 0.8707446808510628 1.1710701107011063 1.0676470588235296 
0.4731212121212103 1.9522839506172844 4.456666666666664 4.194025157232705 2.746086956521739 7.287619047619049 5.1624776119402975 0.7591666666666672 2.655791139240507 1.7015281757402099 6.513404255319148 5.549963099630997 0.032992327365729324 
