6.092255192878337 1.6407441860465115 4.288663101604277 2.922960893854748 4.2909523809523815 5.628750000000001 4.748763557483731 1.3669811320754715 3.423924050632912 3.5876530612244895 4.087938144329898 6.814196078431373 5.591291666666667 
4.54501483679525 5.613069767441861 3.8079144385026726 5.233240223463687 2.578571428571429 1.5083333333333337 0.16600867678958797 5.0986792452830185 2.513544303797469 1.890561224489796 1.1221649484536087 1.4554509803921567 3.8682083333333335 
3.771394658753703 7.787395348837211 5.394385026737966 5.484357541899442 0.8661904761904768 2.2575000000000003 0.3610195227765728 5.7771698113207535 1.2617721518987346 5.238877551020408 0.5660824742268042 2.090039215686275 2.332416666666667 
3.1578338278931746 0.9926279069767447 3.182941176470587 3.1238547486033514 2.36452380952381 3.4561666666666673 1.843101952277657 6.794905660377357 0.578987341772152 3.4959183673469387 4.644020618556701 1.138156862745098 1.021375 
1.8773590504451043 1.5153023255813955 4.57711229946524 6.1372625698324015 1.2942857142857136 2.5571666666666673 2.3891323210412145 5.0986792452830185 3.253227848101266 0.4686734693877552 7.887835051546394 3.5002352941176467 1.3584999999999998 
0.4101483679525195 0.9717209302325587 6.452032085561498 4.731005586592179 1.7223809523809521 6.153166666666668 4.787765726681128 2.723962264150943 5.899018987341773 0.6521428571428571 4.458659793814433 7.025725490196078 2.744458333333333 
1.6639465875370867 1.0553488372093025 5.4905347593582885 5.98659217877095 0.6521428571428576 5.4789166666666675 3.559197396963124 5.0986792452830185 1.773860759493671 0.8814795918367349 4.180618556701032 6.778941176470588 0.5344166666666665 
3.0511275964391693 0.9508139534883726 2.6060427807486626 3.977653631284916 1.0802380952380943 1.321041666666667 1.7455965292841649 2.723962264150943 2.655791139240507 0.4686734693877552 5.200103092783507 5.298235294117647 1.8604416666666665 
4.251572700296737 2.435209302325581 8.95192513368984 7.242178770949721 4.9330952380952375 5.741125000000001 4.319739696312364 5.7771698113207535 4.277405063291139 1.5052755102040818 6.034226804123711 6.814196078431373 3.8682083333333335 
7.372729970326407 1.7034651162790697 4.529037433155079 2.8727374301675983 4.2909523809523815 7.8762500000000015 4.943774403470716 2.2150943396226417 4.590348101265823 4.07384693877551 4.273298969072164 7.202000000000001 4.917041666666666 
0.5168545994065283 1.6407441860465115 6.067433155080213 7.744413407821229 1.0802380952380943 3.0815833333333336 2.233123644251627 4.589811320754717 2.6273417721518992 0.6062755102040818 8.165876288659796 6.849450980392157 1.8604416666666665 
4.251572700296737 1.8498139534883722 3.5675401069518706 3.224301675977653 3.1136904761904756 7.127083333333334 4.943774403470716 2.5543396226415096 4.590348101265823 2.844602040816327 3.7172164948453608 7.3430196078431385 4.28025 
2.7043323442136504 1.327139534883721 4.048288770053476 4.228770949720671 9.0 5.254166666666667 3.5201952277657265 3.2328301886792445 8.146518987341771 0.6062755102040818 6.312268041237114 4.804666666666667 4.669816666666667 
3.7980712166172133 4.40046511627907 5.009786096256683 4.731005586592179 2.7926190476190484 0.7591666666666672 1.4725813449023861 1.8758490566037729 1.1764240506329116 3.1748469387755107 2.419690721649485 0.538823529411764 1.6207083333333334 
2.570949554896142 3.4805581395348835 4.384812834224599 5.735474860335195 1.2942857142857136 2.1825833333333335 2.681648590021692 9.0 2.8549367088607593 0.698010204081633 3.531855670103093 7.1667450980392156 0.009999999999999787 
3.9314540059347145 4.024139534883721 6.452032085561498 5.233240223463687 1.9364285714285714 1.6581666666666672 0.06850325379609556 6.794905660377357 0.948829113924051 2.440969387755102 2.697731958762887 3.6765098039215696 2.145125 
5.61207715133531 1.7243720930232558 4.57711229946524 2.8225139664804466 4.183928571428572 7.688958333333335 5.509305856832972 3.5720754716981133 5.472278481012658 3.8445102040816326 4.365979381443299 7.448784313725491 3.606 
6.359020771513354 6.762953488372093 4.913636363636362 4.479888268156424 1.187261904761904 2.632083333333334 0.7120390455531455 5.946792452830187 3.253227848101266 6.486469387755102 0.844123711340206 1.314431372549019 1.2461250000000001 
2.224154302670616 1.5153023255813955 4.096363636363636 4.93189944134078 2.685595238095239 0.010000000000000675 1.0825596529284165 4.080943396226415 2.96873417721519 1.019081632653061 3.95818556701031 1.9490196078431374 4.1678749999999996 
2.4375667655786337 0.6790232558139537 5.778983957219252 3.776759776536313 2.1504761904761907 4.9545 4.261236442516269 4.080943396226415 4.7325949367088604 2.440969387755102 6.590309278350516 3.6412549019607843 2.729475 
3.9314540059347145 6.093930232558139 6.2116577540106945 4.027877094972068 2.578571428571429 4.917041666666667 3.7932104121475057 2.0454716981132073 4.448101265822785 2.3492346938775515 5.107422680412372 7.942352941176471 3.418708333333333 
5.452017804154298 1.9334418604651165 6.019358288770052 4.731005586592179 1.9364285714285714 5.366541666666667 4.183232104121474 2.5543396226415096 3.537721518987342 1.450234693877551 5.941546391752579 9.0 3.9805833333333336 
0.010000000000001563 5.968488372093024 2.221443850267379 4.479888268156424 3.1136904761904756 7.801333333333335 4.12472885032538 1.8758490566037729 9.0 0.8814795918367349 2.5123711340206194 5.439254901960784 1.8604416666666665 
1.6372700296735907 2.6651860465116286 3.904064171122993 5.233240223463687 0.7591666666666672 5.628750000000001 4.261236442516269 4.080943396226415 2.655791139240507 0.7530510204081633 3.531855670103093 7.096235294117647 0.4819749999999998 
5.025192878338277 0.11453488372093035 4.817486631016042 3.224301675977653 3.4347619047619045 5.366541666666667 1.628590021691974 7.134150943396226 0.010000000000000231 1.1291632653061225 5.014742268041238 2.336823529411764 3.2688749999999995 
4.251572700296737 1.5989302325581394 5.730909090909089 3.726536312849161 2.1504761904761907 5.0668750000000005 3.832212581344903 2.723962264150943 2.9118354430379747 2.1198979591836737 5.941546391752579 4.381607843137254 5.928416666666666 
6.945905044510386 1.5571162790697672 4.432887700534758 2.722067039106145 5.147142857142857 7.127083333333334 5.27529284164859 1.8758490566037729 4.789493670886076 3.404183673469388 5.663505154639176 8.612196078431374 3.4936249999999998 
5.078545994065276 3.5014651162790704 4.7694117647058825 4.731005586592179 1.187261904761904 1.13375 0.06850325379609556 4.080943396226415 0.6358860759493674 3.358316326530612 2.0489690721649483 4.240588235294118 3.4936249999999998 
4.571691394658753 3.5641860465116277 4.865561497326203 4.731005586592179 4.504999999999999 2.0702083333333334 0.41952277657266823 6.794905660377357 2.96873417721519 6.752500000000001 1.1221649484536087 1.2439215686274512 3.943125 
2.117448071216618 8.017372093023255 5.682834224598929 5.233240223463687 1.187261904761904 1.0588333333333333 0.01000000000000012 6.794905660377357 1.091075949367089 1.7529591836734695 2.5123711340206194 0.009999999999999787 3.044125 
5.452017804154298 4.672255813953488 6.067433155080213 6.739944134078211 4.826071428571428 1.13375 2.155119305856833 1.5366037735849054 2.3712974683544306 6.1103571428571435 1.0294845360824745 0.11576470588235299 1.3959583333333332 
7.7995548961424355 5.654883720930233 4.432887700534758 2.722067039106145 2.578571428571429 8.06354166666667 5.27529284164859 2.384716981132075 5.045537974683544 2.7161734693877553 5.200103092783507 7.660313725490197 5.62875 
2.3575370919881316 3.2714883720930237 5.298235294117646 5.233240223463687 2.1504761904761907 5.4789166666666675 3.2081778741865508 3.5720754716981133 2.541993670886076 0.7897448979591837 2.9757731958762896 7.448784313725491 0.9314749999999998 
4.758427299703261 3.5641860465116277 7.269304812834225 5.233240223463687 4.2909523809523815 6.377916666666667 4.339240780911063 4.420188679245283 3.992911392405064 2.1841122448979595 5.200103092783507 5.862313725490197 3.1565000000000003 
1.023709198813055 0.010000000000000231 5.875133689839572 3.726536312849161 1.7223809523809521 4.130416666666668 3.403188720173536 1.5366037735849054 5.500727848101267 1.019081632653061 2.8830927835051554 6.391137254901962 1.5457916666666667 
4.731750741839765 5.048581395348837 4.432887700534758 3.977653631284916 2.1504761904761907 2.632083333333334 0.7120390455531455 8.151886792452828 4.135158227848102 7.871663265306122 0.7514432989690727 0.8561176470588236 2.707 
5.4786943620178015 1.9125348837209304 6.2116577540106945 4.228770949720671 3.4347619047619045 4.692291666666667 4.0272234273318865 2.723962264150943 3.1963291139240506 2.0740306122448984 5.75618556701031 5.650784313725491 5.8534999999999995 
5.398664688427299 1.9334418604651165 5.057860962566846 4.982122905027932 2.36452380952381 6.003333333333335 4.904772234273318 2.2150943396226417 4.106708860759495 2.8996428571428567 5.200103092783507 7.7660784313725495 4.542458333333333 
3.371246290801185 1.808 4.432887700534758 5.98659217877095 0.6521428571428576 1.0588333333333333 2.525639913232104 5.946792452830187 3.452373417721519 1.2484183673469387 3.7172164948453608 4.064313725490195 1.306058333333333 
6.065578635014834 7.264720930232559 4.336737967914436 5.98659217877095 1.0802380952380943 0.6842500000000005 0.01000000000000012 6.625283018867925 2.0868037974683546 4.2940102040816335 2.790412371134021 1.7022352941176466 1.5457916666666667 
4.838456973293763 7.0974651162790705 4.336737967914436 4.731005586592179 4.504999999999999 1.845458333333334 0.4390238611713667 5.0986792452830185 2.655791139240507 7.578112244897959 1.0294845360824745 1.0323921568627448 3.905666666666667 
5.211928783382785 6.1775581395348835 3.663689839572193 4.128324022346369 1.2942857142857136 5.0668750000000005 4.319739696312364 2.384716981132075 3.0256329113924054 2.147418367346939 3.9952577319587634 6.109098039215687 5.404 
2.4375667655786337 0.11453488372093035 0.009999999999999787 0.009999999999999787 1.0802380952380943 3.306333333333334 0.20501084598698494 2.5543396226415096 0.010000000000000231 0.010000000000000009 5.292783505154641 1.9490196078431374 1.5457916666666667 
2.0107418397626127 0.6372093023255816 1.8849197860962565 3.1238547486033514 7.822738095238094 2.819375000000001 1.589587852494577 0.1796226415094342 5.9274683544303794 0.8356122448979595 7.424432989690723 6.355882352941177 3.029141666666667 
1.3438278931750745 0.42813953488372136 4.529037433155079 5.233240223463687 2.4715476190476195 8.5505 3.266681127982647 0.010000000000000231 3.509272151898734 1.165857142857143 4.7367010309278355 6.567411764705882 4.287741666666666 
4.3049258160237365 1.2853255813953488 3.5675401069518706 2.470949720670391 2.1504761904761907 4.879583333333334 4.2417353579175705 2.5543396226415096 2.7126898734177223 1.615357142857143 6.497628865979382 5.016196078431373 5.291625 
1.9040356083086003 1.180790697674419 5.634759358288768 4.228770949720671 2.7926190476190484 2.9692083333333334 2.5061388286334054 5.437924528301886 1.7454113924050638 0.9273469387755107 9.0 3.3944705882352944 0.30966666666666676 
1.6639465875370867 2.49793023255814 1.6445454545454528 3.475418994413408 2.043452380952381 4.242791666666668 3.325184381778742 2.2150943396226417 2.7980379746835444 1.2484183673469387 7.331752577319588 5.9680784313725495 2.9692083333333334 
4.251572700296737 1.766186046511628 3.2790909090909093 0.9140223463687152 1.5083333333333329 6.0782500000000015 5.470303687635575 0.6884905660377361 7.093892405063292 4.82607142857143 5.941546391752579 5.791803921568628 6.265541666666667 
0.2767655786350147 2.435209302325581 9.0 9.0 4.397976190476191 7.801333333333335 9.000000000000002 5.7771698113207535 4.135158227848102 3.725255102040817 4.180618556701032 8.541686274509804 1.13375 
8.786587537091986 1.766186046511628 4.961711229946523 0.4117877094972062 1.4013095238095232 7.501666666666668 6.289349240780911 5.0986792452830185 6.809398734177215 3.1748469387755107 7.14639175257732 5.157215686274509 6.265541666666667 
2.4375667655786337 0.5117674418604652 3.8559893048128338 4.228770949720671 0.9732142857142865 9.0 5.138785249457701 1.0277358490566035 4.135158227848102 2.3033673469387757 6.868350515463917 5.650784313725491 0.7966250000000001 
5.398664688427299 1.6407441860465115 6.163582887700535 5.98659217877095 1.187261904761904 5.628750000000001 1.2385683297180043 6.625283018867925 5.330031645569621 9.0 0.844123711340206 1.8079999999999998 2.2949583333333337 
4.891810089020769 2.2679534883720933 6.355882352941176 3.1238547486033514 2.578571428571429 7.127083333333334 5.392299349240781 3.063207547169811 3.537721518987342 3.725255102040817 5.478144329896909 5.545019607843137 7.164541666666666 
5.665430267062316 1.6198372093023254 4.817486631016042 4.278994413407821 3.006666666666666 6.602666666666667 5.314295010845987 1.5366037735849054 4.3627531645569615 4.550867346938777 5.663505154639176 5.686039215686274 9.0 
2.4375667655786337 1.5571162790697672 4.529037433155079 6.991061452513966 1.0802380952380943 4.205333333333335 3.8712147505422996 4.589811320754717 4.220506329113924 0.16594897959183696 3.809896907216495 5.33349019607843 0.212275 
4.571691394658753 9.0 4.625187165775399 5.735474860335195 1.6153571428571425 2.4073333333333338 0.3220173535791758 8.151886792452828 3.2247784810126583 5.468214285714286 1.1221649484536087 0.7503529411764704 3.0815833333333336 
6.172284866468839 2.121604651162791 6.355882352941176 3.2745251396648047 3.9698809523809526 7.127083333333334 4.5342516268980475 4.420188679245283 3.5946202531645572 4.000459183673469 6.034226804123711 5.862313725490197 7.9511666666666665 
0.49017804154302524 2.456116279069768 5.298235294117646 5.534581005586592 0.6521428571428576 3.1939583333333337 2.3891323210412145 5.946792452830187 2.655791139240507 0.7897448979591837 4.82938144329897 5.227725490196078 2.744458333333333 
2.597626112759638 1.348046511627907 4.480962566844919 5.484357541899442 0.8661904761904768 6.153166666666668 5.236290672451193 4.420188679245283 3.8506645569620255 1.8355204081632652 1.956288659793814 5.545019607843137 0.28719166666666673 
6.465727002967359 2.1006976744186048 5.923208556149731 2.219832402234637 2.4715476190476195 8.06354166666667 6.035835140997831 0.6884905660377361 3.6515189873417726 3.2023673469387757 3.7172164948453608 8.083372549019607 5.8534999999999995 
0.8903264094955432 2.6024651162790695 6.836631016042778 9.0 1.5083333333333329 3.8682083333333335 3.4616919739696312 7.6430188679245274 3.822215189873418 0.973214285714286 4.551340206185567 4.134823529411764 1.1412416666666667 
6.945905044510386 2.6442790697674416 6.019358288770052 3.5256424581005597 4.612023809523809 5.628750000000001 3.98822125813449 3.063207547169811 2.3712974683544306 2.853775510204082 5.385463917525775 8.153882352941178 7.3518333333333326 
2.4375667655786337 0.5953953488372095 2.702192513368983 4.530111731843576 0.009999999999999787 3.7932916666666667 2.9936659436008677 2.384716981132075 1.773860759493671 2.514357142857143 5.941546391752579 7.801333333333333 1.470875 
3.5046290801186935 5.3203720930232565 2.990641711229946 2.722067039106145 0.22404761904761905 1.9952916666666667 1.5310845986984818 5.0986792452830185 1.1764240506329116 1.3401530612244898 2.0489690721649483 3.006666666666667 0.4370249999999998 
4.651721068249255 1.8707209302325583 3.7598395721925133 0.3113407821229046 2.36452380952381 5.816041666666668 4.475748373101952 2.2150943396226417 2.4566455696202536 2.23915306122449 5.292783505154641 7.51929411764706 5.516375 
6.439050445103856 2.121604651162791 6.932780748663101 4.429664804469272 3.1136904761904756 6.939791666666667 4.885271149674621 4.080943396226415 3.822215189873418 2.3492346938775515 7.14639175257732 7.51929411764706 4.505 
2.8110385756676557 0.7417441860465119 4.288663101604277 3.475418994413408 0.7591666666666672 3.3812500000000005 0.22451193058568342 7.9822641509433945 2.3712974683544306 3.2207142857142856 2.5123711340206194 0.8561176470588236 2.519708333333333 
2.570949554896142 1.5153023255813955 4.000213903743315 5.98659217877095 3.220714285714285 3.3812500000000005 3.1691757049891534 3.5720754716981133 3.3954746835443044 0.11090816326530617 5.385463917525775 5.9680784313725495 0.23475000000000001 
2.224154302670616 1.0971627906976746 2.990641711229946 2.722067039106145 0.7591666666666672 5.441458333333334 3.968720173535792 2.723962264150943 3.8506645569620255 0.8814795918367349 6.9610309278350515 5.192470588235294 0.8565583333333331 
2.117448071216618 6.261186046511628 4.048288770053476 3.977653631284916 3.6488095238095237 1.0588333333333333 0.614533622559653 2.723962264150943 2.058354430379747 5.752591836734695 1.585567010309279 2.583607843137255 4.055499999999999 
3.5046290801186935 3.1460465116279073 4.432887700534758 4.479888268156424 0.8661904761904768 1.0962916666666667 0.08800433839479405 5.946792452830187 0.6358860759493674 7.302907245918368 0.844123711340206 1.2791764705882347 1.1712083333333334 
2.3308605341246285 0.21906976744186069 2.8464171122994646 2.1193854748603353 6.217380952380953 3.006666666666667 2.7011496746203907 3.741698113207546 6.667151898734177 1.3401530612244898 5.385463917525775 3.6765098039215696 3.2688749999999995 
2.997774480712163 0.8462790697674423 3.5675401069518706 4.731005586592179 2.685595238095239 1.433416666666667 0.22451193058568342 6.794905660377357 2.7980379746835444 5.193010204081633 0.9368041237113403 0.9971372549019604 2.4447916666666663 
3.718041543026704 4.9858604651162794 5.875133689839572 5.735474860335195 3.006666666666666 2.0702083333333334 0.2635140997830804 7.9822641509433945 1.5462658227848105 3.339969387755102 3.6245360824742265 2.9714117647058815 1.920375 
5.958872403560829 4.9649534883720925 5.682834224598929 4.731005586592179 3.1136904761904756 2.744458333333334 0.18550976138828645 6.286037735849056 1.091075949367089 3.6151734693877553 4.458659793814433 1.9490196078431374 2.744458333333333 
5.31863501483679 5.8848604651162795 5.9712834224598925 6.237709497206703 3.541785714285714 2.2575000000000003 0.8875488069414318 5.0986792452830185 2.96873417721519 8.018438775510205 3.439175257731959 1.0323921568627448 2.8568333333333333 
6.332344213649851 1.4316744186046513 6.067433155080213 4.731005586592179 3.9698809523809526 6.939791666666667 5.723817787418655 4.589811320754717 3.708417721518988 4.275663265306122 6.034226804123711 4.5931372549019605 6.115708333333333 
5.185252225519289 6.323906976744186 5.394385026737966 6.237709497206703 2.578571428571429 2.632083333333334 0.5560303687635576 5.0986792452830185 2.8264873417721517 4.9178061224489795 2.0489690721649483 1.0323921568627448 3.2688749999999995 
3.5579821958456925 3.7314418604651163 5.394385026737966 5.735474860335195 3.6488095238095237 1.433416666666667 1.7455965292841649 1.8758490566037729 2.3997468354430382 8.128520408163267 0.009999999999999787 0.715098039215686 1.2461250000000001 
8.999999999999996 1.5780232558139533 3.904064171122993 1.717597765363128 2.043452380952381 6.377916666666667 4.904772234273318 2.723962264150943 4.448101265822785 2.9913775510204084 5.570824742268042 5.580274509803922 5.478916666666667 
7.0526112759643915 2.6651860465116286 4.529037433155079 3.726536312849161 2.8996428571428563 6.939791666666667 5.567809110629067 1.5366037735849054 5.586075949367089 3.4959183673469387 7.14639175257732 6.708431372549019 8.962541666666667 
2.570949554896142 7.41106976744186 6.596256684491978 7.995530726256982 2.578571428571429 4.130416666666668 3.247180043383948 5.0986792452830185 3.6799683544303803 0.12925510204081658 4.087938144329898 6.532156862745098 0.3845833333333335 
2.224154302670616 4.776790697674419 4.096363636363636 3.726536312849161 1.0802380952380943 6.5652083333333335 4.924273318872018 5.437924528301886 6.809398734177215 0.3310714285714287 8.721958762886597 5.509764705882353 0.6917416666666667 
6.065578635014834 1.2853255813953488 6.452032085561498 5.98659217877095 2.4715476190476195 7.127083333333334 5.431301518438178 2.723962264150943 5.586075949367089 3.450051020408164 6.590309278350516 5.086705882352942 7.276916666666666 
5.61207715133531 1.766186046511628 5.298235294117646 4.982122905027932 4.076904761904762 6.977250000000001 4.514750542299349 1.197358490566038 5.785221518987342 3.954591836734694 4.644020618556701 6.214862745098039 6.040791666666666 
4.011483679525224 5.362186046511629 4.7694117647058825 3.977653631284916 3.006666666666666 1.0962916666666667 0.4585249457700652 4.589811320754717 1.4893670886075951 3.064765306122449 1.8636082474226816 1.7022352941176466 2.707 
6.412373887240353 0.9717209302325587 4.384812834224599 2.722067039106145 2.1504761904761907 7.052166666666667 5.236290672451193 1.5366037735849054 4.0782594936708865 4.844418367346938 4.922061855670104 8.048117647058824 5.478916666666667 
0.43682492581601906 2.3097674418604655 4.432887700534758 3.726536312849161 2.1504761904761907 7.202000000000001 3.5006941431670278 0.6884905660377361 2.655791139240507 1.2025510204081633 6.312268041237114 5.9680784313725495 0.23475000000000001 
