4.74666666666667 1.6623122529644268 5.9712834224598925 9.0 7.6681481481481475 7.076070038910505 4.729262472885033 1.4484 5.474509803921569 1.5978242320819116 6.076422764227644 8.288291666666666 4.432711988304094 
3.3691666666666684 1.555711462450593 4.000213903743315 5.524484536082474 4.22753086419753 2.528599221789883 3.1691757049891534 3.785800000000001 4.240588235294118 0.6083105802047785 4.249186991869919 6.265541666666667 0.22686403508771935 
5.254166666666666 1.8577470355731225 3.7598395721925133 0.28804123711340157 3.3396296296296297 4.8023346303501935 4.475748373101952 2.3474000000000004 3.0771764705882356 2.387901023890785 4.176097560975611 7.913708333333333 4.859868421052632 
4.263333333333335 3.43899209486166 5.394385026737966 5.29278350515464 4.671481481481481 0.7096108949416342 1.7455965292841649 1.9878 3.006666666666667 7.312457337883959 0.009999999999999787 0.6842499999999996 1.1140350877192984 
5.471666666666664 2.195316205533597 6.355882352941176 2.8830927835051545 3.5616049382716044 6.0266536964980535 5.392299349240781 3.2464000000000004 4.416862745098039 3.6305460750853245 4.322276422764228 5.816041666666666 6.305628654970762 
2.8858333333333377 0.9871739130434785 2.7983422459893035 3.9025773195876283 2.4517283950617292 3.7878988326848244 3.0716702819956616 4.6848 5.8975686274509815 1.0992320819112629 2.78739837398374 6.490291666666667 0.010000000000000231 
2.8616666666666717 0.8095059288537549 1.8849197860962565 2.8830927835051545 9.0 2.0038910505836576 1.589587852494577 0.1898000000000004 7.378274509803922 1.2142918088737202 5.8571544715447175 6.677583333333334 2.678084795321638 
7.912500000000001 2.1064822134387353 6.548181818181819 4.3659793814432994 5.559382716049384 5.32704280155642 5.216789587852495 3.6060000000000008 5.509764705882353 3.7839590443686006 4.322276422764228 5.104333333333334 6.371345029239767 
4.940000000000005 1.3602766798418973 3.5675401069518706 2.280670103092784 3.117654320987655 3.927821011673151 4.2417353579175705 2.7070000000000007 3.3944705882352944 1.8662969283276452 5.126260162601627 5.254166666666667 4.662719298245615 
6.003333333333337 1.8932806324110674 6.2116577540106945 3.9025773195876283 4.449506172839507 3.752918287937744 4.0272234273318865 2.8868 3.9938039215686283 2.2498293515358365 4.541544715447156 5.928416666666666 5.155592105263159 
2.257500000000004 0.6318379446640316 4.529037433155079 4.829381443298969 3.450617283950618 7.355914396887158 3.266681127982647 0.010000000000000231 4.381607843137255 1.490435153583618 3.7375609756097563 6.902333333333334 3.782119883040936 
3.175833333333337 3.0481225296442696 5.298235294117646 4.829381443298969 3.117654320987655 4.48750972762646 3.2081778741865508 3.785800000000001 3.182941176470589 1.175938566552901 2.3488617886178864 7.838791666666666 0.8380263157894738 
3.3933333333333344 1.4135770750988144 4.480962566844919 5.061082474226804 1.7858024691358017 5.117159533073931 5.236290672451193 4.6848 4.804666666666667 2.050392491467577 1.5448780487804874 5.816041666666666 0.2728654970760238 
4.045833333333334 5.571007905138341 5.009786096256683 5.756185567010309 3.450617283950618 5.4319844357976645 4.066225596529284 5.404 5.439254901960784 0.9995136518771331 5.199349593495935 6.902333333333334 1.0023172514619887 
9.0 1.768913043478261 4.961711229946523 0.3807216494845358 2.340740740740741 6.376459143968871 6.289349240780911 5.404 8.471176470588237 3.170307167235495 5.637886178861789 5.404000000000001 5.517032163742691 
6.655833333333334 3.5988932806324105 4.529037433155079 5.29278350515464 2.229753086419753 0.25486381322957286 0.41952277657266823 5.0443999999999996 2.1958039215686282 6.376638225255973 1.6179674796747965 1.4708749999999995 2.0012061403508774 
3.5866666666666696 0.8983399209486165 4.288663101604277 3.2074742268041234 1.6748148148148152 2.528599221789883 0.22451193058568342 8.4606 2.9714117647058824 3.2086604095563143 1.983414634146342 0.8340833333333331 2.2312134502923984 
8.105833333333337 2.017648221343874 4.913636363636362 0.6587628865979376 3.5616049382716044 7.076070038910505 6.191843817787419 2.8868 9.000000000000002 4.781143344709898 5.272439024390245 6.415375 8.125972222222224 
5.3266666666666715 4.558300395256918 4.432887700534758 3.6708762886597945 3.117654320987655 1.8289883268482487 0.7120390455531455 8.6404 5.157215686274511 7.097679180887372 0.594715447154472 0.8340833333333331 2.3955043859649123 
0.010000000000001563 1.3780434782608695 4.048288770053476 5.061082474226804 1.6748148148148152 4.137704280155642 3.325184381778742 7.022200000000001 5.65078431372549 0.4855802047781571 9.000000000000002 5.928416666666666 0.6343055555555557 
2.9583333333333357 5.588774703557313 4.048288770053476 3.6708762886597945 4.671481481481481 0.35980544747081655 0.614533622559653 2.8868 2.583607843137255 5.32575938566553 1.252520325203252 2.6695416666666665 3.578399122807018 
3.248333333333335 0.7029051383399207 3.8559893048128338 3.9025773195876283 1.8967901234567899 7.77568093385214 5.138785249457701 1.0888 5.157215686274511 2.441595563139932 5.418617886178863 5.928416666666666 0.7197368421052635 
5.423333333333332 6.299446640316207 4.336737967914436 4.3659793814432994 5.559382716049384 1.094396887159533 0.4390238611713667 5.404 3.3239607843137264 6.85221843003413 0.8139837398373984 1.021375 3.4469663742690066 
6.2691666666666706 7.489822134387353 4.7694117647058825 4.3659793814432994 2.4517283950617292 2.528599221789883 0.65353579175705 6.1232 2.160549019607844 2.403242320819113 3.1528455284552854 2.8568333333333324 1.5740497076023394 
6.849166666666669 1.0937747035573122 4.384812834224599 2.5123711340206185 3.117654320987655 5.956692607003891 5.236290672451193 1.6282 5.086705882352942 4.566365187713311 3.8837398373983745 8.475583333333333 4.827010233918129 
3.6108333333333356 3.0125889328063242 3.904064171122993 4.829381443298969 2.007777777777778 4.452529182879376 3.5201952277657265 2.3474000000000004 2.865647058823529 0.5622866894197954 3.0797560975609763 5.591291666666666 0.095431286549708 
5.592500000000001 0.3653359683794464 4.817486631016042 2.9757731958762887 4.449506172839507 4.382568093385213 1.628590021691974 7.561600000000001 0.04525490196078441 1.4597525597269625 3.9568292682926836 2.407333333333333 2.888377192982457 
4.215000000000003 4.789268774703558 2.990641711229946 2.5123711340206185 1.1198765432098758 1.2343190661478598 1.5310845986984818 5.404 1.4907058823529413 1.6361774744027304 1.6179674796747965 3.119041666666667 0.40429824561403516 
5.930833333333339 1.9110474308300396 5.057860962566846 4.597680412371133 3.3396296296296297 4.977237354085604 4.904772234273318 2.3474000000000004 5.1219607843137265 2.9401877133105803 4.103008130081301 8.175916666666666 4.005555555555556 
4.408333333333335 4.505000000000001 5.875133689839572 5.29278350515464 4.0055555555555555 1.3042801556420232 0.2635140997830804 8.4606 1.9490196078431372 3.3083788395904437 2.860487804878049 3.0815833333333327 1.7054824561403512 
6.897500000000008 2.053181818181818 5.923208556149731 2.0489690721649483 3.450617283950618 6.901167315175096 6.035835140997831 0.7292000000000005 4.557882352941177 3.1933191126279867 2.933577235772358 8.513041666666666 5.155592105263159 
4.4808333333333366 4.007529644268775 5.009786096256683 4.3659793814432994 3.783580246913581 0.07996108949416403 1.4725813449023861 1.9878 1.4907058823529413 3.170307167235495 1.9103252032520328 0.4969583333333327 1.4426169590643276 
2.740833333333338 1.555711462450593 4.57711229946524 5.663505154639175 2.229753086419753 1.7590272373540854 2.3891323210412145 5.404 4.064313725490196 0.9074658703071675 6.222601626016262 3.6434583333333324 1.212609649122807 
5.930833333333339 1.6623122529644268 6.163582887700535 5.524484536082474 2.1187654320987646 4.627431906614786 1.2385683297180043 7.022200000000001 6.637921568627452 8.041168941979523 0.6678048780487802 1.8454583333333332 2.03406432748538 
6.535000000000004 6.441581027667985 4.336737967914436 5.524484536082474 2.007777777777778 0.010000000000000675 0.01000000000000012 7.022200000000001 2.6188627450980393 4.106126279863481 2.202682926829269 1.733083333333333 1.376900584795322 
8.009166666666665 1.680079051383399 6.452032085561498 6.68298969072165 3.117654320987655 5.32704280155642 1.6480911062906727 7.202000000000001 8.08337254901961 9.0 0.6678048780487802 2.519708333333333 2.2969298245614036 
3.755833333333335 0.9871739130434785 3.5675401069518706 4.3659793814432994 3.6725925925925926 0.7096108949416342 0.22451193058568342 7.202000000000001 3.5002352941176467 4.857849829351536 0.7408943089430893 0.9839166666666666 2.1654970760233923 
4.891666666666673 2.3374505928853755 8.95192513368984 6.68298969072165 6.003333333333333 4.732373540856031 4.319739696312364 6.1232 5.333490196078431 1.7742491467576795 4.760813008130082 7.1645416666666675 3.414108187134503 
2.547500000000003 1.9465810276679845 4.625187165775399 3.6708762886597945 1.230864197530864 1.1293774319066152 2.0186117136659436 7.022200000000001 4.3463529411764705 0.8691126279863483 4.395365853658538 3.6809166666666657 1.1140350877192984 
6.510833333333338 1.2359090909090908 5.4905347593582885 2.8367525773195874 4.22753086419753 7.425875486381322 6.250347071583514 1.0888 5.756549019607844 4.24419795221843 3.0066666666666673 5.928416666666666 6.4042032163742695 
4.408333333333335 1.5379446640316208 5.586684491978609 3.3464948453608248 2.784691358024692 4.2076653696498045 3.7152060737527117 2.3474000000000004 3.711764705882353 2.042721843003413 4.468455284552846 8.77525 4.629861111111111 
4.60166666666667 5.446640316205533 6.2116577540106945 3.7172164948453617 3.5616049382716044 3.9628015564202332 3.7932104121475057 2.1676 5.5450196078431375 2.479948805460751 4.029918699186993 8.363208333333333 3.019809941520468 
1.0250000000000021 2.959288537549407 5.105935828877005 4.3659793814432994 2.8956790123456786 5.676848249027236 4.5342516268980475 3.4262000000000006 5.016196078431373 1.521117747440273 2.3488617886178864 7.87625 2.0669225146198835 
7.670833333333334 1.822213438735178 5.2501604278074865 2.1416494845360825 4.671481481481481 6.97112840466926 5.704316702819957 3.785800000000001 5.509764705882353 4.205844709897611 4.176097560975611 5.8534999999999995 7.488523391812866 
1.8950000000000031 2.4618181818181823 6.644331550802139 5.061082474226804 7.11320987654321 1.1293774319066152 1.0240563991323213 0.1898000000000004 4.064313725490196 0.9458191126279866 3.44520325203252 3.6434583333333324 2.0669225146198835 
3.151666666666671 0.6496047430830041 4.432887700534758 2.5123711340206185 3.450617283950618 2.703501945525291 1.219067245119306 9.0 0.010000000000000009 1.536459044368601 5.637886178861789 1.4334166666666661 2.428362573099416 
2.3541666666666714 1.3780434782608695 5.105935828877005 5.29278350515464 1.7858024691358017 0.6046692607003887 1.5310845986984818 6.6626 4.311098039215686 1.789590443686007 4.176097560975611 5.104333333333334 0.9168859649122809 
3.0549999999999997 4.327332015810278 4.096363636363636 3.439175257731959 2.007777777777778 5.501945525291829 4.924273318872018 5.763600000000001 8.471176470588237 0.7924061433447099 6.880406504065041 5.778583333333333 0.6277339181286554 
2.547500000000003 1.1648418972332015 5.4905347593582885 5.524484536082474 1.563827160493827 4.48750972762646 3.559197396963124 5.404 2.2310588235294126 1.2526450511945395 3.2990243902439027 7.127083333333334 0.48972953216374293 
7.646666666666668 1.5201778656126486 5.394385026737966 2.744072164948453 4.22753086419753 7.076070038910505 6.757375271149675 3.4262000000000006 5.1219607843137265 5.701621160409556 5.491707317073171 5.741124999999999 9.0 
6.027500000000003 4.327332015810278 6.548181818181819 5.987886597938145 3.006666666666667 0.9544747081712064 0.10750542299349253 6.6626 0.5035686274509807 2.3648890784982934 3.0066666666666673 2.8942916666666667 1.376900584795322 
2.547500000000003 1.0582411067193678 4.529037433155079 6.034226804123712 0.009999999999999787 3.2282101167315176 2.19412147505423 5.2242 3.429725490196078 0.362849829351536 4.322276422764228 7.202000000000001 2.0669225146198835 
0.9283333333333381 0.009999999999999787 5.4905347593582885 4.829381443298969 2.007777777777778 4.2076653696498045 3.013167028199566 5.2242 3.6412549019607843 1.3907167235494882 4.541544715447156 3.830749999999999 0.8117397660818715 
3.224166666666669 5.49994071146245 4.913636363636362 4.829381443298969 2.007777777777778 3.5780155642023335 0.8875488069414318 6.6626 2.2310588235294126 4.896203071672356 0.594715447154472 1.0962916666666667 1.376900584795322 
2.4508333333333354 6.33498023715415 4.913636363636362 5.29278350515464 1.1198765432098758 2.878404669260701 2.5061388286334054 5.2242 3.3239607843137264 1.0225255972696248 2.2757723577235773 4.804666666666667 1.7711988304093569 
8.105833333333337 5.073537549407115 4.432887700534758 2.5123711340206185 3.5616049382716044 6.901167315175096 5.27529284164859 2.5272000000000006 6.285372549019608 2.786774744027304 4.103008130081301 8.063541666666666 4.958442982456141 
5.640833333333333 3.2435573122529644 4.7694117647058825 4.3659793814432994 2.1187654320987646 0.4297665369649808 0.06850325379609556 4.325200000000001 0.8208627450980395 3.323720136518771 1.6179674796747965 4.430083333333333 3.0855263157894743 
5.036666666666669 2.0709486166007904 6.6924064171122986 6.914690721649485 5.1154320987654325 3.2282101167315176 1.589587852494577 2.3474000000000004 4.064313725490196 4.474317406143345 0.9601626016260165 0.15983333333333327 0.7525950292397665 
7.042500000000004 1.768913043478261 4.384812834224599 3.1611340206185563 4.22753086419753 5.606887159533073 5.996832971800434 3.4262000000000006 5.8975686274509815 5.855034129692833 4.687723577235774 6.789958333333334 6.239912280701755 
5.76166666666667 5.517707509881424 3.663689839572193 3.809896907216496 2.229753086419753 4.10272373540856 4.319739696312364 2.5272000000000006 3.782274509803922 2.311194539249147 3.1528455284552854 6.415375 4.761293859649124 
4.891666666666673 1.6267786561264823 5.730909090909089 3.439175257731959 3.117654320987655 4.10272373540856 3.832212581344903 2.8868 3.6412549019607843 2.2881825938566553 4.687723577235774 4.579916666666667 5.221308479532164 
3.3691666666666684 6.5659486166007905 6.596256684491978 7.378092783505155 3.5616049382716044 3.2282101167315176 3.247180043383948 5.404 4.593137254901961 0.623651877133106 3.2259349593495945 6.8648750000000005 0.35829678362573114 
5.713333333333338 1.8399802371541503 6.067433155080213 2.5587113402061865 2.5627160493827157 5.501945525291829 4.8267678958785245 3.785800000000001 3.6765098039215687 2.7100682593856655 3.2259349593495945 7.239458333333334 5.812755847953217 
4.891666666666673 9.000000000000002 3.711764705882352 5.061082474226804 1.7858024691358017 4.697392996108949 4.261236442516269 3.0666 5.65078431372549 1.0225255972696248 1.8372357723577237 6.789958333333334 0.4568713450292399 
2.3541666666666714 4.789268774703558 3.0867914438502666 3.9025773195876283 1.8967901234567899 2.528599221789883 2.2916268980477223 4.325200000000001 5.157215686274511 0.010000000000000231 3.2990243902439027 6.602666666666667 1.6660526315789475 
6.607500000000002 1.4135770750988144 6.452032085561498 4.134278350515464 6.891234567901235 5.851750972762646 4.436746203904556 6.6626 3.3239607843137264 3.170307167235495 5.637886178861789 6.415375 6.07562134502924 
4.384166666666669 3.9542292490118576 6.019358288770052 6.219587628865979 3.450617283950618 3.6479766536964977 0.2635140997830804 7.202000000000001 1.420196078431373 2.8021160409556316 3.0066666666666673 3.231416666666667 1.836915204678363 
6.94583333333334 1.680079051383399 3.663689839572193 2.5123711340206185 3.450617283950618 6.376459143968871 5.704316702819957 1.4484 6.109098039215687 3.707252559726962 3.1528455284552854 7.6514999999999995 4.432711988304094 
6.486666666666672 8.733498023715416 5.2501604278074865 4.597680412371133 2.784691358024692 1.4092217898832686 0.28301518438177886 7.022200000000001 2.3015686274509806 4.934556313993174 1.1794308943089438 1.6956249999999997 2.8226608187134508 
3.248333333333335 1.5912450592885374 4.529037433155079 6.451288659793814 2.007777777777778 3.298171206225682 3.8712147505422996 4.8646 5.262980392156863 0.6543344709897613 3.0066666666666673 5.591291666666666 0.2071491228070177 
3.151666666666671 0.45416996047430813 2.8464171122994646 1.956288659793815 7.335185185185185 2.1787937743190655 2.7011496746203907 3.9656000000000002 8.294901960784314 1.6361774744027304 4.249186991869919 3.830749999999999 2.888377192982457 
6.124166666666667 1.768913043478261 5.298235294117646 4.597680412371133 5.1154320987654325 5.886731517509727 4.514750542299349 1.2686000000000002 7.202000000000001 3.82231228668942 3.6644715447154472 6.52775 5.319883040935673 
7.332500000000003 2.515118577075099 6.019358288770052 3.2538144329896905 5.67037037037037 4.627431906614786 3.98822125813449 3.2464000000000004 2.9714117647058824 2.901834470989761 4.249186991869919 8.587958333333333 6.469919590643275 
5.036666666666669 0.489703557312253 1.6445454545454528 2.0489690721649483 0.8979012345679012 5.956692607003891 5.294793926247289 2.3474000000000004 6.602666666666667 3.0936006825938565 4.687723577235774 7.089625000000001 1.2586111111111116 
3.248333333333335 0.596304347826087 3.5675401069518706 3.6708762886597945 2.007777777777778 7.8456420233463025 6.406355748373102 1.9878 5.439254901960784 2.479948805460751 4.103008130081301 5.5538333333333325 2.2969298245614036 
5.955000000000005 1.6445454545454545 4.240588235294117 6.219587628865979 1.8967901234567899 2.108832684824902 2.681648590021692 2.5272000000000006 2.1958039215686282 1.8969795221843007 3.6644715447154472 5.591291666666666 1.0614619883040937 
4.432500000000001 1.0937747035573122 4.625187165775399 3.439175257731959 5.781358024691358 0.8145525291828797 1.5310845986984818 1.4484 1.8785098039215689 2.173122866894198 2.056504065040651 0.009999999999999787 2.099780701754386 
5.858333333333334 5.26897233201581 5.9712834224598925 5.756185567010309 4.560493827160493 1.479182879377432 0.8875488069414318 5.404 3.711764705882353 7.220409556313994 2.714308943089431 1.021375 2.5269371345029246 
3.248333333333335 0.3653359683794464 0.009999999999999787 0.009999999999999787 2.007777777777778 2.45863813229572 0.20501084598698494 2.7070000000000007 0.04525490196078441 0.5239334470989764 4.176097560975611 1.9952916666666667 1.376900584795322 
5.495833333333337 1.7511462450592887 3.7598395721925133 2.9757731958762887 2.673703703703704 3.927821011673151 3.3641865509761386 2.5272000000000006 3.3239607843137264 2.058063139931741 3.9568292682926836 5.5538333333333325 6.4042032163742695 
6.2933333333333366 1.9110474308300396 6.452032085561498 3.068453608247422 4.671481481481481 5.501945525291829 4.76826464208243 3.0666 3.711764705882353 4.627730375426621 5.8571544715447175 5.965875 6.568494152046784 
1.2908333333333388 2.3374505928853755 9.0 8.304896907216495 5.448395061728395 6.656303501945525 9.000000000000002 6.1232 5.157215686274511 3.6305460750853245 3.2990243902439027 9.0 1.0154605263157896 
1.4841666666666704 2.355217391304348 5.298235294117646 5.1074226804123715 1.563827160493827 2.3536964980544743 2.3891323210412145 6.303 3.3239607843137264 1.175938566552901 3.8106504065040654 5.478916666666666 2.428362573099416 
7.57416666666667 3.154723320158103 5.394385026737966 4.3659793814432994 2.340740740740741 1.4092217898832686 0.4585249457700652 5.5838 2.936156862745098 6.468686006825938 1.0332520325203256 1.5832499999999996 2.2969298245614036 
7.719166666666673 5.784209486166009 5.538609625668448 1.214845360824742 6.447283950617284 6.0266536964980535 5.02177874186551 1.2686000000000002 5.8975686274509815 2.9401877133105803 3.0066666666666673 8.400666666666666 2.954093567251462 
8.130000000000003 2.017648221343874 5.2501604278074865 1.8636082474226798 2.8956790123456786 4.277626459143969 4.007722342733189 3.0666 5.5450196078431375 3.055247440273038 3.9568292682926836 8.587958333333333 6.437061403508772 
5.181666666666668 3.2968577075098815 4.865561497326203 4.3659793814432994 5.559382716049384 1.3042801556420232 0.41952277657266823 7.202000000000001 3.711764705882353 6.1618600682593865 0.8870731707317074 1.2461250000000001 3.4798245614035093 
4.674166666666672 4.824802371541503 4.7694117647058825 3.6708762886597945 4.0055555555555555 0.3947859922178987 0.4585249457700652 4.8646 1.8785098039215689 3.07825938566553 1.4717886178861792 1.733083333333333 2.3955043859649123 
8.08166666666667 2.1597826086956524 5.4905347593582885 2.8830927835051545 4.78246913580247 9.0 5.899327548806942 1.9878 6.250117647058825 5.011262798634813 2.78739837398374 8.100999999999999 7.685672514619884 
