0.010000000000000009 0.010000000000000009 0.010000000000000009 0.010000000000000009 1.008888888888889 2.007777777777778 2.007777777777778 0.010000000000000009 0.010000000000000009 
4.0055555555555555 3.006666666666667 3.006666666666667 8.001111111111111 1.008888888888889 9.0 4.0055555555555555 5.004444444444445 0.010000000000000009 
9.0 4.0055555555555555 4.0055555555555555 5.004444444444445 2.007777777777778 9.0 6.003333333333334 8.001111111111111 1.008888888888889 
1.008888888888889 0.010000000000000009 0.010000000000000009 0.010000000000000009 1.008888888888889 0.010000000000000009 0.010000000000000009 0.010000000000000009 0.010000000000000009 
0.010000000000000009 0.010000000000000009 0.010000000000000009 0.010000000000000009 1.008888888888889 0.010000000000000009 0.010000000000000009 0.010000000000000009 0.010000000000000009 
1.008888888888889 0.010000000000000009 0.010000000000000009 0.010000000000000009 1.008888888888889 0.010000000000000009 2.007777777777778 0.010000000000000009 0.010000000000000009 
0.010000000000000009 0.010000000000000009 0.010000000000000009 0.010000000000000009 1.008888888888889 0.010000000000000009 2.007777777777778 0.010000000000000009 0.010000000000000009 
6.003333333333334 3.006666666666667 6.003333333333334 3.006666666666667 2.007777777777778 6.003333333333334 6.003333333333334 5.004444444444445 0.010000000000000009 
0.010000000000000009 0.010000000000000009 0.010000000000000009 0.010000000000000009 1.008888888888889 0.010000000000000009 0.010000000000000009 0.010000000000000009 0.010000000000000009 
0.010000000000000009 0.010000000000000009 0.010000000000000009 0.010000000000000009 1.008888888888889 0.010000000000000009 2.007777777777778 1.008888888888889 0.010000000000000009 
8.001111111111111 9.0 9.0 0.010000000000000009 9.0 7.002222222222223 2.007777777777778 2.007777777777778 0.010000000000000009 
4.0055555555555555 2.007777777777778 0.010000000000000009 1.008888888888889 1.008888888888889 0.010000000000000009 1.008888888888889 0.010000000000000009 0.010000000000000009 
0.010000000000000009 0.010000000000000009 0.010000000000000009 0.010000000000000009 1.008888888888889 0.010000000000000009 2.007777777777778 0.010000000000000009 0.010000000000000009 
2.007777777777778 0.010000000000000009 1.008888888888889 0.010000000000000009 1.008888888888889 0.010000000000000009 1.008888888888889 0.010000000000000009 0.010000000000000009 
4.0055555555555555 0.010000000000000009 0.010000000000000009 0.010000000000000009 1.008888888888889 0.010000000000000009 0.010000000000000009 0.010000000000000009 0.010000000000000009 
4.0055555555555555 9.0 5.004444444444445 0.010000000000000009 9.0 3.006666666666667 3.006666666666667 9.0 9.0 
9.0 7.002222222222223 6.003333333333334 3.006666666666667 2.007777777777778 9.0 6.003333333333334 8.001111111111111 0.010000000000000009 
6.003333333333334 1.008888888888889 3.006666666666667 0.010000000000000009 2.007777777777778 3.006666666666667 2.007777777777778 2.007777777777778 0.010000000000000009 
2.007777777777778 0.010000000000000009 1.008888888888889 0.010000000000000009 1.008888888888889 0.010000000000000009 1.008888888888889 0.010000000000000009 0.010000000000000009 
5.004444444444445 2.007777777777778 2.007777777777778 4.0055555555555555 2.007777777777778 9.0 2.007777777777778 4.0055555555555555 2.007777777777778 
0.010000000000000009 0.010000000000000009 2.007777777777778 0.010000000000000009 1.008888888888889 0.010000000000000009 0.010000000000000009 0.010000000000000009 0.010000000000000009 
9.0 3.006666666666667 3.006666666666667 5.004444444444445 1.008888888888889 9.0 1.008888888888889 2.007777777777778 0.010000000000000009 
0.010000000000000009 0.010000000000000009 0.010000000000000009 0.010000000000000009 1.008888888888889 0.010000000000000009 0.010000000000000009 0.010000000000000009 0.010000000000000009 
2.007777777777778 5.004444444444445 3.006666666666667 9.0 2.007777777777778 2.007777777777778 2.007777777777778 3.006666666666667 0.010000000000000009 
4.0055555555555555 0.010000000000000009 0.010000000000000009 0.010000000000000009 1.008888888888889 0.010000000000000009 1.008888888888889 0.010000000000000009 0.010000000000000009 
0.010000000000000009 0.010000000000000009 0.010000000000000009 0.010000000000000009 1.008888888888889 0.010000000000000009 0.010000000000000009 0.010000000000000009 0.010000000000000009 
2.007777777777778 0.010000000000000009 0.010000000000000009 0.010000000000000009 1.008888888888889 0.010000000000000009 2.007777777777778 0.010000000000000009 0.010000000000000009 
1.008888888888889 0.010000000000000009 0.010000000000000009 0.010000000000000009 1.008888888888889 0.010000000000000009 0.010000000000000009 0.010000000000000009 0.010000000000000009 
0.010000000000000009 0.010000000000000009 1.008888888888889 0.010000000000000009 1.008888888888889 1.008888888888889 3.006666666666667 1.008888888888889 0.010000000000000009 
8.001111111111111 4.0055555555555555 4.0055555555555555 1.008888888888889 1.008888888888889 1.008888888888889 4.0055555555555555 0.010000000000000009 0.010000000000000009 
0.010000000000000009 0.010000000000000009 0.010000000000000009 0.010000000000000009 2.007777777777778 1.008888888888889 1.008888888888889 0.010000000000000009 0.010000000000000009 
3.006666666666667 0.010000000000000009 0.010000000000000009 0.010000000000000009 1.008888888888889 0.010000000000000009 1.008888888888889 0.010000000000000009 0.010000000000000009 
3.006666666666667 0.010000000000000009 0.010000000000000009 2.007777777777778 1.008888888888889 0.010000000000000009 0.010000000000000009 0.010000000000000009 0.010000000000000009 
4.0055555555555555 0.010000000000000009 0.010000000000000009 0.010000000000000009 1.008888888888889 0.010000000000000009 1.008888888888889 0.010000000000000009 0.010000000000000009 
9.0 9.0 6.003333333333334 7.002222222222223 6.003333333333334 0.010000000000000009 9.0 9.0 2.007777777777778 
8.001111111111111 7.002222222222223 7.002222222222223 8.001111111111111 5.004444444444445 2.007777777777778 3.006666666666667 0.010000000000000009 0.010000000000000009 
3.006666666666667 0.010000000000000009 1.008888888888889 0.010000000000000009 1.008888888888889 0.010000000000000009 1.008888888888889 0.010000000000000009 0.010000000000000009 
9.0 8.001111111111111 7.002222222222223 6.003333333333334 5.004444444444445 3.006666666666667 6.003333333333334 9.0 2.007777777777778 
2.007777777777778 0.010000000000000009 0.010000000000000009 0.010000000000000009 0.010000000000000009 0.010000000000000009 0.010000000000000009 0.010000000000000009 0.010000000000000009 
2.007777777777778 1.008888888888889 1.008888888888889 2.007777777777778 1.008888888888889 0.010000000000000009 0.010000000000000009 0.010000000000000009 0.010000000000000009 
8.001111111111111 3.006666666666667 4.0055555555555555 9.0 5.004444444444445 9.0 3.006666666666667 7.002222222222223 0.010000000000000009 
0.010000000000000009 0.010000000000000009 0.010000000000000009 0.010000000000000009 1.008888888888889 0.010000000000000009 0.010000000000000009 0.010000000000000009 0.010000000000000009 
0.010000000000000009 0.010000000000000009 1.008888888888889 0.010000000000000009 1.008888888888889 0.010000000000000009 1.008888888888889 0.010000000000000009 0.010000000000000009 
9.0 7.002222222222223 7.002222222222223 1.008888888888889 2.007777777777778 3.006666666666667 7.002222222222223 6.003333333333334 7.002222222222223 
9.0 7.002222222222223 7.002222222222223 1.008888888888889 7.002222222222223 9.0 3.006666666666667 7.002222222222223 9.0 
2.007777777777778 2.007777777777778 1.008888888888889 0.010000000000000009 1.008888888888889 2.007777777777778 2.007777777777778 0.010000000000000009 0.010000000000000009 
9.0 4.0055555555555555 6.003333333333334 2.007777777777778 2.007777777777778 6.003333333333334 2.007777777777778 2.007777777777778 7.002222222222223 
0.010000000000000009 0.010000000000000009 0.010000000000000009 0.010000000000000009 1.008888888888889 0.010000000000000009 1.008888888888889 0.010000000000000009 0.010000000000000009 
1.008888888888889 2.007777777777778 0.010000000000000009 0.010000000000000009 1.008888888888889 0.010000000000000009 1.008888888888889 0.010000000000000009 0.010000000000000009 
0.010000000000000009 0.010000000000000009 0.010000000000000009 0.010000000000000009 1.008888888888889 0.010000000000000009 2.007777777777778 0.010000000000000009 0.010000000000000009 
7.002222222222223 5.004444444444445 6.003333333333334 2.007777777777778 2.007777777777778 9.0 2.007777777777778 3.006666666666667 1.008888888888889 
1.008888888888889 2.007777777777778 1.008888888888889 1.008888888888889 1.008888888888889 1.008888888888889 2.007777777777778 0.010000000000000009 0.010000000000000009 
3.006666666666667 0.010000000000000009 0.010000000000000009 0.010000000000000009 1.008888888888889 0.010000000000000009 2.007777777777778 0.010000000000000009 0.010000000000000009 
3.006666666666667 0.010000000000000009 0.010000000000000009 0.010000000000000009 1.008888888888889 0.010000000000000009 0.010000000000000009 0.010000000000000009 0.010000000000000009 
2.007777777777778 0.010000000000000009 0.010000000000000009 0.010000000000000009 1.008888888888889 0.010000000000000009 1.008888888888889 0.010000000000000009 0.010000000000000009 
4.0055555555555555 2.007777777777778 1.008888888888889 0.010000000000000009 2.007777777777778 0.010000000000000009 0.010000000000000009 0.010000000000000009 0.010000000000000009 
6.003333333333334 4.0055555555555555 2.007777777777778 6.003333333333334 3.006666666666667 9.0 6.003333333333334 4.0055555555555555 4.0055555555555555 
4.0055555555555555 0.010000000000000009 0.010000000000000009 0.010000000000000009 1.008888888888889 1.008888888888889 2.007777777777778 2.007777777777778 0.010000000000000009 
4.0055555555555555 0.010000000000000009 0.010000000000000009 0.010000000000000009 1.008888888888889 0.010000000000000009 0.010000000000000009 0.010000000000000009 0.010000000000000009 
2.007777777777778 0.010000000000000009 0.010000000000000009 0.010000000000000009 1.008888888888889 4.0055555555555555 0.010000000000000009 0.010000000000000009 0.010000000000000009 
4.0055555555555555 0.010000000000000009 0.010000000000000009 1.008888888888889 1.008888888888889 1.008888888888889 2.007777777777778 0.010000000000000009 0.010000000000000009 
0.010000000000000009 0.010000000000000009 0.010000000000000009 0.010000000000000009 1.008888888888889 0.010000000000000009 0.010000000000000009 0.010000000000000009 0.010000000000000009 
7.002222222222223 8.001111111111111 8.001111111111111 4.0055555555555555 2.007777777777778 4.0055555555555555 6.003333333333334 6.003333333333334 0.010000000000000009 
3.006666666666667 0.010000000000000009 0.010000000000000009 2.007777777777778 0.010000000000000009 0.010000000000000009 1.008888888888889 0.010000000000000009 0.010000000000000009 
4.0055555555555555 2.007777777777778 2.007777777777778 2.007777777777778 5.004444444444445 9.0 2.007777777777778 0.010000000000000009 0.010000000000000009 
3.006666666666667 7.002222222222223 5.004444444444445 3.006666666666667 2.007777777777778 3.006666666666667 9.0 5.004444444444445 0.010000000000000009 
0.010000000000000009 0.010000000000000009 0.010000000000000009 0.010000000000000009 1.008888888888889 0.010000000000000009 2.007777777777778 0.010000000000000009 0.010000000000000009 
4.0055555555555555 0.010000000000000009 0.010000000000000009 0.010000000000000009 1.008888888888889 0.010000000000000009 2.007777777777778 0.010000000000000009 0.010000000000000009 
9.0 3.006666666666667 2.007777777777778 1.008888888888889 2.007777777777778 9.0 4.0055555555555555 2.007777777777778 1.008888888888889 
2.007777777777778 0.010000000000000009 0.010000000000000009 0.010000000000000009 1.008888888888889 0.010000000000000009 1.008888888888889 0.010000000000000009 0.010000000000000009 
2.007777777777778 2.007777777777778 1.008888888888889 0.010000000000000009 2.007777777777778 0.010000000000000009 2.007777777777778 5.004444444444445 0.010000000000000009 
0.010000000000000009 0.010000000000000009 0.010000000000000009 0.010000000000000009 1.008888888888889 0.010000000000000009 0.010000000000000009 0.010000000000000009 0.010000000000000009 
9.0 9.0 9.0 9.0 9.0 9.0 3.006666666666667 9.0 9.0 
9.0 9.0 9.0 9.0 4.0055555555555555 9.0 9.0 9.0 6.003333333333334 
9.0 4.0055555555555555 4.0055555555555555 2.007777777777778 5.004444444444445 6.003333333333334 6.003333333333334 9.0 0.010000000000000009 
9.0 6.003333333333334 6.003333333333334 2.007777777777778 7.002222222222223 4.0055555555555555 6.003333333333334 3.006666666666667 2.007777777777778 
0.010000000000000009 0.010000000000000009 0.010000000000000009 0.010000000000000009 1.008888888888889 0.010000000000000009 1.008888888888889 0.010000000000000009 0.010000000000000009 
1.008888888888889 0.010000000000000009 0.010000000000000009 1.008888888888889 2.007777777777778 0.010000000000000009 1.008888888888889 0.010000000000000009 0.010000000000000009 
4.0055555555555555 1.008888888888889 0.010000000000000009 0.010000000000000009 1.008888888888889 0.010000000000000009 2.007777777777778 0.010000000000000009 0.010000000000000009 
2.007777777777778 0.010000000000000009 0.010000000000000009 0.010000000000000009 1.008888888888889 0.010000000000000009 0.010000000000000009 0.010000000000000009 0.010000000000000009 
5.004444444444445 0.010000000000000009 0.010000000000000009 0.010000000000000009 1.008888888888889 0.010000000000000009 2.007777777777778 0.010000000000000009 0.010000000000000009 
0.010000000000000009 1.008888888888889 1.008888888888889 0.010000000000000009 1.008888888888889 0.010000000000000009 0.010000000000000009 0.010000000000000009 0.010000000000000009 
9.0 9.0 9.0 2.007777777777778 9.0 7.002222222222223 7.002222222222223 0.010000000000000009 0.010000000000000009 
2.007777777777778 0.010000000000000009 0.010000000000000009 0.010000000000000009 1.008888888888889 0.010000000000000009 0.010000000000000009 0.010000000000000009 0.010000000000000009 
0.010000000000000009 0.010000000000000009 0.010000000000000009 0.010000000000000009 1.008888888888889 0.010000000000000009 1.008888888888889 0.010000000000000009 0.010000000000000009 
4.0055555555555555 2.007777777777778 1.008888888888889 7.002222222222223 4.0055555555555555 9.0 7.002222222222223 0.010000000000000009 1.008888888888889 
1.008888888888889 0.010000000000000009 0.010000000000000009 0.010000000000000009 1.008888888888889 0.010000000000000009 2.007777777777778 0.010000000000000009 0.010000000000000009 
4.0055555555555555 0.010000000000000009 0.010000000000000009 2.007777777777778 1.008888888888889 0.010000000000000009 0.010000000000000009 0.010000000000000009 0.010000000000000009 
2.007777777777778 9.0 6.003333333333334 7.002222222222223 4.0055555555555555 7.002222222222223 6.003333333333334 3.006666666666667 0.010000000000000009 
2.007777777777778 0.010000000000000009 0.010000000000000009 1.008888888888889 2.007777777777778 3.006666666666667 0.010000000000000009 0.010000000000000009 0.010000000000000009 
0.010000000000000009 0.010000000000000009 0.010000000000000009 0.010000000000000009 1.008888888888889 0.010000000000000009 1.008888888888889 0.010000000000000009 0.010000000000000009 
2.007777777777778 0.010000000000000009 0.010000000000000009 0.010000000000000009 2.007777777777778 0.010000000000000009 1.008888888888889 0.010000000000000009 0.010000000000000009 
4.0055555555555555 0.010000000000000009 1.008888888888889 0.010000000000000009 1.008888888888889 0.010000000000000009 2.007777777777778 0.010000000000000009 0.010000000000000009 
5.004444444444445 1.008888888888889 0.010000000000000009 0.010000000000000009 0.010000000000000009 0.010000000000000009 6.003333333333334 0.010000000000000009 0.010000000000000009 
1.008888888888889 0.010000000000000009 0.010000000000000009 0.010000000000000009 1.008888888888889 0.010000000000000009 2.007777777777778 0.010000000000000009 0.010000000000000009 
1.008888888888889 0.010000000000000009 0.010000000000000009 0.010000000000000009 1.008888888888889 0.010000000000000009 1.008888888888889 0.010000000000000009 0.010000000000000009 
2.007777777777778 0.010000000000000009 0.010000000000000009 0.010000000000000009 1.008888888888889 0.010000000000000009 2.007777777777778 0.010000000000000009 0.010000000000000009 
7.002222222222223 6.003333333333334 3.006666666666667 3.006666666666667 4.0055555555555555 2.007777777777778 4.0055555555555555 9.0 0.010000000000000009 
2.007777777777778 0.010000000000000009 0.010000000000000009 0.010000000000000009 1.008888888888889 0.010000000000000009 0.010000000000000009 0.010000000000000009 0.010000000000000009 
2.007777777777778 2.007777777777778 5.004444444444445 3.006666666666667 4.0055555555555555 7.002222222222223 3.006666666666667 3.006666666666667 0.010000000000000009 
4.0055555555555555 9.0 9.0 2.007777777777778 7.002222222222223 0.010000000000000009 4.0055555555555555 9.0 2.007777777777778 
9.0 1.008888888888889 1.008888888888889 0.010000000000000009 1.008888888888889 5.004444444444445 0.010000000000000009 0.010000000000000009 1.008888888888889 
0.010000000000000009 0.010000000000000009 0.010000000000000009 0.010000000000000009 1.008888888888889 0.010000000000000009 2.007777777777778 0.010000000000000009 0.010000000000000009 
8.001111111111111 4.0055555555555555 4.0055555555555555 3.006666666666667 3.006666666666667 4.0055555555555555 3.006666666666667 2.007777777777778 2.007777777777778 
5.004444444444445 9.0 1.008888888888889 7.002222222222223 9.0 1.008888888888889 6.003333333333334 7.002222222222223 9.0 
3.006666666666667 0.010000000000000009 0.010000000000000009 0.010000000000000009 1.008888888888889 0.010000000000000009 0.010000000000000009 0.010000000000000009 0.010000000000000009 
1.008888888888889 0.010000000000000009 0.010000000000000009 0.010000000000000009 1.008888888888889 0.010000000000000009 0.010000000000000009 0.010000000000000009 0.010000000000000009 
0.010000000000000009 0.010000000000000009 0.010000000000000009 0.010000000000000009 0.010000000000000009 0.010000000000000009 1.008888888888889 0.010000000000000009 0.010000000000000009 
2.007777777777778 1.008888888888889 1.008888888888889 1.008888888888889 1.008888888888889 0.010000000000000009 3.006666666666667 1.008888888888889 0.010000000000000009 
4.0055555555555555 2.007777777777778 3.006666666666667 2.007777777777778 3.006666666666667 4.0055555555555555 3.006666666666667 6.003333333333334 0.010000000000000009 
5.004444444444445 0.010000000000000009 0.010000000000000009 0.010000000000000009 0.010000000000000009 0.010000000000000009 0.010000000000000009 0.010000000000000009 0.010000000000000009 
2.007777777777778 1.008888888888889 0.010000000000000009 1.008888888888889 1.008888888888889 0.010000000000000009 2.007777777777778 0.010000000000000009 0.010000000000000009 
9.0 3.006666666666667 2.007777777777778 9.0 3.006666666666667 9.0 9.0 0.010000000000000009 0.010000000000000009 
4.0055555555555555 0.010000000000000009 0.010000000000000009 0.010000000000000009 1.008888888888889 0.010000000000000009 1.008888888888889 0.010000000000000009 0.010000000000000009 
0.010000000000000009 3.006666666666667 2.007777777777778 9.0 3.006666666666667 9.0 4.0055555555555555 5.004444444444445 0.010000000000000009 
2.007777777777778 0.010000000000000009 0.010000000000000009 0.010000000000000009 1.008888888888889 0.010000000000000009 1.008888888888889 0.010000000000000009 0.010000000000000009 
2.007777777777778 0.010000000000000009 0.010000000000000009 0.010000000000000009 1.008888888888889 0.010000000000000009 0.010000000000000009 0.010000000000000009 0.010000000000000009 
4.0055555555555555 1.008888888888889 0.010000000000000009 0.010000000000000009 1.008888888888889 0.010000000000000009 0.010000000000000009 0.010000000000000009 0.010000000000000009 
2.007777777777778 0.010000000000000009 0.010000000000000009 0.010000000000000009 1.008888888888889 2.007777777777778 2.007777777777778 0.010000000000000009 0.010000000000000009 
0.010000000000000009 0.010000000000000009 0.010000000000000009 0.010000000000000009 1.008888888888889 0.010000000000000009 0.010000000000000009 0.010000000000000009 0.010000000000000009 
7.002222222222223 9.0 3.006666666666667 3.006666666666667 7.002222222222223 9.0 7.002222222222223 1.008888888888889 0.010000000000000009 
9.0 5.004444444444445 2.007777777777778 5.004444444444445 3.006666666666667 9.0 6.003333333333334 7.002222222222223 3.006666666666667 
7.002222222222223 3.006666666666667 3.006666666666667 0.010000000000000009 1.008888888888889 8.001111111111111 2.007777777777778 2.007777777777778 0.010000000000000009 
0.010000000000000009 0.010000000000000009 0.010000000000000009 0.010000000000000009 1.008888888888889 1.008888888888889 1.008888888888889 0.010000000000000009 0.010000000000000009 
4.0055555555555555 4.0055555555555555 6.003333333333334 7.002222222222223 5.004444444444445 9.0 6.003333333333334 3.006666666666667 0.010000000000000009 
2.007777777777778 0.010000000000000009 0.010000000000000009 0.010000000000000009 2.007777777777778 1.008888888888889 0.010000000000000009 0.010000000000000009 0.010000000000000009 
0.010000000000000009 0.010000000000000009 0.010000000000000009 0.010000000000000009 1.008888888888889 0.010000000000000009 2.007777777777778 0.010000000000000009 0.010000000000000009 
1.008888888888889 0.010000000000000009 0.010000000000000009 0.010000000000000009 1.008888888888889 0.010000000000000009 1.008888888888889 1.008888888888889 0.010000000000000009 
0.010000000000000009 0.010000000000000009 0.010000000000000009 0.010000000000000009 1.008888888888889 3.006666666666667 0.010000000000000009 0.010000000000000009 0.010000000000000009 
3.006666666666667 0.010000000000000009 0.010000000000000009 0.010000000000000009 1.008888888888889 0.010000000000000009 1.008888888888889 0.010000000000000009 0.010000000000000009 
7.002222222222223 1.008888888888889 0.010000000000000009 0.010000000000000009 4.0055555555555555 0.010000000000000009 0.010000000000000009 0.010000000000000009 0.010000000000000009 
0.010000000000000009 0.010000000000000009 0.010000000000000009 0.010000000000000009 1.008888888888889 0.010000000000000009 0.010000000000000009 0.010000000000000009 0.010000000000000009 
4.0055555555555555 1.008888888888889 1.008888888888889 3.006666666666667 1.008888888888889 3.006666666666667 0.010000000000000009 0.010000000000000009 0.010000000000000009 
7.002222222222223 2.007777777777778 2.007777777777778 0.010000000000000009 1.008888888888889 1.008888888888889 2.007777777777778 1.008888888888889 0.010000000000000009 
2.007777777777778 0.010000000000000009 0.010000000000000009 0.010000000000000009 1.008888888888889 0.010000000000000009 1.008888888888889 2.007777777777778 0.010000000000000009 
4.0055555555555555 0.010000000000000009 0.010000000000000009 1.008888888888889 1.008888888888889 0.010000000000000009 1.008888888888889 0.010000000000000009 0.010000000000000009 
0.010000000000000009 0.010000000000000009 0.010000000000000009 0.010000000000000009 1.008888888888889 0.010000000000000009 2.007777777777778 0.010000000000000009 0.010000000000000009 
7.002222222222223 9.0 9.0 7.002222222222223 4.0055555555555555 9.0 6.003333333333334 7.002222222222223 0.010000000000000009 
7.002222222222223 1.008888888888889 2.007777777777778 0.010000000000000009 5.004444444444445 2.007777777777778 6.003333333333334 0.010000000000000009 0.010000000000000009 
3.006666666666667 0.010000000000000009 0.010000000000000009 0.010000000000000009 1.008888888888889 2.007777777777778 1.008888888888889 0.010000000000000009 0.010000000000000009 
4.0055555555555555 3.006666666666667 5.004444444444445 7.002222222222223 3.006666666666667 0.010000000000000009 7.002222222222223 9.0 0.010000000000000009 
7.002222222222223 9.0 7.002222222222223 7.002222222222223 3.006666666666667 7.002222222222223 6.003333333333334 6.003333333333334 0.010000000000000009 
3.006666666666667 0.010000000000000009 0.010000000000000009 0.010000000000000009 2.007777777777778 0.010000000000000009 0.010000000000000009 0.010000000000000009 0.010000000000000009 
2.007777777777778 0.010000000000000009 0.010000000000000009 0.010000000000000009 1.008888888888889 0.010000000000000009 2.007777777777778 0.010000000000000009 0.010000000000000009 
0.010000000000000009 0.010000000000000009 0.010000000000000009 0.010000000000000009 1.008888888888889 0.010000000000000009 1.008888888888889 0.010000000000000009 0.010000000000000009 
4.0055555555555555 9.0 9.0 9.0 3.006666666666667 9.0 4.0055555555555555 5.004444444444445 2.007777777777778 
3.006666666666667 0.010000000000000009 0.010000000000000009 0.010000000000000009 1.008888888888889 0.010000000000000009 2.007777777777778 0.010000000000000009 0.010000000000000009 
2.007777777777778 0.010000000000000009 0.010000000000000009 2.007777777777778 0.010000000000000009 0.010000000000000009 2.007777777777778 0.010000000000000009 0.010000000000000009 
3.006666666666667 0.010000000000000009 0.010000000000000009 0.010000000000000009 1.008888888888889 0.010000000000000009 0.010000000000000009 0.010000000000000009 0.010000000000000009 
0.010000000000000009 0.010000000000000009 0.010000000000000009 0.010000000000000009 0.010000000000000009 0.010000000000000009 0.010000000000000009 0.010000000000000009 0.010000000000000009 
6.003333333333334 5.004444444444445 2.007777777777778 1.008888888888889 4.0055555555555555 9.0 6.003333333333334 3.006666666666667 5.004444444444445 
0.010000000000000009 1.008888888888889 2.007777777777778 0.010000000000000009 1.008888888888889 0.010000000000000009 1.008888888888889 0.010000000000000009 0.010000000000000009 
3.006666666666667 0.010000000000000009 0.010000000000000009 0.010000000000000009 1.008888888888889 0.010000000000000009 1.008888888888889 0.010000000000000009 0.010000000000000009 
9.0 5.004444444444445 3.006666666666667 0.010000000000000009 2.007777777777778 3.006666666666667 2.007777777777778 1.008888888888889 2.007777777777778 
3.006666666666667 2.007777777777778 2.007777777777778 0.010000000000000009 1.008888888888889 0.010000000000000009 2.007777777777778 2.007777777777778 0.010000000000000009 
5.004444444444445 9.0 6.003333333333334 6.003333333333334 5.004444444444445 3.006666666666667 7.002222222222223 9.0 1.008888888888889 
1.008888888888889 0.010000000000000009 0.010000000000000009 0.010000000000000009 1.008888888888889 0.010000000000000009 0.010000000000000009 0.010000000000000009 0.010000000000000009 
0.010000000000000009 0.010000000000000009 0.010000000000000009 0.010000000000000009 1.008888888888889 0.010000000000000009 2.007777777777778 0.010000000000000009 0.010000000000000009 
9.0 5.004444444444445 5.004444444444445 1.008888888888889 3.006666666666667 9.0 8.001111111111111 6.003333333333334 0.010000000000000009 
4.0055555555555555 9.0 9.0 9.0 9.0 1.008888888888889 9.0 9.0 9.0 
3.006666666666667 0.010000000000000009 0.010000000000000009 0.010000000000000009 1.008888888888889 0.010000000000000009 1.008888888888889 0.010000000000000009 0.010000000000000009 
0.010000000000000009 1.008888888888889 1.008888888888889 0.010000000000000009 1.008888888888889 0.010000000000000009 0.010000000000000009 0.010000000000000009 0.010000000000000009 
2.007777777777778 6.003333333333334 6.003333333333334 3.006666666666667 3.006666666666667 8.001111111111111 3.006666666666667 7.002222222222223 0.010000000000000009 
6.003333333333334 2.007777777777778 3.006666666666667 3.006666666666667 2.007777777777778 2.007777777777778 2.007777777777778 1.008888888888889 6.003333333333334 
7.002222222222223 4.0055555555555555 5.004444444444445 1.008888888888889 2.007777777777778 9.0 5.004444444444445 5.004444444444445 0.010000000000000009 
3.006666666666667 9.0 3.006666666666667 6.003333333333334 2.007777777777778 9.0 8.001111111111111 9.0 0.010000000000000009 
0.010000000000000009 0.010000000000000009 0.010000000000000009 0.010000000000000009 0.010000000000000009 0.010000000000000009 1.008888888888889 0.010000000000000009 0.010000000000000009 
0.010000000000000009 0.010000000000000009 0.010000000000000009 0.010000000000000009 4.0055555555555555 0.010000000000000009 2.007777777777778 0.010000000000000009 0.010000000000000009 
1.008888888888889 0.010000000000000009 0.010000000000000009 1.008888888888889 1.008888888888889 0.010000000000000009 2.007777777777778 0.010000000000000009 0.010000000000000009 
4.0055555555555555 9.0 9.0 9.0 5.004444444444445 9.0 5.004444444444445 4.0055555555555555 1.008888888888889 
3.006666666666667 1.008888888888889 0.010000000000000009 0.010000000000000009 1.008888888888889 0.010000000000000009 0.010000000000000009 0.010000000000000009 0.010000000000000009 
0.010000000000000009 0.010000000000000009 0.010000000000000009 0.010000000000000009 1.008888888888889 0.010000000000000009 1.008888888888889 0.010000000000000009 0.010000000000000009 
7.002222222222223 2.007777777777778 4.0055555555555555 3.006666666666667 4.0055555555555555 9.0 0.010000000000000009 5.004444444444445 1.008888888888889 
4.0055555555555555 2.007777777777778 3.006666666666667 0.010000000000000009 3.006666666666667 0.010000000000000009 2.007777777777778 0.010000000000000009 0.010000000000000009 
3.006666666666667 4.0055555555555555 4.0055555555555555 9.0 3.006666666666667 9.0 6.003333333333334 4.0055555555555555 7.002222222222223 
1.008888888888889 0.010000000000000009 0.010000000000000009 0.010000000000000009 1.008888888888889 0.010000000000000009 2.007777777777778 0.010000000000000009 0.010000000000000009 
0.010000000000000009 0.010000000000000009 0.010000000000000009 2.007777777777778 0.010000000000000009 2.007777777777778 0.010000000000000009 0.010000000000000009 0.010000000000000009 
0.010000000000000009 0.010000000000000009 0.010000000000000009 0.010000000000000009 1.008888888888889 0.010000000000000009 0.010000000000000009 0.010000000000000009 0.010000000000000009 
2.007777777777778 0.010000000000000009 0.010000000000000009 0.010000000000000009 0.010000000000000009 0.010000000000000009 1.008888888888889 0.010000000000000009 0.010000000000000009 
7.002222222222223 9.0 9.0 9.0 6.003333333333334 4.0055555555555555 3.006666666666667 7.002222222222223 6.003333333333334 
2.007777777777778 0.010000000000000009 0.010000000000000009 0.010000000000000009 1.008888888888889 0.010000000000000009 0.010000000000000009 0.010000000000000009 0.010000000000000009 
9.0 9.0 9.0 9.0 5.004444444444445 9.0 7.002222222222223 0.010000000000000009 4.0055555555555555 
4.0055555555555555 2.007777777777778 2.007777777777778 3.006666666666667 1.008888888888889 3.006666666666667 2.007777777777778 3.006666666666667 0.010000000000000009 
5.004444444444445 9.0 9.0 1.008888888888889 7.002222222222223 9.0 6.003333333333334 2.007777777777778 2.007777777777778 
6.003333333333334 4.0055555555555555 5.004444444444445 2.007777777777778 2.007777777777778 7.002222222222223 6.003333333333334 3.006666666666667 0.010000000000000009 
7.002222222222223 4.0055555555555555 4.0055555555555555 4.0055555555555555 1.008888888888889 9.0 3.006666666666667 2.007777777777778 0.010000000000000009 
0.010000000000000009 0.010000000000000009 0.010000000000000009 0.010000000000000009 0.010000000000000009 0.010000000000000009 0.010000000000000009 0.010000000000000009 0.010000000000000009 
3.006666666666667 0.010000000000000009 0.010000000000000009 0.010000000000000009 1.008888888888889 0.010000000000000009 1.008888888888889 0.010000000000000009 0.010000000000000009 
2.007777777777778 0.010000000000000009 0.010000000000000009 0.010000000000000009 1.008888888888889 0.010000000000000009 1.008888888888889 0.010000000000000009 1.008888888888889 
4.0055555555555555 0.010000000000000009 0.010000000000000009 0.010000000000000009 1.008888888888889 0.010000000000000009 0.010000000000000009 0.010000000000000009 0.010000000000000009 
7.002222222222223 9.0 9.0 6.003333333333334 9.0 9.0 6.003333333333334 2.007777777777778 7.002222222222223 
8.001111111111111 5.004444444444445 8.001111111111111 1.008888888888889 9.0 5.004444444444445 1.008888888888889 8.001111111111111 9.0 
4.0055555555555555 0.010000000000000009 0.010000000000000009 0.010000000000000009 1.008888888888889 0.010000000000000009 0.010000000000000009 0.010000000000000009 0.010000000000000009 
2.007777777777778 0.010000000000000009 0.010000000000000009 0.010000000000000009 1.008888888888889 0.010000000000000009 1.008888888888889 0.010000000000000009 0.010000000000000009 
0.010000000000000009 0.010000000000000009 0.010000000000000009 0.010000000000000009 1.008888888888889 0.010000000000000009 1.008888888888889 0.010000000000000009 1.008888888888889 
7.002222222222223 6.003333333333334 7.002222222222223 4.0055555555555555 4.0055555555555555 9.0 8.001111111111111 9.0 0.010000000000000009 
4.0055555555555555 3.006666666666667 5.004444444444445 6.003333333333334 8.001111111111111 6.003333333333334 7.002222222222223 9.0 0.010000000000000009 
5.004444444444445 7.002222222222223 7.002222222222223 0.010000000000000009 2.007777777777778 3.006666666666667 2.007777777777778 6.003333333333334 0.010000000000000009 
4.0055555555555555 1.008888888888889 3.006666666666667 0.010000000000000009 0.010000000000000009 0.010000000000000009 0.010000000000000009 0.010000000000000009 0.010000000000000009 
4.0055555555555555 3.006666666666667 3.006666666666667 4.0055555555555555 6.003333333333334 9.0 2.007777777777778 1.008888888888889 0.010000000000000009 
6.003333333333334 3.006666666666667 3.006666666666667 2.007777777777778 3.006666666666667 9.0 5.004444444444445 8.001111111111111 0.010000000000000009 
4.0055555555555555 2.007777777777778 5.004444444444445 0.010000000000000009 1.008888888888889 0.010000000000000009 0.010000000000000009 0.010000000000000009 0.010000000000000009 
9.0 7.002222222222223 3.006666666666667 3.006666666666667 3.006666666666667 9.0 2.007777777777778 9.0 3.006666666666667 
2.007777777777778 0.010000000000000009 0.010000000000000009 0.010000000000000009 1.008888888888889 0.010000000000000009 2.007777777777778 0.010000000000000009 0.010000000000000009 
9.0 7.002222222222223 9.0 9.0 5.004444444444445 0.010000000000000009 2.007777777777778 0.010000000000000009 9.0 
0.010000000000000009 0.010000000000000009 0.010000000000000009 0.010000000000000009 1.008888888888889 0.010000000000000009 1.008888888888889 0.010000000000000009 0.010000000000000009 
0.010000000000000009 0.010000000000000009 0.010000000000000009 0.010000000000000009 1.008888888888889 0.010000000000000009 0.010000000000000009 0.010000000000000009 0.010000000000000009 
9.0 3.006666666666667 3.006666666666667 9.0 1.008888888888889 9.0 4.0055555555555555 2.007777777777778 2.007777777777778 
5.004444444444445 0.010000000000000009 0.010000000000000009 0.010000000000000009 1.008888888888889 0.010000000000000009 2.007777777777778 0.010000000000000009 0.010000000000000009 
0.010000000000000009 0.010000000000000009 0.010000000000000009 2.007777777777778 1.008888888888889 0.010000000000000009 0.010000000000000009 0.010000000000000009 0.010000000000000009 
0.010000000000000009 0.010000000000000009 0.010000000000000009 0.010000000000000009 1.008888888888889 0.010000000000000009 0.010000000000000009 0.010000000000000009 0.010000000000000009 
2.007777777777778 0.010000000000000009 0.010000000000000009 0.010000000000000009 1.008888888888889 3.006666666666667 0.010000000000000009 0.010000000000000009 0.010000000000000009 
2.007777777777778 0.010000000000000009 0.010000000000000009 0.010000000000000009 1.008888888888889 0.010000000000000009 0.010000000000000009 0.010000000000000009 0.010000000000000009 
4.0055555555555555 3.006666666666667 4.0055555555555555 0.010000000000000009 7.002222222222223 0.010000000000000009 2.007777777777778 5.004444444444445 0.010000000000000009 
2.007777777777778 0.010000000000000009 3.006666666666667 0.010000000000000009 1.008888888888889 0.010000000000000009 0.010000000000000009 0.010000000000000009 0.010000000000000009 
4.0055555555555555 2.007777777777778 4.0055555555555555 0.010000000000000009 7.002222222222223 9.0 4.0055555555555555 2.007777777777778 0.010000000000000009 
0.010000000000000009 0.010000000000000009 0.010000000000000009 0.010000000000000009 0.010000000000000009 0.010000000000000009 2.007777777777778 0.010000000000000009 0.010000000000000009 
9.0 3.006666666666667 5.004444444444445 3.006666666666667 4.0055555555555555 9.0 6.003333333333334 0.010000000000000009 0.010000000000000009 
4.0055555555555555 0.010000000000000009 0.010000000000000009 0.010000000000000009 1.008888888888889 0.010000000000000009 0.010000000000000009 0.010000000000000009 0.010000000000000009 
4.0055555555555555 9.0 9.0 8.001111111111111 5.004444444444445 9.0 6.003333333333334 9.0 4.0055555555555555 
0.010000000000000009 0.010000000000000009 0.010000000000000009 0.010000000000000009 0.010000000000000009 0.010000000000000009 2.007777777777778 0.010000000000000009 0.010000000000000009 
2.007777777777778 0.010000000000000009 0.010000000000000009 0.010000000000000009 1.008888888888889 0.010000000000000009 1.008888888888889 0.010000000000000009 0.010000000000000009 
5.004444444444445 9.0 9.0 9.0 9.0 9.0 7.002222222222223 9.0 9.0 
2.007777777777778 1.008888888888889 1.008888888888889 0.010000000000000009 3.006666666666667 2.007777777777778 1.008888888888889 0.010000000000000009 0.010000000000000009 
9.0 9.0 9.0 9.0 6.003333333333334 9.0 6.003333333333334 9.0 3.006666666666667 
0.010000000000000009 1.008888888888889 0.010000000000000009 2.007777777777778 1.008888888888889 0.010000000000000009 0.010000000000000009 1.008888888888889 0.010000000000000009 
3.006666666666667 7.002222222222223 5.004444444444445 2.007777777777778 3.006666666666667 9.0 6.003333333333334 0.010000000000000009 0.010000000000000009 
5.004444444444445 0.010000000000000009 0.010000000000000009 0.010000000000000009 1.008888888888889 0.010000000000000009 1.008888888888889 0.010000000000000009 0.010000000000000009 
1.008888888888889 6.003333333333334 9.0 9.0 6.003333333333334 9.0 3.006666666666667 8.001111111111111 3.006666666666667 
2.007777777777778 0.010000000000000009 1.008888888888889 1.008888888888889 1.008888888888889 0.010000000000000009 0.010000000000000009 0.010000000000000009 0.010000000000000009 
9.0 9.0 9.0 7.002222222222223 5.004444444444445 0.010000000000000009 7.002222222222223 8.001111111111111 0.010000000000000009 
3.006666666666667 0.010000000000000009 0.010000000000000009 0.010000000000000009 2.007777777777778 0.010000000000000009 1.008888888888889 1.008888888888889 0.010000000000000009 
4.0055555555555555 0.010000000000000009 0.010000000000000009 0.010000000000000009 0.010000000000000009 0.010000000000000009 0.010000000000000009 0.010000000000000009 0.010000000000000009 
7.002222222222223 3.006666666666667 6.003333333333334 0.010000000000000009 2.007777777777778 9.0 2.007777777777778 8.001111111111111 1.008888888888889 
3.006666666666667 0.010000000000000009 1.008888888888889 0.010000000000000009 1.008888888888889 0.010000000000000009 1.008888888888889 0.010000000000000009 0.010000000000000009 
3.006666666666667 1.008888888888889 0.010000000000000009 0.010000000000000009 1.008888888888889 0.010000000000000009 1.008888888888889 0.010000000000000009 0.010000000000000009 
4.0055555555555555 2.007777777777778 4.0055555555555555 4.0055555555555555 2.007777777777778 2.007777777777778 3.006666666666667 9.0 0.010000000000000009 
2.007777777777778 0.010000000000000009 0.010000000000000009 0.010000000000000009 0.010000000000000009 0.010000000000000009 1.008888888888889 0.010000000000000009 0.010000000000000009 
2.007777777777778 0.010000000000000009 0.010000000000000009 0.010000000000000009 1.008888888888889 0.010000000000000009 1.008888888888889 0.010000000000000009 0.010000000000000009 
0.010000000000000009 0.010000000000000009 0.010000000000000009 0.010000000000000009 0.010000000000000009 0.010000000000000009 0.010000000000000009 0.010000000000000009 0.010000000000000009 
0.010000000000000009 0.010000000000000009 0.010000000000000009 0.010000000000000009 0.010000000000000009 0.010000000000000009 1.008888888888889 0.010000000000000009 0.010000000000000009 
0.010000000000000009 0.010000000000000009 0.010000000000000009 1.008888888888889 0.010000000000000009 0.010000000000000009 0.010000000000000009 0.010000000000000009 0.010000000000000009 
3.006666666666667 0.010000000000000009 0.010000000000000009 0.010000000000000009 1.008888888888889 0.010000000000000009 2.007777777777778 0.010000000000000009 0.010000000000000009 
4.0055555555555555 9.0 7.002222222222223 9.0 7.002222222222223 9.0 2.007777777777778 5.004444444444445 2.007777777777778 
9.0 9.0 9.0 2.007777777777778 9.0 9.0 8.001111111111111 9.0 0.010000000000000009 
0.010000000000000009 1.008888888888889 2.007777777777778 0.010000000000000009 1.008888888888889 0.010000000000000009 0.010000000000000009 0.010000000000000009 0.010000000000000009 
3.006666666666667 7.002222222222223 7.002222222222223 4.0055555555555555 3.006666666666667 4.0055555555555555 9.0 3.006666666666667 0.010000000000000009 
4.0055555555555555 2.007777777777778 3.006666666666667 0.010000000000000009 7.002222222222223 9.0 3.006666666666667 8.001111111111111 0.010000000000000009 
3.006666666666667 0.010000000000000009 0.010000000000000009 0.010000000000000009 1.008888888888889 0.010000000000000009 0.010000000000000009 0.010000000000000009 0.010000000000000009 
0.010000000000000009 0.010000000000000009 0.010000000000000009 0.010000000000000009 1.008888888888889 0.010000000000000009 0.010000000000000009 0.010000000000000009 0.010000000000000009 
0.010000000000000009 0.010000000000000009 0.010000000000000009 0.010000000000000009 1.008888888888889 0.010000000000000009 1.008888888888889 0.010000000000000009 0.010000000000000009 
5.004444444444445 5.004444444444445 5.004444444444445 4.0055555555555555 3.006666666666667 9.0 6.003333333333334 5.004444444444445 1.008888888888889 
3.006666666666667 3.006666666666667 3.006666666666667 1.008888888888889 1.008888888888889 2.007777777777778 1.008888888888889 0.010000000000000009 0.010000000000000009 
3.006666666666667 0.010000000000000009 0.010000000000000009 0.010000000000000009 1.008888888888889 0.010000000000000009 0.010000000000000009 0.010000000000000009 0.010000000000000009 
3.006666666666667 1.008888888888889 3.006666666666667 2.007777777777778 1.008888888888889 1.008888888888889 1.008888888888889 0.010000000000000009 0.010000000000000009 
0.010000000000000009 0.010000000000000009 0.010000000000000009 1.008888888888889 1.008888888888889 0.010000000000000009 2.007777777777778 0.010000000000000009 0.010000000000000009 
2.007777777777778 0.010000000000000009 0.010000000000000009 0.010000000000000009 1.008888888888889 0.010000000000000009 1.008888888888889 0.010000000000000009 0.010000000000000009 
2.007777777777778 2.007777777777778 0.010000000000000009 0.010000000000000009 1.008888888888889 0.010000000000000009 0.010000000000000009 0.010000000000000009 0.010000000000000009 
0.010000000000000009 0.010000000000000009 0.010000000000000009 0.010000000000000009 9.0 0.010000000000000009 0.010000000000000009 0.010000000000000009 0.010000000000000009 
1.008888888888889 0.010000000000000009 0.010000000000000009 0.010000000000000009 1.008888888888889 0.010000000000000009 1.008888888888889 0.010000000000000009 0.010000000000000009 
1.008888888888889 0.010000000000000009 0.010000000000000009 0.010000000000000009 0.010000000000000009 0.010000000000000009 1.008888888888889 0.010000000000000009 0.010000000000000009 
7.002222222222223 7.002222222222223 8.001111111111111 5.004444444444445 5.004444444444445 2.007777777777778 9.0 9.0 0.010000000000000009 
4.0055555555555555 1.008888888888889 1.008888888888889 1.008888888888889 1.008888888888889 0.010000000000000009 0.010000000000000009 0.010000000000000009 1.008888888888889 
2.007777777777778 0.010000000000000009 0.010000000000000009 2.007777777777778 1.008888888888889 0.010000000000000009 0.010000000000000009 0.010000000000000009 0.010000000000000009 
4.0055555555555555 0.010000000000000009 2.007777777777778 0.010000000000000009 1.008888888888889 0.010000000000000009 1.008888888888889 0.010000000000000009 0.010000000000000009 
9.0 3.006666666666667 1.008888888888889 0.010000000000000009 2.007777777777778 1.008888888888889 3.006666666666667 2.007777777777778 9.0 
9.0 9.0 9.0 0.010000000000000009 5.004444444444445 0.010000000000000009 1.008888888888889 7.002222222222223 0.010000000000000009 
6.003333333333334 5.004444444444445 9.0 4.0055555555555555 2.007777777777778 9.0 8.001111111111111 9.0 1.008888888888889 
0.010000000000000009 0.010000000000000009 0.010000000000000009 0.010000000000000009 1.008888888888889 0.010000000000000009 0.010000000000000009 0.010000000000000009 0.010000000000000009 
0.010000000000000009 0.010000000000000009 0.010000000000000009 0.010000000000000009 1.008888888888889 0.010000000000000009 0.010000000000000009 0.010000000000000009 0.010000000000000009 
0.010000000000000009 0.010000000000000009 0.010000000000000009 0.010000000000000009 1.008888888888889 0.010000000000000009 0.010000000000000009 0.010000000000000009 0.010000000000000009 
9.0 9.0 7.002222222222223 9.0 5.004444444444445 4.0055555555555555 9.0 2.007777777777778 0.010000000000000009 
0.010000000000000009 0.010000000000000009 0.010000000000000009 0.010000000000000009 1.008888888888889 0.010000000000000009 2.007777777777778 0.010000000000000009 0.010000000000000009 
0.010000000000000009 0.010000000000000009 0.010000000000000009 0.010000000000000009 1.008888888888889 0.010000000000000009 2.007777777777778 0.010000000000000009 0.010000000000000009 
9.0 3.006666666666667 4.0055555555555555 4.0055555555555555 4.0055555555555555 9.0 3.006666666666667 0.010000000000000009 0.010000000000000009 
1.008888888888889 0.010000000000000009 0.010000000000000009 0.010000000000000009 1.008888888888889 0.010000000000000009 0.010000000000000009 0.010000000000000009 0.010000000000000009 
2.007777777777778 0.010000000000000009 0.010000000000000009 0.010000000000000009 1.008888888888889 0.010000000000000009 1.008888888888889 0.010000000000000009 0.010000000000000009 
3.006666666666667 0.010000000000000009 0.010000000000000009 0.010000000000000009 0.010000000000000009 0.010000000000000009 1.008888888888889 0.010000000000000009 0.010000000000000009 
6.003333333333334 1.008888888888889 3.006666666666667 0.010000000000000009 5.004444444444445 9.0 4.0055555555555555 3.006666666666667 2.007777777777778 
8.001111111111111 9.0 9.0 0.010000000000000009 9.0 7.002222222222223 2.007777777777778 2.007777777777778 0.010000000000000009 
7.002222222222223 2.007777777777778 3.006666666666667 8.001111111111111 2.007777777777778 9.0 2.007777777777778 2.007777777777778 0.010000000000000009 
7.002222222222223 6.003333333333334 7.002222222222223 4.0055555555555555 9.0 9.0 6.003333333333334 1.008888888888889 0.010000000000000009 
0.010000000000000009 0.010000000000000009 0.010000000000000009 0.010000000000000009 1.008888888888889 0.010000000000000009 1.008888888888889 0.010000000000000009 0.010000000000000009 
4.0055555555555555 0.010000000000000009 0.010000000000000009 0.010000000000000009 1.008888888888889 0.010000000000000009 1.008888888888889 0.010000000000000009 0.010000000000000009 
0.010000000000000009 0.010000000000000009 2.007777777777778 0.010000000000000009 1.008888888888889 0.010000000000000009 0.010000000000000009 0.010000000000000009 0.010000000000000009 
2.007777777777778 0.010000000000000009 0.010000000000000009 3.006666666666667 2.007777777777778 0.010000000000000009 1.008888888888889 1.008888888888889 0.010000000000000009 
4.0055555555555555 0.010000000000000009 1.008888888888889 0.010000000000000009 1.008888888888889 0.010000000000000009 2.007777777777778 0.010000000000000009 0.010000000000000009 
0.010000000000000009 0.010000000000000009 0.010000000000000009 0.010000000000000009 1.008888888888889 0.010000000000000009 1.008888888888889 0.010000000000000009 0.010000000000000009 
0.010000000000000009 0.010000000000000009 0.010000000000000009 0.010000000000000009 0.010000000000000009 0.010000000000000009 2.007777777777778 0.010000000000000009 0.010000000000000009 
1.008888888888889 2.007777777777778 3.006666666666667 3.006666666666667 1.008888888888889 4.0055555555555555 1.008888888888889 4.0055555555555555 0.010000000000000009 
1.008888888888889 0.010000000000000009 0.010000000000000009 0.010000000000000009 1.008888888888889 0.010000000000000009 2.007777777777778 0.010000000000000009 0.010000000000000009 
6.003333333333334 4.0055555555555555 9.0 9.0 9.0 9.0 3.006666666666667 9.0 2.007777777777778 
4.0055555555555555 6.003333333333334 3.006666666666667 0.010000000000000009 5.004444444444445 0.010000000000000009 6.003333333333334 9.0 2.007777777777778 
6.003333333333334 4.0055555555555555 5.004444444444445 9.0 3.006666666666667 9.0 4.0055555555555555 2.007777777777778 0.010000000000000009 
0.010000000000000009 0.010000000000000009 0.010000000000000009 0.010000000000000009 0.010000000000000009 0.010000000000000009 2.007777777777778 0.010000000000000009 0.010000000000000009 
7.002222222222223 3.006666666666667 5.004444444444445 2.007777777777778 2.007777777777778 0.010000000000000009 3.006666666666667 2.007777777777778 0.010000000000000009 
6.003333333333334 7.002222222222223 7.002222222222223 6.003333333333334 2.007777777777778 9.0 6.003333333333334 1.008888888888889 2.007777777777778 
9.0 3.006666666666667 2.007777777777778 0.010000000000000009 2.007777777777778 2.007777777777778 5.004444444444445 4.0055555555555555 1.008888888888889 
9.0 4.0055555555555555 6.003333333333334 3.006666666666667 3.006666666666667 9.0 7.002222222222223 8.001111111111111 0.010000000000000009 
3.006666666666667 1.008888888888889 2.007777777777778 4.0055555555555555 2.007777777777778 7.002222222222223 6.003333333333334 5.004444444444445 0.010000000000000009 
9.0 0.010000000000000009 0.010000000000000009 0.010000000000000009 1.008888888888889 9.0 4.0055555555555555 3.006666666666667 0.010000000000000009 
3.006666666666667 1.008888888888889 1.008888888888889 0.010000000000000009 1.008888888888889 0.010000000000000009 1.008888888888889 0.010000000000000009 0.010000000000000009 
2.007777777777778 0.010000000000000009 0.010000000000000009 0.010000000000000009 1.008888888888889 0.010000000000000009 1.008888888888889 0.010000000000000009 0.010000000000000009 
0.010000000000000009 0.010000000000000009 2.007777777777778 0.010000000000000009 1.008888888888889 0.010000000000000009 0.010000000000000009 0.010000000000000009 0.010000000000000009 
3.006666666666667 9.0 7.002222222222223 4.0055555555555555 3.006666666666667 0.010000000000000009 9.0 0.010000000000000009 0.010000000000000009 
0.010000000000000009 0.010000000000000009 0.010000000000000009 0.010000000000000009 1.008888888888889 0.010000000000000009 0.010000000000000009 0.010000000000000009 0.010000000000000009 
3.006666666666667 0.010000000000000009 0.010000000000000009 0.010000000000000009 1.008888888888889 0.010000000000000009 0.010000000000000009 0.010000000000000009 0.010000000000000009 
9.0 9.0 9.0 3.006666666666667 7.002222222222223 0.010000000000000009 7.002222222222223 9.0 0.010000000000000009 
0.010000000000000009 0.010000000000000009 0.010000000000000009 2.007777777777778 1.008888888888889 2.007777777777778 0.010000000000000009 0.010000000000000009 0.010000000000000009 
0.010000000000000009 0.010000000000000009 0.010000000000000009 0.010000000000000009 1.008888888888889 0.010000000000000009 1.008888888888889 0.010000000000000009 0.010000000000000009 
3.006666666666667 0.010000000000000009 0.010000000000000009 2.007777777777778 1.008888888888889 0.010000000000000009 2.007777777777778 0.010000000000000009 0.010000000000000009 
2.007777777777778 0.010000000000000009 0.010000000000000009 0.010000000000000009 1.008888888888889 0.010000000000000009 1.008888888888889 0.010000000000000009 0.010000000000000009 
2.007777777777778 0.010000000000000009 0.010000000000000009 0.010000000000000009 1.008888888888889 0.010000000000000009 0.010000000000000009 0.010000000000000009 0.010000000000000009 
4.0055555555555555 7.002222222222223 7.002222222222223 9.0 4.0055555555555555 9.0 7.002222222222223 9.0 2.007777777777778 
4.0055555555555555 0.010000000000000009 0.010000000000000009 0.010000000000000009 1.008888888888889 0.010000000000000009 1.008888888888889 1.008888888888889 0.010000000000000009 
2.007777777777778 0.010000000000000009 0.010000000000000009 0.010000000000000009 1.008888888888889 0.010000000000000009 1.008888888888889 0.010000000000000009 0.010000000000000009 
4.0055555555555555 0.010000000000000009 0.010000000000000009 0.010000000000000009 1.008888888888889 0.010000000000000009 2.007777777777778 1.008888888888889 0.010000000000000009 
8.001111111111111 6.003333333333334 6.003333333333334 4.0055555555555555 4.0055555555555555 9.0 6.003333333333334 7.002222222222223 2.007777777777778 
0.010000000000000009 0.010000000000000009 0.010000000000000009 0.010000000000000009 1.008888888888889 9.0 2.007777777777778 0.010000000000000009 0.010000000000000009 
3.006666666666667 0.010000000000000009 0.010000000000000009 0.010000000000000009 1.008888888888889 0.010000000000000009 2.007777777777778 0.010000000000000009 0.010000000000000009 
5.004444444444445 4.0055555555555555 4.0055555555555555 7.002222222222223 3.006666666666667 9.0 2.007777777777778 3.006666666666667 0.010000000000000009 
3.006666666666667 0.010000000000000009 0.010000000000000009 0.010000000000000009 1.008888888888889 0.010000000000000009 2.007777777777778 0.010000000000000009 0.010000000000000009 
4.0055555555555555 0.010000000000000009 0.010000000000000009 0.010000000000000009 1.008888888888889 0.010000000000000009 1.008888888888889 0.010000000000000009 0.010000000000000009 
2.007777777777778 0.010000000000000009 0.010000000000000009 0.010000000000000009 0.010000000000000009 0.010000000000000009 1.008888888888889 0.010000000000000009 0.010000000000000009 
2.007777777777778 0.010000000000000009 0.010000000000000009 0.010000000000000009 1.008888888888889 0.010000000000000009 0.010000000000000009 0.010000000000000009 0.010000000000000009 
4.0055555555555555 9.0 9.0 2.007777777777778 6.003333333333334 2.007777777777778 7.002222222222223 9.0 1.008888888888889 
8.001111111111111 7.002222222222223 7.002222222222223 4.0055555555555555 5.004444444444445 1.008888888888889 3.006666666666667 9.0 3.006666666666667 
1.008888888888889 0.010000000000000009 0.010000000000000009 0.010000000000000009 1.008888888888889 0.010000000000000009 0.010000000000000009 0.010000000000000009 0.010000000000000009 
4.0055555555555555 6.003333333333334 9.0 5.004444444444445 4.0055555555555555 9.0 6.003333333333334 4.0055555555555555 0.010000000000000009 
5.004444444444445 1.008888888888889 2.007777777777778 0.010000000000000009 1.008888888888889 0.010000000000000009 0.010000000000000009 0.010000000000000009 0.010000000000000009 
0.010000000000000009 2.007777777777778 0.010000000000000009 1.008888888888889 1.008888888888889 1.008888888888889 4.0055555555555555 2.007777777777778 1.008888888888889 
9.0 2.007777777777778 2.007777777777778 0.010000000000000009 1.008888888888889 9.0 6.003333333333334 5.004444444444445 0.010000000000000009 
4.0055555555555555 9.0 9.0 9.0 4.0055555555555555 1.008888888888889 7.002222222222223 4.0055555555555555 0.010000000000000009 
4.0055555555555555 0.010000000000000009 1.008888888888889 0.010000000000000009 1.008888888888889 0.010000000000000009 2.007777777777778 0.010000000000000009 0.010000000000000009 
2.007777777777778 0.010000000000000009 0.010000000000000009 0.010000000000000009 1.008888888888889 0.010000000000000009 2.007777777777778 0.010000000000000009 0.010000000000000009 
1.008888888888889 0.010000000000000009 0.010000000000000009 0.010000000000000009 1.008888888888889 0.010000000000000009 2.007777777777778 0.010000000000000009 0.010000000000000009 
4.0055555555555555 1.008888888888889 1.008888888888889 1.008888888888889 0.010000000000000009 0.010000000000000009 1.008888888888889 0.010000000000000009 0.010000000000000009 
7.002222222222223 9.0 9.0 9.0 5.004444444444445 9.0 9.0 9.0 0.010000000000000009 
7.002222222222223 6.003333333333334 5.004444444444445 3.006666666666667 3.006666666666667 9.0 4.0055555555555555 0.010000000000000009 0.010000000000000009 
1.008888888888889 0.010000000000000009 0.010000000000000009 0.010000000000000009 1.008888888888889 0.010000000000000009 1.008888888888889 0.010000000000000009 0.010000000000000009 
5.004444444444445 0.010000000000000009 0.010000000000000009 0.010000000000000009 1.008888888888889 0.010000000000000009 2.007777777777778 0.010000000000000009 0.010000000000000009 
