3.342114427860679 3.565443609022555 6.8776391982182625 4.233749999999999 3.9431250000000233 1.7081111111111111 2.2719999999999985 0.01 0.01 
2.6756915422885186 2.9300601503759403 7.258062360801782 4.776249999999999 5.066874999999996 2.0410740740740736 1.703599999999998 0.01 0.01 
2.384970149253718 3.1328421052631548 6.817572383073496 3.5749999999999993 5.147142857142882 1.7414074074074075 2.2487999999999992 0.01 0.01 
2.358134328358233 2.470421052631579 6.977750556792873 5.93875 5.500321428571439 2.1076666666666664 1.6687999999999992 0.01 2.1967567567567565 
2.22395522388058 3.6465563909774446 6.817572383073496 3.419999999999999 4.633428571428581 1.9744814814814813 1.9471999999999987 0.01 0.01 
4.272422885572155 3.822300751879702 4.194654788418708 5.1637499999999985 3.8146964285714517 1.7747037037037037 3.3971999999999998 0.7805714285714287 4.140540540540541 
7.443522388059705 2.5920902255639113 0.01 1.28875 3.5578392857142944 0.20977777777777776 9.0 0.01 0.01 
6.714482587064708 4.025082706766916 0.01 3.9624999999999995 2.3056607142857075 0.6426296296296297 7.886399999999998 0.01 2.43972972972973 
2.4788955223880293 2.997654135338344 7.2380400890868595 3.5749999999999993 4.72975000000001 1.8745925925925928 2.2719999999999985 0.01 0.01 
3.3957860696517628 2.9841353383458653 7.3381514476614695 4.7375 4.344464285714309 1.941185185185185 2.2139999999999986 0.01 2.9256756756756754 
3.2571343283582337 3.105804511278194 7.258062360801782 2.8 4.071553571428581 2.1409629629629627 2.886799999999999 0.01 3.6545945945945943 
1.7945820895522502 5.579744360902254 0.01 8.07 6.28694642857144 0.01 2.0283999999999995 1.6082222222222224 0.01 
6.951532338308425 4.417127819548874 7.418240534521158 1.4437499999999999 2.835428571428565 0.07659259259259259 3.687199999999999 0.01 2.43972972972973 
2.899323383084493 4.2819398496240595 7.218017817371938 3.9624999999999995 4.697642857142867 1.608222222222222 1.3787999999999982 0.01 0.01 
2.4475870646765543 3.065248120300751 6.377082405345211 3.4587499999999993 5.082928571428582 1.941185185185185 2.515599999999999 0.01 5.841351351351351 
2.7830348258706863 3.105804511278194 7.097884187082405 5.241249999999999 4.697642857142867 1.808 2.0863999999999976 0.01 1.710810810810811 
2.83670646766177 2.862466165413533 7.017795100222717 3.1099999999999994 5.564535714285725 1.8745925925925928 2.2139999999999986 0.01 0.01 
4.737577114427836 3.7682255639097733 7.738596881959911 2.1025 3.1886071428571654 0.7758148148148148 3.3623999999999974 0.01 2.6827027027027026 
2.8769601990049978 3.2815488721804513 7.2380400890868595 2.7612499999999995 5.5163749999999965 1.9078888888888887 1.8543999999999983 0.01 0.01 
2.8143432835820477 3.4437744360902265 7.258062360801782 3.4974999999999996 5.259517857142868 1.8412962962962964 1.6571999999999996 0.01 0.01 
9.0 0.009999999999999787 0.01 6.829999999999999 0.010000000000005116 1.941185185185185 7.723999999999998 9.0 6.813243243243244 
2.71594527363186 3.5924812030075195 7.017795100222717 3.148749999999999 4.89028571428571 1.6748148148148148 2.074799999999998 0.01 0.01 
2.7472537313432213 5.376962406015036 0.01 7.759999999999999 5.5805892857142965 0.01 2.6779999999999973 1.8936190476190478 0.01 
1.8706169154228292 4.944360902255639 0.01 9.0 5.291624999999996 0.1431851851851852 2.8287999999999993 1.8365396825396827 0.01 
2.8188159203980376 3.4843308270676694 7.218017817371938 3.1099999999999994 5.275571428571439 1.941185185185185 1.7731999999999992 0.01 0.01 
3.181099502487541 2.903022556390976 6.977750556792873 3.6912499999999993 5.050821428571439 2.0077777777777777 2.074799999999998 0.01 0.01 
2.899323383084493 2.82190977443609 7.097884187082405 3.4587499999999993 5.5163749999999965 1.941185185185185 2.0283999999999995 0.01 0.01 
2.255263681592055 5.714932330827068 0.01 7.488749999999999 5.612696428571439 0.01 2.3995999999999995 1.9221587301587304 0.01 
4.648124378109401 3.240992481203005 7.177973273942094 2.1799999999999997 3.8468035714285804 0.7758148148148148 3.687199999999999 0.01 3.8975675675675676 
2.8680149253731315 3.7276691729323304 7.498329621380846 3.2262499999999994 5.11503571428571 1.9744814814814813 1.6107999999999976 0.01 0.01 
2.4073333333333267 4.944360902255639 0.01 6.209999999999999 6.110357142857154 0.01 2.1327999999999996 4.490730158730159 0.01 
4.84492039800989 4.917323308270674 7.718574610244989 2.1412499999999994 2.498303571428579 0.5094444444444444 2.9099999999999984 0.01 0.01 
2.9798308457711755 3.9439699248120306 7.318129175946547 1.21125 5.131089285714296 0.20977777777777776 2.654799999999998 0.01 0.01 
3.20346268656715 3.4032180451127836 7.818685968819598 4.156249999999999 4.055500000000009 1.8412962962962964 1.935599999999999 0.01 2.43972972972973 
2.425223880597059 2.7407969924812043 5.716347438752784 4.272499999999999 5.564535714285725 1.9078888888888887 2.492399999999998 0.32393650793650797 5.355405405405405 
2.930631840795968 2.60560902255639 7.137928730512249 3.7299999999999995 5.259517857142868 2.0410740740740736 2.3763999999999985 0.01 3.411621621621622 
4.733104477611846 1.1320601503759402 3.7741870824053447 4.7375 4.906339285714296 1.5749259259259258 5.531599999999999 0.01 0.01 
4.509472636815872 4.471203007518795 7.53837416481069 0.9399999999999997 3.1886071428571654 0.37625925925925924 3.4899999999999984 0.01 0.01 
2.7114726368159836 5.444556390977443 0.01 6.442499999999999 5.163196428571439 0.01 2.1907999999999976 4.547809523809524 1.953783783783784 
4.6436517412935245 0.41556390977443414 3.43380846325167 4.7375 5.83744642857144 1.941185185185185 5.775199999999998 0.01 0.01 
4.90753731343284 4.065639097744363 7.6985523385300665 1.4824999999999997 3.140446428571451 0.576037037037037 3.5943999999999985 0.01 0.01 
3.543383084577158 4.4306466165413525 4.795322939866369 4.7375 4.119714285714309 0.01 3.3971999999999998 0.01 0.01 
3.1095373134328383 3.660075187969923 5.756391982182628 3.303749999999999 4.874232142857153 1.8412962962962964 2.7707999999999977 0.01 0.01 
3.543383084577158 3.8898947368421055 7.258062360801782 2.9937499999999995 4.553160714285724 0.4761481481481482 2.4575999999999976 0.01 0.01 
2.872487562189008 3.0787669172932333 7.218017817371938 3.9624999999999995 5.11503571428571 1.9078888888888887 2.039999999999999 0.01 2.6827027027027026 
4.057736318407933 4.403609022556392 2.7130066815144764 5.008749999999999 3.140446428571451 1.3085555555555555 4.5455999999999985 0.01 4.383513513513513 
4.920955223880583 4.71454135338346 7.658507795100222 0.5137499999999997 3.1565000000000083 0.37625925925925924 3.3971999999999998 0.01 0.01 
4.920955223880583 4.71454135338346 7.658507795100222 0.5137499999999997 3.1565000000000083 0.37625925925925924 3.3971999999999998 0.01 0.01 
2.912741293532349 3.0517293233082725 7.097884187082405 3.3812499999999996 5.131089285714296 2.174259259259259 2.1907999999999976 0.01 0.01 
5.073024875621854 5.593263157894736 4.414899777282851 6.674999999999999 0.7324107142857343 2.5405185185185184 3.6175999999999977 0.01 0.01 
3.941447761194013 3.4437744360902265 0.01 5.512499999999999 5.17925000000001 1.5749259259259258 5.427199999999999 0.01 0.01 
2.2194825870647037 5.796045112781954 0.01 8.41875 5.211357142857153 0.1764814814814815 2.5387999999999984 1.5226031746031747 0.01 
2.8188159203980376 1.9972631578947357 6.517238307349666 3.187499999999999 6.0140357142857255 2.07437037037037 2.619999999999999 0.01 5.841351351351351 
3.592582089552252 4.633428571428571 0.01 6.791249999999999 4.713696428571424 0.01 4.9168 0.01 0.01 
4.536308457711357 4.863248120300753 7.818685968819598 1.9087499999999997 2.7230535714285793 0.01 3.3043999999999993 0.01 0.01 
4.160606965174111 3.5924812030075195 0.01 4.117499999999999 3.9270714285714377 1.1087777777777779 6.795999999999998 0.01 0.01 
2.474422885572153 2.889503759398494 0.01 5.7837499999999995 6.543803571428569 3.23974074074074 4.093199999999998 0.01 0.01 
3.485238805970198 3.7006315789473696 7.678530066815145 3.5749999999999993 4.408678571428581 1.9078888888888887 1.8195999999999994 0.01 3.411621621621622 
3.3063333333333276 4.552315789473685 4.394877505567928 5.124999999999999 4.601321428571438 0.01 3.107199999999999 0.01 0.01 
2.9216865671642154 3.3626616541353407 7.398218262806235 3.6912499999999993 4.50500000000001 1.9078888888888887 1.831199999999999 0.01 0.01 
2.416278606965193 1.6592932330827068 0.01 3.303749999999999 8.630767857142885 9.0 2.654799999999998 0.01 0.01 
3.5881094527363757 2.71375939849624 3.714120267260579 5.8999999999999995 4.633428571428581 2.0077777777777777 4.000399999999999 0.01 0.01 
2.4565323383085342 2.875984962406015 7.0378173719376385 4.272499999999999 5.147142857142882 2.274148148148148 1.8427999999999987 0.18123809523809525 6.084324324324324 
3.122955223880581 3.024691729323308 5.936592427616926 4.233749999999999 5.0026607142857245 2.0077777777777777 2.492399999999998 0.4095555555555556 0.01 
2.577293532338331 2.6326466165413542 5.776414253897549 5.318749999999999 5.468214285714282 2.4406296296296293 2.2023999999999972 0.01 0.01 
4.737577114427836 3.7276691729323304 7.498329621380846 2.1799999999999997 3.541785714285737 0.6093333333333333 3.443599999999998 0.01 1.710810810810811 
3.154263681592056 4.052120300751881 0.01 0.8625 7.4588571428571555 0.01 5.0443999999999996 0.01 0.01 
2.143447761194011 2.889503759398494 7.057839643652561 6.9075 4.585267857142867 2.3074444444444437 1.5411999999999981 0.01 0.01 
3.512074626865683 3.862857142857141 6.717461024498887 3.4587499999999993 3.654160714285723 1.9744814814814813 2.631599999999999 0.01 0.01 
2.1613383084577436 3.105804511278194 7.137928730512249 4.659999999999999 5.307678571428582 2.407333333333333 1.459999999999999 0.01 0.01 
2.492313432835772 3.4032180451127836 7.157951002227171 4.039999999999999 4.649482142857153 1.8745925925925928 2.0863999999999976 0.01 2.43972972972973 
2.8411791044776464 2.889503759398494 7.137928730512249 3.6137499999999996 5.468214285714282 1.808 2.0168 0.01 4.140540540540541 
2.308935323383025 2.6867218045112793 6.677416481069042 4.46625 5.5805892857142965 2.240851851851852 1.8543999999999983 0.01 0.01 
3.0021940298507843 2.646165413533833 7.358173719376391 3.187499999999999 5.307678571428582 2.0410740740740736 2.387999999999998 0.01 0.01 
3.561273631840777 4.2819398496240595 7.077861915367483 3.807499999999999 3.220714285714294 1.7081111111111111 2.4807999999999986 0.32393650793650797 0.01 
2.4386417910448017 5.51215037593985 0.01 6.403749999999999 5.307678571428582 0.01 1.9007999999999985 4.890285714285714 0.01 
1.324955223880579 4.768616541353385 6.196881959910913 6.752499999999999 3.975232142857152 3.6725925925925926 0.508799999999999 0.01 0.01 
2.0405771144278333 3.4032180451127836 6.997772828507795 4.388749999999999 5.532428571428582 1.2752592592592593 1.6107999999999976 0.01 0.01 
2.3715522388059753 1.9431879699248107 7.057839643652561 3.92375 4.95450000000001 1.9078888888888887 2.1907999999999976 0.01 0.01 
2.5683482587064645 3.3896992481203014 7.097884187082405 4.427499999999999 4.874232142857153 1.8745925925925928 1.6919999999999984 0.01 0.01 
4.330567164179115 4.1332330827067665 4.575077951002227 4.233749999999999 3.509678571428566 1.6415185185185184 3.7219999999999978 0.01 4.140540540540541 
2.1881741293532286 5.579744360902254 0.01 7.914999999999998 5.5805892857142965 0.01 2.4575999999999976 1.8365396825396827 2.1967567567567565 
0.009999999999990905 9.0 0.01 0.010000000000000009 9.000000000000014 0.01 0.009999999999998899 0.01 0.01 
4.983572139303533 4.660466165413535 7.638485523385301 1.715 2.4822499999999934 0.01 3.5363999999999987 0.01 0.01 
3.131900497512447 3.660075187969923 7.978864142538975 3.264999999999999 4.312357142857138 1.941185185185185 1.75 0.01 0.01 
2.908268656716473 2.808390977443608 7.3381514476614695 3.6137499999999996 5.147142857142882 2.0077777777777777 2.2256 0.01 0.01 
2.1345024875622585 2.8354285714285723 7.057839643652561 6.054999999999999 4.906339285714296 2.3074444444444437 1.5411999999999981 0.01 0.01 
2.7875074626865626 2.7813533834586437 7.258062360801782 3.6912499999999993 4.79396428571431 1.9744814814814813 2.387999999999998 0.01 0.01 
4.91200995024883 4.687503759398496 7.578418708240534 2.21875 2.498303571428579 0.7758148148148148 2.8983999999999988 0.01 9.0 
5.310074626865685 3.4978496240601515 7.177973273942094 1.8699999999999994 3.509678571428566 0.4095555555555555 4.093199999999998 0.01 0.7389189189189189 
3.0558656716417545 3.7547067669172947 6.737483296213808 5.008749999999999 3.429410714285723 1.9078888888888887 2.515599999999999 0.01 2.1967567567567565 
1.767746268656765 5.985308270676693 0.01 7.411249999999998 5.933767857142868 0.01 1.970399999999998 1.808 0.01 
3.163208955223922 2.565052631578947 5.536146993318485 1.9087499999999997 6.431428571428583 1.1753703703703702 3.2231999999999985 0.01 4.86945945945946 
2.3804975124378416 3.6735939849624053 7.2380400890868595 4.659999999999999 4.151821428571438 2.2075555555555555 1.6107999999999976 0.01 0.01 
2.7696169154229437 5.714932330827068 0.01 5.6674999999999995 5.11503571428571 0.01 2.283599999999998 4.433650793650794 0.01 
3.4673482587064655 5.769007518796993 1.57173719376392 5.434999999999999 4.328410714285724 0.01 3.8379999999999974 0.01 0.01 
1.9824328358208732 4.254902255639095 0.01 8.535 5.500321428571439 0.4761481481481482 3.211599999999999 2.3217142857142856 0.252972972972973 
2.581766169154207 3.5248872180451123 7.097884187082405 4.9312499999999995 4.392625000000024 2.274148148148148 1.703599999999998 0.01 0.01 
2.1345024875622585 3.4032180451127836 6.697438752783964 4.388749999999999 5.291624999999996 1.3085555555555555 1.831199999999999 0.01 0.01 
2.4118059701493166 3.8358195488721805 7.157951002227171 4.388749999999999 4.2481428571428665 2.1409629629629627 1.5295999999999985 0.01 0.01 
2.662273631840776 4.052120300751881 7.378195991091314 5.706249999999999 3.62205357142858 2.1409629629629627 1.436799999999998 0.01 0.01 
3.073756218905487 4.0386015037593985 7.878752783964365 4.659999999999999 3.220714285714294 1.808 1.8195999999999994 0.01 3.6545945945945943 
2.2999900497512726 3.0787669172932333 7.177973273942094 4.659999999999999 4.8581785714285814 2.0410740740740736 1.6223999999999972 0.01 0.01 
2.8680149253731315 3.6060000000000016 7.3381514476614695 3.303749999999999 4.79396428571431 1.9078888888888887 1.8891999999999989 0.01 2.6827027027027026 
2.8635422885572552 2.49745864661654 6.957728285077951 4.039999999999999 5.757178571428582 2.0077777777777777 2.2139999999999986 0.01 1.4678378378378378 
4.42001990049755 3.9439699248120306 9.0 2.955 3.1725535714285797 0.20977777777777776 2.445999999999998 0.01 0.01 
3.2839701492537188 3.213954887218044 7.958841870824053 3.303749999999999 4.232089285714295 2.0077777777777777 2.074799999999998 0.01 0.01 
