3.5613291925463955 2.5300314960629944 7.157951002227171 3.398022388059702 4.827941747572808 0.9075523349436393 2.331412911084043 0.01 0.01 
4.493832298136567 4.271401574803148 7.177973273942094 3.4651119402985078 3.187048543689315 0.8206924315619969 2.0138611449451895 0.01 0.01 
3.996869565217253 3.138803149606302 7.818685968819598 3.599291044776119 3.6234563106796003 0.8062157809983898 2.0248112058465297 0.01 2.819375 
3.65625465838491 2.3035118110236237 7.137928730512249 3.2302985074626864 4.932679611650485 0.8930756843800322 2.4409135200974417 0.01 3.943125 
3.695341614906738 2.5866614173228353 6.977750556792873 2.995485074626865 4.740660194174751 0.8930756843800322 2.2985627283800243 0.2909375 6.190625 
2.7740062111799944 3.3936377952755894 6.817572383073496 2.9619402985074625 4.25188349514562 0.864122383252818 2.035761266747868 0.01 0.01 
3.131372670807309 2.5017165354330704 7.057839643652561 4.035373134328358 5.421456310679602 0.9654589371980676 1.5758587088915954 0.01 0.01 
2.846596273291766 4.497921259842519 0.01 8.228470149253733 5.596019417475716 0.06790660225442834 2.8241656516443348 1.2586111111111113 2.5384374999999997 
3.578080745341481 3.3511653543307087 7.3381514476614695 2.861305970149254 4.426446601941748 0.8351690821256038 1.981010962241169 0.01 3.1003125 
2.5339006211179367 3.209590551181103 6.917683741648107 2.928395522388059 4.339165048543677 0.8206924315619969 2.3095127892813645 0.01 0.01 
3.8181863354036523 2.4309291338582693 6.977750556792873 3.398022388059702 4.723203883495131 0.9365056360708535 2.4299634591961015 0.01 0.01 
7.241086956521713 3.9740944881889764 5.816458797327393 2.794216417910447 1.5636116504854414 0.1258132045088567 4.7404263093788055 0.01 0.01 
3.0420310559005657 5.347370078740161 0.01 5.544888059701492 4.985048543689317 0.01 1.9919610231425091 5.3478125 0.01 
4.097378881987538 2.9405984251968516 7.958841870824053 2.861305970149254 3.8154757281553344 0.8785990338164251 2.156211936662607 0.01 0.01 
3.700925465838395 3.5493700787401554 6.837594654788418 3.968283582089552 3.1172233009708776 0.8496457326892108 2.55041412911084 0.01 0.01 
5.8004534161490255 2.8698110236220504 7.318129175946547 1.7878731343283583 3.4314368932038803 0.28505636070853463 3.7111205846528614 0.01 4.7859375 
2.79075776397508 4.101511811023622 7.057839643652561 3.062574626865671 4.583553398058243 0.5456360708534621 1.6196589524969562 0.01 3.943125 
0.5683850931676488 2.7848661417322855 6.957728285077951 2.6264925373134336 4.758116504854371 0.9075523349436393 2.068611449451887 0.01 8.7190625 
1.160273291925364 2.7990236220472458 0.01 9.000000000000002 0.7780776699029133 9.0 0.5137028014616316 0.01 0.01 
3.6618385093166808 2.0203622047244085 5.436035634743875 3.196753731343284 6.0149708737864245 0.8206924315619969 2.846065773447017 0.01 6.7524999999999995 
4.063875776397481 2.827338582677166 7.258062360801782 2.4252238805970148 3.6409126213592202 0.9365056360708535 2.922716199756395 0.01 4.2240625 
5.940049689440912 3.0821732283464573 7.378195991091314 2.727126865671641 4.356621359223297 0.7917391304347826 2.2547624847746652 0.01 0.01 
5.5156770186334825 3.705102362204725 9.0 2.5594029850746276 2.663359223300972 0.0968599033816425 2.506613885505481 0.01 0.01 
4.421242236024796 3.6484724409448805 7.258062360801782 2.59294776119403 4.164601941747563 0.21267310789049923 2.5175639464068214 0.01 0.01 
3.5724968944098237 2.1902519685039383 6.957728285077951 3.4986567164179103 5.4738252427184335 0.8785990338164251 2.287612667478686 0.01 1.695625 
5.063385093167653 4.186456692913387 2.7130066815144764 4.3372761194029845 2.6284466019417465 0.5745893719806764 4.488574908647991 0.01 5.066875 
8.659385093167657 0.29314960629921316 0.01 1.4524253731343284 5.159611650485417 0.01 9.0 0.01 0.01 
4.102962732919195 3.705102362204725 7.758619153674833 3.129664179104478 2.9775728155339607 0.7917391304347826 2.035761266747868 0.01 9.0 
3.3379751552794232 2.6432913385826797 7.258062360801782 4.1360074626865675 4.723203883495131 0.8930756843800322 1.805809987819731 0.01 0.01 
2.7740062111799944 3.266220472440944 7.077861915367483 3.3644776119402984 4.2169708737864084 0.8206924315619969 2.0467113276492084 0.01 0.01 
3.9354472049689093 3.8183622047244103 0.01 0.7479850746268659 7.324194174757295 0.01 4.9594275274056026 0.01 0.01 
3.10903726708068 3.138803149606302 7.157951002227171 3.4986567164179103 4.26933980582524 0.8206924315619969 2.1671619975639453 0.01 2.819375 
3.7455962732918806 2.912283464566931 6.997772828507795 3.1632089552238805 4.548640776699031 0.8785990338164251 2.2219123020706464 0.01 0.01 
3.5110745341613665 3.1812755905511825 7.258062360801782 3.0290298507462685 4.932679611650485 0.8062157809983898 1.7620097442143736 0.01 0.01 
5.912130434782512 3.521055118110235 7.738596881959911 1.8214179104477612 2.680815533980592 0.34296296296296297 3.3716686967113274 0.01 3.1003125 
3.9075279503105094 3.4077952755905496 7.978864142538975 2.8277611940298506 3.9027572815533773 0.8496457326892108 1.8496102314250917 0.01 0.01 
3.220714285714166 3.266220472440944 7.097884187082405 4.270186567164179 3.990038834951463 0.9944122383252819 1.805809987819731 0.01 0.01 
3.555745341614852 2.5441889763779546 7.117906458797327 3.8676492537313427 4.356621359223297 0.7917391304347826 2.2547624847746652 0.01 5.3478125 
2.958273291925366 1.6097952755905514 7.057839643652561 3.398022388059702 4.6010097087378625 0.8351690821256038 2.2657125456760037 0.01 0.01 
6.3309192546582835 5.432314960629922 4.414899777282851 5.779701492537313 0.009999999999990905 1.1102254428341385 3.612570036540803 0.01 0.01 
2.6623291925465082 2.5441889763779546 7.057839643652561 5.242985074626866 4.548640776699031 1.0088888888888887 1.6525091352009733 0.01 0.01 
3.3379751552794232 4.540393700787403 0.01 5.846791044776119 5.421456310679602 0.01 2.364263093788062 5.222951388888889 0.01 
2.65116149068308 2.968913385826772 6.837594654788418 4.16955223880597 5.246893203883502 0.1113365539452496 2.112411693057248 0.01 5.3478125 
2.969440993788794 3.365322834645669 6.997772828507795 3.968283582089552 4.182058252427197 0.9799355877616748 1.772959805115712 0.01 2.819375 
2.8186770186334797 2.813181102362206 7.017795100222717 3.83410447761194 4.6010097087378625 0.8785990338164251 1.816760048721071 0.01 0.01 
3.0867018633539374 2.6008188976377955 0.01 5.008171641791045 6.329184466019413 1.4142351046698873 4.061522533495737 0.01 0.01 
2.67908074534148 2.9264409448818913 7.197995545657015 3.968283582089552 4.967592233009697 0.9799355877616748 1.4992082825822175 0.01 0.01 
5.794869565217255 0.009999999999999787 3.43380846325167 4.102462686567164 5.561106796116505 0.8496457326892108 5.649281364190011 0.01 0.01 
3.388229813664566 3.3370078740157485 7.017795100222717 2.727126865671641 4.531184466019397 0.7338325281803543 2.156211936662607 0.01 0.01 
3.645086956521709 3.0963307086614176 7.398218262806235 3.196753731343284 4.112233009708731 0.8351690821256038 1.9262606577344714 0.01 0.01 
8.380192546583771 3.7900472440944863 0.01 3.4315671641791043 1.7207184466019214 0.28505636070853463 7.6421924482338595 0.01 2.819375 
0.009999999999877218 8.999999999999998 0.01 0.010000000000000009 8.999999999999986 0.01 0.20710109622411732 0.01 0.01 
3.0643664596273084 2.5866614173228353 7.0378173719376385 3.6999253731343282 4.810485436893202 0.9944122383252819 1.9372107186358098 0.1972916666666667 7.0334375 
5.314658385093139 4.72444094488189 0.01 5.645522388059701 5.526194174757293 0.01 2.1671619975639453 5.129305555555556 0.01 
2.545068322981251 3.138803149606302 6.997772828507795 3.8005597014925367 5.229436893203882 0.5601127214170692 1.7182095006090128 0.01 0.01 
2.6623291925465082 2.827338582677166 7.177973273942094 3.9347388059701496 5.0025048543689365 1.0088888888888887 1.6415590742996349 0.01 0.01 
2.2379565217389654 5.418157480314962 0.01 6.98731343283582 6.049883495145636 0.01 2.112411693057248 1.758055555555556 0.01 
3.5166583850931374 3.223748031496063 7.218017817371938 2.6935820895522387 4.950135922330105 0.8496457326892108 1.8715103532277704 0.01 0.01 
3.3938136645961094 2.6149763779527557 6.977750556792873 3.330932835820896 4.862854368932048 0.8206924315619969 2.156211936662607 0.01 0.01 
5.8004534161490255 2.968913385826772 7.177973273942094 1.8885074626865672 3.3965242718446547 0.34296296296296297 3.6782704019488426 0.01 4.505 
3.7958509316769096 3.0963307086614176 6.977750556792873 3.599291044776119 4.164601941747563 0.864122383252818 2.156211936662607 0.01 0.01 
3.025279503105594 2.4450866141732295 5.716347438752784 3.6999253731343282 5.264349514563094 0.8351690821256038 2.55041412911084 0.3533680555555556 6.190625 
3.08111801242228 2.997228346456696 6.917683741648107 4.773358208955224 3.885300970873786 0.8785990338164251 2.1014616321559076 0.01 4.7859375 
3.996869565217253 4.866015748031499 4.494988864142539 4.303731343283582 3.7107378640776574 0.01 3.0650669914738122 0.01 0.01 
2.969440993788794 3.4219527559055134 7.2380400890868595 4.035373134328358 3.7281941747572773 0.9654589371980676 1.7182095006090128 0.01 0.01 
3.2039627329190807 3.124645669291338 7.097884187082405 3.83410447761194 4.513728155339805 0.8206924315619969 1.7948599269183925 0.01 0.01 
3.3156397515526805 3.4785826771653543 6.977750556792873 4.605634328358208 3.955126213592223 0.9075523349436393 1.6744092570036537 0.01 0.01 
4.454745341614853 4.0731968503937015 7.478307349665924 2.8277611940298506 3.256873786407766 0.0968599033816425 2.6599147381242387 0.01 0.01 
2.8186770186334797 3.5493700787401554 7.117906458797327 4.035373134328358 4.7755728155339625 0.5745893719806764 1.4444579780755182 0.01 0.01 
4.119714285714167 3.0821732283464573 7.278084632516703 2.458768656716418 4.4962718446601855 0.8351690821256038 2.1343118148599265 0.2909375 4.7859375 
3.321223602484338 3.8183622047244103 7.378195991091314 4.941082089552239 3.152135922330089 0.9365056360708535 1.553958587088915 0.01 0.01 
4.125298136645938 4.342188976377953 4.394877505567928 4.437910447761194 4.2169708737864084 0.01 3.1307673568818517 0.01 0.01 
3.6618385093166808 3.719259842519685 7.3381514476614695 2.59294776119403 4.391533980582508 0.16924315619967795 2.3423629719853833 0.01 0.01 
2.8912670807452514 3.2803779527559076 7.157951002227171 4.1360074626865675 4.566097087378651 0.8930756843800322 1.5649086479902552 0.01 0.01 
8.999999999999886 3.9316220472440957 6.317015590200445 1.0834328358208956 0.5511456310679392 0.1258132045088567 5.671181485992693 0.01 0.01 
4.063875776397481 2.6999212598425206 7.498329621380846 2.59294776119403 3.536174757281543 0.9365056360708535 2.7365651644336184 0.01 6.190625 
2.969440993788794 5.5455748031496075 0.01 5.142350746268657 4.985048543689317 0.01 2.419013398294763 4.317708333333333 0.01 
4.477080745341482 2.416771653543309 3.714120267260579 5.108805970149254 4.25188349514562 0.8785990338164251 3.9739220462850176 0.01 0.01 
3.5445776397514237 2.6008188976377955 7.137928730512249 3.129664179104478 5.159611650485417 0.7917391304347826 2.1014616321559076 0.01 4.7859375 
4.008037267080681 4.766913385826774 0.01 4.974626865671642 4.548640776699031 2.0512077294685986 0.009999999999999787 9.0 0.01 
3.7958509316769096 2.5017165354330704 7.017795100222717 2.6264925373134336 4.845398058252428 0.9365056360708535 2.52851400730816 0.01 0.01 
2.857763975155194 3.308692913385828 7.177973273942094 3.8676492537313427 4.3042524271844655 0.6614492753623189 1.9153105968331312 0.01 0.01 
3.002944099378851 4.752755905511814 0.01 5.3771641791044775 5.857864077669902 0.01 2.210962241169306 4.910798611111112 0.01 
4.421242236024796 4.214771653543307 4.795322939866369 4.102462686567164 3.693281553398066 0.01 3.404518879415348 0.01 0.01 
2.6734968944098227 2.6008188976377955 7.057839643652561 5.980970149253731 4.1995145631067885 1.0088888888888887 1.6525091352009733 0.01 0.01 
5.191813664596111 3.3370078740157485 0.01 3.5657462686567163 3.4838058252427118 0.4877294685990338 6.612886723507917 0.01 0.01 
3.8796086956521094 3.4077952755905496 5.756391982182628 2.861305970149254 4.513728155339805 0.8062157809983898 2.8132155907429963 0.01 0.01 
2.3328819875774798 4.752755905511814 0.01 7.792388059701493 4.967592233009697 0.06790660225442834 2.8679658952496956 2.007777777777778 0.01 
3.583664596273138 2.7990236220472458 7.218017817371938 3.4315671641791043 4.7755728155339625 0.8351690821256038 2.123361753958588 0.01 3.1003125 
2.846596273291766 4.4129763779527575 0.01 8.530373134328359 4.112233009708731 0.1258132045088567 2.977466504263094 3.3188194444444448 0.01 
7.012149068322856 3.4219527559055134 0.01 4.16955223880597 3.4314368932038803 0.47325281803542674 6.328185140073082 0.01 0.01 
2.6958322981365654 2.5017165354330704 7.2380400890868595 4.303731343283582 4.740660194174751 0.9365056360708535 1.7620097442143736 0.01 7.314375 
2.4724782608694795 4.030724409448817 0.01 7.389850746268658 5.194524271844671 0.21267310789049923 3.22931790499391 2.5384375 0.2909375 
4.326316770186281 5.616362204724412 1.57173719376392 4.706268656716418 3.9202135922330115 0.01 3.82062119366626 0.01 0.01 
4.538503105590053 3.0821732283464573 6.677416481069042 3.1632089552238805 3.675825242718446 0.8785990338164251 2.933666260657735 0.01 3.1003125 
3.578080745341481 3.4785826771653543 7.498329621380846 2.794216417910447 4.7755728155339625 0.864122383252818 1.7182095006090128 0.01 0.01 
6.0461428571427405 4.72444094488189 7.718574610244989 1.8549626865671642 1.9301941747572755 0.2271497584541063 2.9446163215590753 0.01 0.01 
3.5166583850931374 1.6664251968503923 6.517238307349666 2.7606716417910446 5.753126213592239 0.9075523349436393 2.670864799025579 0.01 6.7524999999999995 
6.124316770186283 3.8325196850393706 7.6985523385300665 1.2847014925373135 2.6284466019417465 0.25610305958132046 3.5906699147381245 0.01 0.01 
4.583173913043311 3.705102362204725 7.097884187082405 1.3853358208955224 4.182058252427197 0.24162640901771337 2.6599147381242387 0.4782291666666667 6.7524999999999995 
3.4552360248446803 5.559732283464568 0.01 4.907537313432836 4.7755728155339625 0.01 2.3533130328867236 4.848368055555556 0.01 
4.236975155279424 2.6999212598425206 7.3381514476614695 4.102462686567164 3.9376699029126314 0.8496457326892108 2.287612667478686 0.01 3.3812499999999996 
3.131372670807309 2.6149763779527557 7.137928730512249 4.370820895522388 5.037417475728148 0.9509822866344606 1.6744092570036537 0.01 0.01 
2.8130931677018225 5.559732283464568 0.01 6.4841417910447765 5.316718446601939 0.01 2.462813641900122 2.101423611111111 0.01 
2.9750248447203376 2.8556535433070867 6.817572383073496 3.0961194029850745 4.810485436893202 0.7627858293075684 2.3204628501827047 0.01 0.01 
1.6516521739129075 4.568708661417324 6.196881959910913 5.846791044776119 3.536174757281543 1.6024315619967795 0.6779537149817294 0.01 0.01 
6.738540372670741 3.8183622047244103 7.458285077951002 0.5802611940298508 2.6109902912621266 0.14028985507246378 3.9410718635809987 0.01 4.505 
