3.4945808019442666 5.957929292929297 8.29801007556675 1.6918027210884354 6.499022556390969 0.16924315619967795 3.1870680044593076 0.01 0.01 
4.395765492102214 5.935227272727278 8.026272040302267 0.5909863945578226 6.2286466165413685 0.24162640901771337 3.4777146042363434 0.4782291666666667 6.97 
4.166373025516577 5.526590909090913 8.682972292191437 2.1504761904761907 6.00333333333333 0.8351690821256038 2.796198439241918 0.01 4.07 
2.5169319562577357 5.027146464646467 7.573375314861461 2.7926190476190476 7.242556390977427 0.5745893719806764 2.8062207357859528 0.01 0.01 
4.144526123936998 9.000000000000004 1.7762972292191437 3.618231292517007 5.890676691729311 0.01 4.540078037904124 0.01 0.01 
0.4687849331716052 4.459595959595962 7.867758186397985 1.7223809523809523 6.9721804511278265 0.9075523349436393 2.9365105908584166 0.01 9.0 
3.8222843256380656 5.027146464646467 8.841486146095718 2.609149659863945 5.507644110275692 0.8062157809983898 2.8964214046822754 0.01 2.91 
5.586421628189669 4.595808080808087 8.275365239294711 0.9579251700680269 5.259799498746872 0.28505636070853463 4.439855072463768 0.01 4.94 
3.3798845686513914 4.1644696969697 8.071561712846348 2.1810544217687076 7.490401002506246 0.7917391304347826 2.9665774804905247 0.01 4.94 
4.199143377885889 5.799015151515153 7.5960201511335015 2.058741496598639 4.9443609022556245 0.864122383252818 3.497759197324415 0.01 0.01 
3.478195625759554 4.959040404040408 8.365944584382872 2.2422108843537414 6.138521303258159 0.8351690821256038 2.8062207357859528 0.01 0.01 
6.39475698663432 5.186060606060611 8.116851385390428 0.8050340136054419 4.741578947368396 0.18371980676328503 4.76056856187291 0.01 0.88 
3.8878250303768027 4.32338383838384 8.479168765743074 1.6918027210884354 5.394987468671673 0.9365056360708535 3.5478706800445945 0.01 6.39 
3.418116646415683 4.482297979797984 8.162141057934509 2.4562585034013606 6.994711779448608 0.8351690821256038 2.986622073578596 0.01 3.1999999999999997 
3.155953827460621 5.571994949494954 7.890403022670025 3.526496598639456 5.93573934837093 0.9075523349436393 2.5757079152731333 0.01 0.01 
3.6475091130014334 3.892045454545457 7.890403022670025 2.4256802721088437 6.9271177944862075 0.9365056360708535 3.2672463768115936 0.01 0.01 
2.8883292831108065 8.568661616161624 0.01 4.382687074829932 7.265087719298236 0.01 2.8663545150501655 5.3478125 0.01 
5.996051032806918 7.138434343434344 8.637682619647356 0.6827210884353738 3.2995739348370705 0.01 4.279498327759196 0.01 0.01 
4.586925880923559 8.023813131313137 0.01 0.009999999999999787 8.098746867167932 0.01 5.8129096989966555 0.01 0.01 
3.8878250303768027 4.527702020202021 8.20743073047859 1.5389115646258504 5.530175438596501 0.9365056360708535 3.7182497212931995 0.01 4.359999999999999 
3.9042102065615154 5.049848484848489 8.524458438287153 2.333945578231293 5.66536340852133 0.8496457326892108 3.006666666666666 0.01 0.01 
5.968742405832472 7.728686868686868 0.01 1.355442176870748 6.273709273182959 0.15476650563607086 6.113578595317724 0.01 2.3299999999999996 
5.695656136087564 5.640101010101013 8.750906801007556 0.9885034013605438 4.290952380952405 0.34296296296296297 4.129163879598661 0.01 3.1999999999999997 
4.291992709599185 3.8693434343434383 4.199294710327456 3.9851700680272115 6.31877192982455 0.8785990338164251 4.680390189520624 0.01 0.01 
2.4295443499394196 8.704873737373742 8.32065491183879 3.618231292517007 4.471203007518795 0.24162640901771337 1.9443032329988856 0.01 3.4899999999999998 
2.527855407047582 4.1644696969697 7.980982367758187 4.780204081632654 6.25117794486215 1.0088888888888887 2.555663322185061 0.01 0.01 
2.899252733900539 4.459595959595962 7.211057934508816 2.058741496598639 6.949649122807017 0.8496457326892108 3.3975362318840574 0.01 6.97 
8.39921020656152 6.729797979797983 8.388589420654911 0.46867346938775456 3.795263157894709 0.03895330112721417 4.409788182831662 0.01 2.91 
5.5809599027948025 0.010000000000001563 3.8822670025188915 3.0678231292517006 8.008621553884723 0.8496457326892108 6.213801560758082 0.01 0.01 
6.1052855407049265 8.704873737373742 4.991863979848866 4.5967346938775515 0.8436591478696869 1.1102254428341385 4.349654403567447 0.01 0.01 
2.8173268529770894 5.481186868686869 8.184785894206549 3.006666666666667 5.642832080200492 0.9654589371980676 2.6157971014492745 0.01 0.01 
2.6425516403403435 6.4800757575757615 4.040780856423174 3.7711224489795923 7.242556390977427 0.01 3.2572240802675587 2.3823611111111114 0.01 
8.109738760632013 6.0714393939393965 0.01 2.4562585034013606 3.051729323308251 0.28505636070853463 8.037859531772574 0.01 2.91 
8.715990279465473 6.298459595959599 7.143123425692695 0.31578231292517 1.5421303258145258 0.1258132045088567 6.233846153846153 0.01 0.01 
2.932023086269851 4.1644696969697 0.01 3.89343537414966 9.0 1.4142351046698873 4.76056856187291 0.01 0.01 
3.450886998784995 6.5027777777777835 8.162141057934509 2.4562585034013606 6.408897243107788 0.7048792270531401 2.4153511705685613 0.01 0.01 
3.1668772782504675 4.482297979797984 7.867758186397985 3.7711224489795923 6.386365914786978 0.9654589371980676 2.76613154960981 0.01 0.01 
3.920595382746228 4.709318181818183 9.0 1.9364285714285712 5.755488721804511 0.8785990338164251 3.0166889632107026 0.01 0.01 
2.855558930741381 5.753611111111116 8.094206549118388 2.7926190476190476 5.7780200501253205 0.9365056360708535 2.545641025641025 0.01 0.01 
2.413159173754707 3.84664141414142 7.845113350125945 3.0678231292517006 7.467869674185465 0.9799355877616748 2.675930880713489 0.01 6.97 
2.719015795868927 4.482297979797984 8.116851385390428 3.006666666666667 6.6342105263157976 0.8930756843800322 2.6258193979933093 0.01 0.01 
2.5387788578374284 4.686616161616165 7.980982367758187 3.0372448979591837 6.724335839599007 0.9944122383252819 2.6358416945373477 0.01 2.6199999999999997 
3.543736330498291 4.959040404040408 6.373198992443325 2.2422108843537414 6.9721804511278265 0.7483091787439614 3.608004459308807 0.01 2.6199999999999997 
2.790018226002644 7.59247474747475 0.01 6.676054421768708 6.679273182957388 0.01 4.03896321070234 1.6956250000000004 0.01 
1.0477278250305062 4.482297979797984 0.01 7.532244897959185 1.8350375939849641 9.0 1.5133444816053512 0.01 0.01 
3.4891190765492865 3.4834090909090953 7.980982367758187 2.67030612244898 7.355213032581474 0.8351690821256038 3.126934225195093 0.01 0.01 
5.974204131227339 4.959040404040408 8.547103274559195 0.7132993197278912 4.741578947368396 0.19819645732689212 4.610234113712373 0.01 0.01 
3.6038153098421617 4.913636363636368 8.841486146095718 2.2727891156462583 5.507644110275692 0.8062157809983898 3.0267112597547374 0.01 8.13 
3.6638942891860324 6.0941414141414185 8.90942065491184 3.006666666666667 4.336015037593995 0.7917391304347826 2.796198439241918 0.01 4.359999999999999 
3.3143438639126543 3.982853535353538 8.20743073047859 2.2422108843537414 6.544085213032588 0.864122383252818 3.287290969899665 0.01 0.01 
3.8659781287972237 4.800126262626268 6.441133501259445 2.2116326530612245 6.679273182957388 0.8062157809983898 3.658115942028985 0.01 0.01 
3.412654921020817 5.367676767676773 8.29801007556675 1.9364285714285712 6.544085213032588 0.8351690821256038 2.8563322185061306 0.01 3.1999999999999997 
3.5765066828677163 4.663914141414146 7.913047858942066 2.2116326530612245 6.701804511278198 0.8785990338164251 3.076822742474917 0.01 0.01 
4.352071688943056 4.936338383838386 7.550730478589421 2.2116326530612245 5.575238095238092 0.8785990338164251 3.728272017837236 0.01 3.1999999999999997 
3.412654921020817 5.571994949494954 8.479168765743074 1.875272108843537 6.994711779448608 0.864122383252818 2.6157971014492745 0.01 0.01 
4.991093560145941 5.344974747474751 0.01 2.5785714285714283 5.3273934837092725 0.4877294685990338 7.0957636566332205 0.01 0.01 
2.1018408262456205 8.682171717171716 0.01 5.697551020408163 8.639498746867162 0.01 2.9765997770345596 1.758055555555556 0.01 
3.4891190765492865 3.687727272727276 8.071561712846348 2.2727891156462583 7.197493734335836 0.8930756843800322 3.2772686733556284 0.01 4.07 
2.7080923450791943 5.2995707070707105 8.116851385390428 2.8537755102040814 6.386365914786978 0.6614492753623189 2.796198439241918 0.01 0.01 
3.2924969623330753 8.909191919191922 0.01 3.801700680272109 6.994711779448608 0.01 3.1970903010033442 4.848368055555556 0.01 
2.8227885783719557 5.41308080808081 8.048916876574307 2.1198979591836737 6.589147869674207 0.9944122383252819 2.685953177257524 0.01 0.01 
2.5060085054678893 4.754722222222224 7.731889168765743 3.1289795918367354 7.603057644110294 0.1113365539452496 2.9765997770345596 0.01 5.52 
3.833207776427912 7.637878787878794 0.01 3.862857142857143 6.701804511278198 2.0512077294685986 1.0523188405797095 9.0 0.01 
3.7949756986636203 4.187171717171719 7.890403022670025 2.2422108843537414 6.904586466165426 0.8785990338164251 3.0166889632107026 0.01 0.01 
2.697168894289348 7.070328282828289 0.01 7.104149659863946 6.138521303258159 0.1258132045088567 3.7683612040133774 3.3188194444444448 0.01 
3.915133657351248 5.41308080808081 8.818841309823679 2.36452380952381 5.620300751879682 0.7483091787439614 2.8663545150501655 0.01 0.01 
5.586421628189669 4.754722222222224 8.116851385390428 1.049659863945578 5.214736842105282 0.34296296296296297 4.409788182831662 0.01 4.6499999999999995 
2.871944106926094 3.914747474747479 6.463778337531486 2.700884353741497 7.625588972431075 0.8351690821256038 3.377491638795986 0.3533680555555556 6.39 
2.6643985419200362 8.909191919191922 0.01 5.238877551020408 7.693182957393475 0.01 3.2973132664437017 2.101423611111111 0.01 
0.010000000000104592 6.048737373737374 7.256347607052897 3.832278911564626 6.589147869674207 2.557890499194847 0.009999999999999787 3.7246180555555557 0.01 
3.3744228432566388 4.11906565656566 7.935692695214106 1.7835374149659857 7.625588972431075 0.8206924315619969 3.1369565217391315 0.01 0.01 
2.850097205346515 7.615176767676775 0.01 4.229795918367347 8.391654135338342 0.01 3.0668004459308804 4.910798611111112 0.01 
4.057138517618682 4.32338383838384 8.29801007556675 3.0678231292517006 5.913208020050149 0.8496457326892108 3.1369565217391315 0.01 3.4899999999999998 
2.1018408262456205 6.775202020202023 6.078816120906802 9.0 0.009999999999990905 2.44207729468599 0.45098104793757 6.877361111111112 0.01 
4.630619684082831 6.321161616161621 8.116851385390428 2.333945578231293 4.1332330827067665 0.18371980676328503 3.2572240802675587 2.1638541666666664 0.01 
2.6698602673149026 5.6855050505050535 8.048916876574307 3.006666666666667 6.994711779448608 0.5745893719806764 2.3652396878483835 0.01 0.01 
3.221494532199472 8.455151515151517 0.01 4.413265306122449 7.062305764411008 0.01 3.1169119286510583 4.973229166666667 2.3299999999999996 
4.237375455650181 5.844419191919194 8.20743073047859 1.6918027210884354 6.206115288220559 0.21267310789049923 3.3474247491638796 0.01 0.01 
3.696664641555458 4.482297979797984 8.615037783375314 1.6000680272108843 7.174962406015027 0.8206924315619969 2.9665774804905247 0.01 3.4899999999999998 
2.8173268529770894 5.390378787878792 7.913047858942066 2.945510204081633 6.2286466165413685 0.9799355877616748 2.665908584169454 0.01 2.91 
2.6425516403403435 6.570883838383843 7.980982367758187 2.1198979591836737 6.746867167919788 0.5456360708534621 2.5255964325529545 0.01 4.07 
2.697168894289348 7.206540404040407 0.01 6.828945578231293 8.053684210526313 0.06790660225442834 3.628049052396877 1.2586111111111113 2.6199999999999997 
2.740862697448506 5.25416666666667 8.094206549118388 3.0984013605442176 6.724335839599007 0.8930756843800322 2.475484949832776 0.01 0.01 
3.352575941676946 5.163358585858592 8.162141057934509 1.7835374149659857 7.220025062656646 0.8496457326892108 2.756109253065775 0.01 0.01 
4.412150668286927 6.275757575757577 5.467405541561713 1.9364285714285712 6.476491228070188 0.01 4.359676700111482 0.01 0.01 
4.865473876063334 6.707095959595964 3.067052896725441 3.28187074829932 4.223358395989976 0.5745893719806764 5.151438127090302 0.01 5.2299999999999995 
6.476682867557884 5.481186868686869 7.573375314861461 2.058741496598639 5.620300751879682 0.8785990338164251 3.417580824972129 0.01 0.01 
3.0631044957474387 5.2314646464646515 8.026272040302267 3.220714285714286 5.980802005012549 0.9944122383252819 2.6959754738015604 0.01 0.01 
2.806403402187243 2.5753282828282877 7.980982367758187 2.4256802721088437 6.769398496240598 0.8351690821256038 3.1169119286510583 0.01 0.01 
5.449878493317215 7.47896464646465 8.841486146095718 0.8356122448979588 3.637543859649128 0.01 4.079052396878483 0.01 0.01 
3.3471142162820797 5.095252525252526 8.20743073047859 2.089319727891156 7.197493734335836 0.8062157809983898 2.6558862876254175 0.01 0.01 
2.5333171324424484 5.049848484848489 7.822468513853905 2.67030612244898 7.400275689223065 0.8930756843800322 2.4454180602006694 0.01 0.01 
3.707588092345304 5.458484848484851 6.509068010075567 1.9364285714285712 6.656741854636607 0.8062157809983898 3.618026755852842 0.01 0.01 
3.942442284325807 4.936338383838386 8.23007556675063 1.5694897959183673 6.6342105263157976 0.8351690821256038 2.996644370122631 0.2909375 4.94 
3.1778007290402 7.2746464646464695 0.01 4.657891156462585 7.8283709273183035 0.01 3.207112597547379 5.222951388888889 0.01 
2.6261664641557445 5.2314646464646515 8.003627204030227 2.395102040816327 6.273709273182959 0.8206924315619969 2.916465997770345 0.01 0.01 
2.95386998784943 5.027146464646467 8.094206549118388 2.5174149659863945 6.341303258145359 0.8206924315619969 3.0267112597547374 0.01 2.91 
2.6698602673149026 4.505000000000003 7.935692695214106 2.8231972789115645 6.769398496240598 0.8785990338164251 2.7059977703455953 0.01 0.01 
4.237375455650181 6.752500000000001 5.422115869017633 3.0678231292517006 5.597769423558901 0.01 4.159230769230769 0.01 0.01 
3.467272174969821 4.4368939393939435 8.026272040302267 1.997585034013605 7.017243107769417 0.9509822866344606 3.1169119286510583 0.01 0.01 
3.5273511543135783 4.141767676767678 7.890403022670025 2.058741496598639 6.949649122807017 0.8930756843800322 3.1469788182831664 0.2909375 6.39 
6.9955467800730275 6.366565656565658 6.577002518891687 1.875272108843537 2.848947368421051 0.1258132045088567 5.381950947603121 0.01 0.01 
3.549198055893271 4.959040404040408 7.686599496221663 2.36452380952381 6.476491228070188 0.864122383252818 3.1770457079152727 0.01 0.01 
9.000000000000114 3.6650252525252576 0.01 0.3463605442176869 4.809172932330824 0.0968599033816425 9.0 0.01 0.01 
3.0849513973270177 4.1644696969697 8.116851385390428 2.303367346938776 6.138521303258159 0.8930756843800322 3.377491638795986 0.01 0.01 
3.8386695018226646 5.2314646464646515 7.573375314861461 3.006666666666667 5.079548872180453 0.8206924315619969 3.577937569676701 0.01 0.01 
6.771616038882257 5.481186868686869 0.01 3.1289795918367354 5.259799498746872 0.47325281803542674 6.835183946488295 0.01 0.01 
