0.009999999999990905 9.0 0.01 0.17465201465201474 9.0 0.01 1.0293122676579936 0.01 0.01 
2.5594029850745983 3.709089376053967 7.218017817371938 3.533553113553114 4.410819047619057 0.7048792270531401 2.015204460966543 0.01 0.01 
2.2594732221245977 5.270590219224285 0.01 5.6081684981684985 4.975904761904772 0.01 2.4914405204460977 8.56934131736527 0.01 
4.335302897278325 4.163895446880272 7.578418708240534 2.051684981684982 2.06485714285715 0.34296296296296297 3.109711895910782 0.01 9.0 
3.9722300263388206 2.3143507588532906 0.6707349665924276 4.027509157509158 5.540990476190487 0.19819645732689212 4.889330855018587 0.01 6.813243243243244 
3.210566286215908 2.663035413153459 6.677416481069042 3.2701098901098904 3.777238095238104 0.8785990338164251 3.109711895910782 0.01 2.6827027027027026 
2.5594029850745983 2.071787521079262 7.097884187082405 3.1054578754578754 5.28413333333333 0.8496457326892108 2.4830855018587368 0.01 0.01 
2.7922431957857725 1.783743676222599 5.536146993318485 1.7882417582417585 6.260190476190488 0.5166827697262479 3.3436524163568775 0.01 4.86945945945946 
2.1608121158910762 2.3446711635750432 6.377082405345211 3.1054578754578754 4.821790476190486 0.8496457326892108 2.833996282527882 0.01 5.841351351351351 
1.896400351185207 2.4962731871838137 7.197995545657015 4.060439560439561 5.044399999999996 0.9799355877616748 2.015204460966543 0.01 0.01 
1.884561018437239 2.0869477234401366 7.057839643652561 5.311794871794872 4.633428571428581 1.0088888888888887 2.1321747211895916 0.01 0.01 
2.09372256365225 1.0863743676222626 7.057839643652561 3.5006227106227117 4.68480000000001 0.8351690821256038 2.6000557620817846 0.01 0.01 
3.1000658472344185 3.239123102866781 6.717461024498887 3.1054578754578754 3.297771428571437 0.864122383252818 2.917546468401487 0.01 0.01 
4.378713784020988 4.527740303541318 0.01 2.3480586080586083 4.3080761904762 0.15476650563607086 5.0982063197026015 0.01 1.953783783783784 
1.9437576821773064 2.2082293423271544 6.897661469933184 3.82992673992674 4.975904761904772 0.6469726247987118 2.382825278810409 0.01 0.01 
2.5791352063213253 2.678195615514337 7.398218262806235 3.3030402930402936 4.205333333333343 0.8351690821256038 2.3410501858736072 0.01 0.01 
0.07314310798938095 3.405885328836426 6.4171269487750555 5.015421245421246 4.5478095238095335 2.557890499194847 0.010000000000000675 6.4160479041916165 0.01 
2.216062335381821 2.0414671163575058 7.057839643652561 4.126300366300367 5.489619047619058 0.9654589371980676 2.0736895910780673 0.01 0.01 
3.9011940298506715 3.3300843170320427 9.0 2.677362637362638 2.784057142857151 0.0968599033816425 2.7838661710037176 0.01 0.01 
4.177445127304509 0.1767622259696502 3.7741870824053447 4.192161172161173 4.633428571428581 0.690402576489533 5.0063011152416355 0.01 0.01 
2.038472344161505 1.9201854974704915 6.677416481069042 3.9616483516483516 5.352628571428582 0.9799355877616748 2.357760223048328 0.01 0.01 
4.745733099209815 3.026880269814505 6.697438752783964 3.1054578754578754 3.811485714285709 0.8785990338164251 2.850706319702603 0.01 0.01 
1.793792800702363 2.799477234401351 6.917683741648107 3.03959706959707 4.4279428571428525 0.8206924315619969 2.633475836431227 0.01 0.01 
5.377164179104398 0.010000000000001563 0.01 5.245934065934066 3.486133333333342 1.182608695652174 6.535269516728626 0.01 8.271081081081082 
6.134881474977988 3.860691399662734 7.418240534521158 1.393076923076923 2.424457142857136 0.03895330112721417 3.677853159851301 0.01 2.43972972972973 
1.7069710272168095 4.088094435075888 0.01 7.880366300366302 5.540990476190487 0.1258132045088567 3.0512267657992576 3.29377245508982 1.224864864864865 
4.201123792800672 2.663035413153459 7.378195991091314 2.842014652014652 4.445066666666676 0.7917391304347826 2.5917007434944237 0.01 0.01 
6.363775241439839 3.5726475548060748 6.317015590200445 1.2284249084249086 0.7120761904761821 0.1258132045088567 5.19846654275093 0.01 0.01 
9.0 1.2986172006745385 0.01 2.3480586080586083 0.010000000000005116 0.18371980676328503 9.000000000000002 0.01 5.841351351351351 
1.959543459174597 5.407032040472178 0.01 7.320549450549451 4.9587809523809625 0.08238325281803542 2.850706319702603 2.86311377245509 0.01 
2.82776119402979 2.7236762225969677 7.818685968819598 3.698205128205128 3.7258666666666755 0.8062157809983898 2.4162453531598524 0.01 2.43972972972973 
1.8214179104477353 5.179629005059024 7.358173719376391 4.7849084249084255 2.938171428571451 0.24162640901771337 1.6225185873605952 0.01 2.9256756756756754 
2.0147936786654554 4.088094435075888 0.01 8.538974358974361 4.205333333333343 0.1258132045088567 3.1431319702602236 5.71622754491018 0.01 
3.0606014047409644 5.376711635750425 1.57173719376392 4.7849084249084255 4.016971428571438 0.01 3.7864684014869887 0.01 0.01 
2.0147936786654554 4.179055649241146 0.01 8.242600732600735 5.6608571428571395 0.06790660225442834 3.026161710037174 2.1632934131736525 2.1967567567567565 
3.770961369622455 3.1936424957841503 4.194654788418708 4.554395604395604 3.4690095238095466 0.7772624798711756 3.468977695167287 1.4634730538922158 4.140540540540541 
2.437063213345027 1.374418212478922 5.456057906458797 4.422673992673992 4.650552380952391 1.0233655394524959 3.184907063197027 0.01 0.01 
2.0463652326601505 2.8752782462057347 7.157951002227171 4.225091575091576 4.650552380952391 0.8930756843800322 2.0653345724907064 0.01 0.01 
2.2002765583845303 2.7236762225969677 7.157951002227171 3.5994139194139194 4.359447619047629 0.8206924315619969 2.5248605947955394 0.01 2.43972972972973 
2.294991220368729 2.147588532883642 7.177973273942094 3.368901098901099 4.205333333333343 0.8930756843800322 2.8172862453531593 0.01 0.01 
3.980122914837466 3.9213322091062395 7.53837416481069 0.964981684981685 2.8011809523809745 0.16924315619967795 3.5358178438661714 0.01 0.01 
1.8095785776996536 1.9353456998313696 6.937706013363028 4.192161172161173 5.215638095238106 0.9799355877616748 2.2324349442379186 0.01 5.841351351351351 
2.7646180860402865 3.011720067453627 7.978864142538975 2.940805860805861 3.999847619047614 0.8496457326892108 2.282565055762083 0.01 0.01 
2.101615452151009 3.026880269814505 7.2380400890868595 4.126300366300367 3.828609523809533 0.9654589371980676 2.182304832713754 0.01 0.01 
3.3684240561896104 5.043187183811131 7.518351893095768 0.010000000000000009 3.1950285714285798 0.05342995169082126 2.9927416356877323 0.01 0.01 
2.5357243195785486 1.9201854974704915 6.85761692650334 3.006666666666667 5.215638095238106 0.864122383252818 2.6919609665427515 0.01 0.01 
4.34319578577697 4.194215851602028 7.658507795100222 0.6027472527472528 2.7669333333333412 0.16924315619967795 3.468977695167287 0.01 0.01 
1.9950614574187284 2.3749915682967995 7.017795100222717 3.9287179487179493 4.68480000000001 0.8785990338164251 2.2574999999999994 0.01 0.01 
0.4046444249341903 2.3446711635750432 6.957728285077951 2.7432234432234437 4.838914285714296 0.9075523349436393 2.449665427509294 0.01 7.542162162162162 
2.7133143107988644 3.4362057335581824 7.878752783964365 4.126300366300367 2.8354285714285794 0.7917391304347826 2.3326951672862464 0.01 3.6545945945945943 
2.1726514486390442 2.2537099494097816 7.097884187082405 4.38974358974359 4.804666666666662 0.9365056360708535 2.182304832713754 0.01 5.112432432432432 
2.3620807726074418 4.2245362563237805 0.01 5.904542124542125 5.489619047619058 0.01 2.6752509293680298 9.0 0.01 
3.3802633889375784 1.8140640809443553 0.01 4.488534798534799 6.15744761904763 0.5601127214170692 5.106561338289962 0.01 0.01 
6.568990342405641 1.8140640809443553 0.01 1.2613553113553118 3.1950285714285798 0.0968599033816425 7.504451672862453 0.01 0.01 
2.5278314310799033 1.7079426644182156 6.957728285077951 3.5994139194139194 5.540990476190487 0.8785990338164251 2.6167657992565063 0.01 1.4678378378378378 
2.6580640913081197 1.9505059021922442 6.8776391982182625 2.973736263736264 4.787542857142867 0.9075523349436393 2.7922211895910785 0.01 7.299189189189189 
2.1410798946443492 1.9808263069140004 5.716347438752784 3.7969963369963375 5.335504761904758 0.8351690821256038 2.8172862453531593 0.6021556886227546 5.355405405405405 
2.7014749780508964 1.9656661045531223 6.977750556792873 3.5006227106227117 4.804666666666662 0.9365056360708535 2.7253810408921932 0.01 0.01 
4.102462686567151 2.4356323777403084 7.318129175946547 1.9199633699633702 3.5375047619047706 0.28505636070853463 3.7029182156133835 0.01 4.140540540540541 
2.6975285338015738 3.117841483979767 6.737483296213808 4.422673992673992 3.0580380952381034 0.8351690821256038 2.833996282527882 0.01 2.1967567567567565 
3.3802633889375784 4.724822934232719 0.01 0.8991208791208793 5.695104761904773 0.01 4.847555762081786 0.01 0.01 
2.184490781387126 2.147588532883642 0.01 5.081282051282052 6.38005714285714 1.4142351046698873 3.9702788104089226 0.01 0.01 
1.8806145741878026 2.177908937605398 6.8776391982182625 3.6652747252747258 5.352628571428582 1.0088888888888887 2.199014869888477 0.01 5.841351351351351 
2.8672256365231306 2.1324283305227674 7.358173719376391 3.1383882783882786 4.13683809523809 0.9075523349436393 2.7253810408921932 0.01 8.514054054054053 
2.6304389815627474 2.678195615514337 6.797550111358574 3.4347619047619053 4.4621904761905 0.864122383252818 2.650185873605948 0.01 0.01 
2.03057945566286 2.3598313659359214 7.177973273942094 4.126300366300367 4.582057142857153 0.8930756843800322 2.190659851301115 0.01 0.01 
4.398446005267715 4.133575042158519 7.638485523385301 1.623589743589744 2.0477333333333263 0.01 3.569237918215613 0.01 0.01 
3.67230026338882 2.9359190556492436 0.01 3.6652747252747258 3.588876190476199 0.4877294685990338 5.9169981412639405 0.01 0.01 
1.9003467954345297 2.4962731871838137 7.057839643652561 4.15923076923077 4.650552380952391 0.9944122383252819 2.199014869888477 0.01 2.1967567567567565 
1.5609525899911887 5.6192748735244535 0.01 6.464358974358975 5.729352380952392 0.01 2.4413104089219333 3.401437125748503 0.01 
0.8229675153643257 2.3598313659359214 0.01 9.0 0.9346857142857345 9.0 1.2632527881040891 0.01 0.01 
2.902743634767262 3.3300843170320427 7.758619153674833 3.2371794871794872 3.0922857142857083 0.7917391304347826 2.4246003717472124 0.01 7.785135135135135 
4.003801580333516 4.360978077571673 7.818685968819598 1.7882417582417585 2.3045904761904836 0.01 3.402137546468402 0.01 0.01 
2.8593327480244852 2.5720741989881972 5.696325167037862 3.2701098901098904 4.6163047619047575 0.8062157809983898 3.0512267657992576 0.01 0.01 
0.7361457418787722 4.482259696458687 3.493875278396436 4.126300366300367 7.5273523809523795 0.01 1.814684014869889 0.01 0.01 
2.4883669885864492 2.8146374367622293 7.218017817371938 2.809084249084249 5.027276190476201 0.8496457326892108 2.2992750929368038 0.01 0.01 
4.958841088674262 3.026880269814505 0.01 4.258021978021978 3.5375047619047706 0.47325281803542674 5.699767657992565 0.01 0.01 
2.5909745390692933 3.345244519392921 7.3381514476614695 2.710293040293041 4.479314285714281 0.16924315619967795 2.658540892193309 0.01 0.01 
2.4883669885864492 1.147015177065768 6.517238307349666 2.874945054945055 5.814971428571425 0.9075523349436393 2.909191449814127 0.01 5.841351351351351 
4.686536435469634 2.8297976391231074 7.177973273942094 1.7553113553113553 3.143657142857137 0.18371980676328503 3.9702788104089226 0.01 0.7389189189189189 
2.4252238805969455 4.937065767284992 0.01 6.7607326007326005 5.352628571428582 0.01 2.950966542750929 3.5629341317365273 0.01 
2.685689201053492 2.678195615514337 6.977750556792873 3.698205128205128 4.256704761904771 0.864122383252818 2.5165055762081785 0.01 0.01 
2.6304389815627474 3.3300843170320427 7.318129175946547 1.1954945054945059 4.873161904761915 0.0968599033816425 2.934256505576208 0.01 0.01 
2.6462247585601517 1.8898650927487353 7.097884187082405 3.4676923076923085 4.787542857142867 0.8351690821256038 2.7838661710037176 0.01 0.01 
3.893301141352026 3.405885328836426 7.197995545657015 2.7432234432234437 3.0922857142857083 0.14028985507246378 3.3269423791821566 0.01 0.01 
1.884561018437239 2.7236762225969677 6.697438752783964 3.895787545787546 5.044399999999996 0.5745893719806764 2.3410501858736072 0.01 0.01 
2.5672958735732436 2.056627318718384 7.3381514476614695 3.2371794871794872 4.890285714285724 0.8785990338164251 2.625120817843867 0.01 0.01 
2.460741878841077 2.0263069139966277 7.258062360801782 3.3030402930402936 4.513561904761929 0.864122383252818 2.742091078066914 0.01 0.01 
3.7591220368743734 4.421618887015178 0.01 5.706959706959708 5.5923619047619155 0.01 2.5248605947955394 8.838502994011975 0.01 
3.5815320456540576 3.845531197301856 2.7130066815144764 4.422673992673992 2.749809523809546 0.5745893719806764 4.296124535315986 0.01 4.383513513513513 
1.9911150131694058 5.316070826306916 0.01 6.530219780219781 5.386876190476187 0.01 2.750446096654276 3.6167664670658684 0.01 
2.5870280948199706 1.6927824620573375 7.057839643652561 3.7640659340659344 5.130019047619072 0.8351690821256038 2.6084107806691446 0.01 0.01 
2.8751185250218896 2.390151770657674 7.258062360801782 2.545641025641026 3.742990476190485 0.9365056360708535 3.101356877323421 0.01 3.6545945945945943 
2.1292405618963812 3.2088026981450284 7.157951002227171 3.895787545787546 3.93135238095239 0.9365056360708535 2.1238197026022307 0.01 0.01 
2.5396707638278713 2.5872344013490753 7.2380400890868595 2.5127106227106233 5.28413333333333 0.8351690821256038 2.357760223048328 0.01 0.01 
2.5199385425811442 2.071787521079262 7.157951002227171 3.5006227106227117 4.90740952380952 0.9075523349436393 2.650185873605948 0.01 0.01 
1.87666812993848 2.541753794266441 6.837594654788418 4.258021978021978 5.318380952380963 0.1113365539452496 2.4830855018587368 0.01 4.6264864864864865 
2.101615452151009 2.9662394603709963 6.997772828507795 4.060439560439561 4.273828571428595 0.9799355877616748 2.2240799256505586 0.01 2.43972972972973 
2.8948507462686166 2.9813996627318744 7.7986636971046766 3.4347619047619053 3.811485714285709 0.7483091787439614 2.39118029739777 0.01 0.01 
2.5041527655838536 2.1172681281618893 7.017795100222717 2.809084249084249 5.335504761904758 0.8206924315619969 2.6167657992565063 0.01 0.01 
2.784350307287127 3.4513659359190605 0.01 0.8991208791208793 7.356114285714298 0.01 4.655390334572491 0.01 0.01 
2.5159920983318216 2.0869477234401366 7.117906458797327 3.9616483516483516 4.445066666666676 0.7917391304347826 2.5917007434944237 0.01 4.6264864864864865 
4.331356453028889 3.466526138279935 7.6985523385300665 1.4260073260073263 2.749809523809546 0.25610305958132046 3.6110130111524175 0.01 0.01 
2.6501712028094744 1.8747048903878607 7.358173719376391 2.874945054945055 5.06152380952382 0.8930756843800322 2.742091078066914 0.01 0.01 
1.5846312554872384 5.164468802698146 0.01 7.024175824175825 6.106076190476202 0.01 2.4830855018587368 3.024610778443114 0.01 
2.8751185250218896 2.2537099494097816 7.498329621380846 2.710293040293041 3.640247619047628 0.9365056360708535 2.9593215613382915 0.01 5.355405405405405 
2.3936523266022505 5.012866779089379 0.01 5.641098901098902 4.90740952380952 0.01 2.6000557620817846 8.56934131736527 1.953783783783784 
