4.088495788207069 3.0773427672955975 7.718982188295165 2.919490909090909 4.3042524271844655 0.8351690821256038 3.2173452256033572 0.01 3.8975675675675676 
6.5280204572804905 3.826509433962265 8.519618320610686 0.7292000000000001 2.6109902912621266 0.14028985507246378 4.377649527806926 0.01 3.8975675675675676 
3.0932129963899797 5.522735849056605 0.01 5.567454545454545 4.8977669902912595 0.01 2.811710388247639 4.973229166666667 0.01 
3.3474428399518956 5.565141509433964 0.01 4.946327272727272 4.7755728155339625 0.01 3.0098111227701994 4.848368055555556 0.01 
3.4718531889290034 2.808773584905662 8.245114503816794 3.507927272727273 4.7755728155339625 0.8351690821256038 2.811710388247639 0.01 2.6827027027027026 
3.2338507821901885 4.547405660377361 0.01 5.861672727272728 5.421456310679602 0.01 3.019244491080797 5.222951388888889 0.01 
3.3690794223828107 2.4977987421383645 8.290865139949108 3.279090909090909 4.426446601941748 0.864122383252818 3.0947114375655813 0.01 0.01 
6.133152827918252 5.437924528301888 5.0425699745547075 5.79629090909091 0.009999999999990905 1.1102254428341385 4.094648478488982 0.01 0.01 
2.9309386281589695 2.4553930817610095 6.529465648854962 3.7694545454545456 5.264349514563094 0.8351690821256038 3.179611752360965 0.3533680555555556 5.355405405405405 
3.7585379061373487 3.4165880503144663 6.575216284987277 2.9521818181818182 4.513728155339805 0.8062157809983898 3.40601259181532 0.01 0.01 
3.3366245487366086 1.8899842767295603 6.23208651399491 4.390581818181818 4.566097087378651 1.0233655394524959 3.5946799580272826 0.01 0.01 
3.964085439229848 3.388317610062895 8.908498727735369 3.409854545454546 3.7107378640776574 0.7483091787439614 2.6985099685204608 0.01 0.01 
3.114849578820781 2.3423113207547175 6.598091603053434 4.652109090909091 5.159611650485417 1.0667954911433173 2.9437775445960126 0.01 0.01 
3.466444043321303 3.4872641509433997 8.565368956743002 2.8867999999999996 4.7755728155339625 0.864122383252818 2.4626757607555083 0.01 0.01 
3.52053549939842 2.780503144654091 8.107862595419848 3.0175636363636364 4.7930291262135825 0.9509822866344606 2.934344176285413 0.01 0.01 
2.7037545126354416 4.109213836477988 8.062111959287531 3.1483272727272724 4.583553398058243 0.5456360708534621 2.3777754459601264 0.01 3.411621621621622 
3.93703971119146 2.8370440251572333 8.290865139949108 2.5272 3.6409126213592202 0.9365056360708535 3.5003462749213012 0.01 3.6545945945945943 
4.629410348977217 2.2999056603773624 0.01 4.455963636363636 6.102252427184467 0.5601127214170692 5.764354669464846 0.01 0.01 
5.949241877256327 4.51913522012579 8.748371501272263 0.5984363636363637 2.6459029126213522 0.16924315619967795 3.9154144805876188 0.01 0.01 
2.579344163658334 2.8370440251572333 8.199363867684477 3.9982909090909096 5.0025048543689365 1.0088888888888887 2.3966421825813224 0.01 0.01 
3.7477196149218344 2.808773584905662 8.702620865139949 2.5925818181818183 4.915223300970865 0.8206924315619969 2.792843651626444 0.01 2.9256756756756754 
3.5043080625752054 4.066808176100633 8.245114503816794 3.507927272727273 4.3217087378640855 0.7048792270531401 2.2740083945435465 0.01 0.01 
3.51512635379072 2.2575000000000003 8.222239185750635 3.3444727272727275 5.2992621359223335 0.8496457326892108 2.9060440713536204 0.01 0.01 
3.033712394705276 2.511933962264152 8.062111959287531 4.096363636363636 5.421456310679602 0.9654589371980676 2.340041972717734 0.01 0.01 
8.388766546329748 0.30683962264151177 0.01 1.5791636363636363 5.159611650485417 0.01 8.735865687303253 0.01 0.01 
3.5043080625752054 2.5402044025157267 8.107862595419848 3.0829454545454547 5.211980582524262 0.8496457326892108 2.8022770199370415 0.01 0.01 
3.1202587244283677 3.2752358490566067 8.107862595419848 4.325200000000001 3.990038834951463 0.9944122383252819 2.5381427072402936 0.01 0.01 
3.596263537906111 3.1056132075471723 6.4379643765903305 3.279090909090909 4.758116504854371 0.7483091787439614 3.3965792235047223 0.01 2.1967567567567565 
5.148688327316563 4.731163522012579 0.01 5.665527272727273 5.526194174757293 0.01 2.8494438614900313 5.129305555555556 0.01 
2.7308002406739433 2.8229088050314495 8.016361323155216 3.900218181818182 4.6010097087378625 0.8785990338164251 2.547576075550891 0.01 0.01 
3.51512635379072 2.5260691823899393 8.38236641221374 3.213709090909091 4.810485436893202 0.8785990338164251 2.9626442812172096 0.01 0.01 
5.93842358604104 4.490864779874215 8.656870229007632 2.036836363636364 1.9301941747572755 0.34296296296296297 3.5097796432319006 0.01 9.0 
0.09654632972331001 3.7841037735849063 7.330101781170483 4.979018181818182 4.461359223300974 2.557890499194847 0.009999999999999787 3.7246180555555557 0.01 
5.484055354993984 4.674622641509437 8.931374045801526 1.775309090909091 2.174582524271841 0.01 3.8399475341028326 0.01 0.01 
4.283225030084282 4.22229559748428 5.477201017811705 4.161745454545455 3.693281553398066 0.01 3.9154144805876188 0.01 0.01 
0.010000000000104592 9.0 0.01 0.17345454545454553 8.999999999999986 0.01 1.1608709338929701 0.01 0.01 
3.033712394705276 2.6250157232704403 8.153613231552162 4.423272727272726 5.037417475728148 0.9509822866344606 2.424942287513117 0.01 0.01 
2.3954332129965223 4.038537735849058 0.01 7.365454545454545 5.194524271844671 0.21267310789049923 3.7644805876180483 2.5384375 0.252972972972973 
2.6821179302046403 5.649952830188681 0.01 7.267381818181818 4.88031067961164 0.08238325281803542 3.2173452256033572 1.6644097222222225 0.01 
3.542172081829108 2.3140408805031463 8.153613231552162 3.3117818181818186 4.932679611650485 0.8930756843800322 3.0852780692549837 0.01 3.411621621621622 
4.613182912154116 5.310707547169812 8.58824427480916 0.010000000000000009 3.0823106796116377 0.05342995169082126 3.3777124868835253 0.01 0.01 
3.6557641395909286 3.0773427672955975 8.931374045801526 3.3117818181818186 3.6234563106796003 0.8062157809983898 2.8494438614900313 0.01 6.813243243243244 
4.245361010830379 3.6286163522012593 7.673231552162849 3.0829454545454547 3.187048543689315 0.864122383252818 3.2928121720881434 0.01 0.01 
3.601672683513925 3.7134276729559765 8.359491094147582 1.1868727272727275 4.7930291262135825 0.0968599033816425 3.3116789087093386 0.01 0.01 
3.774765342960336 3.2752358490566067 8.816997455470737 3.1483272727272724 4.408990291262128 0.7627858293075684 2.547576075550891 0.01 0.01 
4.304861612515083 4.066808176100633 8.084987277353688 3.3771636363636364 2.7157281553398036 0.7483091787439614 3.1701783840503674 0.3533680555555556 0.01 
4.315679903730484 4.0809433962264166 8.542493638676843 2.919490909090909 3.256873786407766 0.0968599033816425 3.2739454354669464 0.01 0.01 
2.849801444043351 2.1726886792452866 7.9706106870229 5.175163636363637 5.194524271844671 0.9220289855072464 2.5098426023085 0.01 2.1967567567567565 
2.2602045728039 4.759433962264154 0.01 7.757745454545455 4.967592233009697 0.06790660225442834 3.4531794333683115 2.007777777777778 0.01 
3.774765342960336 2.7522327044025197 6.781094147582697 3.736763636363636 4.653378640776694 0.8785990338164251 3.179611752360965 0.447013888888889 0.01 
8.404993983152849 4.208160377358492 8.473867684478371 1.3830181818181817 2.2967766990291096 0.03895330112721417 4.151248688352571 0.01 2.43972972972973 
4.337316486161285 2.4271226415094347 4.2419338422391855 5.142472727272727 4.25188349514562 0.8785990338164251 4.405949632738719 0.01 0.01 
2.7794825511432464 2.808773584905662 8.199363867684477 4.096363636363636 4.4962718446601855 0.8930756843800322 2.472109129066106 0.01 0.01 
2.4765703971119137 2.412987421383651 7.924860050890584 4.161745454545455 5.142155339805825 0.9799355877616748 2.5192759706190975 0.01 5.841351351351351 
1.1242839951866017 2.808773584905662 0.01 8.934618181818182 0.7780776699029133 9.0 1.4250052465897163 0.01 0.01 
5.754512635379115 3.8689150943396236 2.3204071246819336 3.507927272727273 3.3790679611650347 0.4877294685990338 5.396453305351522 0.01 0.01 
8.718724428399582 3.939591194968557 7.215725190839693 1.2195636363636364 0.5511456310679392 0.1258132045088567 5.868121720881427 0.01 0.01 
3.466444043321303 3.360047169811324 8.38236641221374 2.9521818181818182 4.426446601941748 0.8351690821256038 2.689076600209863 0.01 2.6827027027027026 
6.41983754512637 3.246965408805032 8.199363867684477 1.7426181818181816 3.0299417475728063 0.18371980676328503 4.481416579223505 0.01 0.7389189189189189 
2.757845968712445 4.504999999999999 0.01 8.182727272727272 5.596019417475716 0.06790660225442834 3.4154459601259175 1.2586111111111113 2.1967567567567565 
2.6604813477737252 2.6674213836478025 7.879109414758269 3.8021454545454545 4.8977669902912595 0.6469726247987118 2.689076600209863 0.01 0.01 
3.6990373044525313 2.441257861635222 7.9706106870229 3.475236363636364 4.723203883495131 0.9365056360708535 3.075844700944386 0.01 0.01 
4.353543922984386 4.278836477987422 8.199363867684477 3.5406181818181826 3.187048543689315 0.8206924315619969 2.7173767051416586 0.01 0.01 
2.985030084235973 3.0066666666666677 7.9019847328244275 4.8155636363636365 3.885300970873786 0.8785990338164251 2.792843651626444 0.01 4.140540540540541 
2.7037545126354416 4.052672955974845 4.081806615776081 4.913636363636364 4.967592233009697 0.01 3.0664113326337885 2.3823611111111114 0.01 
2.8011191335740477 3.2893710691823905 8.17648854961832 4.194436363636363 4.566097087378651 0.8930756843800322 2.330608604407135 0.01 0.01 
2.465752105896513 3.148018867924531 7.993486005089058 3.8675272727272723 5.229436893203882 0.5601127214170692 2.4626757607555083 0.01 0.01 
3.6233092659447266 2.3705817610062887 8.107862595419848 3.442545454545455 4.70574757281554 0.8351690821256038 3.141878279118573 0.01 0.01 
3.6395367027678276 2.4271226415094347 7.856234096692112 2.9521818181818182 4.70574757281554 0.9075523349436393 3.1513116474291705 0.01 7.299189189189189 
3.8829482551144565 4.773569182389938 0.01 5.011709090909092 4.548640776699031 2.0512077294685986 0.9910703043022036 9.0 0.01 
2.9309386281589695 3.388317610062895 7.7647328244274805 3.2464 4.164601941747563 0.7627858293075684 3.0475445960125915 0.01 0.01 
3.547581227436922 3.727562893081764 8.38236641221374 2.690654545454546 4.391533980582508 0.16924315619967795 3.0003777544596018 0.01 0.01 
9.000000000000114 2.2999056603773624 0.01 1.2522545454545457 3.0823106796116377 0.0968599033816425 8.471731374606506 0.01 0.01 
2.595571600481435 2.935990566037738 8.222239185750635 4.030981818181818 4.967592233009697 0.9799355877616748 2.2740083945435465 0.01 0.01 
8.794452466907387 0.009999999999999787 0.01 1.5137818181818181 4.932679611650485 0.01 9.0 0.01 0.01 
4.456317689530806 3.925455974842766 5.52295165394402 2.9521818181818182 4.374077669902917 0.01 4.10408184679958 0.01 0.01 
3.287942238267192 2.6250157232704403 7.9706106870229 3.409854545454546 4.862854368932048 0.8206924315619969 2.8400104931794328 0.01 0.01 
6.024969915764245 4.462594339622644 8.725496183206106 1.6118545454545457 1.9127378640776556 0.01 4.028614900314795 0.01 0.01 
2.882256317689553 3.388317610062895 8.130737913486003 3.1483272727272724 4.461359223300974 0.9944122383252819 2.528709338929695 0.01 0.01 
4.039813477737653 3.3176415094339617 7.856234096692112 3.736763636363636 3.5012621359223317 0.7483091787439614 3.0003777544596018 0.01 0.01 
7.366438026474157 0.6178144654088058 0.01 5.207854545454545 3.3790679611650347 1.182608695652174 7.377460650577125 0.01 8.271081081081082 
3.0823947051744653 5.013867924528306 0.01 5.534763636363635 5.2992621359223335 0.01 2.9249108079748156 4.910798611111112 1.710810810810811 
4.342725631769099 4.434323899371073 0.01 5.894363636363636 4.339165048543677 0.01 5.151185729275972 0.01 0.01 
3.888357400722043 3.2752358490566067 7.650356234096691 4.096363636363636 3.291786407766992 0.8206924315619969 3.3682791185729277 0.01 0.01 
2.790300842358647 2.3988522012578635 7.6274809160305335 3.932909090909091 5.281805825242714 0.9799355877616748 2.6607764952780695 0.01 0.01 
2.909302045728168 4.759433962264154 0.01 5.404 5.857864077669902 0.01 2.8871773347324243 4.910798611111112 0.01 
2.579344163658334 3.148018867924531 7.650356234096691 3.8675272727272723 4.967592233009697 0.5745893719806764 2.6419097586568734 0.01 0.01 
5.722057761732799 0.7733018867924564 4.3105597964376585 4.161745454545455 4.548640776699031 0.690402576489533 5.65115424973767 0.01 0.01 
1.0972382671481 2.8370440251572333 0.01 9.0 0.3940388349514592 9.0 1.4533053515215109 0.01 0.01 
3.4718531889290034 2.3988522012578635 7.8333587786259535 2.984872727272727 5.142155339805825 0.864122383252818 3.038111227701994 0.01 0.01 
3.920812274368359 4.674622641509437 7.467353689567429 6.319345454545456 1.7381747572815414 2.1235909822866343 0.34960125918153206 5.098090277777778 0.01 
4.283225030084282 3.6568867924528305 8.290865139949108 2.690654545454546 4.164601941747563 0.21267310789049923 3.1513116474291705 0.01 0.01 
5.029687123947042 3.3459119496855365 0.01 3.638690909090909 3.4838058252427118 0.4877294685990338 6.679391395592865 0.01 0.01 
3.812629362214352 3.826509433962265 0.01 0.8926545454545456 7.324194174757295 0.01 5.254952780692549 0.01 0.01 
3.450216606498202 2.5402044025157267 8.17648854961832 3.475236363636364 4.827941747572808 0.9075523349436393 2.9909443861490024 0.01 0.01 
0.5509145607702521 2.7946383647798747 7.947735368956743 2.7233454545454547 4.758116504854371 0.9075523349436393 2.7645435466946484 0.01 7.542162162162162 
3.7152647412756323 3.812374213836481 9.0 4.096363636363636 2.7157281553398036 0.7917391304347826 2.632476390346276 0.01 3.6545945945945943 
3.223032490974788 2.808773584905662 7.947735368956743 4.913636363636364 4.3042524271844655 0.9654589371980676 2.6041762854144803 0.01 0.01 
4.440090252707591 3.7134276729559765 8.107862595419848 1.5137818181818181 4.182058252427197 0.24162640901771337 3.2739454354669464 0.4782291666666667 5.841351351351351 
3.2338507821901885 2.653286163522015 8.290865139949108 4.194436363636363 4.723203883495131 0.8930756843800322 2.5381427072402936 0.01 0.01 
5.164915764139664 3.5862106918239007 4.790941475826971 4.521345454545454 3.361611650485443 0.7772624798711756 3.9154144805876188 0.8528125000000002 4.140540540540541 
2.5685258724428195 2.9783962264150965 7.810483460559796 4.227127272727273 5.246893203883502 0.1113365539452496 2.8022770199370415 0.01 4.6264864864864865 
6.793068592057807 3.4307232704402537 0.01 4.227127272727273 3.4314368932038803 0.47325281803542674 6.434123819517313 0.01 0.01 
3.915403128760545 3.0066666666666677 6.506590330788803 3.2464 4.531184466019397 0.8062157809983898 3.443746065057712 0.01 0.01 
3.2176233453670875 3.826509433962265 8.428117048346056 4.979018181818182 3.152135922330089 0.9365056360708535 2.321175236096537 0.01 0.01 
3.547581227436922 2.0313364779874235 6.209211195928752 3.279090909090909 6.0149708737864245 0.8206924315619969 3.4343126967471145 0.01 5.841351351351351 
4.25617930204578 3.5013993710691835 7.9706106870229 3.475236363636364 2.960116504854369 0.8062157809983898 3.3777124868835253 0.01 0.01 
