2.185266299357181 5.345186915887847 7.258062360801782 2.204882943143813 6.211962025316467 0.8062157809983898 1.9808846153846158 0.01 0.01 
2.276074380165369 4.736051401869158 7.097884187082405 2.1146822742474916 6.060232067510583 0.9509822866344606 2.37851923076923 0.01 0.01 
1.6197796143250116 4.5680140186915885 6.897661469933184 2.83628762541806 6.174029535865003 0.6469726247987118 2.15376923076923 0.01 0.01 
3.9601515151515514 5.84929906542056 7.738596881959911 1.1224749163879602 3.7653164556962224 0.34296296296296297 3.251586538461538 0.01 1.9490196078431374 
3.530876951331493 5.933317757009345 4.194654788418708 3.497759197324415 4.505000000000024 0.7772624798711756 3.277519230769231 0.7805714285714287 3.006666666666667 
4.059214876033025 7.63469626168224 7.718574610244989 1.152541806020067 2.949767932489465 0.2271497584541063 2.9144615384615387 0.01 0.01 
2.4783287419651288 5.681261682242987 7.978864142538975 2.0244816053511707 5.092953586497913 0.8496457326892108 2.0500384615384615 0.01 0.01 
1.8674380165289222 5.0721261682242975 6.917683741648107 3.7683612040133783 5.073987341772181 0.8785990338164251 2.2488557692307696 0.01 3.006666666666667 
1.5496097337006631 5.030116822429903 6.837594654788418 3.2271571906354524 6.553354430379784 0.1113365539452496 2.2575000000000003 0.01 3.35921568627451 
2.238925619834731 4.778060747663549 7.218017817371938 2.5656856187290975 6.041265822784823 0.8351690821256038 2.266144230769231 0.01 1.9490196078431374 
2.585647382920115 4.462990654205605 7.358173719376391 2.204882943143813 5.244683544303797 0.9075523349436393 2.5081826923076918 0.01 6.179607843137255 
4.571042240587758 6.290397196261683 7.458285077951002 0.010000000000000231 3.6894514767932662 0.14028985507246378 3.7010865384615386 0.01 2.8303921568627453 
3.9807897153351632 5.198154205607473 7.378195991091314 1.9342809364548494 5.586075949367114 0.7917391304347826 2.3698749999999995 0.01 0.01 
1.557865013774176 4.8200700934579395 7.177973273942094 3.0166889632107026 6.2878270042194515 1.0088888888888887 1.885798076923077 0.01 0.01 
1.6528007346189497 6.626471962616822 3.5739643652561246 3.858561872909699 6.249894514767959 0.01 2.499538461538461 2.179015873015873 0.01 
1.7023324150596864 5.534228971962612 7.177973273942094 2.956555183946488 5.52917721518989 0.6614492753623189 2.1019038461538466 0.01 0.01 
2.0449265381083706 6.290397196261683 7.378195991091314 3.9186956521739136 4.277405063291155 0.9365056360708535 1.8166442307692305 0.01 0.01 
3.667089072543604 6.122359813084113 9.0 1.783946488294315 3.7463502109704905 0.0968599033816425 2.5686923076923076 0.01 0.01 
2.858071625344337 6.038341121495325 7.258062360801782 1.8140133779264218 5.377447257383977 0.21267310789049923 2.5773365384615383 0.01 0.01 
3.1222405876951598 8.054789719626168 0.01 0.16033444816053555 6.970611814346029 0.01 4.703817307692308 0.01 0.01 
2.3379889807162044 5.219158878504672 6.797550111358574 2.4754849498327762 5.605042194092846 0.864122383252818 2.4303846153846154 0.01 0.01 
1.7890128558310607 4.862079439252334 6.817572383073496 2.265016722408027 6.079198312236315 0.7627858293075684 2.4217403846153847 0.01 0.01 
1.8550550964188233 4.462990654205605 7.0378173719376385 2.8062207357859537 6.079198312236315 0.9944122383252819 2.119192307692308 0.18123809523809525 4.416862745098039 
1.6362901744719238 9.0 0.01 6.0233779264214045 6.155063291139271 0.08238325281803542 2.6378461538461533 1.5226031746031747 0.01 
3.77440771349859 7.550677570093455 7.818685968819598 0.9721404682274248 3.215295358649797 0.01 3.2083653846153837 0.01 0.01 
2.321478420569292 4.462990654205605 6.977750556792873 2.174816053511706 6.003333333333359 0.8930756843800322 2.4044519230769232 0.26685714285714285 3.8880392156862746 
2.2636914600550426 6.647476635514018 7.218017817371938 2.5656856187290975 5.54814345991565 0.7048792270531401 1.773423076923077 0.01 0.01 
2.911730945821887 6.962546728971958 7.177973273942094 2.5957525083612047 4.315337552742648 0.8206924315619969 2.179701923076924 0.01 0.01 
2.1563728191000564 4.8200700934579395 7.097884187082405 3.5578929765886285 5.54814345991565 0.7917391304347826 2.300721153846153 0.01 1.2439215686274512 
1.7766299357208482 3.013668224299064 7.057839643652561 2.5356187290969903 5.851603375527446 0.8351690821256038 2.37851923076923 0.01 0.01 
1.9706290174472088 5.471214953271026 7.097884187082405 3.317357859531773 5.1877848101266295 0.9944122383252819 2.0154615384615377 0.01 0.01 
2.593902662993628 4.6310280373831745 7.498329621380846 1.8140133779264218 4.6946624472574 0.9365056360708535 2.7502211538461543 0.01 3.8880392156862746 
3.1222405876951598 4.021892523364485 0.01 3.4376254180602004 7.482700421940962 0.5601127214170692 4.971788461538461 0.01 0.01 
4.117001836547274 6.311401869158878 7.6985523385300665 0.6414046822742479 3.7084177215190266 0.25610305958132046 3.424471153846154 0.01 0.01 
1.6528007346189497 6.710490654205607 7.057839643652561 2.23494983277592 5.832637130801714 0.5456360708534621 1.8685096153846157 0.01 2.477843137254902 
2.3379889807162044 6.122359813084113 7.318129175946547 0.4309364548494987 6.060232067510583 0.0968599033816425 2.7242884615384613 0.01 0.01 
2.1357346189164446 3.4127570093457926 5.456057906458797 3.377491638795987 5.8136708860759825 1.0233655394524959 2.9836153846153843 0.01 0.01 
1.4175252525252517 6.605467289719623 0.01 6.113578595317726 6.49645569620256 0.21267310789049923 3.139211538461538 2.3217142857142856 0.1862745098039216 
6.242736455463728 6.458434579439253 6.317015590200445 0.46100334448160574 1.45143459915613 0.1258132045088567 5.066875 0.01 0.01 
1.244164370982503 8.663925233644857 0.01 5.752775919732441 7.425801687763737 0.01 2.2575000000000003 1.6082222222222224 0.01 
1.7890128558310607 5.639252336448596 7.117906458797327 2.23494983277592 5.699873417721534 0.9944122383252819 2.006817307692307 0.01 0.01 
2.1439898989899575 8.873971962616821 0.01 3.8886287625418063 6.041265822784823 0.01 2.447673076923076 4.433650793650794 0.01 
1.8096510560146726 7.676705607476634 0.01 4.309565217391304 7.217172995780601 0.01 2.3352980769230776 4.490730158730159 0.01 
2.837433425160725 5.807289719626166 6.977750556792873 2.5356187290969903 4.068776371308047 0.8062157809983898 2.7847980769230762 0.01 0.01 
1.244164370982503 6.899532710280372 5.375968819599109 9.0 0.1617299578059317 2.44207729468599 0.07915384615384635 6.288730158730159 0.01 
4.5504040404040325 5.7022663551401855 6.697438752783964 2.174816053511706 4.884324894514776 0.8785990338164251 2.6378461538461533 0.01 0.01 
3.8775987144168766 5.030116822429903 7.177973273942094 1.1826086956521742 4.542932489451516 0.34296296296296297 3.4936249999999998 0.01 2.8303921568627453 
2.0903305785124076 8.453878504672897 0.01 4.489966555183947 6.098164556962047 0.01 2.37851923076923 4.547809523809524 1.4201960784313727 
2.2925849403121674 3.8538551401869157 7.057839643652561 2.7761538461538464 6.344725738396647 0.8351690821256038 2.387163461538461 0.01 0.01 
2.8993480257116744 4.21093457943925 3.714120267260579 4.069030100334449 5.4722784810126655 0.8785990338164251 3.72701923076923 0.01 0.01 
9.0 3.3077336448598125 0.01 1.4832775919732444 0.6738185654008646 0.18371980676328503 9.0 0.01 4.240588235294117 
2.6723278236914894 5.534228971962612 6.8776391982182625 2.7761538461538464 4.656729957805936 0.7483091787439614 2.439028846153846 0.01 0.01 
2.5815197428834153 7.550677570093455 6.537260579064587 5.151438127090302 2.7411392405063566 2.1235909822866343 0.010000000000000675 4.661968253968253 0.01 
2.639306703397665 7.067570093457942 4.394877505567928 3.4676923076923076 5.434345991561202 0.01 3.0614134615384607 0.01 0.01 
4.488489439853083 5.429205607476636 7.177973273942094 0.9420735785953176 4.144641350210975 0.18371980676328503 3.7961730769230773 0.01 0.5388235294117647 
2.55675390266299 5.471214953271026 6.697438752783964 3.1068896321070234 4.429135021097068 0.8206924315619969 2.7761538461538464 0.01 0.01 
2.5526262626262906 7.69771028037383 0.01 3.948762541806021 5.794704641350222 2.0512077294685986 0.5978076923076925 8.22942857142857 0.01 
3.489600550964269 4.462990654205605 3.2335857461024498 5.001103678929766 4.505000000000024 1.1102254428341385 3.3898942307692295 0.694952380952381 9.0 
2.333861340679505 5.219158878504672 5.636258351893096 2.355217391304348 6.022299578059091 0.7483091787439614 2.8020865384615377 0.01 1.596470588235294 
2.1893939393939945 3.097686915887845 6.517238307349666 1.9643478260869567 7.103375527426181 0.9075523349436393 2.698355769230769 0.01 4.240588235294117 
1.9004591368227466 5.40820093457944 7.298106904231625 3.076822742474917 5.168818565400869 0.9509822866344606 1.946307692307692 0.01 5.121960784313726 
1.8467998163453103 4.7570560747663535 6.377082405345211 2.174816053511706 6.003333333333359 0.8496457326892108 2.6205576923076928 0.01 4.240588235294117 
0.009999999999990905 4.7570560747663535 6.957728285077951 1.844080267558529 6.022299578059091 0.9075523349436393 2.2229230769230766 0.01 5.474509803921569 
1.784885215794361 5.618247663551401 6.997772828507795 3.04675585284281 5.396413502109738 0.9799355877616748 1.9895288461538465 0.01 1.7727450980392159 
2.395775941230454 4.336962616822426 7.017795100222717 1.844080267558529 6.117130801687779 0.9365056360708535 2.585980769230769 0.01 0.01 
2.2182874196511193 4.399976635514019 7.117906458797327 2.956555183946488 5.586075949367114 0.7917391304347826 2.3698749999999995 0.01 3.35921568627451 
0.35672176308537473 7.718714953271029 3.493875278396436 3.1068896321070234 9.000000000000028 0.01 1.5659615384615382 0.01 0.01 
1.949990817263597 8.810957943925231 0.01 4.4598996655518395 6.174029535865003 0.01 2.266144230769231 4.547809523809524 0.01 
1.5537373737373628 4.526004672897194 6.8776391982182625 2.6859531772575247 6.591286919831248 1.0088888888888887 1.9635961538461544 0.01 4.240588235294117 
1.4711845730028017 5.282172897196261 6.997772828507795 2.8964214046822745 6.534388185654024 0.5601127214170692 1.946307692307692 0.01 0.01 
2.606285583103727 5.303177570093457 7.53837416481069 2.4454180602006694 4.922257383966269 0.8496457326892108 2.2834326923076924 0.01 0.01 
3.8775987144168766 4.8830841121495325 7.318129175946547 1.092408026755853 4.58086497890298 0.28505636070853463 3.519557692307691 0.01 3.006666666666667 
1.669311294765862 8.873971962616821 0.01 5.301772575250836 6.629219409282712 0.01 2.5341153846153848 1.9221587301587304 0.01 
2.35862718089993 4.9460981308411185 6.997772828507795 2.325150501672241 5.794704641350222 0.8785990338164251 2.3439423076923074 0.01 0.01 
2.094458218549221 5.57623831775701 7.017795100222717 1.9342809364548494 5.77573839662449 0.7338325281803543 2.292076923076923 0.01 0.01 
0.4268916437098369 4.8200700934579395 0.01 7.616923076923078 1.2807383966244856 9.0 1.021375 0.01 0.01 
2.7879017447199885 8.957990654205606 1.57173719376392 3.708227424749164 5.111919831223645 0.01 3.605999999999998 0.01 0.01 
1.479439853076201 4.189929906542055 6.937706013363028 3.167023411371238 6.4395569620253355 0.9799355877616748 1.9981730769230763 0.01 4.240588235294117 
2.424669421487579 6.269392523364488 7.878752783964365 3.1068896321070234 3.8032489451477147 0.7917391304347826 2.1019038461538466 0.01 2.6541176470588232 
0.8107621671257448 7.403644859813081 6.196881959910913 4.730501672240803 4.6946624472574 1.6024315619967795 1.1251057692307693 0.01 0.01 
4.187171717171736 7.235607476635511 7.638485523385301 0.82180602006689 2.930801687763733 0.01 3.3812499999999996 0.01 0.01 
1.7270982552801115 5.492219626168222 7.157951002227171 3.197090301003345 5.8136708860759825 0.8930756843800322 1.8252884615384612 0.01 0.01 
2.1605004591368697 4.3159579439252305 7.258062360801782 2.355217391304348 5.66194092827007 0.864122383252818 2.525471153846153 0.01 0.01 
2.6186685032139394 4.988107476635513 7.958841870824053 2.0545484949832775 4.998122362869225 0.8785990338164251 2.292076923076923 0.01 0.01 
3.155261707988984 6.479439252336448 7.177973273942094 2.4454180602006694 3.632552742616042 0.18371980676328503 2.499538461538461 1.9792380952380952 0.01 
2.379265381083542 5.177149532710278 7.818685968819598 2.3852842809364554 4.789493670886088 0.8062157809983898 2.300721153846153 0.01 4.9456862745098045 
3.7496418732782786 6.941542056074763 7.53837416481069 0.22046822742474936 3.7653164556962224 0.16924315619967795 3.346673076923077 0.01 0.01 
7.893792470156086 0.00999999999999801 0.01 4.790635451505017 0.010000000000019327 0.8496457326892108 6.501817307692308 9.0 4.9456862745098045 
2.4700734618917295 5.471214953271026 7.718574610244989 2.23494983277592 5.642974683544338 0.7627858293075684 2.0241057692307685 0.01 0.01 
1.888076216712534 5.282172897196261 7.157951002227171 2.625819397993311 5.491244725738426 0.8206924315619969 2.300721153846153 0.01 1.7727450980392159 
4.170661157024824 5.219158878504672 7.558396436525612 0.8518729096989972 4.144641350210975 0.19819645732689212 3.666509615384614 0.01 0.01 
2.123351698806232 8.348855140186913 0.01 5.512240802675585 6.591286919831248 0.01 2.741576923076922 1.8936190476190478 0.01 
2.234797979797918 5.78628504672897 7.498329621380846 1.9944147157190635 6.041265822784823 0.864122383252818 1.946307692307692 0.01 0.01 
2.4700734618917295 4.6940420560747675 5.936592427616926 2.7761538461538464 5.908502109704671 0.8785990338164251 2.6032692307692296 0.4095555555555556 0.01 
1.9665013774105091 4.084906542056071 5.776414253897549 3.618026755852843 6.458523206751067 1.0667954911433173 2.387163461538461 0.01 0.01 
1.3143342516069652 7.676705607476634 0.01 6.47438127090301 6.249894514767959 0.06790660225442834 2.853951923076923 1.8365396825396827 0.01 
5.210826446281089 1.522336448598125 0.01 4.1291638795986625 4.523966244725756 1.182608695652174 6.449951923076922 0.01 6.003333333333334 
2.2100321395776064 4.4839953271028 7.137928730512249 2.295083612040134 6.458523206751067 0.7917391304347826 2.2488557692307696 0.01 3.006666666666667 
5.784568411386658 6.248387850467285 0.01 2.5656856187290975 2.7221729957805962 0.28505636070853463 6.622836538461536 0.01 1.7727450980392159 
2.457690541781517 5.681261682242987 5.756391982182628 2.0545484949832775 5.756772151898758 0.8062157809983898 2.8107307692307684 0.01 0.01 
3.873471074380177 0.6401401869158825 3.43380846325167 3.167023411371238 6.894746835443044 0.8496457326892108 5.049586538461536 0.01 0.01 
3.3327502295684326 6.836518691588783 2.7130066815144764 3.377491638795987 3.7084177215190266 0.5745893719806764 4.133298076923078 0.01 3.182941176470588 
2.977773186409536 6.122359813084113 7.097884187082405 0.7316053511705687 5.396413502109738 0.24162640901771337 2.6897115384615384 0.4380952380952381 4.240588235294117 
2.5443709825527776 7.844742990654208 4.494988864142539 3.3474247491638804 4.884324894514776 0.01 3.0095480769230765 0.01 0.01 
2.709476584022127 5.177149532710278 6.757505567928731 2.0244816053511707 5.52917721518989 0.8351690821256038 2.6378461538461533 0.01 2.8303921568627453 
1.813778696051486 5.95432242990654 7.157951002227171 2.8964214046822745 5.017088607594957 0.9365056360708535 1.885798076923077 0.01 0.01 
6.457373737373814 4.021892523364485 0.01 0.49107023411371253 4.201540084388199 0.0968599033816425 7.452682692307691 0.01 0.01 
