3.461810449574955 3.8722087378640815 8.29801007556675 2.383597359735974 5.312230623818536 0.8785990338164251 3.0520216216216216 0.01 0.01 
3.0576427703525724 3.588543689320389 6.531712846347607 3.689075907590759 5.652117202268428 1.0667954911433173 3.0325837837837835 0.01 0.01 
3.8878250303768027 4.352257281553399 8.20743073047859 1.760528052805281 4.17361058601135 0.9365056360708535 3.6060000000000016 0.01 2.6541176470588232 
2.899252733900539 4.286796116504856 7.211057934508816 2.2649174917491752 5.244253308128549 0.8496457326892108 3.294994594594595 0.01 4.240588235294117 
3.423578371810663 4.635922330097088 8.184785894206549 1.7308580858085811 5.703100189035908 0.8351690821256038 2.7410162162162166 0.01 0.01 
3.707588092345304 5.246893203883495 6.509068010075567 2.146237623762376 5.023327032136109 0.8062157809983898 3.508810810810811 0.01 0.01 
3.6256622114217407 3.8503883495145637 7.935692695214106 1.938547854785479 5.346219281663522 0.9365056360708535 3.2561189189189186 0.01 0.01 
2.5988578371811855 4.090412621359224 7.7998236775818635 2.9176567656765675 5.397202268431016 0.6469726247987118 2.770172972972972 0.01 0.01 
2.806403402187243 2.4757038834951466 7.980982367758187 2.6209570957095716 5.108298676748589 0.8351690821256038 3.0228648648648644 0.01 0.01 
5.073019441069391 3.981310679611653 3.655818639798489 5.053894389438944 3.90170132325143 1.1102254428341385 4.159978378378378 0.7591666666666668 9.0 
3.3744228432566388 3.9594902912621386 7.935692695214106 1.9978877887788777 5.754083175803402 0.8206924315619969 3.0423027027027043 0.01 0.01 
3.6638942891860324 5.857864077669905 8.90942065491184 3.1846864686468646 3.2729111531190966 0.7917391304347826 2.7118594594594603 0.01 2.6541176470588232 
3.8659781287972237 4.614101941747574 6.441133501259445 2.4132673267326736 5.040321361058602 0.8062157809983898 3.547686486486487 0.01 0.01 
3.3143438639126543 3.8285679611650494 8.20743073047859 2.4429372937293734 4.938355387523643 0.864122383252818 3.188086486486487 0.01 0.01 
0.4687849331716052 4.286796116504856 7.867758186397985 1.938547854785479 5.261247637051056 0.9075523349436393 2.8479243243243246 0.01 5.474509803921569 
2.871944106926094 5.2032524271844665 7.686599496221663 2.4132673267326736 4.683440453686202 0.7627858293075684 3.1394918918918933 0.01 0.01 
3.833207776427912 7.341650485436894 0.01 4.0154455445544555 5.057315689981095 2.0512077294685986 1.0207675675675674 9.0 0.01 
2.8227885783719557 4.395898058252428 7.709244332493703 2.353927392739274 5.312230623818536 0.7627858293075684 3.0714594594594598 0.01 0.01 
2.8173268529770894 8.541771844660197 0.01 4.163795379537954 5.482173913043482 0.01 3.1589297297297296 4.317708333333333 0.01 
3.8222843256380656 4.83230582524272 8.841486146095718 2.7989768976897693 4.156616257088842 0.8062157809983898 2.80904864864865 0.01 1.7727450980392159 
5.127636695018396 5.508737864077673 4.742770780856422 3.5703960396039607 3.90170132325143 0.7772624798711756 4.033632432432434 0.8528125000000002 3.006666666666667 
2.7299392466586596 3.6758252427184495 7.550730478589421 3.0363366336633666 5.771077504725909 0.9799355877616748 2.7410162162162166 0.01 0.01 
3.4891190765492865 3.348519417475732 7.980982367758187 2.858316831683168 5.550151228733469 0.8351690821256038 3.0325837837837835 0.01 0.01 
2.6425516403403435 6.228810679611655 4.040780856423174 3.926435643564357 5.465179584120975 0.01 3.1589297297297296 2.3823611111111114 0.01 
5.919586877278334 6.948883495145633 8.660327455919395 0.010000000000000231 3.2049338374291096 0.16924315619967795 4.033632432432434 0.01 0.01 
5.968742405832472 7.428932038834951 0.01 1.5825082508250827 4.734423440453696 0.15476650563607086 5.928821621621621 0.01 1.4201960784313727 
4.865473876063334 6.447014563106798 3.067052896725441 3.4517161716171616 3.1879395085066307 0.5745893719806764 4.995805405405406 0.01 3.182941176470588 
2.5169319562577357 3.91584951456311 7.980982367758187 4.252805280528053 5.057315689981095 1.0088888888888887 2.478605405405405 0.01 0.01 
2.790018226002644 3.3266990291262175 7.890403022670025 4.163795379537954 5.686105860113429 0.9220289855072464 2.585513513513514 0.01 1.596470588235294 
4.586925880923559 7.712597087378644 0.01 0.2770297029702975 6.110964083175816 0.01 5.637254054054056 0.01 0.01 
2.1018408262456205 6.512475728155341 6.078816120906802 9.0 0.010000000000005116 2.44207729468599 0.43763243243243277 6.877361111111112 0.01 
4.297454434994165 6.817961165048544 0.01 4.816534653465346 4.853383742911149 0.01 5.306810810810813 0.01 0.01 
3.0849513973270177 4.003131067961167 8.116851385390428 2.5022772277227725 4.632457466918723 0.8930756843800322 3.2755567567567567 0.01 0.01 
3.8769015795869564 3.981310679611653 8.32065491183879 2.2945874587458746 4.564480151228722 0.9075523349436393 3.1686486486486487 0.01 6.179607843137255 
3.9915978128798315 5.094150485436895 7.777178841309824 2.858316831683168 4.03765595463139 0.7483091787439614 3.090897297297298 0.01 0.01 
3.418116646415683 4.3086165048543705 8.162141057934509 2.6506270627062714 5.278241965973535 0.8351690821256038 2.89651891891892 0.01 1.9490196078431374 
2.915637910085138 4.155873786407767 8.026272040302267 3.4220462046204627 5.2272589792060415 0.9365056360708535 2.5369189189189187 0.01 3.711764705882353 
3.6420473876064534 5.3996359223300985 7.618664987405541 3.4517161716171616 3.4938374291115366 0.8351690821256038 3.294994594594595 0.01 1.596470588235294 
2.6261664641557445 5.028689320388352 8.003627204030227 2.591287128712872 4.734423440453696 0.8206924315619969 2.8284864864864865 0.01 0.01 
2.740862697448506 5.0505097087378665 8.094206549118388 3.273696369636964 5.074310018903603 0.8930756843800322 2.4008540540540544 0.01 0.01 
2.6261664641557445 5.225072815533981 7.709244332493703 2.2352475247524755 4.768412098298683 0.864122383252818 2.8187675675675674 0.01 0.01 
5.695656136087564 5.421456310679613 8.750906801007556 1.2264686468646868 3.2389224952741245 0.34296296296296297 4.004475675675675 0.01 1.9490196078431374 
2.9757168894291226 3.8503883495145637 7.980982367758187 3.1846864686468646 5.907032136105869 0.9654589371980676 2.4105729729729735 0.01 0.01 
3.723973268530017 5.028689320388352 8.728261964735516 2.3242574257425743 4.921361058601136 0.7627858293075684 2.6243891891891886 0.01 0.01 
3.8714398541922037 7.188907766990294 7.392216624685138 5.202244224422443 2.321228733459364 2.1235909822866343 0.3598810810810811 5.098090277777778 0.01 
6.1052855407049265 8.367208737864075 4.991863979848866 4.727524752475247 0.6387901701323386 1.1102254428341385 4.218291891891893 0.01 0.01 
5.690194410692698 1.1664805825242759 4.267229219143577 3.244026402640264 5.057315689981095 0.690402576489533 5.821913513513515 0.01 0.01 
3.549198055893271 4.766844660194177 7.686599496221663 2.561617161716172 4.887372400756149 0.864122383252818 3.081178378378379 0.01 0.01 
2.5060085054678893 4.570461165048542 7.731889168765743 3.3033663366336636 5.737088846880923 0.1113365539452496 2.886800000000001 0.01 3.35921568627451 
3.920595382746228 4.526820388349517 9.0 2.146237623762376 4.343553875236296 0.8785990338164251 2.9256756756756754 0.01 0.01 
3.450886998784995 6.250631067961166 8.162141057934509 2.6506270627062714 4.83638941398867 0.7048792270531401 2.342540540540541 0.01 0.01 
4.04075334143397 4.723203883495145 7.641309823677582 2.1165676567656764 4.819395085066162 0.8351690821256038 3.314432432432433 0.01 2.8303921568627453 
5.40618469015817 4.243155339805828 0.75727959697733 3.095676567656766 5.9580151228733484 0.19819645732689212 5.6858486486486495 0.01 4.9456862745098045 
2.6207047387607645 8.694514563106793 0.01 6.062673267326732 5.380207939508509 0.08238325281803542 3.314432432432433 1.6644097222222225 0.01 
4.2592223572298735 6.250631067961166 8.003627204030227 2.5319471947194723 3.2729111531190966 0.7483091787439614 3.2658378378378377 0.3533680555555556 0.01 
5.919586877278334 6.948883495145633 8.660327455919395 0.010000000000000231 3.2049338374291096 0.16924315619967795 4.033632432432434 0.01 0.01 
3.418116646415683 3.6758252427184495 7.754534005037783 2.175907590759076 5.635122873345949 0.864122383252818 3.129772972972974 0.01 0.01 
4.166373025516577 5.312354368932041 8.682972292191437 2.353927392739274 4.5304914933837495 0.8351690821256038 2.7118594594594603 0.01 2.477843137254902 
2.719015795868927 4.3086165048543705 8.116851385390428 3.1846864686468646 5.006332703213616 0.8930756843800322 2.546637837837837 0.01 0.01 
5.586421628189669 4.4177184466019455 8.275365239294711 1.196798679867987 3.969678638941403 0.28505636070853463 4.3057621621621625 0.01 3.006666666666667 
2.6698602673149026 5.465097087378641 8.048916876574307 3.1846864686468646 5.278241965973535 0.5745893719806764 2.2939459459459464 0.01 0.01 
3.2924969623330753 8.563592233009707 0.01 3.956105610561056 5.278241965973535 0.01 3.100616216216215 4.848368055555556 0.01 
3.467272174969821 4.264975728155342 8.026272040302267 2.2055775577557757 5.2952362948960285 0.9509822866344606 3.0228648648648644 0.01 0.01 
8.382825030376807 0.44640776699029416 0.01 0.9000990099009902 5.652117202268428 0.01 9.0 0.01 0.01 
3.4945808019442666 5.726941747572816 8.29801007556675 1.9088778877887793 4.904366729678642 0.16924315619967795 3.090897297297298 0.01 0.01 
2.4295443499394196 8.367208737864075 8.32065491183879 3.778085808580858 3.3748771266540842 0.24162640901771337 1.8857513513513515 0.01 2.1252941176470586 
2.5169319562577357 4.83230582524272 7.573375314861461 2.976996699669967 5.465179584120975 0.5745893719806764 2.7215783783783793 0.01 0.01 
5.198639125151999 6.010606796116505 5.173022670025189 2.858316831683168 3.5788090737240026 0.7193558776167471 4.3057621621621625 0.01 3.006666666666667 
4.270145808019606 6.27245145631068 8.456523929471032 2.1165676567656764 3.7997353497164568 0.0968599033816425 3.3727459459459475 0.01 0.01 
6.476682867557884 5.268713592233009 7.573375314861461 2.2649174917491752 4.2415879017013225 0.8785990338164251 3.314432432432433 0.01 0.01 
3.478195625759554 4.766844660194177 8.365944584382872 2.4429372937293734 4.632457466918723 0.8351690821256038 2.7215783783783793 0.01 0.01 
2.5169319562577357 4.352257281553399 8.116851385390428 3.095676567656766 5.4991682419659895 1.0088888888888887 2.468886486486487 0.01 0.01 
1.0477278250305062 4.3086165048543705 0.01 7.575841584158416 1.3865406427221245 9.0 1.4678378378378376 0.01 0.01 
1.0204191980560608 4.352257281553399 0.01 7.635181518151816 1.0126654064272316 9.0 1.4969945945945948 0.01 0.01 
3.543736330498291 4.766844660194177 6.373198992443325 2.4429372937293734 5.261247637051056 0.7483091787439614 3.499091891891892 0.01 1.596470588235294 
3.696664641555458 4.3086165048543705 8.615037783375314 1.8198679867986804 5.414196597353495 0.8206924315619969 2.877081081081082 0.01 2.1252941176470586 
9.000000000000114 3.523082524271846 0.01 0.6033993399339939 3.6297920604914964 0.0968599033816425 8.727870270270271 0.01 0.01 
2.6425516403403435 6.316092233009709 7.980982367758187 2.3242574257425743 5.091304347826082 0.5456360708534621 2.449448648648649 0.01 2.477843137254902 
3.8878250303768027 4.155873786407767 8.479168765743074 1.9088778877887793 4.071644612476376 0.9365056360708535 3.440778378378379 0.01 3.8880392156862746 
0.9275698663428784 7.363470873786408 3.9502015113350124 3.1846864686468646 7.9293572778827865 0.01 2.1092864864864866 0.01 0.01 
4.308377885783898 6.5779368932038835 8.116851385390428 2.680297029702971 3.7317580340264698 0.8206924315619969 2.799329729729731 0.01 0.01 
2.697168894289348 6.9270631067961155 0.01 6.893432343234323 6.076975425330801 0.06790660225442834 3.51852972972973 1.2586111111111113 1.596470588235294 
0.010000000000104592 5.814223300970873 7.256347607052897 3.9857755775577557 4.972344045368629 2.557890499194847 0.009999999999999787 3.7246180555555557 0.01 
3.7622053462943086 5.87968446601942 0.01 0.2770297029702975 7.759413988657855 0.01 5.413718918918919 0.01 0.01 
6.39475698663432 4.985048543689324 8.116851385390428 1.0484488448844886 3.5788090737240026 0.18371980676328503 4.6167675675675675 0.01 0.5388235294117647 
4.352071688943056 4.74502427184466 7.550730478589421 2.4132673267326736 4.207599243856336 0.8785990338164251 3.615718918918919 0.01 1.9490196078431374 
3.221494532199472 8.127184466019415 0.01 4.5495049504950495 5.329224952741015 0.01 3.0228648648648644 4.973229166666667 1.4201960784313727 
3.450886998784995 3.8940291262135958 8.026272040302267 2.2649174917491752 5.703100189035908 0.8496457326892108 2.886800000000001 0.01 0.01 
3.0631044957474387 5.028689320388352 8.026272040302267 3.392376237623763 4.513497164461256 0.9944122383252819 2.6146702702702695 0.01 0.01 
2.8610206561362475 2.0174757281553397 0.01 2.146237623762376 9.000000000000014 3.918695652173913 3.411621621621622 0.01 0.01 
2.549702308627161 4.352257281553399 8.071561712846348 3.1846864686468646 5.482173913043482 1.0523188405797101 2.4105729729729735 0.01 0.01 
6.9955467800730275 6.11970873786408 6.577002518891687 2.086897689768977 2.151285444234418 0.1258132045088567 5.219340540540539 0.01 0.01 
3.2815735115433426 2.890291262135925 6.169395465994962 3.4517161716171616 5.074310018903603 1.0233655394524959 3.7031891891891906 0.01 0.01 
4.630619684082831 6.076067961165052 8.116851385390428 2.5319471947194723 3.1199621928166437 0.18371980676328503 3.1589297297297296 2.1638541666666664 0.01 
8.39921020656152 6.468834951456312 8.388589420654911 0.722079207920792 2.865047258979203 0.03895330112721417 4.276605405405405 0.01 1.7727450980392159 
3.0357958687729933 8.498131067961168 0.01 4.51983498349835 5.397202268431016 0.01 2.89651891891892 4.973229166666667 0.01 
3.5874301336575627 3.719466019417478 7.777178841309824 2.146237623762376 5.210264650283563 0.9075523349436393 3.2463999999999995 0.01 5.298235294117647 
3.8222843256380656 7.494393203883497 5.082443324937028 3.4220462046204627 4.2415879017013225 0.01 3.732345945945946 0.01 0.01 
3.8386695018226646 5.028689320388352 7.573375314861461 3.1846864686468646 3.833724007561443 0.8206924315619969 3.4699351351351364 0.01 0.01 
2.9757168894291226 4.024951456310678 8.071561712846348 3.4813861386138614 5.533156899810962 0.9509822866344606 2.4980432432432433 0.01 0.01 
3.6256622114217407 4.766844660194177 7.890403022670025 2.7989768976897693 4.683440453686202 0.864122383252818 2.9256756756756754 0.01 0.01 
3.412654921020817 5.35599514563107 8.479168765743074 2.086897689768977 5.278241965973535 0.864122383252818 2.5369189189189187 0.01 0.01 
2.069070473876195 9.0 0.01 5.291254125412541 6.144952741020802 0.01 2.8382054054054056 1.9765625000000002 0.01 
5.5809599027948025 0.010000000000001563 3.8822670025188915 3.244026402640264 6.042986767485814 0.8496457326892108 6.02601081081081 0.01 0.01 
3.7731287970840413 3.479441747572814 6.259974811083123 1.0781188118811884 6.671776937618148 0.5166827697262479 3.8878486486486494 0.01 3.5354901960784315 
5.826737545565152 7.276189320388351 8.728261964735516 1.2561386138613866 2.5081663516068176 0.2271497584541063 3.625437837837838 0.01 0.01 
3.3798845686513914 4.003131067961167 8.071561712846348 2.383597359735974 5.652117202268428 0.7917391304347826 2.877081081081082 0.01 3.006666666666667 
