3.7591220368743734 4.72444094488189 0.01 4.789493670886077 5.759039855072459 0.01 2.5248605947955394 6.711636363636362 0.01 
2.736992976294914 2.7990236220472458 8.702620865139949 2.1152531645569623 5.189021739130425 0.8206924315619969 2.474730483271377 0.01 2.9256756756756754 
3.822265144863877 3.9033070866141717 5.225572519083968 3.1109810126582276 3.430108695652166 0.7193558776167471 3.7029182156133835 0.01 4.140540540540541 
2.2121158911324983 3.223748031496063 8.336615776081425 3.3954746835443044 4.3095652173913095 0.9509822866344606 2.182304832713754 0.01 7.056216216216216 
2.1726514486390442 2.6999212598425206 8.107862595419848 3.6515189873417726 5.009873188405791 0.9365056360708535 2.182304832713754 0.01 5.112432432432432 
2.0226865671642145 3.308692913385828 8.199363867684477 3.2816772151898737 4.619003623188405 0.6614492753623189 2.3326951672862464 0.01 0.01 
1.5846312554872384 4.2289291338582675 6.14058524173028 9.0 0.009999999999990905 2.44207729468599 0.3776208178438667 9.0 0.01 
2.460741878841077 2.48755905511811 8.290865139949108 2.712689873417722 4.733007246376815 0.864122383252818 2.742091078066914 0.01 0.01 
1.9634899034240334 3.266220472440944 8.084987277353688 2.85493670886076 4.5375724637681145 0.8206924315619969 2.4329553903345733 0.01 0.01 
3.5815320456540576 4.186456692913387 3.0981679389312977 3.6799683544303794 3.0555253623188463 0.5745893719806764 4.296124535315986 0.01 4.383513513513513 
4.003801580333516 4.667811023622049 8.931374045801526 1.404018987341772 2.632083333333327 0.01 3.402137546468402 0.01 0.01 
2.6501712028094744 2.3459842519685044 8.405241730279897 2.3428481012658224 5.254166666666663 0.8930756843800322 2.742091078066914 0.01 0.01 
2.2792054433713247 3.266220472440944 8.107862595419848 3.623069620253165 4.325851449275376 0.9944122383252819 2.2491449814126394 0.01 0.01 
3.4789244951712135 3.1812755905511825 0.01 4.049810126582279 5.123876811594201 0.690402576489533 4.931105947955391 0.01 0.01 
3.167155399473131 2.416771653543309 4.2419338422391855 4.334303797468356 4.570144927536219 0.8785990338164251 3.9034386617100374 0.01 0.01 
2.09372256365225 1.6097952755905514 8.062111959287531 2.8833860759493675 4.895869565217396 0.8351690821256038 2.6000557620817846 0.01 0.01 
4.765465320456542 3.8183622047244103 8.519618320610686 0.49363924050632935 3.0392391304347797 0.14028985507246378 3.8783736059479565 0.01 3.8975675675675676 
2.081883230904282 2.161937007874018 7.9706106870229 4.362753164556963 5.449601449275363 0.9220289855072464 2.2240799256505586 0.01 2.1967567567567565 
5.120645302897287 3.9740944881889764 6.64384223918575 2.37129746835443 2.062065217391307 0.1258132045088567 4.488289962825279 0.01 0.01 
4.177445127304509 0.760346456692913 4.3105597964376585 3.4808227848101265 4.84701086956521 0.690402576489533 5.0063011152416355 0.01 0.01 
4.943055311676858 6.748960629921259 4.19618320610687 2.7695886075949367 0.8894565217391346 0.45877616747181965 2.666895910780669 6.875090909090908 0.01 
1.8924539069358843 2.6008188976377955 8.062111959287531 5.073987341772153 4.521286231884048 1.0088888888888887 2.1321747211895916 0.01 0.01 
4.098516242317714 0.009999999999999787 3.9216793893129767 3.4808227848101265 5.791612318840578 0.8496457326892108 5.1817565055762085 0.01 0.01 
0.07314310798938095 3.775889763779526 7.330101781170483 4.192056962025317 4.765579710144934 2.557890499194847 0.010000000000000675 4.872772727272727 0.01 
4.276106233538144 4.72444094488189 8.816997455470737 1.5747151898734177 2.404076086956522 0.2271497584541063 3.118066914498142 0.01 0.01 
2.5159920983318216 2.5441889763779546 8.130737913486003 3.2816772151898737 4.667862318840577 0.7917391304347826 2.5917007434944237 0.01 4.6264864864864865 
2.4567954345916405 2.827338582677166 8.107862595419848 3.8506645569620255 4.635289855072472 0.7917391304347826 2.5248605947955394 0.01 1.710810810810811 
2.1252941176470586 4.752755905511814 0.01 4.561898734177215 6.068478260869568 0.01 2.558280669144982 6.425590909090909 0.01 
4.331356453028889 3.8325196850393706 8.794122137404578 1.0910759493670885 3.0555253623188463 0.25610305958132046 3.6110130111524175 0.01 0.01 
1.5609525899911887 5.842881889763779 0.01 5.4438291139240516 5.889329710144921 0.01 2.4413104089219333 2.5844090909090904 0.01 
2.5870280948199706 2.176094488188978 8.062111959287531 3.1109810126582276 5.319311594202901 0.8351690821256038 2.6084107806691446 0.01 0.01 
0.8032352941175986 2.827338582677166 0.01 7.691329113924052 0.9708876811594251 9.0 1.2883178438661718 0.01 0.01 
1.9634899034240334 3.3936377952755894 7.787608142493638 2.5135443037974685 4.570144927536219 0.864122383252818 2.4246003717472124 0.01 0.01 
2.5672958735732436 2.2468818897637792 8.222239185750635 2.7695886075949367 5.54731884057972 0.8496457326892108 2.574990706319703 0.01 0.01 
2.4449561018436725 5.559732283464568 0.01 4.1636075949367095 5.058731884057963 0.01 2.666895910780669 6.343863636363635 0.01 
2.0147936786654554 4.4129763779527575 0.01 7.236139240506329 4.4398550724637715 0.1258132045088567 3.1431319702602236 4.341545454545454 0.01 
2.8593327480244852 2.997228346456696 6.506590330788803 2.684240506329114 4.8307246376811435 0.8062157809983898 3.0512267657992576 0.01 0.01 
1.87666812993848 2.968913385826772 7.810483460559796 3.537721518987342 5.498460144927549 0.1113365539452496 2.4830855018587368 0.01 4.6264864864864865 
4.102462686567151 2.968913385826772 8.199363867684477 1.6031645569620254 3.7721195652173947 0.34296296296296297 3.677853159851301 0.01 3.8975675675675676 
0.7361457418787722 4.781070866141734 3.9903053435114497 3.423924050632911 7.599384057971008 0.01 1.814684014869889 0.01 0.01 
3.411834942932387 3.945779527559056 8.199363867684477 2.7980379746835444 2.990380434782608 0.18371980676328503 2.7170260223048333 2.8295909090909084 0.01 
2.4883669885864492 3.223748031496063 8.245114503816794 2.2859493670886075 5.221594202898558 0.8496457326892108 2.2992750929368038 0.01 0.01 
1.793792800702363 3.209590551181103 7.9019847328244275 2.485094936708861 4.65157608695651 0.8206924315619969 2.633475836431227 0.01 0.01 
3.242137840210603 3.705102362204725 8.107862595419848 1.1764240506329116 4.50500000000001 0.24162640901771337 2.9008364312267663 0.6229545454545454 5.841351351351351 
2.1805443371378033 2.997228346456696 7.9019847328244275 4.049810126582279 4.228134057971019 0.8785990338164251 2.474730483271377 0.01 4.140540540540541 
2.8751185250218896 2.6999212598425206 8.565368956743002 2.2006012658227854 3.9024094202898567 0.9365056360708535 2.9593215613382915 0.01 5.355405405405405 
4.201123792800672 3.860834645669291 2.3204071246819336 2.911835443037975 3.755833333333328 0.4877294685990338 4.780715613382901 0.01 0.01 
5.925719929762977 3.7900472440944863 0.01 2.911835443037975 2.2086413043478075 0.28505636070853463 6.702369888475836 0.01 2.43972972972973 
2.902743634767262 3.705102362204725 8.862748091603052 2.6557911392405065 3.38124999999998 0.7917391304347826 2.4246003717472124 0.01 7.785135135135135 
2.9145829675153436 3.0821732283464573 8.313740458015266 2.0868037974683546 4.798152173913039 0.8351690821256038 2.4997955390334576 0.37777272727272726 4.140540540540541 
2.9185294117646663 4.342188976377953 5.019694656488549 3.7653164556962024 4.5375724637681145 0.01 3.2601022304832723 0.01 0.01 
3.0606014047409644 5.616362204724412 1.7942748091603054 3.992911392405063 4.260706521739124 0.01 3.7864684014869887 0.01 0.01 
1.7069710272168095 4.4129763779527575 0.01 6.667151898734178 5.710181159420287 0.1258132045088567 3.0512267657992576 2.502681818181818 1.224864864864865 
3.127690956979791 3.6484724409448805 8.290865139949108 2.2006012658227854 4.488713768115943 0.21267310789049923 2.7922211895910785 0.01 0.01 
2.685689201053492 3.0963307086614176 7.9706106870229 3.054082278481012 4.488713768115943 0.864122383252818 2.5165055762081785 0.01 0.01 
4.686536435469634 3.2379055118110234 8.199363867684477 1.3755696202531644 3.430108695652166 0.18371980676328503 3.9702788104089226 0.01 0.7389189189189189 
1.170254609306312 4.568708661417324 7.078473282442747 4.960189873417722 3.9024094202898567 1.6024315619967795 1.3885780669144987 0.01 0.01 
2.614653204565343 2.5866614173228353 7.9706106870229 2.541993670886076 5.026159420289858 0.8930756843800322 2.625120817843867 0.37777272727272726 5.355405405405405 
2.0463652326601505 3.2803779527559076 8.17648854961832 3.509272151898734 4.863297101449277 0.8930756843800322 2.0653345724907064 0.01 0.01 
0.009999999999990905 8.999999999999998 0.01 0.010000000000000231 9.0 0.01 1.0293122676579936 0.01 0.01 
6.12304214223002 0.29314960629921316 0.01 1.2333227848101265 5.41702898550723 0.01 7.738392193308551 0.01 0.01 
2.9501009657593613 3.308692913385828 7.856234096692112 3.1109810126582276 3.869836956521752 0.7483091787439614 2.658540892193309 0.01 0.01 
4.335302897278325 4.483763779527559 8.656870229007632 1.631613924050633 2.404076086956522 0.34296296296296297 3.109711895910782 0.01 9.0 
2.784350307287127 3.8183622047244103 0.01 0.6358860759493673 7.436521739130441 0.01 4.655390334572491 0.01 0.01 
4.477374890254509 5.432314960629922 5.0425699745547075 4.903291139240507 0.6125905797101439 1.1102254428341385 3.6277230483271374 0.01 0.01 
2.82776119402979 3.138803149606302 8.931374045801526 3.054082278481012 3.983840579710133 0.8062157809983898 2.4162453531598524 0.01 2.43972972972973 
2.7133143107988644 3.80420472440945 9.0 3.423924050632911 3.136956521739137 0.7917391304347826 2.3326951672862464 0.01 3.6545945945945943 
2.808028972783063 2.6149763779527557 7.9706106870229 2.712689873417722 4.993586956521739 0.8785990338164251 2.5165055762081785 0.01 0.01 
1.884561018437239 2.5441889763779546 8.062111959287531 4.448101265822785 4.84701086956521 1.0088888888888887 2.1321747211895916 0.01 0.01 
2.0147936786654554 4.497921259842519 0.01 6.980094936708862 5.8241847826086826 0.06790660225442834 3.026161710037174 1.6445454545454545 2.1967567567567565 
4.102462686567151 2.8698110236220504 8.359491094147582 1.5178164556962024 3.9675543478260664 0.28505636070853463 3.7029182156133835 0.01 4.140540540540541 
2.8869578577699713 3.152960629921262 8.611119592875317 2.7980379746835444 4.097844202898557 0.8496457326892108 2.5081505576208185 0.01 0.01 
2.57124231782268 2.7707086614173253 8.107862595419848 2.485094936708861 5.075018115942029 0.9509822866344606 2.6000557620817846 0.01 0.01 
2.3541878841087964 2.7990236220472458 7.947735368956743 4.135158227848102 4.619003623188405 0.9654589371980676 2.3076301115241638 0.01 0.01 
2.101615452151009 3.4219527559055134 8.267989821882951 3.423924050632911 4.08155797101449 0.9654589371980676 2.182304832713754 0.01 0.01 
1.9753292361720014 4.044881889763781 4.081806615776081 4.135158227848102 5.237880434782596 0.01 2.7170260223048333 3.115636363636363 0.01 
2.3620807726074418 2.6432913385826797 8.290865139949108 3.509272151898734 5.009873188405791 0.8930756843800322 2.2491449814126394 0.01 0.01 
1.8806145741878026 2.6291338582677195 7.856234096692112 3.025632911392405 5.531032608695654 1.0088888888888887 2.199014869888477 0.01 5.841351351351351 
0.4046444249341903 2.7848661417322855 7.947735368956743 2.2290506329113926 5.0424456521739245 0.9075523349436393 2.449665427509294 0.01 7.542162162162162 
2.1292405618963812 3.5918425196850396 8.17648854961832 3.2247784810126583 4.179275362318847 0.9365056360708535 2.1238197026022307 0.01 0.01 
4.181391571553945 3.521055118110235 8.839872773536895 1.54626582278481 3.104384057971018 0.34296296296296297 3.4439126394052044 0.01 2.6827027027027026 
2.2515803336259523 5.007590551181105 0.01 4.675696202531646 5.54731884057972 0.01 2.5917007434944237 6.425590909090909 1.710810810810811 
6.134881474977988 4.200614173228347 8.473867684478371 1.0626265822784808 2.7460869565217223 0.03895330112721417 3.677853159851301 0.01 2.43972972972973 
3.1000658472344185 3.62015748031496 7.673231552162849 2.541993670886076 3.5766847826086945 0.864122383252818 2.917546468401487 0.01 0.01 
2.346294995610151 3.4785826771653543 7.9706106870229 3.907563291139241 4.293278985507243 0.9075523349436393 2.1488847583643134 0.01 0.01 
2.8632791922739216 4.667811023622049 7.467353689567429 5.358481012658229 2.224927536231874 2.1235909822866343 0.31078066914498237 6.670772727272726 0.01 
2.105561896400218 3.379480314960629 8.130737913486003 2.598892405063291 4.765579710144934 0.9944122383252819 2.2407899628252794 0.01 0.01 
4.201123792800672 3.0821732283464573 8.428117048346056 2.314398734177215 4.667862318840577 0.7917391304347826 2.5917007434944237 0.01 0.01 
1.9753292361720014 4.101511811023622 8.062111959287531 2.598892405063291 4.879583333333329 0.5456360708534621 2.10710966542751 0.01 3.411621621621622 
2.9974582967514607 2.6999212598425206 8.38236641221374 3.4808227848101265 4.27699275362319 0.8496457326892108 2.6167657992565063 0.01 2.9256756756756754 
2.5791352063213253 3.0963307086614176 8.450992366412212 2.712689873417722 4.4398550724637715 0.8351690821256038 2.3410501858736072 0.01 0.01 
2.294991220368729 2.6008188976377955 8.199363867684477 2.7695886075949367 4.4398550724637715 0.8930756843800322 2.8172862453531593 0.01 0.01 
2.6501712028094744 2.912283464566931 7.993486005089058 2.684240506329114 4.84701086956521 0.8785990338164251 2.566635687732343 0.01 0.01 
2.9856189640034927 3.068015748031497 7.718982188295165 2.399746835443038 4.619003623188405 0.8351690821256038 2.850706319702603 0.01 3.8975675675675676 
2.6580640913081197 2.416771653543309 7.856234096692112 2.4281962025316455 4.993586956521739 0.9075523349436393 2.7922211895910785 0.01 7.299189189189189 
2.1687050043898353 2.5866614173228353 8.039236641221374 3.1394303797468353 5.091304347826096 0.9944122383252819 2.3494052044609672 0.2551818181818181 6.084324324324324 
3.980122914837466 4.257244094488188 8.611119592875317 0.6927848101265822 3.104384057971018 0.16924315619967795 3.5358178438661714 0.01 0.01 
9.0 1.8080000000000016 0.01 1.8876582278481013 0.44972826086954854 0.18371980676328503 9.000000000000002 0.01 5.841351351351351 
3.127690956979791 4.214771653543307 5.477201017811705 3.4808227848101265 4.048985507246385 0.01 3.468977695167287 0.01 0.01 
6.363775241439839 3.9316220472440957 7.215725190839693 0.9203797468354432 1.1174637681159254 0.1258132045088567 5.19846654275093 0.01 0.01 
2.5594029850745983 4.059039370078741 8.245114503816794 2.911835443037975 4.635289855072472 0.7048792270531401 2.015204460966543 0.01 0.01 
4.34319578577697 4.512078740157483 8.748371501272263 0.37984177215189885 3.0718115942028845 0.16924315619967795 3.468977695167287 0.01 0.01 
2.8672256365231306 2.5866614173228353 8.405241730279897 2.5704430379746834 4.374710144927519 0.9075523349436393 2.7253810408921932 0.01 8.514054054054053 
4.181391571553945 3.4785826771653543 8.565368956743002 1.6031645569620254 3.462681159420299 0.27057971014492754 3.502397769516728 0.01 1.710810810810811 
2.133187006145704 1.312488188976376 0.01 2.4281962025316455 8.62541666666668 3.918695652173913 2.934256505576208 0.01 0.01 
2.5594029850745983 2.5300314960629944 8.107862595419848 2.541993670886076 5.4658876811594155 0.8496457326892108 2.4830855018587368 0.01 0.01 
2.744885864793673 3.4077952755905496 6.575216284987277 2.4281962025316455 4.814438405797105 0.8062157809983898 3.017806691449814 0.01 0.01 
