2.5102039800995044 2.903022556390976 7.137928730512249 3.708417721518987 5.355839285714296 0.9509822866344606 2.424942287513117 0.01 0.01 
2.8769601990049978 3.2815488721804513 7.2380400890868595 2.0299050632911393 5.5163749999999965 0.8351690821256038 2.6607764952780695 0.01 0.01 
1.7945820895522502 5.579744360902254 0.01 5.92746835443038 6.28694642857144 0.01 2.8022770199370415 1.6082222222222224 0.01 
3.0021940298507843 3.1869172932330834 6.997772828507795 2.684240506329114 4.906339285714296 0.8785990338164251 2.896610703043023 0.01 0.01 
3.2705522388059762 3.416736842105262 7.53837416481069 2.7980379746835444 4.1678750000000235 0.8496457326892108 2.830577124868835 0.01 0.01 
3.042447761194012 3.3626616541353407 6.977750556792873 3.054082278481012 4.553160714285724 0.864122383252818 2.8400104931794328 0.01 0.01 
2.358134328358233 2.470421052631579 6.977750556792873 4.362753164556963 5.500321428571439 0.9220289855072464 2.5098426023085 0.01 2.3217142857142856 
0.009999999999990905 9.0 0.01 0.010000000000000231 9.000000000000014 0.01 1.1608709338929701 0.01 0.01 
2.9798308457711755 3.3626616541353407 6.797550111358574 2.826487341772152 4.7458035714285955 0.864122383252818 2.9909443861490024 0.01 0.01 
2.7875074626865626 2.7813533834586437 7.258062360801782 2.712689873417722 4.79396428571431 0.864122383252818 3.0947114375655813 0.01 0.01 
3.2884427860697087 3.9439699248120306 7.758619153674833 2.6557911392405065 3.4615178571428515 0.7917391304347826 2.7362434417628547 0.01 8.229428571428572 
2.872487562189008 3.0787669172932333 7.218017817371938 2.911835443037975 5.11503571428571 0.8351690821256038 2.811710388247639 0.01 2.8354285714285714 
3.5210199004974356 3.7411879699248125 6.977750556792873 2.8833860759493675 3.4454642857142943 0.8062157809983898 3.3777124868835253 0.01 0.01 
2.935104477611958 3.9574887218045127 7.3381514476614695 2.2006012658227854 4.761857142857153 0.16924315619967795 3.0003777544596018 0.01 0.01 
2.4073333333333267 4.944360902255639 0.01 4.561898734177215 6.110357142857154 0.01 2.8871773347324243 4.490730158730159 0.01 
3.0021940298507843 2.646165413533833 7.358173719376391 2.3428481012658224 5.307678571428582 0.8930756843800322 3.0947114375655813 0.01 0.01 
2.581766169154207 3.5248872180451123 7.097884187082405 3.623069620253165 4.392625000000024 0.9944122383252819 2.5381427072402936 0.01 0.01 
4.509472636815872 4.471203007518795 7.53837416481069 0.6927848101265822 3.1886071428571654 0.16924315619967795 3.990881427072403 0.01 0.01 
1.324955223880579 4.768616541353385 6.196881959910913 4.960189873417722 3.975232142857152 1.6024315619967795 1.5665057712486883 0.01 0.01 
3.163208955223922 2.565052631578947 5.536146993318485 1.404018987341772 6.431428571428583 0.5166827697262479 3.773913955928646 0.01 5.147142857142858 
4.42001990049755 3.9439699248120306 9.0 2.1721518987341777 3.1725535714285797 0.0968599033816425 3.141878279118573 0.01 0.01 
0.9089999999999918 3.105804511278194 0.01 7.691329113924052 1.085589285714292 9.0 1.4533053515215109 0.01 0.01 
2.7696169154229437 5.714932330827068 0.01 4.1636075949367095 5.11503571428571 0.01 3.0098111227701994 4.433650793650794 0.01 
6.951532338308425 4.417127819548874 7.418240534521158 1.0626265822784808 2.835428571428565 0.03895330112721417 4.151248688352571 0.01 2.5785714285714287 
7.443522388059705 2.5920902255639113 0.01 0.9488291139240509 3.5578392857142944 0.0968599033816425 8.471731374606506 0.01 0.01 
2.5996567164179396 2.889503759398494 7.177973273942094 2.7695886075949367 4.50500000000001 0.8930756843800322 3.179611752360965 0.01 0.01 
2.0316318407960807 3.4708120300751872 6.917683741648107 2.485094936708861 4.713696428571424 0.8206924315619969 2.972077649527807 0.01 0.01 
2.899323383084493 2.82190977443609 7.097884187082405 2.541993670886076 5.5163749999999965 0.8496457326892108 2.8022770199370415 0.01 0.01 
2.6756915422885186 4.741578947368421 0.01 4.960189873417722 5.709017857142868 0.01 3.019244491080797 4.776126984126984 0.01 
2.259736318408045 3.7952631578947376 7.117906458797327 3.423924050632911 5.11503571428571 0.5745893719806764 2.2268415529905567 0.01 0.01 
2.474422885572153 2.889503759398494 0.01 4.2489556962025326 6.543803571428569 1.4142351046698873 4.481416579223505 0.01 0.01 
2.2999900497512726 3.0787669172932333 7.177973273942094 3.423924050632911 4.8581785714285814 0.8930756843800322 2.472109129066106 0.01 0.01 
3.3957860696517628 2.9841353383458653 7.3381514476614695 3.4808227848101265 4.344464285714309 0.8496457326892108 2.953210912906612 0.01 3.092285714285714 
6.9381144278606826 0.6859398496240594 0.01 1.2333227848101265 5.468214285714282 0.01 8.735865687303253 0.01 0.01 
0.08156218905469359 4.011563909774434 6.4171269487750555 4.192056962025317 4.826071428571439 2.557890499194847 0.009999999999999787 3.406222222222222 0.01 
3.592582089552252 4.633428571428571 0.01 4.98863924050633 4.713696428571424 0.01 5.151185729275972 0.01 0.01 
5.39952736318412 4.052120300751881 7.458285077951002 0.49363924050632935 3.1243928571428654 0.14028985507246378 4.377649527806926 0.01 4.119714285714286 
2.259736318408045 3.0922857142857154 7.017795100222717 3.253227848101266 4.95450000000001 0.8785990338164251 2.547576075550891 0.01 0.01 
2.550457711442732 5.187699248120303 0.01 4.675696202531646 5.596642857142882 0.01 2.9249108079748156 4.490730158730159 1.8080000000000003 
3.485238805970198 3.7006315789473696 7.678530066815145 2.627341772151899 4.408678571428581 0.8351690821256038 2.632476390346276 0.01 3.6060000000000003 
9.0 0.009999999999999787 0.01 5.017088607594937 0.010000000000005116 0.8496457326892108 7.434060860440714 9.0 7.202000000000001 
3.2481890547263674 2.875984962406015 7.358173719376391 2.5704430379746834 4.44078571428571 0.9075523349436393 3.075844700944386 0.01 9.0 
2.5683482587064645 3.3896992481203014 7.097884187082405 3.253227848101266 4.874232142857153 0.8206924315619969 2.528709338929695 0.01 0.01 
7.273562189054701 0.40204511278195376 0.01 1.1764240506329116 5.259517857142868 0.01 9.0 0.01 0.01 
3.4673482587064655 5.769007518796993 1.57173719376392 3.992911392405063 4.328410714285724 0.01 4.273882476390345 0.01 0.01 
2.8501243781095127 2.8354285714285723 7.117906458797327 3.2816772151898737 4.72975000000001 0.7917391304347826 2.9249108079748156 0.01 4.890285714285715 
4.272422885572155 3.822300751879702 4.194654788418708 3.79376582278481 3.8146964285714517 0.7772624798711756 3.9154144805876188 0.7805714285714287 4.376571428571429 
3.122955223880581 3.024691729323308 5.936592427616926 3.1109810126582276 5.0026607142857245 0.8785990338164251 3.179611752360965 0.4095555555555556 0.01 
2.2373731343283225 4.268421052631581 3.5739643652561246 4.135158227848102 5.291624999999996 0.01 3.0664113326337885 2.179015873015873 0.01 
2.930631840795968 2.60560902255639 7.137928730512249 2.7411392405063295 5.259517857142868 0.8930756843800322 3.0852780692549837 0.01 3.6060000000000003 
2.8635422885572552 2.49745864661654 6.957728285077951 2.9687341772151896 5.757178571428582 0.8785990338164251 2.953210912906612 0.01 1.5511428571428572 
2.8188159203980376 1.9972631578947357 6.517238307349666 2.3428481012658224 6.0140357142857255 0.9075523349436393 3.2833788037775458 0.01 6.174571428571428 
1.7945820895522502 4.444165413533835 5.375968819599109 9.0 0.13842857142857667 2.44207729468599 0.4250682056663173 6.288730158730159 0.01 
4.160606965174111 3.5924812030075195 0.01 3.025632911392405 3.9270714285714377 0.4877294685990338 6.679391395592865 0.01 0.01 
3.0603383084577445 2.727278195488722 6.977750556792873 2.8833860759493675 5.066874999999996 0.9365056360708535 3.075844700944386 0.01 0.01 
3.042447761194012 2.794872180451126 7.017795100222717 2.2290506329113926 5.17925000000001 0.9365056360708535 3.160745015739768 0.01 0.01 
1.9332338308457793 4.619909774436092 0.01 6.667151898734178 5.757178571428582 0.1258132045088567 3.443746065057712 1.750920634920635 1.2942857142857145 
2.317880597015005 3.5384060150375944 7.157951002227171 3.509272151898734 4.922392857142881 0.8930756843800322 2.330608604407135 0.01 0.01 
3.279497512437729 3.6330375939849624 7.7986636971046766 2.826487341772152 4.135767857142852 0.7483091787439614 2.6985099685204608 0.01 0.01 
4.411074626865684 4.011563909774434 7.197995545657015 2.2290506329113926 3.4615178571428515 0.14028985507246378 3.7550472193074507 0.01 0.01 
2.6756915422885186 2.9300601503759403 7.258062360801782 3.509272151898734 5.066874999999996 0.8930756843800322 2.5381427072402936 0.01 0.01 
3.154263681592056 4.052120300751881 0.01 0.6358860759493673 7.4588571428571555 0.01 5.254952780692549 0.01 0.01 
3.673089552238821 3.9439699248120306 7.097884187082405 1.1764240506329116 4.56921428571431 0.24162640901771337 3.2739454354669464 0.4380952380952381 6.174571428571428 
3.181099502487541 2.903022556390976 6.977750556792873 2.712689873417722 5.050821428571439 0.8785990338164251 2.8400104931794328 0.01 0.01 
3.6015273631841183 4.4847218045112776 7.177973273942094 2.940284810126583 3.654160714285723 0.8206924315619969 2.7173767051416586 0.01 0.01 
4.057736318407933 4.403609022556392 2.7130066815144764 3.6799683544303794 3.140446428571451 0.5745893719806764 4.849317943336831 0.01 4.6334285714285715 
5.600796019900486 6.850511278195487 3.6740757238307347 2.7695886075949367 1.005321428571449 0.45877616747181965 3.0098111227701994 4.804666666666666 0.01 
2.1345024875622585 3.105804511278194 7.177973273942094 3.338575949367089 5.323732142857168 1.0088888888888887 2.3966421825813224 0.01 0.01 
2.3715522388059753 1.9431879699248107 7.057839643652561 2.8833860759493675 4.95450000000001 0.8351690821256038 2.934344176285413 0.01 0.01 
2.9753582089551855 3.3626616541353407 5.636258351893096 2.712689873417722 5.098982142857153 0.7483091787439614 3.3965792235047223 0.01 2.3217142857142856 
2.2910447761194064 3.565443609022555 7.177973273942094 3.2816772151898737 4.681589285714296 0.6614492753623189 2.632476390346276 0.01 0.01 
2.577293532338331 2.6326466165413542 5.776414253897549 3.907563291139241 5.468214285714282 1.0667954911433173 2.9437775445960126 0.01 0.01 
3.941447761194013 3.4437744360902265 0.01 4.049810126582279 5.17925000000001 0.690402576489533 5.566253934942288 0.01 0.01 
2.147920398010001 3.416736842105262 6.917683741648107 3.1109810126582276 5.404000000000011 0.8930756843800322 2.302308499475341 0.01 0.01 
2.872487562189008 2.6867218045112793 6.85761692650334 2.456645569620253 5.452160714285725 0.864122383252818 3.038111227701994 0.01 0.01 
0.4572636815920532 3.065248120300751 6.957728285077951 2.2290506329113926 5.098982142857153 0.9075523349436393 2.7645435466946484 0.01 7.972571428571428 
1.767746268656765 5.985308270676693 0.01 5.4438291139240516 5.933767857142868 0.01 2.75511017838405 1.808 0.01 
3.342114427860679 3.565443609022555 6.8776391982182625 3.1109810126582276 3.9431250000000233 0.7483091787439614 3.0003777544596018 0.01 0.01 
0.9313631840796006 3.0787669172932333 0.01 7.634430379746837 1.4387678571428637 9.0 1.4250052465897163 0.01 0.01 
2.201592039800971 2.9435789473684224 6.897661469933184 3.167879746835443 5.227410714285725 0.6469726247987118 2.689076600209863 0.01 0.01 
4.536308457711357 4.863248120300753 7.818685968819598 1.404018987341772 2.7230535714285793 0.01 3.8399475341028326 0.01 0.01 
2.7114726368159836 5.444556390977443 0.01 4.732594936708861 5.163196428571439 0.01 2.934344176285413 4.547809523809524 2.064857142857143 
4.920955223880583 4.71454135338346 7.658507795100222 0.37984177215189885 3.1565000000000083 0.16924315619967795 3.9154144805876188 0.01 0.01 
3.131900497512447 3.660075187969923 7.978864142538975 2.399746835443038 4.312357142857138 0.8496457326892108 2.5758761804826866 0.01 0.01 
2.2373731343283225 4.322496240601502 7.057839643652561 2.598892405063291 4.9384464285714245 0.5456360708534621 2.3777754459601264 0.01 3.6060000000000003 
4.733104477611846 1.1320601503759402 3.7741870824053447 3.4808227848101265 4.906339285714296 0.690402576489533 5.65115424973767 0.01 0.01 
2.469950248756277 3.268030075187969 6.917683741648107 4.049810126582279 4.296303571428581 0.8785990338164251 2.792843651626444 0.01 4.376571428571429 
2.5594029850745983 5.674375939849625 0.01 4.704145569620254 5.227410714285725 0.01 2.811710388247639 4.547809523809524 0.01 
2.0405771144278333 3.4032180451127836 6.997772828507795 3.2247784810126583 5.532428571428582 0.5601127214170692 2.4626757607555083 0.01 0.01 
2.143447761194011 2.889503759398494 7.057839643652561 5.073987341772153 4.585267857142867 1.0088888888888887 2.40607555089192 0.01 0.01 
2.8411791044776464 2.889503759398494 7.137928730512249 2.6557911392405065 5.468214285714282 0.7917391304347826 2.792843651626444 0.01 4.376571428571429 
3.3823681592040202 3.3356240601503764 6.757505567928731 2.399746835443038 4.681589285714296 0.8351690821256038 3.2173452256033572 0.01 4.119714285714286 
2.7606716417910775 2.200045112781954 5.456057906458797 3.6799683544303794 4.922392857142881 1.0233655394524959 3.5946799580272826 0.01 0.01 
2.22395522388058 3.6465563909774446 6.817572383073496 2.5135443037974685 4.633428571428581 0.864122383252818 2.7362434417628547 0.01 0.01 
2.1300298507462685 2.916541353383458 6.8776391982182625 3.025632911392405 5.5805892857142965 1.0088888888888887 2.481542497376706 0.01 6.174571428571428 
3.20346268656715 5.052511278195489 4.494988864142539 3.6515189873417726 4.135767857142852 0.01 3.622980062959077 0.01 0.01 
2.908268656716473 2.808390977443608 7.3381514476614695 2.6557911392405065 5.147142857142882 0.8785990338164251 2.9626442812172096 0.01 0.01 
4.648124378109401 3.1463609022556405 7.318129175946547 1.5178164556962024 4.0394464285714236 0.28505636070853463 4.179548793284364 0.01 4.376571428571429 
4.737577114427836 3.7276691729323304 7.498329621380846 1.6031645569620254 3.541785714285737 0.27057971014492754 3.953147953830009 0.01 1.8080000000000003 
2.1881741293532286 5.579744360902254 0.01 5.81367088607595 5.5805892857142965 0.01 3.1513116474291705 1.8365396825396827 2.3217142857142856 
3.2571343283582337 3.105804511278194 7.258062360801782 2.058354430379747 4.071553571428581 0.9365056360708535 3.5003462749213012 0.01 3.8628571428571425 
4.759940298507445 3.349142857142855 7.378195991091314 2.314398734177215 4.72975000000001 0.7917391304347826 2.9249108079748156 0.01 0.01 
2.854597014925389 2.82190977443609 7.157951002227171 2.8833860759493675 5.163196428571439 0.9075523349436393 2.9909443861490024 0.01 0.01 
3.829631840795969 5.187699248120303 0.01 0.6358860759493673 5.901660714285725 0.01 5.471920251836306 0.01 0.01 
3.243716417910491 4.863248120300753 6.537260579064587 5.358481012658229 2.321714285714293 2.1235909822866343 0.34960125918153206 4.661968253968253 0.01 
2.8143432835820477 3.4437744360902265 7.258062360801782 2.5704430379746834 5.259517857142868 0.8062157809983898 2.5004092339979014 0.01 0.01 
2.8680149253731315 3.6060000000000016 7.3381514476614695 2.4281962025316455 4.79396428571431 0.8351690821256038 2.689076600209863 0.01 2.8354285714285714 
