1.784885215794361 5.277748184019373 7.2380400890868595 3.5107788161993767 4.83296137339056 0.9654589371980676 1.891627906976744 0.01 0.01 
3.9807897153351632 5.952542372881361 2.0322494432071267 3.006666666666667 4.447124463519316 0.4877294685990338 4.6008236434108545 0.01 0.01 
1.4918227731864135 8.368740920096855 7.358173719376391 4.070903426791277 3.829785407725325 0.24162640901771337 1.3079748062015515 0.01 2.9256756756756754 
2.4700734618917295 5.038305084745765 7.718574610244989 2.6985981308411215 5.58534334763948 0.7627858293075684 1.9700290697674419 0.01 0.01 
1.6734389348025616 4.34174334140436 7.017795100222717 3.342741433021807 5.797553648068686 0.8785990338164251 1.9700290697674419 0.01 0.01 
2.0407988980715572 5.36481840193705 6.977750556792873 3.9868847352024925 5.083755364806876 0.9075523349436393 1.8567829457364349 0.01 0.01 
2.709476584022127 4.733559322033901 6.757505567928731 2.502554517133956 5.469592274678121 0.8351690821256038 2.5885271317829464 0.01 3.8975675675675676 
2.5526262626262906 7.345665859564168 0.01 4.294953271028038 5.739678111587978 2.0512077294685986 0.5326744186046515 9.0 0.01 
2.3379889807162044 5.713099273607753 7.318129175946547 1.0182242990654207 6.009763948497863 0.0968599033816425 2.6756395348837216 0.01 0.01 
0.8107621671257448 7.040920096852304 6.196881959910913 5.023115264797508 4.620751072961383 1.6024315619967795 1.0640600775193807 0.01 0.01 
1.6197796143250116 4.102300242130756 6.897661469933184 3.2587227414330213 6.12551502145925 0.6469726247987118 2.1006976744186048 0.01 0.01 
2.2059044995409067 3.97169491525424 7.017795100222717 2.3905295950155763 6.530643776824036 0.8206924315619969 2.3446124031007765 0.01 0.01 
3.8775987144168766 4.581186440677968 7.177973273942094 1.7183800623052963 4.466416309012885 0.34296296296296297 3.4509399224806208 0.01 3.8975675675675676 
2.639306703397665 6.692639225181601 4.394877505567928 3.846853582554517 5.3731330472103025 0.01 3.0153779069767443 0.01 0.01 
2.4989669421488543 5.887239709443104 0.01 0.7661682242990657 8.807081545064392 0.01 4.470155038759692 0.01 0.01 
2.6351790633608516 4.755326876513319 7.278084632516703 2.1944859813084117 5.681802575107298 0.8351690821256038 2.222655038759691 0.2909375 4.140540540540541 
2.911730945821887 6.583801452784506 7.177973273942094 3.034672897196262 4.234914163090139 0.8206924315619969 2.1268313953488382 0.01 0.01 
9.0 2.796246973365623 0.01 1.9984423676012462 0.5308798283261638 0.18371980676328503 9.000000000000004 0.01 5.841351351351351 
2.874582185491363 6.257288135593225 7.077861915367483 2.894641744548287 3.7140343347639657 0.7483091787439614 2.5449709302325587 0.3533680555555556 0.01 
1.8096510560146726 7.32389830508475 0.01 4.631028037383177 7.1865665236051655 0.01 2.2836337209302338 4.910798611111112 0.01 
4.059214876033025 7.280363196125911 7.718574610244989 1.6903738317757009 2.8459012875536587 0.2271497584541063 2.8672868217054273 0.01 0.01 
1.6404178145087371 5.038305084745765 7.077861915367483 2.950654205607477 5.3731330472103025 0.8206924315619969 2.152965116279071 0.01 0.01 
1.6528007346189497 6.235520581113807 3.5739643652561246 4.210934579439252 6.202682403433471 0.01 2.449147286821706 2.3823611111111114 0.01 
0.009999999999990905 4.298208232445525 6.957728285077951 2.334517133956387 5.971180257510753 0.9075523349436393 2.170387596899225 0.01 7.542162162162162 
2.284329660238768 4.77709443099274 7.398218262806235 2.8106230529595018 5.257381974248943 0.8351690821256038 2.057141472868218 0.01 0.01 
5.210826446281089 0.9460048426150145 0.01 4.4629906542056075 4.447124463519316 1.182608695652174 6.430184108527132 0.01 8.271081081081082 
1.244164370982503 6.51849878934625 5.375968819599109 9.0 0.009999999999990905 2.44207729468599 0.010000000000000675 6.877361111111112 0.01 
2.8993480257116744 3.732251815980632 3.714120267260579 4.406978193146418 5.411716738197413 0.8785990338164251 3.686143410852714 0.01 0.01 
1.4629292929292887 4.951234866828088 6.917683741648107 2.5865732087227413 5.508175965665231 0.8206924315619969 2.3620348837209315 0.01 0.01 
1.949990817263597 8.499346246973367 0.01 4.771059190031153 6.12551502145925 0.01 2.2139437984496135 4.973229166666667 0.01 
2.0449265381083706 5.887239709443104 7.378195991091314 4.266947040498443 4.196330472103 0.9365056360708535 1.760959302325582 0.01 0.01 
3.8775987144168766 4.4288135593220375 7.318129175946547 1.634361370716511 4.6979184549356034 0.28505636070853463 3.4770736434108533 0.01 4.140540540540541 
0.35672176308537473 7.367433414043589 3.493875278396436 3.5107788161993767 9.0 0.01 1.5083333333333337 0.01 0.01 
1.987139577594121 4.0152300242130785 7.177973273942094 2.8666355140186917 5.257381974248943 0.8930756843800322 2.5536821705426354 0.01 0.01 
4.170661157024824 4.77709443099274 7.558396436525612 1.410311526479751 4.0612875536480715 0.19819645732689212 3.6251647286821713 0.01 0.01 
1.570247933884275 4.864164648910414 6.917683741648107 3.2027102803738314 6.337725321888428 0.8930756843800322 1.743536821705427 0.01 0.01 
2.2719467401285556 3.4710411622276034 7.197995545657015 2.8666355140186917 6.569227467811174 0.8496457326892108 2.301056201550389 0.01 0.01 
1.5537373737373628 4.058765133171917 6.8776391982182625 3.1186915887850466 6.549935622317605 1.0088888888888887 1.909050387596901 0.01 5.841351351351351 
1.7642470156106356 7.302130750605329 0.01 6.87152647975078 5.720386266094408 0.01 3.128624031007752 1.6956250000000004 0.01 
1.6734389348025616 5.473656174334142 7.117906458797327 3.5107788161993767 5.990472103004294 0.5745893719806764 1.6738468992248068 0.01 0.01 
3.2254315886134464 4.907699757869253 0.01 4.126915887850467 6.067639484978542 0.690402576489533 4.757625968992248 0.01 0.01 
3.1222405876951598 3.5363438256658632 0.01 3.818847352024922 7.456652360515022 0.5601127214170692 4.940562015503876 0.01 0.01 
1.6362901744719238 8.69525423728814 0.01 6.2273831775700925 6.106223175965653 0.08238325281803542 2.5885271317829464 1.6644097222222225 0.01 
1.90458677685956 4.036997578692496 7.137928730512249 3.790841121495327 6.27984978540772 0.9509822866344606 1.8567829457364349 0.01 0.01 
1.7188429752065986 3.688716707021797 6.677416481069042 3.370747663551402 6.549935622317605 0.9799355877616748 2.074563953488373 0.01 0.01 
1.4175252525252517 6.213753026634386 0.01 6.311401869158878 6.453476394849787 0.21267310789049923 3.093779069767442 2.5384375 0.252972972972973 
1.557865013774176 4.363510895883781 7.177973273942094 3.426760124610592 6.2412660944206095 1.0088888888888887 1.8306492248062023 0.01 0.01 
3.530876951331493 5.517191283292984 4.194654788418708 3.874859813084112 4.427832618025775 0.7772624798711756 3.2331589147286826 0.8528125000000002 4.140540540540541 
2.3544995408632303 3.6451815980629547 7.097884187082405 2.950654205607477 5.913304721030045 0.8351690821256038 2.518837209302326 0.01 0.01 
3.109857667584947 8.172832929782082 7.518351893095768 0.010000000000000009 4.119163090128751 0.05342995169082126 2.7366182170542643 0.01 0.01 
2.2182874196511193 3.9281598062954046 7.117906458797327 3.370747663551402 5.5274678111588 0.7917391304347826 2.318478682170543 0.01 4.6264864864864865 
1.7766299357208482 2.4915012106537553 7.057839643652561 2.978660436137072 5.797553648068686 0.8351690821256038 2.3271899224806205 0.01 0.01 
4.129384756657487 6.95384987893463 7.658507795100222 0.5141121495327103 3.6368669527896884 0.16924315619967795 3.2331589147286826 0.01 0.01 
1.6404178145087371 5.234213075060534 6.817572383073496 2.6145794392523363 5.411716738197413 0.864122383252818 2.1442538759689933 0.01 0.01 
2.185266299357181 4.907699757869253 7.258062360801782 2.6705919003115266 6.164098712446361 0.8062157809983898 1.926472868217055 0.01 0.01 
4.166533516988011 7.432736077481842 0.01 1.9984423676012462 5.3731330472103025 0.15476650563607086 4.931850775193799 0.01 1.953783783783784 
2.4081588613406666 5.408353510895886 6.737483296213808 3.762834890965732 3.9648283261802533 0.8351690821256038 2.571104651162792 0.01 2.1967567567567565 
2.243053259871431 4.6464891041162275 7.2380400890868595 2.1384735202492213 6.472768240343356 0.8351690821256038 2.074563953488373 0.01 0.01 
3.956023875114738 1.1854479418886257 3.7741870824053447 3.5667912772585675 5.739678111587978 0.690402576489533 4.836027131782946 0.01 0.01 
1.4711845730028017 4.842397094430996 6.997772828507795 3.314735202492212 6.4920600858369255 0.5601127214170692 1.891627906976744 0.01 0.01 
2.238925619834731 3.688716707021797 6.85761692650334 2.5585669781931464 6.395600858369107 0.864122383252818 2.423013565891474 0.01 0.01 
2.123351698806232 8.020460048426152 0.01 5.751277258566978 6.549935622317605 0.01 2.693062015503876 2.0702083333333334 0.01 
2.7879017447199885 8.651719128329304 1.57173719376392 4.070903426791277 5.045171673819738 0.01 3.5641860465116286 0.01 0.01 
2.585647382920115 3.9934624697336574 7.358173719376391 2.6705919003115266 5.180214592274666 0.9075523349436393 2.4578585271317834 0.01 8.514054054054053 
4.571042240587758 5.887239709443104 7.458285077951002 0.6261370716510903 3.598283261802578 0.14028985507246378 3.6600096899224814 0.01 3.8975675675675676 
2.1605004591368697 3.841089588377727 7.258062360801782 2.8106230529595018 5.604635193133049 0.864122383252818 2.4752810077519385 0.01 0.01 
2.395775941230454 4.77709443099274 6.977750556792873 3.1466978193146415 5.315257510729623 0.864122383252818 2.2400775193798452 0.01 0.01 
2.6227961432507527 5.713099273607753 7.758619153674833 2.7546105919003114 4.0034120171673635 0.7917391304347826 2.1442538759689933 0.01 7.785135135135135 
2.721859504132226 4.167602905569009 7.3381514476614695 3.5667912772585675 5.064463519313307 0.8496457326892108 2.3446124031007765 0.01 2.9256756756756754 
3.667089072543604 5.713099273607753 9.0 2.2785046728971965 3.6561587982832577 0.0968599033816425 2.518837209302326 0.01 0.01 
2.1357346189164446 2.9050847457627142 5.456057906458797 3.762834890965732 5.758969957081547 1.0233655394524959 2.9369767441860484 0.01 0.01 
2.9447520661157114 4.755326876513319 6.677416481069042 2.782616822429907 4.775085836909881 0.8785990338164251 2.8585755813953497 0.01 2.6827027027027026 
2.606285583103727 4.864164648910414 7.53837416481069 2.894641744548287 4.85225321888413 0.8496457326892108 2.2313662790697686 0.01 0.01 
1.7890128558310607 5.212445520581117 7.117906458797327 2.6985981308411215 5.643218884120188 0.9944122383252819 1.9526065891472877 0.01 0.01 
6.00333333333333 6.474963680387415 7.418240534521158 1.1862616822429906 3.251030042918444 0.03895330112721417 3.4509399224806208 0.01 2.43972972972973 
1.6940771349861734 6.801476997578696 0.01 7.263613707165108 5.257381974248943 0.1258132045088567 2.89342054263566 3.3188194444444448 0.01 
2.2636914600550426 3.9063922518159835 7.097884187082405 2.6425856697819317 6.472768240343356 0.8496457326892108 2.205232558139536 0.01 0.01 
3.77440771349859 7.1932929782082375 7.818685968819598 1.5223364485981308 3.1159871244635156 0.01 3.1634689922480623 0.01 0.01 
2.5773921028467157 4.62472154963681 5.696325167037862 2.782616822429907 5.720386266094408 0.8062157809983898 2.797596899224807 0.01 0.01 
1.5661202938475753 4.0152300242130785 7.057839643652561 5.135140186915888 5.353841201716733 1.0088888888888887 1.8393604651162798 0.01 0.01 
2.057309458218583 4.080532687651335 7.258062360801782 3.5947975077881624 5.932596566523586 0.8930756843800322 1.9613178294573643 0.01 0.01 
2.3379889807162044 4.77709443099274 6.797550111358574 2.922647975077882 5.54675965665237 0.864122383252818 2.3794573643410857 0.01 0.01 
3.6588337924702046 5.8219370460048445 7.197995545657015 2.334517133956387 4.0034120171673635 0.14028985507246378 3.0850678294573646 0.01 0.01 
2.5443709825527776 7.4980387409201015 4.494988864142539 3.734828660436137 4.813669527896991 0.01 2.963110465116279 0.01 0.01 
1.5496097337006631 4.581186440677968 6.837594654788418 3.6228037383177574 6.511351931330495 0.1113365539452496 2.205232558139536 0.01 4.6264864864864865 
2.1893939393939945 2.578571428571429 6.517238307349666 2.446542056074766 7.070815450643778 0.9075523349436393 2.649505813953489 0.01 5.841351351351351 
2.9034756657484877 6.823244552058114 0.01 5.051121495327102 5.508175965665231 0.01 4.374331395348839 0.01 0.01 
6.3005234159779775 0.010000000000001563 0.01 1.2982866043613708 6.164098712446361 0.01 7.928517441860467 0.01 0.01 
1.669311294765862 8.564648910411627 0.01 5.555233644859813 6.588519313304715 0.01 2.483992248062017 2.101423611111111 0.01 
3.9807897153351632 4.755326876513319 7.378195991091314 2.418535825545171 5.5274678111588 0.7917391304347826 2.318478682170543 0.01 0.01 
1.8591827364554092 4.167602905569009 7.097884187082405 3.734828660436137 5.932596566523586 0.9365056360708535 1.891627906976744 0.01 5.112432432432432 
1.8385445362717974 8.238135593220342 0.01 4.771059190031153 6.22197424892704 0.01 2.1094089147286823 5.3478125 0.01 
1.2193985307621915 9.000000000000007 0.01 5.499221183800623 6.97435622317596 0.01 2.1616763565891484 1.9765625000000002 0.01 
2.094458218549221 5.147142857142864 7.017795100222717 2.418535825545171 5.720386266094408 0.7338325281803543 2.2400775193798452 0.01 0.01 
1.813778696051486 5.538958837772402 7.157951002227171 3.314735202492212 4.948712446351948 0.9365056360708535 1.8306492248062023 0.01 0.01 
2.829178145087212 5.582493946731237 6.717461024498887 2.6425856697819317 4.234914163090139 0.864122383252818 2.6582170542635666 0.01 0.01 
4.5504040404040325 5.277748184019373 6.697438752783964 2.6425856697819317 4.813669527896991 0.8785990338164251 2.5885271317829464 0.01 0.01 
3.5845362718090428 6.017845036319613 4.575077951002227 3.2027102803738314 4.0612875536480715 0.7193558776167471 3.4770736434108533 0.01 4.140540540540541 
2.222415059687819 3.9063922518159835 7.157951002227171 2.978660436137072 6.048347639484973 0.9075523349436393 2.3794573643410857 0.01 0.01 
1.784885215794361 8.542881355932202 0.01 4.4349844236760125 6.22197424892704 0.01 2.449147286821706 4.317708333333333 0.01 
2.449435261708004 4.319975786924942 7.618463251670378 2.2224922118380066 6.144806866952791 0.8206924315619969 2.1965213178294585 0.01 2.9256756756756754 
4.942529843893453 6.126682808716712 5.816458797327393 2.474548286604361 2.440772532188845 0.1258132045088567 4.295930232558139 0.01 0.01 
0.4268916437098369 4.363510895883781 0.01 7.711713395638629 1.1482188841201832 9.0 0.9595251937984504 0.01 0.01 
2.6186685032139394 4.5376513317191325 7.958841870824053 2.5305607476635514 4.9294206008583785 0.8785990338164251 2.2400775193798452 0.01 0.01 
4.121129476584088 6.910314769975788 7.578418708240534 1.7463862928348912 2.8459012875536587 0.34296296296296297 2.8585755813953497 0.01 9.0 
3.8775987144168766 4.4288135593220375 7.318129175946547 1.634361370716511 4.5049999999999955 0.28505636070853463 3.4770736434108533 0.01 4.140540540540541 
1.941735537190084 7.7157142857142915 0.01 4.743052959501558 6.569227467811174 0.01 2.318478682170543 4.910798611111112 1.710810810810811 
