6.101679536679512 6.273709273182963 7.125201005025125 0.6798431372549023 0.7442430278884586 0.1258132045088567 4.791718106995885 0.01 0.01 
2.2574999999999363 4.13323308270677 8.299773869346733 2.7246274509803925 4.325916334661358 0.9075523349436393 2.0540226337448555 0.01 6.179607843137255 
2.5134893822394133 5.778020050125317 7.576959798994975 2.689372549019608 3.4484063745019995 0.864122383252818 2.2667489711934152 0.01 0.01 
1.8106032818533322 3.975513784461153 8.18683417085427 2.9009019607843145 4.719900398406409 0.864122383252818 2.072520576131687 0.01 0.01 
3.702321428571395 5.620300751879704 8.72894472361809 1.455450980392157 2.9290637450199455 0.34296296296296297 2.8494341563785994 0.01 1.9490196078431374 
1.875685328185341 4.043107769423564 8.073894472361808 3.112431372549021 5.131792828685249 0.9075523349436393 1.9707818930041157 0.01 0.01 
1.8973793436293818 4.809172932330831 8.164246231155778 2.0547843137254906 5.525776892430272 0.8351690821256038 1.6470679012345686 0.01 0.01 
1.919073359073309 4.043107769423564 8.00613065326633 2.689372549019608 5.525776892430272 0.8496457326892108 1.7858024691358034 0.01 0.01 
1.2639140926640948 5.417518796992486 7.689899497487437 2.6541176470588237 4.540816733067729 0.864122383252818 1.7210596707818935 0.01 0.01 
2.2141119691119684 5.0119548872180495 8.81929648241206 3.3239607843137255 3.8961155378486154 0.8062157809983898 1.7118106995884785 0.01 1.7727450980392159 
1.7021332046332418 4.22335839598998 8.18683417085427 3.888039215686275 5.024342629482064 0.8930756843800322 1.5268312757201645 0.01 0.01 
2.0579150579151246 3.9980451127819556 7.915778894472361 2.3015686274509815 5.149701195219123 0.9365056360708535 2.137263374485597 0.01 0.01 
1.1684604247103607 4.741578947368424 7.7124874371859296 3.9232941176470595 5.56159362549802 0.1113365539452496 1.7858024691358034 0.01 3.35921568627451 
2.4701013513513317 8.954937343358402 1.771859296482412 4.487372549019608 4.200557768924327 0.01 3.2286419753086406 0.01 0.01 
2.543861003861025 5.823082706766918 8.18683417085427 2.266313725490197 4.451274900398417 0.21267310789049923 2.1280144032921804 0.01 0.01 
2.292210424710447 4.696516290726819 8.977412060301507 2.5483529411764705 4.093107569721113 0.8785990338164251 1.822798353909465 0.01 0.01 
2.856254826254826 6.296240601503765 8.0964824120603 3.0066666666666677 2.803705179282886 0.18371980676328503 2.0447736625514406 2.1638541666666664 0.01 
1.979816602316646 4.13323308270677 7.8706030150753765 2.689372549019608 5.042250996015937 0.8930756843800322 1.943034979423869 0.2909375 3.8880392156862746 
1.8366361003861584 5.079548872180453 8.18683417085427 2.7246274509803925 5.239243027888463 0.8062157809983898 1.489835390946503 0.01 0.01 
2.222789575289653 7.6030576441102795 0.01 4.769411764705883 4.84525896414344 2.0512077294685986 0.010000000000000675 9.0 0.01 
1.394078185328226 7.557994987468675 0.01 8.01286274509804 4.827350597609566 0.01 2.7661934156378596 1.6956250000000004 0.01 
2.144691119691174 5.4400501253132845 9.0 2.513098039215687 4.182649402390453 0.8496457326892108 1.5638271604938279 0.01 0.01 
1.8843629343630255 3.5023558897243134 7.8480150753768845 3.2181960784313723 5.794402390438265 0.8785990338164251 1.933786008230454 0.01 1.0676470588235294 
2.0275434362933993 3.8628571428571483 7.7576633165829145 2.5483529411764705 5.006434262948218 0.9075523349436393 2.1280144032921804 0.01 5.298235294117647 
2.487456563706587 5.507644110275695 8.661180904522613 2.7951372549019613 4.290099601593639 0.8351690821256038 1.619320987654322 0.01 2.477843137254902 
1.394078185328226 3.457293233082712 7.8706030150753765 4.945686274509805 5.507868525896427 0.9220289855072464 1.499084362139918 0.01 1.596470588235294 
1.3203185328185327 7.174962406015041 0.01 8.189137254901961 5.9197609561752955 0.06790660225442834 2.3869855967078184 1.2586111111111113 1.596470588235294 
5.620072393822397 6.048395989974939 0.01 3.1476862745098044 1.9441035856573734 0.28505636070853463 6.456532921810698 0.01 1.7727450980392159 
2.600265444015463 6.814461152882206 8.0964824120603 3.182941176470589 3.4484063745019995 0.8206924315619969 1.7025617283950627 0.01 0.01 
1.1771380308880453 5.0119548872180495 7.554371859296482 3.535490196078432 5.275059760956182 0.5745893719806764 1.6285699588477378 0.01 0.01 
1.741182432432538 5.32739348370928 7.915778894472361 2.4073333333333338 4.827350597609566 0.7338325281803543 1.822798353909465 0.01 0.01 
3.507075289575255 7.445338345864663 8.81929648241206 1.2791764705882354 2.409721115537863 0.01 2.803189300411523 0.01 0.01 
1.7021332046332418 7.242556390977448 0.01 5.686039215686276 5.740677290836672 0.01 1.9985288065843614 5.222951388888889 0.01 
4.3227702702703255 5.462581453634087 7.554371859296482 2.689372549019608 3.9856573705179272 0.8785990338164251 2.1927572016460903 0.01 0.01 
3.2380694980695353 7.535463659147872 0.01 5.47450980392157 5.848127490039857 0.01 1.8320473251028808 5.129305555555556 0.01 
2.279194015444091 5.034486215538852 8.503065326633164 3.0066666666666677 4.021474103585675 0.8496457326892108 1.81354938271605 0.01 0.01 
2.3095656370657025 4.92182957393484 8.209422110552763 2.1252941176470594 4.791533864541847 0.8351690821256038 1.8043004115226342 0.2909375 3.006666666666667 
1.5980019305019368 4.989423558897247 8.00613065326633 3.5707450980392164 4.809442231075721 0.8206924315619969 1.5175823045267487 0.01 0.01 
2.070931467181481 5.597769423558901 7.599547738693467 4.099568627450981 3.1976892430279094 0.8351690821256038 2.1742592592592604 0.01 1.596470588235294 
2.4006805019305375 4.313483709273186 8.27718592964824 3.8527843137254907 4.2184661354582005 0.8496457326892108 1.933786008230454 0.01 2.1252941176470586 
1.8887017374516972 5.5527067669172965 8.45788944723618 2.4778431372549026 5.0780677290836564 0.864122383252818 1.4528395061728396 0.01 0.01 
1.6066795366796214 3.727669172932334 6.515326633165828 4.381607843137256 5.47205179282868 1.0667954911433173 1.9245370370370365 0.01 0.01 
1.2595752895753094 9.0 0.01 7.202 5.18551792828687 0.08238325281803542 2.1927572016460903 1.6644097222222225 0.01 
1.3376737451737881 4.471203007518799 8.0964824120603 3.7822745098039228 4.791533864541847 0.8930756843800322 1.4620884773662546 0.01 0.01 
1.4591602316602348 3.9079197994987496 6.447562814070351 3.4297254901960788 5.579501992031865 0.8351690821256038 2.155761316872427 0.3533680555555556 3.8880392156862746 
1.1944932432433006 4.673984962406017 7.960954773869346 3.8175294117647063 4.863167330677314 0.9944122383252819 1.4713374485596722 0.01 1.596470588235294 
1.242220077220054 4.245889724310782 7.780251256281407 3.464980392156863 5.203426294820744 0.6469726247987118 1.6748148148148152 0.01 0.01 
4.7349565637065325 6.341303258145366 6.560502512562813 2.4778431372549026 1.7829282868526235 0.1258132045088567 4.005555555555555 0.01 0.01 
0.921148648648682 7.580526315789477 0.01 7.730823529411767 5.275059760956182 0.06790660225442834 2.4239814814814817 2.007777777777778 0.01 
3.4810424710424286 6.791929824561407 8.503065326633164 0.39780392156862754 2.9290637450199455 0.16924315619967795 2.9511728395061727 0.01 0.01 
6.162422779922849 0.010000000000001563 0.01 0.997137254901961 5.239243027888463 0.01 7.8623765432098764 0.01 0.01 
3.4723648648648577 4.403609022556395 0.7554020100502512 3.6765098039215696 5.794402390438265 0.19819645732689212 4.449506172839506 0.01 4.9456862745098045 
1.094700772200781 3.840325814536346 7.8254271356783915 3.8527843137254907 5.454143426294834 0.9799355877616748 1.5083333333333337 0.01 4.240588235294117 
1.6891167953667718 6.093458646616547 8.322361809045226 4.734156862745099 3.4125896414342805 0.9365056360708535 1.3141049382716057 0.01 0.01 
1.4721766409267047 8.526842105263164 0.01 5.368745098039216 5.292968127490056 0.01 1.6840637860082301 5.3478125 0.01 
1.5025482625483164 4.786641604010029 7.8028391959798995 4.557882352941177 4.164741035856579 0.8785990338164251 1.7765534979423876 0.01 3.006666666666667 
2.9300144787645195 5.079548872180453 0.01 4.557882352941177 5.149701195219123 0.690402576489533 4.495751028806584 0.01 0.01 
2.2488223938223655 4.786641604010029 6.424974874371858 2.86564705882353 4.827350597609566 0.8062157809983898 2.414732510288067 0.01 0.01 
1.4157722007722668 5.462581453634087 8.164246231155778 3.7822745098039228 4.003565737051801 0.9654589371980676 1.4528395061728396 0.01 0.01 
5.850028957528934 6.701804511278198 8.36753768844221 0.8561176470588234 2.535079681274894 0.03895330112721417 3.108405349794239 0.01 1.7727450980392159 
3.615545366795345 4.741578947368424 8.0964824120603 1.5259607843137257 3.6633067729083706 0.34296296296296297 3.108405349794239 0.01 2.8303921568627453 
1.4201110038609386 4.561328320802005 7.689899497487437 2.7951372549019613 5.113884462151404 0.7627858293075684 1.9615329218106998 0.01 0.01 
2.1229971042471334 5.4400501253132845 6.492738693467336 2.5483529411764705 4.809442231075721 0.8062157809983898 2.3777366255144035 0.01 0.01 
3.867195945945923 6.115989974937349 8.683768844221104 0.8913725490196078 2.8753386454183527 0.25610305958132046 3.0344135802469143 0.01 0.01 
9.0 2.894010025062663 0.01 1.8785098039215689 0.010000000000019327 0.18371980676328503 9.0 0.01 4.240588235294117 
1.4157722007722668 8.84228070175439 0.01 4.945686274509805 5.292968127490056 0.01 2.0447736625514406 4.317708333333333 0.01 
1.2031708494208715 3.9980451127819556 8.164246231155778 4.064313725490197 5.042250996015937 0.9365056360708535 1.489835390946503 0.01 4.593137254901961 
1.0773455598456394 5.124611528822058 7.8028391959798995 2.6188627450980393 4.6303585657370405 0.8206924315619969 1.9522839506172849 0.01 0.01 
2.821544401544429 7.986090225563913 0.01 0.3272941176470592 5.955577689243043 0.01 4.403261316872429 0.01 0.01 
2.63497586872586 4.92182957393484 7.53178391959799 2.86564705882353 3.949840637450208 0.8785990338164251 2.4794753086419767 0.01 1.9490196078431374 
2.821544401544429 3.6600751879699303 0.01 4.170078431372549 6.439103585657378 0.5601127214170692 4.689979423868312 0.01 0.01 
3.0428233590733953 6.679273182957399 3.059371859296482 4.099568627450981 2.8753386454183527 0.5745893719806764 3.7928292181069967 0.01 3.182941176470588 
3.142615830115801 5.32739348370928 0.01 3.288705882352941 3.752848605577711 0.4877294685990338 5.587129629629629 0.01 0.01 
1.0296187258687723 6.431428571428572 0.01 7.307764705882354 5.507868525896427 0.21267310789049923 2.729197530864198 2.5384375 0.1862745098039216 
3.880212355212393 7.197493734335843 8.63859296482412 0.010000000000000009 2.893247011952198 0.16924315619967795 2.877181069958848 0.01 0.01 
1.346351351351359 3.8177944862155435 7.53178391959799 3.6060000000000008 5.597410358565739 0.9799355877616748 1.6470679012345686 0.01 0.01 
1.6847779922779864 5.5527067669172965 7.8706030150753765 4.381607843137256 4.236374501992046 0.9075523349436393 1.4158436213991772 0.01 0.01 
1.1771380308880453 4.065639097744366 7.960954773869346 5.051450980392158 4.84525896414344 1.0088888888888887 1.3973456790123455 0.01 0.01 
2.014527027027043 3.7727318295739387 8.00613065326633 3.0771764705882365 5.006434262948218 0.8351690821256038 2.1187654320987654 0.01 0.01 
1.5112258687258873 4.336015037593988 8.164246231155778 2.7951372549019613 4.648266932270914 0.8206924315619969 1.9800308641975306 0.01 0.01 
5.837012548262578 0.4831578947368449 0.01 1.0676470588235298 5.47205179282868 0.01 7.603405349794238 0.01 0.01 
2.0752702702702663 3.885388471177947 7.8706030150753765 3.112431372549021 5.024342629482064 0.9365056360708535 2.0540226337448555 0.01 0.01 
2.313904440154488 6.927117794486218 4.956758793969849 4.205333333333334 4.50500000000001 0.01 2.6459567901234564 0.01 0.01 
1.450482625482664 2.1054135338345894 0.01 2.5483529411764705 9.000000000000014 3.918695652173913 2.285246913580247 0.01 0.01 
3.615545366795345 4.583859649122811 8.254597989949747 1.4201960784313725 3.699123505976118 0.28505636070853463 3.136152263374486 0.01 3.006666666666667 
1.5372586872587135 5.14714285714286 8.232010050251256 3.7470196078431384 4.2542828685259195 0.9509822866344606 1.4528395061728396 0.01 5.121960784313726 
1.589324324324366 8.797218045112785 0.01 5.368745098039216 5.203426294820744 0.01 1.7950514403292184 4.973229166666667 0.01 
1.3203185328185327 7.03977443609023 0.01 8.50643137254902 4.397549800796824 0.1258132045088567 2.5164711934156383 3.3188194444444448 0.01 
1.6110183397682931 5.2147368421052676 8.00613065326633 4.029058823529413 4.272191235059793 0.9944122383252819 1.5268312757201645 0.01 0.01 
3.2510859073358915 5.710426065162913 4.730879396984924 4.240588235294118 3.6274900398406515 0.7772624798711756 2.877181069958848 0.8528125000000002 3.006666666666667 
1.2986245173746056 5.665363408521305 8.028718592964823 3.7822745098039228 5.0780677290836564 0.5745893719806764 1.2216152263374491 0.01 0.01 
0.009999999999990905 4.471203007518799 0.01 9.000000000000002 0.9770517928287035 9.0 0.43545267489712014 0.01 0.01 
1.771554054054036 8.30152882205514 0.01 6.602666666666668 5.597410358565739 0.01 2.3037448559670786 2.0702083333333334 0.01 
1.4201110038609386 5.394987468671683 8.028718592964823 2.759882352941177 4.755717131474128 0.9944122383252819 1.5175823045267487 0.01 0.01 
2.0188658301158284 4.651453634085218 7.8931909547738694 2.86564705882353 4.84525896414344 0.8785990338164251 1.878292181069959 0.01 0.01 
2.591587837837892 7.0623057644110325 0.01 5.7212941176470595 4.6303585657370405 0.01 4.088796296296296 0.01 0.01 
1.919073359073309 6.476491228070181 8.141658291457286 3.1476862745098044 4.612450199203195 0.7048792270531401 1.2678600823045274 0.01 0.01 
1.784570463320506 3.0066666666666677 6.153919597989949 4.099568627450981 4.863167330677314 1.0233655394524959 2.5627160493827166 0.01 0.01 
1.693455598455671 4.471203007518799 7.8480150753768845 4.66364705882353 4.5945418326693215 0.9654589371980676 1.5915740740740745 0.01 0.01 
4.557065637065648 5.462581453634087 0.01 3.9232941176470595 3.699123505976118 0.47325281803542674 5.346656378600823 0.01 0.01 
2.3876640926641812 4.8992982456140375 7.62213567839196 2.513098039215687 4.5945418326693215 0.8351690821256038 2.1927572016460903 0.01 2.8303921568627453 
3.8064527027026998 7.535463659147872 8.706356783919597 1.4907058823529413 2.1590039840637587 0.2271497584541063 2.4887242798353917 0.01 0.01 
3.2076978764479236 4.13323308270677 3.6466582914572863 6.003333333333334 3.6274900398406515 1.1102254428341385 2.997417695473251 0.7591666666666668 9.0 
1.4461438223938785 5.732957393483712 8.073894472361808 3.535490196078432 4.1110159362549865 0.9365056360708535 1.3880967078189306 0.01 0.01 
2.2271283783783247 5.2147368421052676 7.554371859296482 3.7822745098039228 3.555856573705185 0.8206924315619969 2.340740740740742 0.01 0.01 
1.4070945945945823 2.5785714285714327 7.960954773869346 3.112431372549021 4.898984063745033 0.8351690821256038 1.9152880658436215 0.01 0.01 
2.1924179536680413 4.178295739348371 7.8706030150753765 2.9009019607843145 5.006434262948218 0.8785990338164251 1.822798353909465 0.01 0.01 
