1.9437576821773064 1.2248648648648661 6.897661469933184 4.083020408163265 4.975904761904772 2.2575 2.382825278810409 0.009999999999999998 0.01 
2.267366110623243 1.7975868725868729 7.097884187082405 4.193102040816326 4.599180952380962 2.8704545454545456 2.2407899628252794 0.009999999999999998 0.01 
1.896400351185207 1.5546138996139014 7.197995545657015 4.339877551020408 5.044399999999996 3.4323295454545457 2.015204460966543 0.009999999999999998 0.01 
2.2121158911324983 1.9190733590733622 7.298106904231625 4.376571428571428 4.068342857142866 3.330170454545455 2.182304832713754 0.009999999999999998 5.121960784313726 
3.0606014047409644 4.852104247104247 1.57173719376392 5.147142857142857 4.016971428571438 0.01 3.7864684014869887 0.009999999999999998 0.01 
3.167155399473131 0.9298262548262564 3.714120267260579 5.587469387755102 4.342323809523819 3.074772727272727 3.9034386617100374 0.009999999999999998 0.01 
2.8948507462686166 2.1099806949806954 7.7986636971046766 3.6426938775510207 3.811485714285709 2.6150568181818183 2.39118029739777 0.009999999999999998 0.01 
2.0463652326601505 1.9884942084942097 7.157951002227171 4.52334693877551 4.650552380952391 3.125852272727273 2.0653345724907064 0.009999999999999998 0.01 
2.9145829675153436 1.7455212355212346 7.278084632516703 2.68865306122449 4.582057142857153 2.9215340909090908 2.4997955390334576 0.5033536585365854 3.006666666666667 
2.7133143107988644 2.6306370656370675 7.878752783964365 4.413265306122449 2.8354285714285794 2.768295454545455 2.3326951672862464 0.009999999999999998 2.6541176470588232 
1.9950614574187284 2.3182432432432414 7.117906458797327 4.413265306122449 4.856038095238091 2.002102272727273 1.9734293680297403 0.009999999999999998 0.01 
1.9319183494292247 4.6091312741312755 0.01 7.495551020408163 5.352628571428582 0.01 2.7922211895910785 3.5182926829268295 1.596470588235294 
2.275258999122002 0.8256949806949798 5.776414253897549 5.037061224489795 5.232761904761901 3.738806818181818 2.6084107806691446 0.009999999999999998 0.01 
3.242137840210603 2.5091505791505817 7.097884187082405 1.514448979591837 4.273828571428595 0.8272727272727274 2.9008364312267663 0.8322560975609757 4.240588235294117 
1.793792800702363 1.9017181467181459 6.917683741648107 3.2023673469387752 4.4279428571428525 2.8704545454545456 2.633475836431227 0.009999999999999998 0.01 
3.178994732221213 3.203359073359074 7.177973273942094 3.7894693877551022 3.297771428571437 2.8704545454545456 2.4078903345724916 0.009999999999999998 0.01 
6.134881474977988 3.116583011583014 7.418240534521158 1.367673469387755 2.424457142857136 0.11215909090909092 3.677853159851301 0.009999999999999998 1.7727450980392159 
3.4789244951712135 1.867007722007724 0.01 5.220530612244898 4.924533333333343 2.4107386363636363 4.931105947955391 0.009999999999999998 0.01 
2.839600526777758 1.971138996138997 6.697438752783964 4.413265306122449 3.4005142857142943 2.8704545454545456 2.9843866171003723 0.009999999999999998 0.01 
1.7069710272168095 3.3769111969111982 0.01 8.596367346938775 5.540990476190487 0.4186363636363637 3.0512267657992576 3.3538414634146343 0.8913725490196079 
3.1513696224758405 2.9603861003861027 7.478307349665924 3.0922857142857136 3.3662666666666894 0.3164772727272728 2.9008364312267663 0.009999999999999998 0.01 
3.3802633889375784 4.105830115830116 0.01 0.8172653061224493 5.695104761904773 0.01 4.847555762081786 0.009999999999999998 0.01 
2.8632791922739216 3.6893050193050207 6.537260579064587 6.908448979591837 1.876495238095245 7.4676136363636365 0.31078066914498237 8.945182926829268 0.01 
2.736992976294914 1.3984169884169901 7.618463251670378 2.7253469387755107 4.993028571428567 2.8704545454545456 2.474730483271377 0.009999999999999998 2.1252941176470586 
3.731496927129001 1.1380888030888023 3.2335857461024498 6.7249795918367345 3.4690095238095466 3.8920454545454546 3.577592936802974 1.325609756097561 9.0 
5.120645302897287 2.8388996138996134 5.816458797327393 3.0555918367346937 1.705257142857164 0.4186363636363637 4.488289962825279 0.009999999999999998 0.01 
3.980122914837466 3.1860038610038615 7.53837416481069 0.8906530612244896 2.8011809523809745 0.571875 3.5358178438661714 0.009999999999999998 0.01 
1.5609525899911887 5.129787644787648 0.01 7.0185306122448985 5.729352380952392 0.01 2.4413104089219333 3.463475609756098 0.01 
9.0 0.18355212355212558 0.01 2.4317959183673468 0.010000000000005116 0.6229545454545455 9.000000000000002 0.009999999999999998 4.240588235294117 
4.335302897278325 3.4636872586872585 7.578418708240534 2.1015510204081638 2.06485714285715 1.1848295454545457 3.109711895910782 0.009999999999999998 6.532156862745098 
0.4046444249341903 1.3810617760617774 6.957728285077951 2.8721224489795922 4.838914285714296 3.176931818181818 2.449665427509294 0.009999999999999998 5.474509803921569 
2.1252941176470586 3.7934362934362973 0.01 5.881020408163265 5.917714285714297 0.01 2.558280669144982 8.616280487804879 0.01 
4.958841088674262 2.1620463320463337 0.01 4.560040816326531 3.5375047619047706 1.6445454545454548 5.699767657992565 0.009999999999999998 0.01 
2.0147936786654554 3.481042471042471 0.01 9.0 5.6608571428571395 0.21431818181818185 3.026161710037174 2.2026829268292683 1.596470588235294 
3.822265144863877 2.752123552123553 4.575077951002227 4.0096326530612245 3.143657142857137 2.512897727272727 3.7029182156133835 0.009999999999999998 3.006666666666667 
4.477374890254509 4.626486486486488 4.414899777282851 6.32134693877551 0.18123809523811474 3.8920454545454546 3.6277230483271374 0.009999999999999998 0.01 
4.34319578577697 3.4983976833976875 7.658507795100222 0.4870204081632652 2.7669333333333412 0.571875 3.468977695167287 0.009999999999999998 0.01 
2.9974582967514607 1.2769305019305008 7.3381514476614695 4.48665306122449 4.0340952380952615 2.9726136363636364 2.6167657992565063 0.009999999999999998 2.1252941176470586 
2.1608121158910762 1.3810617760617774 6.377082405345211 3.275755102040816 4.821790476190486 2.9726136363636364 2.833996282527882 0.009999999999999998 4.240588235294117 
2.6501712028094744 0.8430501930501926 7.358173719376391 3.018897959183673 5.06152380952382 3.125852272727273 2.742091078066914 0.009999999999999998 0.01 
3.107958735733064 2.248822393822394 6.977750556792873 3.7160816326530615 3.075161904761913 2.8193750000000004 2.9927416356877323 0.009999999999999998 0.01 
2.685689201053492 1.0339575289575293 7.017795100222717 2.8721224489795922 4.924533333333343 3.2790909090909093 2.8005762081784384 0.009999999999999998 0.01 
3.67230026338882 2.0579150579150607 0.01 3.899551020408163 3.588876190476199 1.6956250000000002 5.9169981412639405 0.009999999999999998 0.01 
3.7591220368743734 3.7587258687258682 0.01 6.174571428571428 5.5923619047619155 0.01 2.5248605947955394 9.0 0.01 
4.34319578577697 3.4983976833976875 7.658507795100222 0.4870204081632652 2.7669333333333412 0.571875 3.468977695167287 0.009999999999999998 0.01 
1.9634899034240334 2.127335907335908 6.817572383073496 3.239061224489796 4.342323809523819 3.0236931818181816 2.4246003717472124 0.009999999999999998 0.01 
4.181391571553945 2.2314671814671847 7.498329621380846 2.064857142857143 3.1779047619047844 0.9294318181818182 3.502397769516728 0.009999999999999998 1.2439215686274512 
1.9753292361720014 2.9950965250965247 7.057839643652561 3.3491428571428568 4.667676190476186 1.899943181818182 2.10710966542751 0.009999999999999998 2.477843137254902 
3.411834942932387 2.8041891891891915 7.177973273942094 3.606 2.6813142857142935 0.6229545454545455 2.7170260223048333 3.792378048780488 0.01 
4.686536435469634 1.936428571428575 7.177973273942094 1.7713061224489797 3.143657142857137 0.6229545454545455 3.9702788104089226 0.009999999999999998 0.5388235294117647 
2.82776119402979 3.932277992277996 4.494988864142539 4.706816326530612 3.811485714285709 0.01 3.209972118959108 0.009999999999999998 0.01 
1.9753292361720014 2.925675675675677 3.5739643652561246 5.330612244897959 5.044399999999996 0.01 2.7170260223048333 4.17609756097561 0.01 
1.908239683933175 1.0339575289575293 7.2380400890868595 4.706816326530612 4.821790476190486 3.2790909090909093 2.2157249070631977 0.009999999999999998 4.593137254901961 
1.9911150131694058 4.782683397683396 0.01 7.091918367346938 5.386876190476187 0.01 2.750446096654276 3.6827439024390247 0.01 
0.07314310798938095 2.595926640926642 6.4171269487750555 5.404 4.5478095238095335 9.0 0.010000000000000675 6.533231707317073 0.01 
2.6304389815627474 1.762876447876451 6.797550111358574 3.6426938775510207 4.4621904761905 3.0236931818181816 2.650185873605948 0.009999999999999998 0.01 
1.959543459174597 4.8868146718146726 0.01 7.9725714285714275 4.9587809523809625 0.2653977272727273 2.850706319702603 2.9153048780487807 0.01 
2.4844205443371266 1.867007722007724 7.258062360801782 3.312448979591837 5.010152380952391 2.8193750000000004 2.2157249070631977 0.009999999999999998 0.01 
2.6580640913081197 0.9298262548262564 6.8776391982182625 3.1289795918367345 4.787542857142867 3.176931818181818 2.7922211895910785 0.009999999999999998 5.298235294117647 
2.437063213345027 0.2703281853281858 5.456057906458797 4.743510204081632 4.650552380952391 3.5855681818181817 3.184907063197027 0.009999999999999998 0.01 
4.378713784020988 3.8802123552123575 0.01 2.4317959183673468 4.3080761904762 0.5207954545454546 5.0982063197026015 0.009999999999999998 1.4201960784313727 
2.03057945566286 1.3984169884169901 7.177973273942094 4.413265306122449 4.582057142857153 3.125852272727273 2.190659851301115 0.009999999999999998 0.01 
2.5041527655838536 1.1207335907335896 7.017795100222717 2.945510204081632 5.335504761904758 2.8704545454545456 2.6167657992565063 0.009999999999999998 0.01 
2.081883230904282 3.776081081081081 0.01 8.816530612244899 4.6163047619047575 0.01 3.368717472118959 2.9701219512195127 0.01 
2.902743634767262 2.5091505791505817 7.758619153674833 3.4225306122448975 3.0922857142857083 2.768295454545455 2.4246003717472124 0.009999999999999998 5.650784313725491 
2.1805443371378033 1.6413899613899616 6.917683741648107 5.220530612244898 3.9827238095238187 3.074772727272727 2.474730483271377 0.009999999999999998 3.006666666666667 
2.8987971905179393 1.5719691119691106 7.958841870824053 3.1289795918367345 3.9142285714285805 3.074772727272727 2.5165055762081785 0.009999999999999998 0.01 
2.105561896400218 2.1099806949806954 7.117906458797327 3.3491428571428568 4.5478095238095335 3.4834090909090913 2.2407899628252794 0.009999999999999998 0.01 
2.5909745390692933 2.5265057915057945 7.3381514476614695 2.8354285714285714 4.479314285714281 0.571875 2.658540892193309 0.009999999999999998 0.01 
2.1884372256364486 1.2942857142857136 7.2380400890868595 3.3858367346938776 4.445066666666676 2.8704545454545456 2.658540892193309 0.009999999999999998 0.01 
2.460741878841077 1.0166023166023166 7.258062360801782 3.495918367346939 4.513561904761929 3.0236931818181816 2.742091078066914 0.009999999999999998 0.01 
2.614653204565343 1.1380888030888023 6.977750556792873 3.275755102040816 4.821790476190486 3.125852272727273 2.625120817843867 0.5033536585365854 3.8880392156862746 
2.685689201053492 1.762876447876451 6.977750556792873 3.936244897959183 4.256704761904771 3.0236931818181816 2.5165055762081785 0.009999999999999998 0.01 
3.9011940298506715 2.5091505791505817 9.0 2.7987346938775515 2.784057142857151 0.3164772727272728 2.7838661710037176 0.009999999999999998 0.01 
1.5846312554872384 4.6091312741312755 0.01 7.6423265306122445 6.106076190476202 0.01 2.4830855018587368 3.079756097560976 0.01 
1.7503819139595862 2.9083204633204645 0.01 8.08265306122449 5.267009523809534 0.7251136363636365 3.3352973977695175 4.450182926829269 0.1862745098039216 
2.401545215100896 1.1727992277992279 6.977750556792873 3.6426938775510207 4.941657142857167 2.8704545454545456 2.5165055762081785 0.009999999999999998 0.01 
2.8869578577699713 1.8322972972972984 7.53837416481069 3.606 3.8457333333333565 2.9726136363636364 2.5081505576208185 0.009999999999999998 0.01 
2.6501712028094744 1.5372586872586886 6.997772828507795 3.4592244897959183 4.633428571428581 3.074772727272727 2.566635687732343 0.009999999999999998 0.01 
3.1000658472344185 2.405019305019305 6.717461024498887 3.275755102040816 3.297771428571437 3.0236931818181816 2.917546468401487 0.009999999999999998 0.01 
2.4883669885864492 1.9190733590733622 7.218017817371938 2.945510204081632 5.027276190476201 2.9726136363636364 2.2992750929368038 0.009999999999999998 0.01 
2.82776119402979 1.8149420849420856 7.818685968819598 3.936244897959183 3.7258666666666755 2.8193750000000004 2.4162453531598524 0.009999999999999998 1.7727450980392159 
1.8016856892010082 1.8149420849420856 6.997772828507795 4.156408163265306 5.301257142857153 1.9510227272727274 2.182304832713754 0.009999999999999998 0.01 
2.0226865671642145 2.0232046332046316 7.177973273942094 4.229795918367347 4.393695238095248 2.3085795454545455 2.3326951672862464 0.009999999999999998 0.01 
2.6975285338015738 2.2661776061776067 6.737483296213808 4.743510204081632 3.0580380952381034 2.9215340909090908 2.833996282527882 0.009999999999999998 1.596470588235294 
4.102462686567151 1.6066795366795361 7.177973273942094 2.064857142857143 3.5032571428571515 1.1848295454545457 3.677853159851301 0.009999999999999998 2.8303921568627453 
2.4883669885864492 0.00999999999999801 6.517238307349666 3.018897959183673 5.814971428571425 3.176931818181818 2.909191449814127 0.009999999999999998 4.240588235294117 
2.5672958735732436 0.7215637065637068 7.197995545657015 3.56930612244898 5.369752380952406 2.9726136363636364 2.574990706319703 0.009999999999999998 0.01 
4.181391571553945 2.2835328185328194 7.738596881959911 1.991469387755102 2.8011809523809745 1.1848295454545457 3.4439126394052044 0.009999999999999998 1.9490196078431374 
2.346294995610151 2.2314671814671847 6.977750556792873 5.037061224489795 4.051219047619043 3.176931818181818 2.1488847583643134 0.009999999999999998 0.01 
4.382660228270311 1.762876447876451 7.558396436525612 1.6612244897959185 3.143657142857137 0.6740340909090909 3.844953531598513 0.009999999999999998 0.01 
1.170254609306312 3.567818532818535 6.196881959910913 6.394734693877552 3.640247619047628 5.628750000000001 1.3885780669144987 0.009999999999999998 0.01 
3.9722300263388206 1.3463513513513519 0.6707349665924276 4.303183673469388 5.540990476190487 0.6740340909090909 4.889330855018587 0.009999999999999998 4.9456862745098045 
2.8751185250218896 1.433127413127412 7.258062360801782 2.65195918367347 3.742990476190485 3.2790909090909093 3.101356877323421 0.009999999999999998 2.6541176470588232 
4.276106233538144 3.7587258687258682 7.718574610244989 2.028163265306122 2.06485714285715 0.7761931818181819 3.118066914498142 0.009999999999999998 0.01 
3.076387181738369 2.196756756756759 7.678530066815145 3.3858367346938776 4.1025904761904854 2.9215340909090908 2.3326951672862464 0.009999999999999998 2.477843137254902 
2.397598770851573 2.0579150579150607 7.017795100222717 2.982204081632653 4.6163047619047575 2.5639772727272727 2.5165055762081785 0.009999999999999998 0.01 
1.8924539069358843 1.155444015444015 7.057839643652561 6.541510204081633 4.29095238095239 3.534488636363636 2.1321747211895916 0.009999999999999998 0.01 
2.5396707638278713 1.6587451737451744 7.2380400890868595 2.615265306122449 5.28413333333333 2.9215340909090908 2.357760223048328 0.009999999999999998 0.01 
1.884561018437239 1.433127413127412 7.177973273942094 4.303183673469388 5.078647619047629 3.534488636363636 2.1238197026022307 0.009999999999999998 0.01 
2.038472344161505 0.8951158301158308 6.677416481069042 4.229795918367347 5.352628571428582 3.4323295454545457 2.357760223048328 0.009999999999999998 0.01 
2.7646180860402865 2.144691119691121 7.978864142538975 3.0922857142857136 3.999847619047614 2.9726136363636364 2.282565055762083 0.009999999999999998 0.01 
3.143476733977195 2.94303088803089 7.077861915367483 3.606 2.8354285714285794 2.6150568181818183 2.8089312267657993 0.6129878048780488 0.01 
0.009999999999990905 9.0 0.01 0.010000000000000009 9.0 0.01 1.0293122676579936 0.009999999999999998 0.01 
2.2002765583845303 1.8149420849420856 7.157951002227171 3.826163265306122 4.359447619047629 2.8704545454545456 2.5248605947955394 0.009999999999999998 1.7727450980392159 
2.081883230904282 0.6174324324324338 6.977750556792873 5.624163265306123 5.267009523809534 3.2280113636363637 2.2240799256505586 0.009999999999999998 1.596470588235294 
2.101615452151009 2.0926254826254826 6.997772828507795 4.339877551020408 4.273828571428595 3.4323295454545457 2.2240799256505586 0.009999999999999998 1.7727450980392159 
