2.0474263764405123 3.972697368421052 6.997772828507795 3.314735202492212 6.4920600858369255 0.5601127214170692 2.214131668558456 0.01 0.01 
3.411466069142193 3.4995394736842087 7.618463251670378 2.2224922118380066 6.144806866952791 0.8206924315619969 2.5712826333711716 0.01 2.1252941176470586 
2.2373559539053076 7.146798245614033 0.01 5.863302180685358 6.549935622317605 0.01 2.959046538024972 2.6252727272727268 1.596470588235294 
2.3927528809218757 2.9278070175438593 6.677416481069042 3.370747663551402 6.549935622317605 0.9799355877616748 2.4284222474460853 0.01 0.01 
2.5423943661973 4.30785087719298 6.797550111358574 2.782616822429907 5.315257510729623 0.7627858293075684 2.8467990919409774 0.01 0.01 
3.2848463508323675 3.657258771929822 6.997772828507795 2.782616822429907 5.739678111587978 0.8785990338164251 2.683530079455166 0.01 0.01 
2.358220230473762 5.747039473684211 0.01 7.263613707165108 5.257381974248943 0.1258132045088567 3.3876276958002274 4.341545454545454 0.01 
3.359667093469966 2.986951754385963 6.977750556792873 2.978660436137072 5.932596566523586 0.9365056360708535 2.8774120317820673 0.01 0.01 
0.010000000000104592 3.4798245614035075 6.957728285077951 2.334517133956387 5.971180257510753 0.9075523349436393 2.54066969353008 0.01 5.474509803921569 
3.6704609475033294 3.8938377192982436 7.278084632516703 2.1944859813084117 5.681802575107298 0.8351690821256038 2.6018955732122597 0.37777272727272726 3.006666666666667 
5.753930857874593 5.885043859649123 7.658507795100222 0.5141121495327103 3.6368669527896884 0.16924315619967795 3.7855959137343946 0.01 0.01 
3.4402432778490493 3.420679824561404 5.936592427616926 3.2027102803738314 5.855429184549365 0.8785990338164251 2.989659477866062 0.5820909090909091 0.01 
2.4848399487837014 4.366995614035083 7.2380400890868595 3.5107788161993767 4.83296137339056 0.9654589371980676 2.214131668558456 0.01 0.01 
4.349603072983427 6.575065789473683 0.01 0.7661682242990657 6.9357725321888495 0.01 5.469307604994326 0.01 0.01 
2.4848399487837014 7.324232456140347 0.01 4.4349844236760125 6.22197424892704 0.01 2.867207718501704 5.649181818181817 0.01 
3.2848463508323675 2.868662280701752 7.358173719376391 2.446542056074766 6.22197424892704 0.8930756843800322 2.897820658342792 0.01 0.01 
2.3236875800256485 7.343947368421048 0.01 5.555233644859813 6.588519313304715 0.01 2.908024971623157 2.747863636363636 0.01 
2.2546222791293076 3.302390350877193 6.897661469933184 3.2587227414330213 6.12551502145925 0.6469726247987118 2.459035187287175 0.01 0.01 
8.366901408450758 5.451315789473682 7.418240534521158 1.1862616822429906 3.251030042918444 0.03895330112721417 4.040703745743476 0.01 1.7727450980392159 
3.952477592829723 4.465570175438597 6.977750556792873 2.978660436137072 3.9841201716738226 0.8062157809983898 3.2039500567536896 0.01 0.01 
3.089161331626201 3.144671052631576 7.117906458797327 3.370747663551402 5.5274678111588 0.7917391304347826 2.7141430192962543 0.01 3.35921568627451 
6.340985915493093 4.366995614035083 6.697438752783964 2.6425856697819317 4.813669527896991 0.8785990338164251 3.030476730987515 0.01 0.01 
5.94961587708076 7.166513157894734 4.414899777282851 4.967102803738318 0.7237982832618002 1.1102254428341385 3.9794778660612957 0.01 0.01 
8.349635083226758 0.00999999999999801 0.01 1.3542990654205607 6.414892703862648 0.01 9.000000000000004 0.01 0.01 
5.546734955185798 4.978157894736839 2.0322494432071267 3.006666666666667 4.447124463519316 0.4877294685990338 5.387673098751422 0.01 0.01 
2.4560627400768453 6.2004824561403495 0.01 6.87152647975078 5.720386266094408 0.01 3.663144154370035 2.2166363636363635 0.01 
2.2833994878361636 4.327565789473681 6.817572383073496 2.6145794392523363 5.411716738197413 0.864122383252818 2.5100567536889917 0.01 0.01 
2.8531882202305496 3.4995394736842087 6.957728285077951 4.210934579439252 5.469592274678121 0.9654589371980676 2.3671963677639054 0.01 0.01 
1.9726056338029139 5.2147368421052605 0.01 6.311401869158878 6.453476394849787 0.21267310789049923 3.6223269012485835 3.319954545454545 0.1862745098039216 
2.1682906530090804 3.972697368421052 6.697438752783964 3.314735202492212 6.202682403433471 0.5745893719806764 2.4080136208853586 0.01 0.01 
3.56110755441739 4.1501315789473665 6.697438752783964 3.5107788161993767 4.350665236051498 0.8206924315619969 3.193745743473328 0.01 0.01 
3.29635723431511 2.9672368421052617 6.8776391982182625 2.5305607476635514 5.913304721030045 0.9075523349436393 2.959046538024972 0.01 5.298235294117647 
5.546734955185798 3.8938377192982436 7.378195991091314 2.418535825545171 5.5274678111588 0.7917391304347826 2.7141430192962543 0.01 0.01 
1.8287195902689746 6.220197368421054 0.01 6.647476635514019 6.202682403433471 0.06790660225442834 3.285584562996596 2.6252727272727268 0.01 
3.981254801536579 5.471030701754383 4.795322939866369 3.5667912772585675 4.79437768240345 0.01 3.7855959137343946 0.01 0.01 
2.922253521126777 3.2432456140350823 6.977750556792873 2.922647975077882 6.086931330472112 0.8206924315619969 2.6223041997729863 0.01 0.01 
3.4229769526249356 4.347280701754382 5.756391982182628 2.5305607476635514 5.701094420600867 0.8062157809983898 3.2345629965947795 0.01 0.01 
5.512202304737571 0.6605921052631558 3.7741870824053447 3.5667912772585675 5.739678111587978 0.690402576489533 5.663189557321227 0.01 0.01 
2.202823303457194 3.085526315789469 7.2380400890868595 3.734828660436137 5.951888412017183 0.9365056360708535 2.254948921679911 0.01 4.593137254901961 
3.071895006402201 3.1841008771929786 7.017795100222717 2.3905295950155763 6.530643776824036 0.8206924315619969 2.744755959137346 0.01 0.01 
2.058937259923141 2.9475219298245605 6.937706013363028 3.5667912772585675 6.395600858369107 0.9799355877616748 2.2753575482406374 0.01 4.240588235294117 
2.6459923175416407 4.090986842105263 7.298106904231625 3.4827725856697818 5.103047210300446 0.9509822866344606 2.214131668558456 0.01 5.121960784313726 
4.861837387964215 3.20381578947368 3.2335857461024498 5.275171339563863 4.427832618025775 1.1102254428341385 3.918251986379116 0.9907272727272726 9.0 
2.4042637644047318 4.169846491228068 7.157951002227171 3.5947975077881624 5.758969957081547 0.8930756843800322 2.0712712826333712 0.01 0.01 
8.06186299615888 4.879583333333329 0.01 3.006666666666667 2.6143991416308836 0.28505636070853463 7.734665153234963 0.01 1.7727450980392159 
2.1855569782330804 3.9924122807017532 6.917683741648107 3.2027102803738314 6.337725321888428 0.8930756843800322 2.040658342792283 0.01 0.01 
2.7380793854034664 2.848947368421051 5.776414253897549 3.9868847352024925 6.414892703862648 1.0667954911433173 2.734551645856981 0.01 0.01 
2.651747759283012 3.085526315789469 7.057839643652561 3.5107788161993767 6.704270386266103 0.9654589371980676 2.0814755959137363 0.01 0.01 
2.611459667093527 3.381249999999998 7.2380400890868595 2.7266043613707165 5.5274678111588 0.8206924315619969 2.795777525539161 0.01 0.01 
3.722259923175443 4.20927631578947 6.8776391982182625 3.2027102803738314 4.582167381974273 0.7483091787439614 2.795777525539161 0.01 0.01 
2.7265685019206103 3.952982456140351 7.097884187082405 3.342741433021807 5.701094420600867 0.8206924315619969 2.285561861520999 0.01 0.01 
2.490595390524959 4.30785087719298 7.117906458797327 2.6985981308411215 5.643218884120188 0.9944122383252819 2.285561861520999 0.01 0.01 
3.3366453265045948 3.085526315789469 7.017795100222717 2.334517133956387 6.067639484978542 0.9365056360708535 2.9692508513053353 0.01 0.01 
2.473329065300959 1.8434868421052606 7.057839643652561 2.978660436137072 5.797553648068686 0.8351690821256038 2.7243473325766177 0.01 0.01 
2.9164980793855193 4.248706140350876 7.017795100222717 2.418535825545171 5.720386266094408 0.7338325281803543 2.6223041997729863 0.01 0.01 
3.5150640204866477 3.2432456140350823 6.977750556792873 2.8106230529595018 5.913304721030045 0.8785990338164251 2.6223041997729863 0.01 0.01 
4.3323367477594275 6.989078947368419 7.518351893095768 0.010000000000000009 4.119163090128751 0.05342995169082126 3.2039500567536896 0.01 0.01 
5.097810499359866 4.859868421052628 7.197995545657015 2.334517133956387 4.0034120171673635 0.14028985507246378 3.61212258796822 0.01 0.01 
2.8474327784891784 4.919013157894735 7.378195991091314 4.266947040498443 4.196330472103 0.9365056360708535 2.061066969353008 0.01 0.01 
3.981254801536579 4.6824342105263135 7.258062360801782 2.3065109034267914 5.315257510729623 0.21267310789049923 2.959046538024972 0.01 0.01 
5.517957746478942 4.445855263157892 7.498329621380846 1.7183800623052963 4.09987124463521 0.27057971014492754 3.826413166855846 0.01 1.2439215686274512 
3.00282970550586 3.538969298245611 7.097884187082405 3.9308722741433018 5.48888412017169 0.7917391304347826 2.6325085130533497 0.01 1.2439215686274512 
2.588437900128042 3.3615350877192967 7.097884187082405 3.734828660436137 5.932596566523586 0.9365056360708535 2.214131668558456 0.01 3.711764705882353 
0.6200768245838617 3.4995394736842087 0.01 7.655700934579439 1.572639484978538 9.0 1.0916572077185025 0.01 0.01 
3.54384122919339 3.972697368421052 7.818685968819598 3.1466978193146415 4.717210300429173 0.8062157809983898 2.4998524404086284 0.01 1.7727450980392159 
3.6013956466069885 3.20381578947368 7.358173719376391 2.6705919003115266 5.180214592274666 0.9075523349436393 2.8774120317820673 0.01 6.179607843137255 
2.4560627400768453 2.6123684210526292 6.977750556792873 4.4349844236760125 6.453476394849787 0.9220289855072464 2.265153234960274 0.01 1.596470588235294 
5.742419974391964 5.845614035087717 7.578418708240534 1.7463862928348912 2.8459012875536587 0.34296296296296297 3.346810442678776 0.01 6.532156862745098 
3.6301728553138446 3.9924122807017532 7.53837416481069 2.894641744548287 4.85225321888413 0.8496457326892108 2.612099886492623 0.01 0.01 
3.1179385403329434 2.9278070175438593 6.85761692650334 2.5585669781931464 6.395600858369107 0.864122383252818 2.836594778660614 0.01 0.01 
4.349603072983427 2.7898026315789473 0.01 3.818847352024922 7.456652360515022 0.5601127214170692 5.785641316685585 0.01 0.01 
2.841677336747807 4.445855263157892 6.977750556792873 3.9868847352024925 5.083755364806876 0.9075523349436393 2.1733144154370043 0.01 0.01 
3.0776504481434586 3.223530701754381 7.137928730512249 2.7546105919003114 6.414892703862648 0.7917391304347826 2.5712826333711716 0.01 3.006666666666667 
4.14816261203589 4.761293859649122 7.097884187082405 1.2982866043613708 5.334549356223192 0.24162640901771337 3.091702610669695 0.6229545454545454 4.240588235294117 
4.015787451984693 5.273881578947368 7.478307349665924 2.502554517133956 4.3120815450643875 0.0968599033816425 3.091702610669695 0.01 0.01 
0.49345710627414974 6.259627192982457 3.493875278396436 3.5107788161993767 9.0 0.01 1.7651418842224755 0.01 0.01 
7.261856594110213 0.44372807017543536 0.01 4.4629906542056075 4.447124463519316 1.182608695652174 7.530578887627699 0.01 6.003333333333334 
3.6531946222792158 4.761293859649122 7.758619153674833 2.7546105919003114 4.0034120171673635 0.7917391304347826 2.5100567536889917 0.01 5.650784313725491 
3.2503137003841402 3.9135526315789484 5.636258351893096 2.8106230529595018 5.971180257510753 0.7483091787439614 3.224358683314416 0.01 1.596470588235294 
2.5999487836108983 3.775548245614033 6.917683741648107 4.126915887850467 5.006587982832627 0.8785990338164251 2.5712826333711716 0.01 3.006666666666667 
3.2560691421255115 3.9135526315789484 6.797550111358574 2.922647975077882 5.54675965665237 0.864122383252818 2.7855732122587975 0.01 0.01 
1.6963444302177777 7.738245614035087 0.01 5.499221183800623 6.97435622317596 0.01 2.5304653802497166 2.5844090909090904 0.01 
2.519372599231815 6.220197368421054 0.01 4.631028037383177 7.1865665236051655 0.01 2.673325766174803 6.425590909090909 0.01 
3.112183098591572 4.268421052631577 7.3381514476614695 2.5305607476635514 5.604635193133049 0.8351690821256038 2.459035187287175 0.01 1.9490196078431374 
2.0359154929578835 4.071271929824558 6.917683741648107 2.5865732087227413 5.508175965665231 0.8206924315619969 2.7651645856980727 0.01 0.01 
5.224430217669692 5.530175438596487 7.53837416481069 0.8221806853582554 3.675450643776827 0.16924315619967795 3.867230419977301 0.01 0.01 
3.54384122919339 6.377916666666668 4.494988864142539 3.734828660436137 4.813669527896991 0.01 3.469262202043134 0.01 0.01 
6.628758002560858 8.999999999999996 3.6740757238307347 2.8666355140186917 1.051759656652365 0.45877616747181965 2.805981838819524 6.875090909090908 0.01 
2.5423943661973 3.006666666666664 5.716347438752784 3.2307165109034264 6.530643776824036 0.8351690821256038 2.989659477866062 0.45949999999999996 3.8880392156862746 
3.31362355953911 3.8741228070175424 7.818685968819598 2.8386292834890967 4.717210300429173 0.8062157809983898 2.6325085130533497 0.01 4.9456862745098045 
2.179801536491709 3.223530701754381 7.057839643652561 5.135140186915888 5.353841201716733 1.0088888888888887 2.1529057888762777 0.01 0.01 
8.700717029449493 5.076732456140352 6.317015590200445 1.0462305295950158 1.321845493562222 0.1258132045088567 5.897888762769582 0.01 0.01 
2.5826824583867847 3.20381578947368 7.0378173719376385 3.2307165109034264 6.029055793991432 0.9944122383252819 2.418217934165722 0.2551818181818181 4.416862745098039 
4.493489116517367 4.031842105263156 0.01 4.126915887850467 6.067639484978542 0.690402576489533 5.571350737797959 0.01 0.01 
5.212919334187063 3.440394736842105 0.6707349665924276 3.426760124610592 6.762145922746782 0.19819645732689212 5.520329171396143 0.01 4.9456862745098045 
4.102119078105147 3.8938377192982436 6.677416481069042 2.782616822429907 4.775085836909881 0.8785990338164251 3.346810442678776 0.01 1.9490196078431374 
5.109321382842609 4.761293859649122 9.0 2.2785046728971965 3.6561587982832577 0.0968599033816425 2.9488422247446104 0.01 0.01 
3.1179385403329434 3.4995394736842087 7.218017817371938 3.006666666666667 5.990472103004294 0.8351690821256038 2.5916912599318964 0.01 1.9490196078431374 
3.1985147247120267 4.781008771929823 7.3381514476614695 2.3065109034267914 5.5660515021459105 0.16924315619967795 2.795777525539161 0.01 0.01 
2.3006658130602773 5.234451754385965 3.5739643652561246 4.210934579439252 6.202682403433471 0.01 2.867207718501704 3.115636363636363 0.01 
9.000000000000114 2.7898026315789473 0.01 1.0742367601246108 4.119163090128751 0.0968599033816425 8.714279228149834 0.01 0.01 
3.181248399487913 3.9135526315789484 7.398218262806235 2.8106230529595018 5.257381974248943 0.8351690821256038 2.4080136208853586 0.01 0.01 
3.192759282970542 2.6320833333333304 7.057839643652561 3.2027102803738314 6.299141630901289 0.8351690821256038 2.734551645856981 0.01 0.01 
2.525128040973186 4.603574561403509 7.157951002227171 3.314735202492212 4.948712446351948 0.9365056360708535 2.1427014755959144 0.01 0.01 
1.7308770806658913 5.4907456140350845 5.375968819599109 9.0 0.009999999999990905 2.44207729468599 0.010000000000000675 9.0 0.01 
2.5596606914213 7.048223684210527 0.01 4.771059190031153 6.22197424892704 0.01 2.4692395005675367 6.9976818181818174 0.01 
3.152471190781057 3.124956140350875 7.097884187082405 2.6425856697819317 6.472768240343356 0.8496457326892108 2.581486946651535 0.01 0.01 
