0.09654632972331001 2.8907734806629826 6.4171269487750555 4.266947040498443 4.765579710144934 2.557890499194847 0.009999999999999787 4.872772727272727 0.01 
3.5043080625752054 3.2218968692449366 7.218017817371938 3.006666666666667 4.635289855072472 0.7048792270531401 2.4153511705685613 0.01 0.01 
2.920120336943455 0.010000000000001563 0.01 2.5305607476635514 8.62541666666668 3.918695652173913 3.5178037904124864 0.01 0.01 
3.585445246690824 2.6258747697974236 6.837594654788418 3.454766355140187 3.5115398550724706 0.8496457326892108 3.377491638795986 0.01 0.01 
5.949241877256327 3.7516942909760616 7.658507795100222 0.5141121495327103 3.0718115942028845 0.16924315619967795 4.159230769230769 0.01 0.01 
0.5509145607702521 1.7318416206261524 6.957728285077951 2.334517133956387 5.0424456521739245 0.9075523349436393 2.9365105908584166 0.01 5.474509803921569 
4.764638989169725 2.195414364640886 0.01 4.126915887850467 5.123876811594201 0.690402576489533 5.913132664437011 0.01 0.01 
5.110824308062661 1.5000552486187857 3.2335857461024498 5.275171339563863 3.73954710144929 1.1102254428341385 4.289520624303233 0.9907272727272726 9.0 
2.866028880866452 0.3576795580110499 7.057839643652561 2.978660436137072 4.895869565217396 0.8351690821256038 3.1169119286510583 0.01 0.01 
5.857286401925421 4.000036832412523 7.718574610244989 1.6903738317757009 2.404076086956522 0.2271497584541063 3.738294314381271 0.01 0.01 
2.579344163658334 1.450386740331492 7.057839643652561 4.519003115264797 4.84701086956521 1.0088888888888887 2.555663322185061 0.01 0.01 
3.3636702767749966 1.781510128913446 7.097884187082405 3.9308722741433018 4.635289855072472 0.7917391304347826 3.0267112597547374 0.01 1.2439215686274512 
3.1202587244283677 2.2947513812154696 7.097884187082405 3.706822429906542 4.325851449275376 0.9944122383252819 2.6959754738015604 0.01 0.01 
5.99792418772563 4.115930018416208 0.01 1.9984423676012462 4.5375724637681145 0.15476650563607086 6.113578595317724 0.01 1.4201960784313727 
3.406943441636713 2.2450828729281795 7.218017817371938 2.3905295950155763 5.221594202898558 0.8496457326892108 2.756109253065775 0.01 0.01 
2.611799037304536 1.4007182320441984 7.2380400890868595 3.734828660436137 5.026159420289858 0.9365056360708535 2.6558862876254175 0.01 4.593137254901961 
8.118309265944731 2.9073296500920804 0.01 3.006666666666667 2.2086413043478075 0.28505636070853463 8.037859531772574 0.01 1.7727450980392159 
3.223032490974788 1.7483977900552503 6.957728285077951 4.210934579439252 4.619003623188405 0.9654589371980676 2.76613154960981 0.01 0.01 
5.2352346570397685 3.0397790055248635 4.575077951002227 3.2027102803738314 3.430108695652166 0.7193558776167471 4.439855072463768 0.01 3.006666666666667 
2.335932611311705 3.6358011049723764 0.01 6.703489096573209 5.710181159420287 0.1258132045088567 3.658115942028985 2.502681818181818 0.8913725490196079 
2.1682490974729944 3.4205709023941075 5.375968819599109 9.0 0.009999999999990905 2.44207729468599 0.45098104793757 9.0 0.01 
6.5280204572804905 2.9404419889502798 7.458285077951002 0.6261370716510903 3.0392391304347797 0.14028985507246378 4.650323299888518 0.01 2.8303921568627453 
1.0052827918171943 4.066261510128914 3.493875278396436 3.5107788161993767 7.599384057971008 0.01 2.174816053511705 0.01 0.01 
2.6875270758123406 2.4437569060773505 6.817572383073496 2.6145794392523363 4.570144927536219 0.864122383252818 2.9064437012263102 0.01 0.01 
4.440090252707591 2.8079926335174967 7.097884187082405 1.2982866043613708 4.50500000000001 0.24162640901771337 3.4777146042363434 0.6229545454545454 4.240588235294117 
3.547581227436922 0.8378084714548812 5.436035634743875 2.8106230529595018 6.215054347826097 0.8206924315619969 3.64809364548495 0.01 4.240588235294117 
2.7686642599279594 2.3444198895027633 7.177973273942094 3.370747663551402 4.619003623188405 0.6614492753623189 2.796198439241918 0.01 0.01 
2.579344163658334 1.781510128913446 7.177973273942094 3.426760124610592 5.2704528985507295 1.0088888888888887 2.545641025641025 0.01 0.01 
3.774765342960336 1.6821731123388624 5.936592427616926 3.2027102803738314 4.944728260869567 0.8785990338164251 3.377491638795986 0.5820909090909091 0.01 
3.8450842358604405 1.5331675874769815 6.977750556792873 2.8106230529595018 4.993586956521739 0.8785990338164251 3.0166889632107026 0.01 0.01 
2.876847172081966 2.4768692449355427 7.2380400890868595 3.5107788161993767 4.08155797101449 0.9654589371980676 2.6157971014492745 0.01 0.01 
3.542172081829108 1.0199263351749543 7.057839643652561 3.2027102803738314 5.319311594202901 0.8351690821256038 3.126934225195093 0.01 0.01 
2.9579843561973576 1.7318416206261524 6.377082405345211 2.6425856697819317 5.026159420289858 0.8496457326892108 3.3975362318840574 0.01 4.240588235294117 
5.440782190132495 1.6987292817679567 0.6707349665924276 3.426760124610592 5.710181159420287 0.19819645732689212 5.863021181716833 0.01 4.9456862745098045 
2.5685258724428195 1.9470718232044213 6.837594654788418 3.6228037383177574 5.498460144927549 0.1113365539452496 2.9765997770345596 0.01 3.35921568627451 
3.920812274368359 3.9338121546961347 6.537260579064587 5.415202492211838 2.224927536231874 2.1235909822866343 0.370802675585284 6.670772727272726 0.01 
3.212214199759387 2.5430939226519342 6.977750556792873 3.9868847352024925 4.293278985507243 0.9075523349436393 2.5757079152731333 0.01 0.01 
2.9471660649820706 4.728508287292819 0.01 4.771059190031153 5.254166666666663 0.01 2.8663545150501655 6.9976818181818174 0.01 
3.6395367027678276 1.3013812154696147 6.8776391982182625 2.5305607476635514 4.993586956521739 0.9075523349436393 3.3474247491638796 0.01 5.298235294117647 
3.277123947051791 4.645727440147333 0.01 4.799065420560748 5.107590579710134 0.01 3.1169119286510583 6.507318181818182 1.4201960784313727 
3.1418953068592828 1.5166114180478836 7.177973273942094 2.8666355140186917 4.4398550724637715 0.8930756843800322 3.377491638795986 0.01 0.01 
2.849801444043351 4.0165930018416205 0.01 6.87152647975078 4.8307246376811435 0.01 4.03896321070234 2.2166363636363635 0.01 
3.2176233453670875 2.9404419889502798 7.378195991091314 4.266947040498443 3.5441123188405754 0.9365056360708535 2.46546265328874 0.01 0.01 
3.012075812274361 2.1457458563535923 7.157951002227171 3.0626791277258563 4.586431159420286 0.8206924315619969 3.0267112597547374 0.01 1.7727450980392159 
3.9262214199759455 1.5000552486187857 7.358173719376391 2.6705919003115266 4.374710144927519 0.9075523349436393 3.2672463768115936 0.01 6.179607843137255 
2.790300842358647 1.268268876611419 6.677416481069042 3.370747663551402 5.531032608695654 0.9799355877616748 2.8262653288740243 0.01 0.01 
4.283225030084282 3.4040147329650097 4.795322939866369 3.5667912772585675 4.048985507246385 0.01 4.159230769230769 0.01 0.01 
3.450216606498202 1.4338305709023977 7.157951002227171 2.978660436137072 5.107590579710134 0.9075523349436393 3.1770457079152727 0.01 0.01 
9.000000000000114 1.1523756906077374 0.01 1.0742367601246108 3.4789673913043373 0.0968599033816425 9.0 0.01 0.01 
4.245361010830379 2.7086556169429095 6.717461024498887 2.6425856697819317 3.5766847826086945 0.864122383252818 3.497759197324415 0.01 0.01 
3.4718531889290034 1.7483977900552503 7.218017817371938 3.006666666666667 5.058731884057963 0.8351690821256038 2.986622073578596 0.01 1.9490196078431374 
2.7308002406739433 2.6258747697974236 7.117906458797327 3.5107788161993767 5.058731884057963 0.5745893719806764 2.3652396878483835 0.01 0.01 
3.033712394705276 1.4007182320441984 7.057839643652561 3.5107788161993767 5.661322463768116 0.9654589371980676 2.4855072463768115 0.01 0.01 
2.7794825511432464 1.7483977900552503 7.177973273942094 3.5107788161993767 4.798152173913039 0.8930756843800322 2.6258193979933093 0.01 0.01 
3.287942238267192 1.5331675874769815 6.977750556792873 2.922647975077882 5.1401630434782675 0.8206924315619969 3.0166889632107026 0.01 0.01 
5.754512635379115 2.0795211786372008 7.378195991091314 2.418535825545171 4.667862318840577 0.7917391304347826 3.1068896321070234 0.01 0.01 
0.010000000000104592 9.0 0.01 0.15003115264797517 9.0 0.01 1.232720178372353 0.01 0.01 
3.628718411552427 1.2186003683241253 7.358173719376391 2.446542056074766 5.254166666666663 0.8930756843800322 3.287290969899665 0.01 0.01 
3.67740072202173 1.4007182320441984 7.017795100222717 2.334517133956387 5.123876811594201 0.9365056360708535 3.3574470457079144 0.01 0.01 
4.67268351383882 3.089447513812157 7.177973273942094 2.894641744548287 2.990380434782608 0.18371980676328503 3.2572240802675587 2.8295909090909084 0.01 
5.727466907340613 2.592762430939228 7.738596881959911 1.662367601246106 3.104384057971018 0.34296296296296297 4.129163879598661 0.01 1.9490196078431374 
3.93703971119146 1.781510128913446 7.258062360801782 2.1664797507788163 4.0001268115942 0.9365056360708535 3.7182497212931995 0.01 2.6541176470588232 
3.028303249097462 2.2450828729281795 7.298106904231625 3.4827725856697818 4.3095652173913095 0.9509822866344606 2.6157971014492745 0.01 5.121960784313726 
2.99584837545126 1.649060773480663 7.2380400890868595 2.7266043613707165 4.667862318840577 0.8206924315619969 3.1870680044593076 0.01 0.01 
3.2338507821901885 1.5662799263351772 7.258062360801782 3.5947975077881624 5.009873188405791 0.8930756843800322 2.6959754738015604 0.01 0.01 
3.6233092659447266 1.2351565377532232 7.097884187082405 2.950654205607477 4.993586956521739 0.8351690821256038 3.337402452619843 0.01 0.01 
1.1242839951866017 1.7483977900552503 0.01 7.655700934579439 1.3291847826086922 9.0 1.5133444816053512 0.01 0.01 
3.872129963898942 4.165598526703501 4.494988864142539 3.734828660436137 4.065271739130424 0.01 3.8485395763656634 0.01 0.01 
3.823447653429639 1.119263351749538 5.536146993318485 1.5223364485981308 6.394202898550731 0.5166827697262479 4.0088963210702335 0.01 3.5354901960784315 
5.343417569193775 2.8079926335174967 9.0 2.2785046728971965 3.088097826086951 0.0968599033816425 3.337402452619843 0.01 0.01 
4.629410348977217 4.331160220994477 0.01 0.7661682242990657 5.856757246376816 0.01 5.8129096989966555 0.01 0.01 
6.00333333333333 2.096077348066302 7.558396436525612 1.410311526479751 3.430108695652166 0.19819645732689212 4.610234113712373 0.01 0.01 
3.9694945848375482 1.9139594843462255 7.958841870824053 2.5305607476635514 4.162989130434781 0.8785990338164251 3.0166889632107026 0.01 0.01 
2.7308002406739433 1.7649539594843482 7.017795100222717 3.342741433021807 4.895869565217396 0.8785990338164251 2.7059977703455953 0.01 0.01 
2.757845968712445 3.73513812154696 0.01 7.011557632398754 5.8241847826086826 0.06790660225442834 3.628049052396877 1.6445454545454545 1.596470588235294 
3.4718531889290034 1.268268876611419 6.85761692650334 2.5585669781931464 5.400742753623192 0.864122383252818 3.2271571906354524 0.01 0.01 
5.029687123947042 2.377532228360959 0.01 3.1186915887850466 3.853550724637685 0.4877294685990338 7.0957636566332205 0.01 0.01 
2.1357942238267924 5.307974217311237 0.01 5.499221183800623 5.889329710144921 0.01 2.9264882943143817 2.5844090909090904 0.01 
3.6557641395909286 2.062965009208103 7.818685968819598 2.8386292834890967 3.983840579710133 0.8062157809983898 3.0267112597547374 0.01 4.9456862745098045 
3.9749037304453623 2.8079926335174967 7.758619153674833 2.7546105919003114 3.38124999999998 0.7917391304347826 2.9064437012263102 0.01 5.650784313725491 
3.7152647412756323 2.923885819521182 7.878752783964365 3.5107788161993767 3.136956521739137 0.7917391304347826 2.796198439241918 0.01 2.6541176470588232 
5.148688327316563 4.000036832412523 0.01 4.855077881619938 5.759039855072459 0.01 3.0267112597547374 6.711636363636362 0.01 
2.579344163658334 2.1457458563535923 6.697438752783964 3.314735202492212 5.237880434782596 0.5745893719806764 2.8062207357859528 0.01 0.01 
3.4610348977137164 1.0364825046040522 6.957728285077951 3.0626791277258563 5.710181159420287 0.8785990338164251 3.1369565217391315 0.01 1.0676470588235294 
2.1682490974729944 4.811289134438308 0.01 5.975327102803738 6.247626811594202 0.01 2.9765997770345596 2.298363636363636 0.01 
2.611799037304536 1.781510128913446 7.137928730512249 3.5107788161993767 5.254166666666663 1.0523188405797101 2.4855072463768115 0.01 0.01 
2.454933814681226 2.228526703499078 6.917683741648107 2.5865732087227413 4.65157608695651 0.8206924315619969 3.1570011148272012 0.01 0.01 
2.4765703971119137 1.2848250460405168 6.937706013363028 3.5667912772585675 5.400742753623192 0.9799355877616748 2.675930880713489 0.01 4.240588235294117 
6.41983754512637 2.2616390423572774 7.177973273942094 1.4943302180685358 3.430108695652166 0.18371980676328503 4.76056856187291 0.01 0.5388235294117647 
5.949241877256327 3.7516942909760616 7.658507795100222 0.5141121495327103 3.0718115942028845 0.16924315619967795 4.159230769230769 0.01 0.01 
5.484055354993984 3.9338121546961347 7.818685968819598 1.5223364485981308 2.632083333333327 0.01 4.079052396878483 0.01 0.01 
4.304861612515083 3.2218968692449366 7.077861915367483 2.894641744548287 3.136956521739137 0.7483091787439614 3.3674693422519493 0.45949999999999996 0.01 
2.3954332129965223 3.188784530386741 0.01 6.311401869158878 5.449601449275363 0.21267310789049923 3.9988740245261987 3.319954545454545 0.1862745098039216 
2.7037545126354416 3.27156537753223 7.057839643652561 2.6985981308411215 4.879583333333329 0.5456360708534621 2.5255964325529545 0.01 2.477843137254902 
2.4927978339351284 4.827845303867402 7.358173719376391 4.070903426791277 3.23467391304348 0.24162640901771337 1.9443032329988856 0.01 2.1252941176470586 
3.466444043321303 2.394088397790057 7.3381514476614695 2.5305607476635514 4.733007246376815 0.8351690821256038 2.8563322185061306 0.01 1.9490196078431374 
2.725391095066243 4.976850828729283 0.01 5.555233644859813 5.5636050724637585 0.01 3.2973132664437017 2.747863636363636 0.01 
2.644253910950738 4.811289134438308 0.01 5.863302180685358 5.531032608695654 0.01 3.3474247491638796 2.6252727272727268 1.596470588235294 
3.3690794223828107 1.3841620626151006 7.258062360801782 2.8106230529595018 4.733007246376815 0.864122383252818 3.287290969899665 0.01 0.01 
3.7477196149218344 1.7483977900552503 7.618463251670378 2.2224922118380066 5.189021739130425 0.8206924315619969 2.9665774804905247 0.01 2.1252941176470586 
2.882256317689553 1.8146224677716383 6.817572383073496 2.7266043613707165 5.091304347826096 0.7627858293075684 3.167023411371238 0.01 0.01 
3.406943441636713 0.4239042357274414 6.517238307349666 2.446542056074766 5.970760869565211 0.9075523349436393 3.4877369007803782 0.01 4.240588235294117 
5.754512635379115 2.99011049723757 2.0322494432071267 3.006666666666667 3.755833333333328 0.4877294685990338 5.73273132664437 0.01 0.01 
3.0823947051744653 4.331160220994477 0.01 4.743052959501558 5.54731884057972 0.01 3.1068896321070234 6.425590909090909 1.2439215686274512 
2.5739350180506335 1.5497237569060793 6.8776391982182625 3.1186915887850466 5.531032608695654 1.0088888888888887 2.6358416945373477 0.01 4.240588235294117 
4.613182912154116 4.678839779005525 7.518351893095768 0.010000000000000009 3.4789673913043373 0.05342995169082126 3.5879598662207357 0.01 0.01 
2.876847172081966 2.4106445672191548 6.997772828507795 3.454766355140187 4.50500000000001 0.9799355877616748 2.665908584169454 0.01 1.7727450980392159 
