3.0961194029852095 6.233846153846148 4.8353674832962135 2.9521818181818182 5.725625000000036 0.01 4.687150326797385 0.01 0.01 
2.6041293532339296 7.311832579185516 6.537260579064587 6.319345454545456 2.8000000000000114 2.1235909822866343 0.009999999999999787 4.661968253968253 0.01 
2.0177169707021676 5.399932126696829 7.017795100222717 2.8214181818181814 5.900000000000006 0.7338325281803543 3.11243137254902 0.01 0.01 
1.535666113875095 6.94572398190045 0.01 8.476945454545454 5.435000000000031 0.1258132045088567 3.9938039215686274 3.0352063492063492 0.01 
2.9023051409618574 5.806719457013571 6.717461024498887 3.0829454545454547 4.4081250000000125 0.864122383252818 3.6765098039215687 0.01 0.01 
2.1568656716418673 4.3422850678732985 7.137928730512249 3.213709090909091 6.597500000000025 0.7917391304347826 3.0536732026143802 0.01 3.006666666666667 
0.4721724709784212 7.169457013574657 6.196881959910913 5.861672727272728 4.79562500000003 1.6024315619967795 1.5259607843137264 0.01 0.01 
2.6488557213930335 4.830429864253389 7.958841870824053 2.9521818181818182 5.105625000000032 0.8785990338164251 3.11243137254902 0.01 0.01 
3.5085959093422616 6.620294117647056 2.7130066815144764 4.390581818181818 3.7881250000000364 0.5745893719806764 5.615529411764706 0.01 3.182941176470588 
2.6687341072416757 5.033823529411759 7.278084632516703 2.5598909090909094 5.8612500000000125 0.8351690821256038 3.0889281045751638 0.26685714285714285 3.006666666666667 
2.077352128247753 8.59321266968325 0.01 4.946327272727272 6.171250000000015 0.01 3.3239607843137247 4.433650793650794 0.01 
1.2772470978441106 4.057533936651581 6.937706013363028 4.161745454545455 6.578125000000028 0.9799355877616748 2.7128758169934635 0.01 4.240588235294117 
1.44621337755666 4.423642533936647 6.897661469933184 3.8021454545454545 6.306875000000019 0.6469726247987118 2.92440522875817 0.01 0.01 
1.6350580431177377 2.918529411764702 7.057839643652561 3.475236363636364 5.9775000000000205 0.8351690821256038 3.2299477124182996 0.01 0.01 
1.7443891652848151 4.911787330316738 6.917683741648107 4.8155636363636365 5.183125000000018 0.8785990338164251 3.0536732026143802 0.01 3.006666666666667 
4.900082918739599 5.25755656108597 7.177973273942094 1.7426181818181816 4.233750000000015 0.18371980676328503 5.15721568627451 0.01 0.5388235294117647 
9.000000000000114 0.00999999999999801 0.01 5.927054545454546 0.010000000000019327 0.8496457326892108 8.835477124183008 9.0 4.9456862745098045 
1.431304588170292 8.389819004524881 0.01 6.8424 6.73312500000003 0.01 3.5002352941176476 1.8365396825396827 1.596470588235294 
1.4014870093974423 4.199909502262436 7.2380400890868595 4.357890909090909 6.132500000000022 0.9365056360708535 2.689372549019609 0.01 4.593137254901961 
2.186683250414603 5.603325791855202 7.498329621380846 2.8867999999999996 6.171250000000015 0.864122383252818 2.6423660130718947 0.01 0.01 
1.8437810945274578 8.53219457013574 0.01 5.567454545454545 6.306875000000019 0.01 3.0771764705882365 4.547809523809524 0.01 
1.5058485351023592 8.59321266968325 0.01 6.482799999999999 6.771875000000023 0.01 3.4414771241830078 1.9221587301587304 0.01 
2.231409618573821 4.2202488687782775 7.3381514476614695 3.213709090909091 6.210000000000036 0.8785990338164251 3.265202614379085 0.01 0.01 
2.012747374240007 8.186425339366512 0.01 5.600145454545455 6.2293750000000045 0.01 3.2299477124182996 4.547809523809524 1.4201960784313727 
2.2214704256494997 6.437239819004521 7.218017817371938 3.507927272727273 5.667500000000018 0.7048792270531401 2.4073333333333338 0.01 0.01 
2.1966224433389243 4.932126696832576 7.2380400890868595 2.4945090909090912 6.655625000000015 0.8351690821256038 2.8891503267973864 0.01 0.01 
2.186683250414603 5.420271493212667 7.3381514476614695 2.9521818181818182 5.783750000000026 0.8351690821256038 2.92440522875817 0.01 1.9490196078431374 
2.758186843560111 5.013484162895921 6.757505567928731 2.919490909090909 5.648125000000022 0.8351690821256038 3.5824967320261436 0.01 2.8303921568627453 
4.517423991155397 5.0541628959276 7.558396436525612 1.6445454545454545 4.233750000000015 0.19819645732689212 4.980941176470587 0.01 0.01 
2.2363792150359814 4.586357466063344 7.097884187082405 3.0175636363636364 6.190625000000011 0.9509822866344606 3.2299477124182996 0.01 0.01 
2.2612271973466704 3.5083710407239757 5.436035634743875 3.279090909090909 7.546875000000028 0.8206924315619969 3.8527843137254916 0.01 4.240588235294117 
4.467728026534019 7.088099547511309 7.658507795100222 0.5984363636363637 3.8075000000000045 0.16924315619967795 4.452117647058824 0.01 0.01 
0.010000000000104592 4.667714932126692 0.01 9.0 1.3081250000000182 9.0 1.3849411764705888 0.01 0.01 
1.6449972360420588 8.572873303167416 0.01 5.175163636363637 6.403750000000031 0.01 3.3944705882352935 3.9484761904761903 0.01 
0.9641625207297011 8.999999999999996 0.01 6.4174181818181815 7.159375000000011 0.01 3.006666666666666 1.808 0.01 
2.6190381426202975 4.667714932126692 7.258062360801782 2.5272 4.9118750000000375 0.9365056360708535 3.9350457516339876 0.01 2.6541176470588232 
1.8686290768380331 5.298235294117642 7.097884187082405 4.325200000000001 5.299375000000026 0.9944122383252819 2.7363790849673197 0.01 0.01 
1.7294803758983335 4.3219457013574605 7.0378173719376385 3.7694545454545456 6.210000000000036 0.9944122383252819 2.8773986928104573 0.18123809523809525 4.416862745098039 
2.1916528468767638 4.037194570135743 6.85761692650334 2.984872727272727 6.578125000000028 0.864122383252818 3.35921568627451 0.01 0.01 
2.653825317855194 5.928755656108596 7.758619153674833 3.213709090909091 4.175625000000025 0.7917391304347826 2.9831633986928114 0.01 5.650784313725491 
2.9917578772804063 6.966063348416284 0.01 5.894363636363636 5.686875000000015 0.01 5.991581699346407 0.01 0.01 
1.0784632393588254 7.433868778280541 0.01 7.757745454545455 6.384375000000006 0.06790660225442834 3.876287581699346 1.8365396825396827 0.01 
3.2551464897734377 3.8948190045248836 0.01 4.455963636363636 7.643750000000011 0.5601127214170692 6.755437908496731 0.01 0.01 
7.012161415146579 6.25418552036199 6.317015590200445 1.2195636363636364 1.482500000000016 0.1258132045088567 6.884705882352941 0.01 0.01 
4.040342730790485 7.311832579185516 7.818685968819598 1.775309090909091 3.2843750000000114 0.01 4.358104575163399 0.01 0.01 
1.9531122166943078 5.603325791855202 6.977750556792873 4.652109090909091 5.2606250000000045 0.9075523349436393 2.595359477124184 0.01 0.01 
1.3865782200110743 5.135520361990945 6.917683741648107 3.736763636363636 6.520000000000039 0.8930756843800322 2.4425882352941173 0.01 0.01 
1.694693200663437 4.118552036199091 5.716347438752784 3.7694545454545456 6.7137500000000045 0.8351690821256038 3.535490196078431 0.32393650793650797 3.8880392156862746 
1.6201492537313698 7.413529411764699 0.01 8.019272727272728 5.900000000000006 0.01 4.311098039215686 1.5511428571428574 0.01 
1.471061359867349 5.481289592760177 6.817572383073496 3.0502545454545453 5.590000000000032 0.864122383252818 2.9831633986928114 0.01 0.01 
2.599159756771769 4.911787330316738 5.696325167037862 3.2464 5.900000000000006 0.8062157809983898 3.864535947712419 0.01 0.01 
2.4152846876728518 6.071131221719455 7.878752783964365 4.096363636363636 3.8850000000000193 0.7917391304347826 2.853895424836603 0.01 2.6541176470588232 
1.679784411277069 5.766040723981899 7.157951002227171 3.8675272727272723 5.125000000000028 0.9365056360708535 2.5601045751633986 0.01 0.01 
4.636694306246568 8.410158371040719 4.414899777282851 5.79629090909091 0.8818750000000364 1.1102254428341385 4.675398692810457 0.01 0.01 
4.452819237147651 6.111809954751127 7.6985523385300665 1.415709090909091 3.7881250000000364 0.25610305958132046 4.651895424836601 0.01 0.01 
3.0016970702046137 6.742330316742073 7.177973273942094 3.5406181818181826 4.4081250000000125 0.8206924315619969 2.959660130718955 0.01 0.01 
1.3716694306247064 4.667714932126692 7.177973273942094 3.9982909090909096 6.423125000000027 1.0088888888888887 2.5601045751633986 0.01 0.01 
2.1668048645661884 4.26092760180995 7.117906458797327 3.932909090909091 5.706250000000011 0.7917391304347826 3.2181960784313723 0.01 3.35921568627451 
1.7344499723603803 4.484660633484157 7.097884187082405 4.357890909090909 6.113125000000025 0.9365056360708535 2.6423660130718947 0.01 3.711764705882353 
1.9729906025428363 4.4033031674208125 7.258062360801782 4.194436363636363 6.113125000000025 0.8930756843800322 2.7363790849673197 0.01 0.01 
2.504737423991287 6.091470588235293 0.01 0.8926545454545456 9.000000000000028 0.01 6.120849673202615 0.01 0.01 
2.9370923161968676 5.847398190045244 7.258062360801782 2.690654545454546 5.4931250000000205 0.21267310789049923 3.5002352941176476 0.01 0.01 
0.03484798231067998 4.627036199095016 0.01 8.934618181818182 1.7343750000000284 9.0 1.3496862745098035 0.01 0.01 
2.3954063018242095 5.644004524886874 6.737483296213808 4.390581818181818 4.136875000000032 0.8351690821256038 3.558993464052289 0.01 1.596470588235294 
4.263974571586573 5.664343891402709 7.738596881959911 1.9387636363636362 3.846250000000026 0.34296296296296297 4.4168627450980384 0.01 1.9490196078431374 
4.467728026534019 7.088099547511309 7.658507795100222 0.5984363636363637 3.8075000000000045 0.16924315619967795 4.452117647058824 0.01 0.01 
2.1916528468767638 4.627036199095016 7.218017817371938 3.507927272727273 6.171250000000015 0.8351690821256038 3.0771764705882365 0.01 1.9490196078431374 
4.537302377003925 7.00674208144796 7.638485523385301 1.6118545454545457 2.9937500000000057 0.01 4.59313725490196 0.01 0.01 
3.7471365395247176 5.745701357466061 4.194654788418708 4.521345454545454 4.601875000000035 0.7772624798711756 4.452117647058824 0.7805714285714287 3.006666666666667 
6.460536207849714 6.050791855203613 0.01 3.507927272727273 2.780625000000015 0.28505636070853463 9.0 0.01 1.7727450980392159 
4.0005859590935415 4.5660180995475095 0.6707349665924276 3.9982909090909096 6.9462500000000205 0.19819645732689212 6.449895424836601 0.01 4.9456862745098045 
3.2402377003870697 8.227104072398184 7.518351893095768 0.010000000000000009 4.2918750000000045 0.05342995169082126 3.782274509803921 0.01 0.01 
4.288822553897262 6.1524886877828 2.0322494432071267 3.507927272727273 4.621250000000032 0.4877294685990338 6.297124183006536 0.01 0.01 
1.6499668325041057 5.460950226244339 7.117906458797327 3.1483272727272724 5.822500000000019 0.9944122383252819 2.7246274509803925 0.01 0.01 
1.3716694306247064 5.115180995475111 6.697438752783964 3.8675272727272723 6.384375000000006 0.5745893719806764 2.86564705882353 0.01 0.01 
2.1518960751797067 4.3016063348416225 7.017795100222717 2.7887272727272725 6.7137500000000045 0.8206924315619969 3.2534509803921576 0.01 0.01 
1.471061359867349 5.298235294117642 7.077861915367483 3.442545454545455 5.551250000000039 0.8206924315619969 2.9949150326797387 0.01 0.01 
1.4660917634051884 8.715248868778275 0.01 7.267381818181818 6.287500000000023 0.08238325281803542 3.5824967320261436 1.5226031746031747 0.01 
2.310923161967935 5.928755656108596 7.318129175946547 1.1868727272727275 6.190625000000011 0.0968599033816425 3.700013071895425 0.01 0.01 
2.6090989496959764 4.3219457013574605 7.358173719376391 3.1156363636363635 5.357500000000016 0.9075523349436393 3.4062222222222225 0.01 6.179607843137255 
2.9370923161968676 6.6609728506787285 4.795322939866369 4.161745454545455 4.970000000000027 0.01 4.452117647058824 0.01 0.01 
3.622896627971272 5.399932126696829 0.01 3.638690909090909 4.737500000000011 0.4877294685990338 7.895346405228759 0.01 0.01 
4.16458264234393 4.728733031674206 7.318129175946547 1.9060727272727274 4.679375000000022 0.28505636070853463 4.78116339869281 0.01 3.006666666666667 
1.535666113875095 7.067760180995467 0.01 8.182727272727272 7.081875000000025 0.06790660225442834 3.8292810457516335 1.1515873015873017 1.596470588235294 
2.6339469320066655 5.135520361990945 7.53837416481069 3.3771636363636364 5.0281250000000455 0.8496457326892108 3.100679738562091 0.01 0.01 
1.9580818131564683 6.091470588235293 7.378195991091314 4.979018181818182 4.369375000000019 0.9365056360708535 2.4660915032679736 0.01 0.01 
1.5108181315645197 4.647375565610854 7.017795100222717 3.900218181818182 5.9775000000000205 0.8785990338164251 2.748130718954247 0.01 0.01 
1.5108181315645197 5.705022624434385 7.117906458797327 4.096363636363636 6.171250000000015 0.5745893719806764 2.348575163398694 0.01 0.01 
2.643886124930873 5.460950226244339 7.7986636971046766 3.409854545454546 4.989375000000024 0.7483091787439614 2.936156862745097 0.01 0.01 
2.5146766169154944 3.8541402714932076 5.536146993318485 1.775309090909091 7.760000000000019 0.5166827697262479 4.275843137254903 0.01 3.5354901960784315 
2.2463184079603025 5.0541628959276 7.398218262806235 3.279090909090909 5.435000000000031 0.8351690821256038 2.86564705882353 0.01 0.01 
4.010525152017749 6.721990950226239 7.53837416481069 0.9580363636363636 3.846250000000026 0.16924315619967795 4.546130718954249 0.01 0.01 
3.9111332227751063 5.928755656108596 9.0 2.6579636363636365 3.8268750000000296 0.0968599033816425 3.4884836601307185 0.01 0.01 
1.3816086235489138 4.3422850678732985 7.057839643652561 5.992436363636363 5.531875000000014 1.0088888888888887 2.571856209150326 0.01 0.01 
2.067412935323432 3.3049773755656062 5.456057906458797 4.390581818181818 5.938750000000027 1.0233655394524959 4.052562091503269 0.01 0.01 
2.6737037037038363 6.844027149321263 4.394877505567928 4.488654545454546 5.551250000000039 0.01 4.158326797385621 0.01 0.01 
1.7543283582090226 4.5049999999999955 7.2380400890868595 3.181018181818182 5.706250000000011 0.8206924315619969 3.3122091503267974 0.01 0.01 
4.288822553897262 5.033823529411759 7.378195991091314 2.8214181818181814 5.706250000000011 0.7917391304347826 3.2181960784313723 0.01 0.01 
2.40037589828637 4.098212669683253 6.977750556792873 3.475236363636364 6.113125000000025 0.9365056360708535 3.4062222222222225 0.01 0.01 
1.8636594803759863 3.955837104072394 5.776414253897549 4.652109090909091 6.597500000000025 1.0667954911433173 3.2416993464052286 0.01 0.01 
2.4451022664455877 4.627036199095016 7.618463251670378 2.5925818181818183 6.326250000000016 0.8206924315619969 3.0536732026143802 0.01 2.1252941176470586 
2.1817136539525563 3.7524434389140247 6.957728285077951 3.5733090909090905 6.9462500000000205 0.8785990338164251 3.2534509803921576 0.01 1.0676470588235294 
1.3915478164732349 4.810090497737551 7.057839643652561 4.1290545454545455 5.938750000000027 0.9944122383252819 2.6658692810457527 0.01 1.596470588235294 
2.455041459369909 5.501628959276012 5.756391982182628 2.9521818181818182 5.8806250000000375 0.8062157809983898 3.8175294117647045 0.01 0.01 
1.709601990049805 8.288122171945698 0.01 5.567454545454545 6.403750000000031 0.01 2.936156862745097 4.890285714285714 0.01 
3.6974405749033394 4.3219457013574605 3.2335857461024498 6.155890909090909 4.601875000000035 1.1102254428341385 4.604888888888889 0.694952380952381 9.0 
2.852609176340593 8.674570135746603 1.57173719376392 4.750181818181819 5.221875000000011 0.01 4.898679738562091 0.01 0.01 
